1.6394250312814722
1.6365499435407576
1.633549851985229
1.630049745170446
1.628049684133427
1.624924588763085
1.6219244972075564
1.6186743980224005
1.6164243293557543
1.613799249244667
1.6110491653187657
1.6087990966521197
1.607049043244728
1.605048982207709
1.6027989135410627
1.6015488753929257
1.5992988067262794
1.5979237647633289
1.5956736960966826
1.5945486617633595
1.5920485854670858
1.592423596911527
1.590798547318949
1.5895485091708121
1.5882984710226753
1.5874234443189794
1.5859233985412151
1.5850483718375195
1.5842983489486373
1.5831733146153144
1.5826732993560595
1.5815482650227364
1.5811732535782954
1.5807982421338542
1.5805482345042268
1.5806732383190405
1.580048219244972
1.57929819635609
1.5786731772820215
1.5786731772820215
1.5775481429486986
1.5780481582079533
1.5771731315042574
1.5776731467635121
1.5771731315042574
1.5771731315042574
1.5771731315042574
1.5767981200598165
1.576548112430189
1.5766731162450025
1.5767981200598165
1.5761731009857478
1.5762981048005615
1.5767981200598165
1.5770481276894437
1.5770481276894437
1.5770481276894437
1.5772981353190711
1.5771731315042574
1.5770481276894437
1.5771731315042574
1.57692312387463
1.5774231391338847
1.5785481734672078
1.5776731467635121
1.5777981505783258
1.5786731772820215
1.5787981810968352
1.5787981810968352
1.5784231696523943
1.5787981810968352
1.5787981810968352
1.5785481734672078
1.5787981810968352
1.5795482039857174
1.5795482039857174
1.5804232306894133
1.5802982268745993
1.5804232306894133
1.5797982116153446
1.5805482345042268
1.5801732230597858
1.5806732383190405
1.5811732535782954
1.5807982421338542
1.581298257393109
1.582048280281991
1.58167326883755
1.5814232612079226
1.5819232764671776
1.5826732993560595
1.5827983031708732
1.5822982879116183
1.5827983031708732
1.582923306985687
1.5831733146153144
1.5837983336893826
1.5835483260597554
1.5839233375041963
1.5841733451338236
1.5839233375041963
1.5839233375041963
1.584423352763451
1.584423352763451
1.5851733756523332
1.5850483718375195
1.5859233985412151
1.5857983947264016
1.5855483870967744
1.5857983947264016
1.5862984099856563
1.58642341380047
1.586048402356029
1.5869234290597247
1.5862984099856563
1.5871734366893522
1.5874234443189794
1.5881734672078616
1.5876734519486069
1.5881734672078616
1.5881734672078616
1.5874234443189794
1.5876734519486069
1.588423474837489
1.5882984710226753
1.5891734977263712
1.5889234900967437
1.5897985168004394
1.5886734824671163
1.5891734977263712
1.5894235053559984
1.589923520615253
1.5900485244300668
1.5901735282448806
1.590423535874508
1.590298532059694
1.5911735587633902
1.5916735740226449
1.5915485702078311
1.5911735587633902
1.5912985625782037
1.5917985778374584
1.5916735740226449
1.5920485854670858
1.592423596911527
1.5917985778374584
1.592423596911527
1.5930486159855952
1.5926736045411543
1.5926736045411543
1.5930486159855952
1.5929236121707817
1.5929236121707817
1.5934236274300364
1.5935486312448501
1.5936736350596639
1.5936736350596639
1.594673665578173
1.594298654133732
1.5945486617633595
1.5950486770226142
1.595173680837428
1.594798669392987
1.5952986846522417
1.5949236732078005
1.596298715170751
1.5955486922818691
1.5961737113559373
1.5959237037263099
1.5954236884670552
1.5960487075411238
1.5965487228003785
1.5972987456892607
1.5964237189855648
1.597173741874447
1.5970487380596332
1.596798730430006
1.5975487533188881
1.5979237647633289
1.5976737571337016
1.5972987456892607
1.5977987609485154
1.5976737571337016
1.59829877620777
1.5984237800225838
1.59829877620777
1.5984237800225838
1.5985487838373975
1.5992988067262794
1.5990487990966522
1.598798791467025
1.5990487990966522
1.5990487990966522
1.5999238258003479
1.599548814355907
1.5997988219855341
1.6001738334299753
1.6001738334299753
1.60067384868923
1.6007988525040437
1.6007988525040437
1.601173863948485
1.6012988677632984
1.601173863948485
1.601173863948485
1.6016738792077396
1.6020488906521806
1.602673909726249
1.6032989288003174
1.6029239173558765
1.6027989135410627
1.60304892117069
1.6039239478743859
1.6040489516891996
1.6047989745780817
1.6056740012817774
1.6055489974669637
1.6064240241706595
1.6072990508743554
1.6080490737632376
1.6087990966521197
1.6095491195410014
1.610549150059511
1.6115491805780204
1.6127992187261575
1.614549272133549
1.6167993408001955
1.6171743522446362
1.6197994323557239
1.621299478133488
1.6227995239112523
1.6245495773186438
1.6267996459852903
1.6299247413556321
1.6317997985778374
1.634299874874111
1.636674947355571
1.6394250312814722
1.6428001342814416
1.6460502334665976
1.649425336466567
1.6521754203924681
1.6568005615405743
1.6600506607257304
1.662925748466445
1.66717587817011
1.6714260078737755
1.6758011413922544
1.6798012634662924
1.685051423688467
1.6899265724662007
1.6943017059846797
1.6991768547624133
1.7039269997253335
1.7089271523178808
1.7139273049104282
1.7193024689474166
1.7249276406140324
1.7293027741325113
1.7335529038361768
1.7384280526139104
1.7430531937620168
1.7469283120212409
1.7510534379100926
1.7545535447248757
1.7580536515396588
1.7620537736136967
1.7650538651692254
1.7676789452803126
1.7701790215765862
1.7719290749839778
1.7739291360209968
1.7756791894283883
1.776679219946898
1.777054231391339
1.7779292580950348
1.7780542619098483
1.7779292580950348
1.7775542466505936
1.7768042237617114
1.7749291665395062
1.773429120761742
1.7710540482802821
1.769804010132145
1.7668039185766167
1.7645538499099704
1.7614287545396283
1.7583036591692862
1.7545535447248757
1.7509284340952787
1.7468033082064272
1.7420531632435072
1.7379280373546557
1.7331778923917356
1.7280527359843745
1.7236776024658955
1.7189274575029754
1.714427320169683
1.7089271523178808
1.704177007354961
1.6995518662068545
1.6941767021698662
1.6891765495773186
1.6841763969847714
1.6790512405774103
1.6741760917996766
1.6695509506515702
1.6654258247627187
1.660925687429426
1.656925565355388
1.6530504470961638
1.6489253212073123
1.644675191503647
1.6413000885036775
1.6377999816888944
1.6340498672444839
1.6314247871333964
1.6281746879482406
1.6257996154667806
1.6226745200964385
1.6211744743186742
1.6184243903927733
1.6161743217261269
1.614174260689108
1.612174199652089
1.6104241462446975
1.609049104281747
1.6079240699484236
1.6064240241706595
1.60542399365215
1.6047989745780817
1.6036739402447586
1.6027989135410627
1.6015488753929257
1.601048860133671
1.6002988372447888
1.5992988067262794
1.5989237952818385
1.599173802911466
1.5977987609485154
1.5969237342448195
1.5957986999114964
1.5950486770226142
1.5941736503189183
1.5931736198004092
1.5906735435041353
1.5890484939115572
1.5875484481337934
1.5842983489486373
1.5819232764671776
1.5784231696523943
1.5732980132450332
1.5686728720969267
1.5636727195043794
1.5576725363933226
1.5499222998748743
1.5426720786156805
1.5350468459120459
1.5275466170232246
1.5209214148380994
1.513921201208533
1.5079210180974763
1.5027958616901151
1.4984207281716362
1.496045655690176
1.495670644245735
1.4982957243568225
1.5029208655049286
1.5111711172826319
1.5232964873195594
1.5386719565416427
1.5575475325785089
1.581298257393109
1.6099241309854426
1.6434251533555102
1.6798012634662924
1.7214275337992493
1.7669289223914304
1.8151803949095127
1.8674319895016327
1.9201835993530076
1.975060274056215
2.029061922055727
2.0811885128330334
2.130565019684439
2.1753163853877377
2.214567583239235
2.246568559831538
2.270319284646138
2.2859447614978485
2.289319864497818
2.26731919309061
2.2533187658314766
2.2316931058687097
2.2005671559801017
2.161690969573046
2.115564561906796
2.064688009277627
2.010061342204047
1.9538096255378887
1.894682821131016
1.8375560777611624
1.7804293343913085
1.7254276558732873
1.673551072725608
1.625299600207526
1.5804232306894133
1.5411720328379164
1.5062959685048982
1.4769200720236824
1.452544328135014
1.433043733024079
1.4179182714316232
1.4075429548020875
1.4011677602465895
1.3991676992095705
1.4000427259132666
1.404542863246559
1.4112930692464982
1.4206683553575243
1.4309186681722466
1.4422940153202919
1.454044373912778
1.4657947325052645
1.4780451063570055
1.489420453505051
1.5001707815790275
1.51042109439375
1.5201713919492172
1.528671651356548
1.5361718802453688
1.5431720938749351
1.5482972502822963
1.5529223914304024
1.5565475020599995
1.5601726126895963
1.563047700430311
1.5651727652821437
1.56742283394879
1.570172917874691
1.5706729331339457
1.5720479750968963
1.5735480208746606
1.5750480666524247
1.5740480361339153
1.5757980895413068
1.5751730704672384
1.5754230780968657
1.5760480971709343
1.5770481276894437
1.5770481276894437
1.5779231543931396
1.5782981658375803
1.5786731772820215
1.5794232001709037
1.5794232001709037
1.5804232306894133
1.5797982116153446
1.5811732535782954
1.5830483108005005
1.5847983642078922
1.5850483718375195
1.5862984099856563
1.5874234443189794
1.5877984557634206
1.5894235053559984
1.5906735435041353
1.5925486007263405
1.5934236274300364
1.5950486770226142
1.5960487075411238
1.5980487685781428
1.6000488296151616
1.6009238563188575
1.602673909726249
1.6040489516891996
1.6066740318002868
1.6076740623187964
1.6095491195410014
1.6122992034669026
1.6144242683187355
1.6166743369853815
1.6192994170964692
1.6221745048371838
1.6237995544297616
1.6266746421704763
1.6294247260963775
1.6320498062074649
1.635174901577807
1.6384250007629628
1.6415500961333047
1.644675191503647
1.6480502945036166
1.651050386059145
1.6549255043183693
1.6584256111331521
1.6616757103183082
1.6655508285775322
1.669675954466384
1.673176061281167
1.677926206244087
1.683051362651448
1.685926450392163
1.690301583910642
1.6948017212439344
1.6986768395031586
1.7035519882808923
1.708052125614185
1.712052247688223
1.717177404095584
1.7225525681325726
1.7266776940214241
1.731052827539903
1.7363029877620777
1.740928128910184
1.7454282662434768
1.7503034150212105
1.7549285561693166
1.7596787011322368
1.7644288460951567
1.7693039948728904
1.7744291512802515
1.778679280983917
1.7834294259468366
1.7858044984282968
1.7921796929837945
1.7963048188726465
1.8005549485763115
1.8040550553910948
1.8089302041688284
1.81305533005768
1.817055452131718
1.820555558946501
1.8243056733909115
1.8279307840205086
1.8315558946501054
1.83443098239082
1.8370560625019074
1.8391811273537402
1.8421812189092686
1.8444312875759148
1.8470563676870022
1.849181432538835
1.8516815088351086
1.8538065736869411
1.8551816156498917
1.8553066194647054
1.856181646168401
1.8565566576128423
1.8573066805017244
1.857431684316538
1.8569316690572832
1.8571816766869107
1.8571816766869107
1.8566816614276558
1.8556816309091464
1.8541815851313823
1.8538065736869411
1.851556505020295
1.8500564592425306
1.848306405835139
1.8469313638721885
1.8440562761314738
1.8413061922055727
1.8389311197241127
1.836056031983398
1.8328059327982422
1.8303058565019683
1.8260557267983033
1.8220556047242653
1.8180554826502273
1.8148053834650717
1.811055269020661
1.8074301583910641
1.803180028687399
1.7985548875392925
1.7936797387615588
1.7890545976134526
1.7844294564653462
1.7794293038727989
1.7744291512802515
1.7696790063173315
1.7651788689840389
1.7600537125766778
1.7553035676137578
1.750428418836024
1.7453032624286628
1.7404281136509292
1.7356779686880093
1.7299277932065797
1.7248026367992186
1.7201774956511124
1.7149273354289376
1.7109272133548998
1.7063020722067934
1.700926908169805
1.6966767784661398
1.6915516220587787
1.6871764885402998
1.6824263435773796
1.6783012176885281
1.6739260841700492
1.669300943021943
1.6651758171330913
1.6620507217627492
1.6573005767998292
1.6539254737998597
1.6500503555406356
1.6466752525406658
1.642675130466628
1.6391750236518448
1.6360499282815029
1.6327998290963468
1.6299247413556321
1.6279246803186131
1.6235495468001342
1.6211744743186742
1.6182993865779596
1.6156743064668722
1.6139242530594806
1.6107991576891385
1.6084240852076785
1.6071740470595417
1.6046739707632678
1.60304892117069
1.6015488753929257
1.5989237952818385
1.597173741874447
1.5960487075411238
1.5940486465041048
1.5926736045411543
1.5916735740226449
1.590423535874508
1.5897985168004394
1.5886734824671163
1.5874234443189794
1.5861734061708426
1.5846733603930783
1.5841733451338236
1.5839233375041963
1.5825482955412458
1.5819232764671776
1.5814232612079226
1.5806732383190405
1.5804232306894133
1.5799232154301586
1.5794232001709037
1.5780481582079533
1.5785481734672078
1.5780481582079533
1.5774231391338847
1.5775481429486986
1.5772981353190711
1.5771731315042574
1.5774231391338847
1.5774231391338847
1.57692312387463
1.5766731162450025
1.5764231086153753
1.5764231086153753
1.5761731009857478
1.5760480971709343
1.5761731009857478
1.5771731315042574
1.5771731315042574
1.5767981200598165
1.5766731162450025
1.5766731162450025
1.5772981353190711
1.5771731315042574
1.57692312387463
1.576548112430189
1.5775481429486986
1.5775481429486986
1.5776731467635121
1.5790481887264625
1.5786731772820215
1.578923184911649
1.5784231696523943
1.5782981658375803
1.5784231696523943
1.5777981505783258
1.5780481582079533
1.5790481887264625
1.5794232001709037
1.5805482345042268
1.578923184911649
1.581298257393109
1.5804232306894133
1.5801732230597858
1.5805482345042268
1.5797982116153446
1.5810482497634815
1.5810482497634815
1.581298257393109
1.5811732535782954
1.5822982879116183
1.5825482955412458
1.5822982879116183
1.5822982879116183
1.5825482955412458
1.5831733146153144
1.582048280281991
1.5826732993560595
1.5834233222449416
1.5836733298745689
1.5831733146153144
1.58404834131901
1.5845483565782648
1.5847983642078922
1.58404834131901
1.58404834131901
1.5847983642078922
1.5851733756523332
1.5851733756523332
1.585298379467147
1.5865484176152838
1.5862984099856563
1.5857983947264016
1.586048402356029
1.5859233985412151
1.5861734061708426
1.5862984099856563
1.5867984252449112
1.5866734214300973
1.5871734366893522
1.5877984557634206
1.5876734519486069
1.5875484481337934
1.587298440504166
1.587923459578234
1.5881734672078616
1.5882984710226753
1.5882984710226753
1.58879848628193
1.58879848628193
1.5896735129856259
1.5900485244300668
1.5897985168004394
1.5897985168004394
1.5900485244300668
1.589923520615253
1.5900485244300668
1.590298532059694
1.5905485396893215
1.590798547318949
1.5912985625782037
1.5911735587633902
1.5911735587633902
1.591923581652272
1.5916735740226449
1.5917985778374584
1.5917985778374584
1.5915485702078311
1.5920485854670858
1.5925486007263405
1.592798608355968
1.5934236274300364
1.5930486159855952
1.5930486159855952
1.5931736198004092
1.5932986236152227
1.5931736198004092
1.5931736198004092
1.5935486312448501
1.5940486465041048
1.5935486312448501
1.594673665578173
1.594798669392987
1.594798669392987
1.5949236732078005
1.5949236732078005
1.594798669392987
1.594673665578173
1.5952986846522417
1.5959237037263099
1.5959237037263099
1.5957986999114964
1.5961737113559373
1.5964237189855648
1.5964237189855648
1.5964237189855648
1.5960487075411238
1.5964237189855648
1.596673726615192
1.5969237342448195
1.5972987456892607
1.5975487533188881
1.5975487533188881
1.5979237647633289
1.5974237495040742
1.5977987609485154
1.5979237647633289
1.5979237647633289
1.5985487838373975
1.598798791467025
1.5984237800225838
1.5990487990966522
1.599173802911466
1.598673787652211
1.599173802911466
1.599173802911466
1.5992988067262794
1.599173802911466
1.5994238105410932
1.5999238258003479
1.6000488296151616
1.6002988372447888
1.6007988525040437
1.6007988525040437
1.5999238258003479
1.6009238563188575
1.6009238563188575
1.6016738792077396
1.6019238868373669
1.6021738944669943
1.6025489059114353
1.6025489059114353
1.603173924985504
1.602673909726249
1.6027989135410627
1.6036739402447586
1.6037989440595721
1.6046739707632678
1.6042989593188268
1.605048982207709
1.6060490127262186
1.6066740318002868
1.6079240699484236
1.6079240699484236
1.6089241004669332
1.6095491195410014
1.6107991576891385
1.611424176763207
1.6132992339854122
1.6140492568742943
1.6159243140964994
1.6179243751335184
1.6199244361705374
1.62204950102237
1.6231745353556932
1.6250495925778985
1.627299661244545
1.630049745170446
1.632424817651906
1.6346748863185523
1.6377999816888944
1.640675069429609
1.6435501571703237
1.645925229651784
1.6500503555406356
1.653425458540605
1.6564255500961331
1.660550675984985
1.6638007751701407
1.6684259163182469
1.6721760307626576
1.6766761680959503
1.681551316873684
1.685926450392163
1.690301583910642
1.6953017365031893
1.7014269234290598
1.7051770378734703
1.710052186651204
1.7150523392437513
1.7201774956511124
1.7254276558732873
1.7300527970213935
1.7350529496139409
1.7399280983916745
1.7440532242805262
1.7478033387249368
1.7516784569841608
1.7553035676137578
1.7586786706137274
1.7623037812433242
1.7654288766136663
1.7684289681691947
1.7709290444654684
1.7720540787987915
1.774679158909879
1.7755541856135748
1.7764292123172705
1.777054231391339
1.7775542466505936
1.7790542924283579
1.7779292580950348
1.7773042390209661
1.777054231391339
1.7751791741691336
1.7731791131321146
1.7710540482802821
1.7695540025025178
1.765803888058107
1.7636788232062746
1.7618037659840693
1.757178624835963
1.7535535142063663
1.7498033997619558
1.7459282815027315
1.7414281441694388
1.7371780144657736
1.7324278695028534
1.7274277169103063
1.7228025757621999
1.7178024231696525
1.7126772667622914
1.7078021179845577
1.7033019806512648
1.6980518204290902
1.6930516678365428
1.6881765190588092
1.6831763664662618
1.6781762138737144
1.6739260841700492
1.6689259315775018
1.6644257942442091
1.6603006683553576
1.6560505386516924
1.6520504165776544
1.6484253059480574
1.643925168614765
1.640675069429609
1.6365499435407576
1.6337998596148564
1.6309247718741418
1.6279246803186131
1.6254246040223395
1.6227995239112523
1.6207994628742333
1.6180493789483323
1.6160493179113133
1.6139242530594806
1.6119241920224616
1.61017413861507
1.6092991119113744
1.6080490737632376
1.607049043244728
1.6055489974669637
1.6042989593188268
1.603173924985504
1.6020488906521806
1.6016738792077396
1.6001738334299753
1.5992988067262794
1.5992988067262794
1.598673787652211
1.5981737723929563
1.5977987609485154
1.596798730430006
1.5961737113559373
1.595173680837428
1.594298654133732
1.5930486159855952
1.590798547318949
1.5891734977263712
1.5870484328745385
1.5842983489486373
1.582048280281991
1.5774231391338847
1.5731730094302194
1.5687978759117405
1.562297677541429
1.555922482985931
1.5481722464674825
1.5415470442823573
1.5341718192083498
1.52704660176397
1.5195463728751488
1.5126711630603962
1.507170995208594
1.5014208197271646
1.4979207129123815
1.4957956480605488
1.4955456404309213
1.498045716727195
1.5042959074678794
1.5136711935789056
1.5251715445417646
1.5411720328379164
1.5609226355784784
1.585298379467147
1.614549272133549
1.6480502945036166
1.6865514694662314
1.727927732169561
1.774179143650624
1.8238056581316568
1.8758072450941496
1.929558885464034
1.9833105258339183
2.036937162388989
2.088938749351482
2.1380652485732594
2.181566576128422
2.2198177434614093
2.250068666646321
2.2731943723868526
2.2879448225348673
2.2874448072756124
2.2660691549424725
2.250943693350017
2.227442976165044
2.1945669728690453
2.1549407635731073
2.1080643330179756
2.056437757499924
2.0014360789819023
1.9448093508713034
1.8864325693533128
1.8280557878353223
1.771429059724723
1.7168023926511429
1.6659258400219734
1.6179243751335184
1.5742980437635425
1.5354218573564866
1.5022958464308604
1.4727949461348309
1.449294228949858
1.430668660542619
1.4155431989501632
1.406917935728019
1.4009177526169623
1.399417706839198
1.4005427411725213
1.4055428937650685
1.413293130283517
1.4220433973204747
1.4321687063203834
1.4442940763573107
1.4557944273201697
1.4680448011719107
1.4795451521347698
1.4910455030976288
1.5014208197271646
1.511921140171514
1.5214214300973539
1.5297966856898708
1.536921903134251
1.5437971129490036
1.5490472731711782
1.5532974028748436
1.5569225135044404
1.560672627948851
1.5631727042451247
1.5655477767265848
1.5684228644672995
1.5696729026154363
1.5709229407635732
1.5720479750968963
1.5732980132450332
1.5740480361339153
1.5746730552079835
1.5759230933561206
1.5759230933561206
1.5752980742820522
1.57692312387463
1.576548112430189
1.5771731315042574
1.5772981353190711
1.5752980742820522
1.5785481734672078
1.5790481887264625
1.5797982116153446
1.5801732230597858
1.5805482345042268
1.5822982879116183
1.5826732993560595
1.58404834131901
1.585298379467147
1.5867984252449112
1.587298440504166
1.5890484939115572
1.5896735129856259
1.5906735435041353
1.5916735740226449
1.5935486312448501
1.5945486617633595
1.5965487228003785
1.5976737571337016
1.599548814355907
1.6017988830225531
1.6027989135410627
1.6052989898373364
1.6069240394299142
1.6086740928373058
1.6095491195410014
1.6124242072817165
1.6150492873928037
1.6176743675038912
1.6204244514297923
1.6224245124668113
1.6247995849482713
1.6270496536149175
1.6297997375408186
1.6327998290963468
1.6354249092074344
1.6385500045777766
1.6416750999481187
1.6449251991332745
1.6486753135776848
1.6521754203924681
1.655425519577624
1.658550614947966
1.6626757408368176
1.6654258247627187
1.6714260078737755
1.6734260689107945
1.6780512100589007
1.6821763359477524
1.686676473281045
1.6909266029847103
1.6933016754661703
1.7000518814661092
1.7034269844660788
1.708052125614185
1.712427259132664
1.717177404095584
1.7221775566881314
1.7271777092806788
1.7315528427991578
1.737303018280587
1.742553178502762
1.7459282815027315
1.751178441724906
1.7553035676137578
1.7600537125766778
1.7638038270210883
1.7701790215765862
1.7745541550950652
1.7794293038727989
1.7840544450209053
1.788054567094943
1.7926797082430495
1.7966798303170874
1.8009299600207527
1.8053050935392316
1.809930234687338
1.8131803338724937
1.8173054597613454
1.8210555742057557
1.8248056886501665
1.8283057954649493
1.8315558946501054
1.8346809900204473
1.8371810663167212
1.840306161687063
1.8425562303537095
1.8450563066499832
1.8475563829462571
1.8496814477980896
1.8521815240943633
1.853556566057314
1.8544315927610096
1.8551816156498917
1.856181646168401
1.856181646168401
1.857056672872097
1.8583067110202338
1.85818170720542
1.8575566881313517
1.857431684316538
1.8568066652424697
1.8558066347239601
1.8543065889461958
1.853181554612873
1.8514315012054812
1.8496814477980896
1.84868141727958
1.8458063295388654
1.8441812799462873
1.8406811731315043
1.8393061311685537
1.8355560167241434
1.8323059175389873
1.8288058107242042
1.8255557115390486
1.8219306009094518
1.8183054902798548
1.814180364391003
1.81068025757622
1.8069301431318094
1.8019299905392623
1.7976798608355968
1.7933047273171179
1.7885545823541977
1.7838044373912778
1.7791792962431716
1.7736791283913693
1.769929013946959
1.7646788537247842
1.7590536820581684
1.7548035523545031
1.7505534226508377
1.744553239539781
1.740178106021302
1.7348029419843134
1.7299277932065797
1.724302621539964
1.7201774956511124
1.7150523392437513
1.710427198095645
1.705677053132725
1.700926908169805
1.6964267708365124
1.6916766258735922
1.686676473281045
1.6818013245033114
1.6773011871700187
1.673176061281167
1.6699259620960112
1.6658008362071597
1.6624257332071901
1.6581756035035249
1.6548005005035553
1.649425336466567
1.6465502487258523
1.6425501266518143
1.6394250312814722
1.6356749168370617
1.6325498214667196
1.6297997375408186
1.627299661244545
1.623299539170507
1.6204244514297923
1.6186743980224005
1.6157993102816859
1.6129242225409712
1.611799188207648
1.6084240852076785
1.607049043244728
1.6045489669484543
1.6035489364299447
1.6000488296151616
1.5990487990966522
1.598673787652211
1.5952986846522417
1.5939236426892909
1.591923581652272
1.590423535874508
1.590798547318949
1.5890484939115572
1.587923459578234
1.5867984252449112
1.5861734061708426
1.5850483718375195
1.58404834131901
1.5826732993560595
1.582048280281991
1.5814232612079226
1.581298257393109
1.5801732230597858
1.580048219244972
1.5801732230597858
1.57929819635609
1.5786731772820215
1.5784231696523943
1.5781731620227668
1.5776731467635121
1.5771731315042574
1.5779231543931396
1.5774231391338847
1.5774231391338847
1.5775481429486986
1.5770481276894437
1.576548112430189
1.57692312387463
1.5764231086153753
1.5764231086153753
1.5767981200598165
1.5761731009857478
1.5767981200598165
1.5764231086153753
1.5775481429486986
1.5780481582079533
1.5770481276894437
1.57692312387463
1.5771731315042574
1.5767981200598165
1.5770481276894437
1.5777981505783258
1.5774231391338847
1.5776731467635121
1.5781731620227668
1.5780481582079533
1.5775481429486986
1.5781731620227668
1.5784231696523943
1.5780481582079533
1.5786731772820215
1.5794232001709037
1.580048219244972
1.5795482039857174
1.5797982116153446
1.5801732230597858
1.580048219244972
1.5801732230597858
1.580048219244972
1.5801732230597858
1.5799232154301586
1.5807982421338542
1.5814232612079226
1.5817982726523636
1.581298257393109
1.5821732840968048
1.5817982726523636
1.5817982726523636
1.5821732840968048
1.5814232612079226
1.5815482650227364
1.5827983031708732
1.583298318430128
1.5831733146153144
1.58404834131901
1.5839233375041963
1.58404834131901
1.5841733451338236
1.584423352763451
1.58404834131901
1.5835483260597554
1.5839233375041963
1.5854233832819604
1.5851733756523332
1.5857983947264016
1.586048402356029
1.5839233375041963
1.5862984099856563
1.5861734061708426
1.5859233985412151
1.5862984099856563
1.5881734672078616
1.5870484328745385
1.587298440504166
1.5876734519486069
1.5877984557634206
1.5874234443189794
1.5871734366893522
1.5882984710226753
1.5881734672078616
1.587923459578234
1.5881734672078616
1.5881734672078616
1.5886734824671163
1.5890484939115572
1.5895485091708121
1.5892985015411847
1.5897985168004394
1.5894235053559984
1.589923520615253
1.5897985168004394
1.5894235053559984
1.590798547318949
1.5905485396893215
1.590798547318949
1.5910485549485762
1.5920485854670858
1.5911735587633902
1.5914235663930174
1.5915485702078311
1.5915485702078311
1.5915485702078311
1.5917985778374584
1.5914235663930174
1.5925486007263405
1.592798608355968
1.592798608355968
1.5930486159855952
1.5932986236152227
1.5939236426892909
1.5929236121707817
1.5930486159855952
1.5941736503189183
1.5936736350596639
1.5941736503189183
1.5944236579485458
1.5944236579485458
1.5950486770226142
1.5939236426892909
1.5945486617633595
1.5949236732078005
1.594798669392987
1.5950486770226142
1.595173680837428
1.5955486922818691
1.5957986999114964
1.596298715170751
1.5959237037263099
1.5964237189855648
1.5965487228003785
1.596298715170751
1.596673726615192
1.5969237342448195
1.5960487075411238
1.597173741874447
1.597173741874447
1.5977987609485154
1.5974237495040742
1.598673787652211
1.5974237495040742
1.5985487838373975
1.5975487533188881
1.5980487685781428
1.5985487838373975
1.5985487838373975
1.5985487838373975
1.598798791467025
1.5992988067262794
1.5990487990966522
1.599173802911466
1.5996738181707206
1.5994238105410932
1.5990487990966522
1.6002988372447888
1.5999238258003479
1.6005488448744163
1.601048860133671
1.6009238563188575
1.6007988525040437
1.601048860133671
1.601173863948485
1.6002988372447888
1.6020488906521806
1.6019238868373669
1.6017988830225531
1.602673909726249
1.6027989135410627
1.60304892117069
1.6027989135410627
1.603173924985504
1.6035489364299447
1.6032989288003174
1.6040489516891996
1.6046739707632678
1.6059240089114046
1.6056740012817774
1.6057990050965911
1.6077990661336101
1.608174077578051
1.609424115726188
1.609799127170629
1.6107991576891385
1.6119241920224616
1.6130492263557847
1.6146742759483628
1.6162993255409406
1.6175493636890774
1.6199244361705374
1.621299478133488
1.6230495315408795
1.6246745811334575
1.6275496688741722
1.62917471846675
1.632299813837092
1.6356749168370617
1.6374249702444532
1.640300057985168
1.6435501571703237
1.6468002563554796
1.6491753288369395
1.6531754509109775
1.6566755577257606
1.6601756645405439
1.6635507675405132
1.6681759086886196
1.6723010345774711
1.6764261604663229
1.6811763054292428
1.6856764427625355
1.6904265877254554
1.6951767326883755
1.6999268776512955
1.7051770378734703
1.710427198095645
1.7153023468733786
1.7201774956511124
1.725052644428846
1.7304278084658344
1.734552934354686
1.739803094576861
1.7431781975768303
1.7479283425397505
1.7508034302804651
1.7558035828730125
1.7590536820581684
1.7623037812433242
1.7650538651692254
1.7685539719840082
1.7704290292062137
1.77267909787286
1.774679158909879
1.775429181798761
1.776554216132084
1.7769292275765252
1.7780542619098483
1.7783042695394757
1.7780542619098483
1.7776792504654073
1.776679219946898
1.7750541703543201
1.7730541093173011
1.771429059724723
1.769929013946959
1.766303903317362
1.7631788079470199
1.7606787316507462
1.7579286477248453
1.7546785485396894
1.750053407391583
1.746053285317545
1.741678151799066
1.737428022095401
1.73230286568804
1.7268026978362376
1.7231775872066408
1.7183024384289072
1.7133022858363598
1.7083021332438124
1.7035519882808923
1.6984268318735312
1.6928016602069156
1.6884265266884364
1.6835513779107028
1.6783012176885281
1.6734260689107945
1.668800927762688
1.664925809503464
1.6604256721701711
1.6571755729850153
1.6520504165776544
1.6481752983184301
1.6440501724295786
1.6405500656147955
1.6372999664296397
1.6339248634296701
1.6306747642445143
1.6281746879482406
1.625299600207526
1.622924527726066
1.6206744590594195
1.6182993865779596
1.6161743217261269
1.6144242683187355
1.6115491805780204
1.6107991576891385
1.6089241004669332
1.6079240699484236
1.6065490279854733
1.6055489974669637
1.6045489669484543
1.6034239326151312
1.6024239020966218
1.6016738792077396
1.60067384868923
1.5997988219855341
1.599548814355907
1.5989237952818385
1.5984237800225838
1.5975487533188881
1.5972987456892607
1.5959237037263099
1.5955486922818691
1.594298654133732
1.592423596911527
1.5910485549485762
1.5894235053559984
1.5882984710226753
1.5846733603930783
1.581298257393109
1.5781731620227668
1.5739230323191016
1.5690478835413677
1.5625476851710562
1.5557974791711173
1.5491722769859921
1.5425470748008667
1.5344218268379772
1.5274216132084109
1.520296395764031
1.5131711783196509
1.5079210180974763
1.5019208349864193
1.4979207129123815
1.496045655690176
1.4957956480605488
1.4981707205420087
1.5035458845789973
1.5122961516159552
1.5245465254676962
1.5399219946897795
1.559047578356273
1.5834233222449416
1.6122992034669026
1.6458002258369702
1.6828013550218206
1.7251776482436598
1.7708040406506547
1.8198055360576189
1.8715571153904842
1.9254337595751825
1.9791853999450668
2.0324370250556965
2.084563615833003
2.1330650959807125
2.1783164769432664
2.216317636646626
2.248068605609302
2.271944334238716
2.2870697958311714
2.2886948454237497
2.2660691549424725
2.2530687582018496
2.2299430524613175
2.1984420911282694
2.1589408856471453
2.112939481795709
2.0621879329813533
2.0070612506485186
1.9499345072786645
1.8920577410199286
1.834055970946379
1.7769292275765252
1.7226775719473861
1.6710509964293345
1.6227995239112523
1.578923184911649
1.5387969603564562
1.505170934171575
1.4756700338755455
1.451669301431318
1.432668721579638
1.4170432447279275
1.406917935728019
1.4009177526169623
1.3987926877651295
1.4004177373577074
1.405417889950255
1.4119180883205664
1.421168370616779
1.4312936796166877
1.4426690267647329
1.4546693929868466
1.4659197363200782
1.4781701101718194
1.4902954802087467
1.5005457930234687
1.5110461134678184
1.5204213995788447
1.5291716666158026
1.53654689168981
1.5430470900601214
1.5485472579119235
1.5534224066896571
1.557172521134068
1.5605476241340372
1.5627976928006837
1.5660477919858395
1.568172856837672
1.569422894985809
1.5709229407635732
1.5729230018005922
1.5735480208746606
1.57454805139317
1.57454805139317
1.5752980742820522
1.5754230780968657
1.5757980895413068
1.576548112430189
1.57692312387463
1.5766731162450025
1.5779231543931396
1.5779231543931396
1.5785481734672078
1.5791731925412764
1.5794232001709037
1.5799232154301586
1.5804232306894133
1.5821732840968048
1.5824232917264323
1.5836733298745689
1.5850483718375195
1.5861734061708426
1.5871734366893522
1.588423474837489
1.5894235053559984
1.590423535874508
1.5916735740226449
1.5931736198004092
1.5944236579485458
1.5961737113559373
1.5974237495040742
1.599548814355907
1.6007988525040437
1.6025489059114353
1.6041739555040133
1.6059240089114046
1.6075490585039827
1.6100491348002564
1.61254921109653
1.6142992645039216
1.616924344615009
1.6191744132816552
1.6215494857631152
1.6246745811334575
1.6266746421704763
1.6295497299111912
1.6320498062074649
1.6352999053926207
1.6380499893185219
1.6414250923184912
1.6444251838740198
1.6485503097628713
1.651425397503586
1.654550492873928
1.658550614947966
1.6619257179479354
1.665300820947905
1.6694259468367565
1.6734260689107945
1.6776761986144597
1.6809262977996156
1.6861764580217904
1.6898015686513872
1.693801690725425
1.698926847132786
1.7034269844660788
1.7074271065401168
1.7123022553178504
1.717552415540025
1.7224275643177587
1.7264276863917967
1.7324278695028534
1.735802972502823
1.7403031098361157
1.7453032624286628
1.750053407391583
1.7546785485396894
1.7598037049470505
1.7649288613544114
1.7688039796136357
1.7739291360209968
1.7793043000579851
1.7833044221320231
1.7878045594653156
1.792054689168981
1.7963048188726465
1.8000549333170568
1.8044300668355358
1.808680196539201
1.8129303262428662
1.8168054445020907
1.8209305703909422
1.8241806695760978
1.8275557725760676
1.8308058717612232
1.8341809747611926
1.8368060548722802
1.8398061464278084
1.8425562303537095
1.8449313028351695
1.8470563676870022
1.8496814477980896
1.8514315012054812
1.8523065279091768
1.8545565965758233
1.8553066194647054
1.8560566423535876
1.8565566576128423
1.8573066805017244
1.8578066957609791
1.8578066957609791
1.857431684316538
1.8573066805017244
1.8571816766869107
1.8559316385387736
1.8548066042054507
1.8534315622425002
1.8516815088351086
1.8501814630573443
1.8484314096499528
1.8464313486129338
1.844306283761101
1.8415561998352001
1.8389311197241127
1.8363060396130253
1.8334309518723106
1.8298058412427136
1.8264307382427443
1.8229306314279612
1.8188055055391095
1.8153053987243264
1.8109302652058474
1.8073051545762506
1.8029300210577714
1.7983048799096653
1.7938047425763726
1.7891796014282664
1.7843044526505327
1.7795543076876126
1.7751791741691336
1.7700540177617725
1.76555388042848
1.7606787316507462
1.7560535905026398
1.7506784264656514
1.7455532700582903
1.7404281136509292
1.735802972502823
1.730302804651021
1.7244276253547777
1.7208025147251809
1.7161773735770747
1.7110522171697136
1.7065520798364209
1.701676931058687
1.6966767784661398
1.6921766411328472
1.6873014923551135
1.6829263588366346
1.678676229132969
1.6749261146885588
1.669675954466384
1.6658008362071597
1.6625507370220038
1.6583006073183386
1.6544254890591144
1.6508003784295175
1.6466752525406658
1.6428001342814416
1.639550035096286
1.6361749320963164
1.6332998443556017
1.630049745170446
1.627174657429731
1.6241745658742028
1.6217994933927427
1.6192994170964692
1.6160493179113133
1.6135492416150394
1.611424176763207
1.6091741080965607
1.6069240394299142
1.605048982207709
1.6032989288003174
1.601173863948485
1.5994238105410932
1.5981737723929563
1.5956736960966826
1.5941736503189183
1.5925486007263405
1.591923581652272
1.5905485396893215
1.5891734977263712
1.5882984710226753
1.587298440504166
1.5865484176152838
1.5855483870967744
1.58404834131901
1.5835483260597554
1.5822982879116183
1.5817982726523636
1.5815482650227364
1.580923245948668
1.5806732383190405
1.5802982268745993
1.5797982116153446
1.5786731772820215
1.5786731772820215
1.5777981505783258
1.5775481429486986
1.5777981505783258
1.5782981658375803
1.5776731467635121
1.5774231391338847
1.5770481276894437
1.5767981200598165
1.5770481276894437
1.5767981200598165
1.576548112430189
1.5760480971709343
1.5759230933561206
1.5762981048005615
1.5764231086153753
1.576548112430189
1.5775481429486986
1.57692312387463
1.5771731315042574
1.57692312387463
1.57692312387463
1.5767981200598165
1.5767981200598165
1.5780481582079533
1.5776731467635121
1.5775481429486986
1.5776731467635121
1.5780481582079533
1.5779231543931396
1.5785481734672078
1.5784231696523943
1.5780481582079533
1.5785481734672078
1.5790481887264625
1.5794232001709037
1.57929819635609
1.580048219244972
1.5801732230597858
1.579673207800531
1.57929819635609
1.5801732230597858
1.5801732230597858
1.5804232306894133
1.5805482345042268
1.581298257393109
1.581298257393109
1.5817982726523636
1.582048280281991
1.582048280281991
1.5819232764671776
1.5821732840968048
1.582048280281991
1.5825482955412458
1.5830483108005005
1.5825482955412458
1.5827983031708732
1.5836733298745689
1.5839233375041963
1.5839233375041963
1.584423352763451
1.58404834131901
1.5839233375041963
1.5839233375041963
1.5846733603930783
1.5846733603930783
1.5846733603930783
1.5856733909115879
1.5857983947264016
1.5862984099856563
1.58642341380047
1.5859233985412151
1.5861734061708426
1.5862984099856563
1.5865484176152838
1.5869234290597247
1.5869234290597247
1.5876734519486069
1.587298440504166
1.5876734519486069
1.587298440504166
1.5877984557634206
1.5882984710226753
1.5885484786523028
1.5885484786523028
1.58879848628193
1.5882984710226753
1.5891734977263712
1.5896735129856259
1.5891734977263712
1.5891734977263712
1.5896735129856259
1.5895485091708121
1.5896735129856259
1.589923520615253
1.5906735435041353
1.5905485396893215
1.590798547318949
1.5911735587633902
1.5912985625782037
1.5912985625782037
1.5910485549485762
1.5916735740226449
1.5920485854670858
1.5916735740226449
1.592298593096713
1.5921735892818996
1.591923581652272
1.5931736198004092
1.5925486007263405
1.5931736198004092
1.5930486159855952
1.5930486159855952
1.5930486159855952
1.5932986236152227
1.5939236426892909
1.5937986388744774
1.5937986388744774
1.5949236732078005
1.5937986388744774
1.594798669392987
1.5949236732078005
1.5950486770226142
1.594798669392987
1.5952986846522417
1.5950486770226142
1.5955486922818691
1.5952986846522417
1.5954236884670552
1.596673726615192
1.597173741874447
1.5956736960966826
1.596673726615192
1.5959237037263099
1.596298715170751
1.596798730430006
1.5959237037263099
1.596798730430006
1.5972987456892607
1.5979237647633289
1.5979237647633289
1.597173741874447
1.5977987609485154
1.5976737571337016
1.598673787652211
1.5979237647633289
1.59829877620777
1.598673787652211
1.5990487990966522
1.598798791467025
1.598798791467025
1.5989237952818385
1.5997988219855341
1.599173802911466
1.5990487990966522
1.599548814355907
1.6001738334299753
1.5999238258003479
1.6012988677632984
1.6005488448744163
1.6002988372447888
1.601048860133671
1.6009238563188575
1.6007988525040437
1.60067384868923
1.6009238563188575
1.6024239020966218
1.6020488906521806
1.6025489059114353
1.6024239020966218
1.602673909726249
1.60304892117069
1.603173924985504
1.6037989440595721
1.6034239326151312
1.6040489516891996
1.6046739707632678
1.605048982207709
1.6060490127262186
1.6066740318002868
1.6076740623187964
1.6085490890224923
1.6087990966521197
1.6096741233558154
1.6104241462446975
1.6119241920224616
1.6129242225409712
1.614549272133549
1.6159243140964994
1.6176743675038912
1.6195494247260964
1.6207994628742333
1.6227995239112523
1.624924588763085
1.6269246498001038
1.6290497146519365
1.6312997833185827
1.6346748863185523
1.6372999664296397
1.6409250770592365
1.6429251380962555
1.6458002258369702
1.649425336466567
1.6524254280220954
1.6564255500961331
1.6591756340220343
1.6641757866145819
1.667300881984924
1.6720510269478437
1.6758011413922544
1.6805512863551746
1.685051423688467
1.689426557206946
1.6946767174291208
1.698926847132786
1.7038019959105197
1.709177159947508
1.7143023163548692
1.719552476577044
1.7244276253547777
1.7291777703176978
1.7340529190954315
1.73942808313242
1.7428031861323894
1.7471783196508683
1.7509284340952787
1.7549285561693166
1.7583036591692862
1.7616787621692556
1.7651788689840389
1.7675539414654988
1.7701790215765862
1.7720540787987915
1.7740541398358105
1.7748041627246927
1.776679219946898
1.7771792352061526
1.7779292580950348
1.778179265724662
1.7780542619098483
1.778554277169103
1.7775542466505936
1.7753041779839474
1.7739291360209968
1.7716790673543503
1.7694289986877043
1.7669289223914304
1.7643038422803432
1.7611787469100009
1.7583036591692862
1.7541785332804345
1.7509284340952787
1.7464282967619862
1.7426781823175757
1.737803033539842
1.732677877132481
1.7280527359843745
1.7234275948362683
1.7188024536881619
1.7136772972808008
1.708802148503067
1.704052003540147
1.698176824243904
1.6940516983550522
1.6888015381328776
1.6840513931699574
1.678676229132969
1.6743010956144901
1.6695509506515702
1.6655508285775322
1.6613006988738672
1.6566755577257606
1.6526754356517228
1.6485503097628713
1.6451752067629017
1.6414250923184912
1.6376749778740807
1.633674855800043
1.630799768059328
1.6281746879482406
1.625674611651967
1.623299539170507
1.6205494552446058
1.6180493789483323
1.6160493179113133
1.6139242530594806
1.6119241920224616
1.610549150059511
1.6095491195410014
1.6080490737632376
1.6065490279854733
1.6059240089114046
1.6046739707632678
1.6039239478743859
1.6029239173558765
1.6017988830225531
1.601048860133671
1.6000488296151616
1.599548814355907
1.599173802911466
1.5980487685781428
1.5976737571337016
1.5969237342448195
1.5960487075411238
1.595173680837428
1.5940486465041048
1.5930486159855952
1.5916735740226449
1.5892985015411847
1.5874234443189794
1.5851733756523332
1.5819232764671776
1.5782981658375803
1.5740480361339153
1.5686728720969267
1.5632977080599384
1.556672505874813
1.5500473036896878
1.5429220862453077
1.5351718497268594
1.5280466322824793
1.5211714224677266
1.513921201208533
1.507546006653035
1.5021708426160465
1.498045716727195
1.4952956328012939
1.495670644245735
1.4974206976531268
1.5030458693197426
1.5114211249122593
1.5229214758751182
1.5382969450972015
1.5574225287636951
1.5806732383190405
1.6095491195410014
1.6423001190221869
1.6789262367625966
1.7209275185399944
1.7666789147618032
1.81543040253914
1.8671819818720055
1.921183629871517
1.9744352549821467
2.0283118991668445
2.080563493758965
2.1298149967955564
2.174441358684042
2.2139425641651664
2.245943540757469
2.2705692922757654
2.286194769127476
2.289944883571886
2.2678192083498643
2.254068788720359
2.2315681020538958
2.200942167424543
2.16181597338786
2.1168146000549335
2.065938047425764
2.010686361278115
1.954059633167516
1.8960578630939666
1.838056093020417
1.780679342020936
1.7261776787621694
1.6738010803552354
1.6254246040223395
1.582048280281991
1.542047059541612
1.5074210028382216
1.4775450910977508
1.4532943510238958
1.4335437482833338
1.4182932828760644
1.4076679586169012
1.401042756431776
1.3997927182836392
1.4002927335428939
1.4051678823206275
1.4117930845057527
1.4201683400982696
1.4312936796166877
1.4415439924314097
1.4539193700979645
1.4659197363200782
1.4775450910977508
1.4886704306161689
1.4997957701345868
1.5105460982085634
1.51992138431959
1.5287966551713614
1.5361718802453688
1.5427970824304942
1.5480472426526688
1.552672383800775
1.5562974944303722
1.5601726126895963
1.5629226966154972
1.56504776146733
1.5680478530228583
1.5696729026154363
1.5706729331339457
1.572547990356151
1.5734230170598467
1.5737980285042878
1.5746730552079835
1.5751730704672384
1.5751730704672384
1.5759230933561206
1.5764231086153753
1.5767981200598165
1.5774231391338847
1.5779231543931396
1.5779231543931396
1.5785481734672078
1.5787981810968352
1.5795482039857174
1.580048219244972
1.5799232154301586
1.5814232612079226
1.5822982879116183
1.5831733146153144
1.5854233832819604
1.5861734061708426
1.5870484328745385
1.5881734672078616
1.5892985015411847
1.5895485091708121
1.5921735892818996
1.592798608355968
1.5945486617633595
1.596298715170751
1.5979237647633289
1.6004238410596028
1.6005488448744163
1.6029239173558765
1.6045489669484543
1.6059240089114046
1.6082990813928648
1.6111741691335797
1.6122992034669026
1.6142992645039216
1.6171743522446362
1.6190494094668417
1.6219244972075564
1.624049562059389
1.6265496383556628
1.629299722281564
1.6317997985778374
1.635174901577807
1.638299996948149
1.6408000732444226
1.6449251991332745
1.6478002868739892
1.6521754203924681
1.6546754966887418
1.6583006073183386
1.6615507065034945
1.6655508285775322
1.6694259468367565
1.6734260689107945
1.6773011871700187
1.681551316873684
1.686301461836604
1.6900515762810144
1.6935516830957975
1.698926847132786
1.7030519730216378
1.7070520950956756
1.7119272438734092
1.7174274117252115
1.7213025299844356
1.725927671132542
1.7316778466139713
1.7350529496139409
1.7408031250953704
1.7453032624286628
1.750053407391583
1.754428540910062
1.7594286935026096
1.7643038422803432
1.7693039948728904
1.773429120761742
1.778679280983917
1.783679433576464
1.7873045442060609
1.792054689168981
1.7968048341319012
1.7998049256874293
1.8046800744651632
1.8094302194280831
1.8124303109836117
1.8164304330576495
1.820555558946501
1.8243056733909115
1.8285558030945768
1.8304308603167823
1.8339309671315653
1.8356810205389569
1.8395561387981811
1.842431226538896
1.8449313028351695
1.847181371501816
1.8498064516129031
1.8514315012054812
1.8520565202795496
1.8541815851313823
1.8556816309091464
1.8556816309091464
1.8560566423535876
1.8571816766869107
1.8578066957609791
1.8575566881313517
1.8576816919461654
1.8576816919461654
1.856181646168401
1.856181646168401
1.8545565965758233
1.853181554612873
1.8519315164647359
1.8496814477980896
1.8481814020203253
1.8465563524277475
1.8439312723166599
1.841931211279641
1.8394311349833674
1.8359310281685843
1.8330559404278695
1.8295558336130864
1.8259307229834896
1.8224306161687065
1.8193055207983642
1.8156804101687674
1.8113052766502884
1.8070551469466232
1.8026800134281442
1.7981798760948515
1.794429761650441
1.7893046052430799
1.7843044526505327
1.7796793115024263
1.7756791894283883
1.7703040253914
1.7653038727988526
1.7605537278359324
1.7558035828730125
1.7503034150212105
1.7458032776879178
1.7403031098361157
1.7351779534287546
1.7304278084658344
1.7255526596881008
1.7211775261696218
1.7161773735770747
1.7114272286141545
1.7059270607623525
1.7015519272438735
1.6968017822809534
1.6916766258735922
1.6874264961699272
1.6829263588366346
1.677926206244087
1.6750511185033723
1.6704259773552659
1.6665508590960418
1.6619257179479354
1.6583006073183386
1.6539254737998597
1.6504253669850764
1.6463002410962249
1.6431751457258827
1.6398000427259134
1.6372999664296397
1.6334248481704154
1.6301747489852596
1.627674672688986
1.6245495773186438
1.6210494705038605
1.6191744132816552
1.6161743217261269
1.6132992339854122
1.6119241920224616
1.609424115726188
1.6064240241706595
1.6051739860225227
1.6029239173558765
1.6009238563188575
1.5994238105410932
1.5979237647633289
1.5961737113559373
1.5940486465041048
1.592798608355968
1.5911735587633902
1.590423535874508
1.5890484939115572
1.588423474837489
1.5871734366893522
1.586048402356029
1.585298379467147
1.5841733451338236
1.5831733146153144
1.5824232917264323
1.5815482650227364
1.5815482650227364
1.5807982421338542
1.5804232306894133
1.5801732230597858
1.5791731925412764
1.5786731772820215
1.5786731772820215
1.5782981658375803
1.5775481429486986
1.5779231543931396
1.5775481429486986
1.5775481429486986
1.5776731467635121
1.5771731315042574
1.5766731162450025
1.5767981200598165
1.5767981200598165
1.5762981048005615
1.5761731009857478
1.5767981200598165
1.5757980895413068
1.5766731162450025
1.5771731315042574
1.5771731315042574
1.5776731467635121
1.5771731315042574
1.5762981048005615
1.5764231086153753
1.5770481276894437
1.5770481276894437
1.5780481582079533
1.5775481429486986
1.5780481582079533
1.578923184911649
1.5785481734672078
1.5780481582079533
1.5785481734672078
1.5781731620227668
1.5786731772820215
1.5787981810968352
1.57929819635609
1.579673207800531
1.57929819635609
1.5795482039857174
1.579673207800531
1.5790481887264625
1.5806732383190405
1.580048219244972
1.5805482345042268
1.581298257393109
1.5814232612079226
1.5811732535782954
1.5814232612079226
1.5815482650227364
1.5815482650227364
1.582048280281991
1.5824232917264323
1.5821732840968048
1.5817982726523636
1.5821732840968048
1.5825482955412458
1.5831733146153144
1.5827983031708732
1.5835483260597554
1.5841733451338236
1.5846733603930783
1.5836733298745689
1.5836733298745689
1.5837983336893826
1.584423352763451
1.5849233680227057
1.584423352763451
1.5850483718375195
1.586048402356029
1.586048402356029
1.5861734061708426
1.5856733909115879
1.5861734061708426
1.5854233832819604
1.5861734061708426
1.587298440504166
1.5867984252449112
1.587298440504166
1.5871734366893522
1.5876734519486069
1.5875484481337934
1.5871734366893522
1.5877984557634206
1.588423474837489
1.5885484786523028
1.5890484939115572
1.5885484786523028
1.588423474837489
1.5889234900967437
1.5897985168004394
1.5894235053559984
1.5891734977263712
1.5897985168004394
1.5900485244300668
1.5896735129856259
1.5895485091708121
1.5905485396893215
1.5906735435041353
1.590298532059694
1.5914235663930174
1.5914235663930174
1.5910485549485762
1.5915485702078311
1.5911735587633902
1.5915485702078311
1.592298593096713
1.5914235663930174
1.5920485854670858
1.592423596911527
1.5926736045411543
1.5925486007263405
1.5934236274300364
1.5929236121707817
1.5931736198004092
1.5931736198004092
1.5931736198004092
1.5934236274300364
1.5939236426892909
1.5939236426892909
1.594298654133732
1.594798669392987
1.5950486770226142
1.5950486770226142
1.594798669392987
1.594798669392987
1.5949236732078005
1.5950486770226142
1.5954236884670552
1.5955486922818691
1.5961737113559373
1.596298715170751
1.5961737113559373
1.5959237037263099
1.5961737113559373
1.5964237189855648
1.5961737113559373
1.5960487075411238
1.5969237342448195
1.5972987456892607
1.5977987609485154
1.5980487685781428
1.5976737571337016
1.5972987456892607
1.5979237647633289
1.5972987456892607
1.5977987609485154
1.5981737723929563
1.5984237800225838
1.5979237647633289
1.599548814355907
1.5990487990966522
1.5990487990966522
1.5990487990966522
1.598798791467025
1.5985487838373975
1.598798791467025
1.599173802911466
1.5996738181707206
1.6000488296151616
1.5997988219855341
1.60067384868923
1.6007988525040437
1.60067384868923
1.6007988525040437
1.601173863948485
1.6007988525040437
1.6016738792077396
1.6022988982818078
1.6019238868373669
1.6024239020966218
1.6034239326151312
1.6022988982818078
1.603173924985504
1.6025489059114353
1.6036739402447586
1.6032989288003174
1.6042989593188268
1.6047989745780817
1.6051739860225227
1.6059240089114046
1.6069240394299142
1.6075490585039827
1.6075490585039827
1.6084240852076785
1.6099241309854426
1.6096741233558154
1.6116741843928344
1.6132992339854122
1.614549272133549
1.6161743217261269
1.6180493789483323
1.6200494399853511
1.6216744895779291
1.6225495162816248
1.6247995849482713
1.6269246498001038
1.62917471846675
1.631674794763024
1.634299874874111
1.6370499588000123
1.6398000427259134
1.6429251380962555
1.6461752372814111
1.6489253212073123
1.6523004242072816
1.6553005157628102
1.6593006378368482
1.6634257637256997
1.668050904873806
1.6718010193182167
1.6759261452070682
1.6808012939848018
1.6841763969847714
1.6896765648365732
1.6944267097994934
1.6991768547624133
1.7039269997253335
1.7096771752067628
1.714427320169683
1.719552476577044
1.7241776177251504
1.7296777855769523
1.7339279152806177
1.7381780449842832
1.7431781975768303
1.7470533158360546
1.751178441724906
1.7553035676137578
1.7584286629841
1.7620537736136967
1.7651788689840389
1.7675539414654988
1.769929013946959
1.7724290902432325
1.7740541398358105
1.7753041779839474
1.776554216132084
1.7775542466505936
1.778554277169103
1.7783042695394757
1.7778042542802208
1.778179265724662
1.776554216132084
1.774679158909879
1.7740541398358105
1.7716790673543503
1.7695540025025178
1.7671789300210579
1.7643038422803432
1.7614287545396283
1.7580536515396588
1.7549285561693166
1.7503034150212105
1.746053285317545
1.7424281746879482
1.7376780297250283
1.7331778923917356
1.728302743614002
1.723552598651082
1.7183024384289072
1.7133022858363598
1.7093021637623218
1.704052003540147
1.6990518509475998
1.6939266945402387
1.6891765495773186
1.6835513779107028
1.6793012482070377
1.6746761070589313
1.6698009582811977
1.665300820947905
1.6615507065034945
1.6571755729850153
1.6528004394665363
1.6484253059480574
1.6449251991332745
1.640675069429609
1.6381749931333354
1.634424878688925
1.631174779503769
1.628424695577868
1.6259246192815942
1.6226745200964385
1.6206744590594195
1.6184243903927733
1.6162993255409406
1.6139242530594806
1.612174199652089
1.6106741538743248
1.6096741233558154
1.6079240699484236
1.6065490279854733
1.6059240089114046
1.6044239631336406
1.6035489364299447
1.6025489059114353
1.6016738792077396
1.601173863948485
1.6002988372447888
1.6000488296151616
1.5994238105410932
1.5985487838373975
1.5979237647633289
1.5969237342448195
1.596298715170751
1.5955486922818691
1.5941736503189183
1.5934236274300364
1.5914235663930174
1.589923520615253
1.5876734519486069
1.5856733909115879
1.5819232764671776
1.5776731467635121
1.5744230475783563
1.5692978911709952
1.5635477156895659
1.5570475173192542
1.5500473036896878
1.5432970976897489
1.5352968535416731
1.5282966399121067
1.5215464339121678
1.5144212164677877
1.5080460219122898
1.5030458693197426
1.4985457319864497
1.495670644245735
1.4959206518753625
1.497670705282754
1.5029208655049286
1.510796105838191
1.5225464644306772
1.5375469222083193
1.5561724906155583
1.5794232001709037
1.6076740623187964
1.6401750541703544
1.6769261757255778
1.7179274269844662
1.7646788537247842
1.8125553147984252
1.8643068941312906
1.9170585039826655
1.9713101596118046
2.0243117770928065
2.0773133945738094
2.126564897610401
2.171566270943327
2.2115674916837063
2.2443184911648917
2.268569231238746
2.28531974242378
2.2908199102755824
2.2681942197943052
2.254943815424055
2.2336931669057285
2.2031922360911893
2.1645660573137606
2.119689687795648
2.0693131504257334
2.014811487166967
1.9579347514267404
1.8999329813531907
1.8415561998352001
1.7843044526505327
1.7298027893917662
1.6778012024292734
1.628424695577868
1.58404834131901
1.544422132023072
1.509546067690054
1.4792951445051423
1.4551694082461013
1.4337937559129612
1.419293313394574
1.4080429700613422
1.401792779320658
1.3986676839503158
1.3999177220984527
1.4042928556169316
1.4112930692464982
1.4197933286538287
1.4305436567278056
1.4415439924314097
1.4527943357646413
1.4641696829126867
1.4764200567644277
1.4879204077272867
1.4994207586901458
1.5097960753196813
1.5194213690603353
1.528171636097293
1.5360468764305553
1.5425470748008667
1.5477972350230413
1.5516723532822658
1.556672505874813
1.5596725974303416
1.5626726889858698
1.56504776146733
1.5676728415784174
1.5689228797265542
1.5710479445783867
1.5722979827265235
1.5734230170598467
1.5739230323191016
1.5750480666524247
1.574923062837611
1.5755480819116796
1.5757980895413068
1.5764231086153753
1.57692312387463
1.57692312387463
1.5777981505783258
1.5781731620227668
1.5782981658375803
1.5785481734672078
1.5795482039857174
1.5799232154301586
1.5810482497634815
1.5819232764671776
1.5826732993560595
1.5839233375041963
1.5854233832819604
1.586048402356029
1.5874234443189794
1.5881734672078616
1.5892985015411847
1.5910485549485762
1.5910485549485762
1.5931736198004092
1.594798669392987
1.5956736960966826
1.5980487685781428
1.599548814355907
1.6007988525040437
1.6015488753929257
1.6041739555040133
1.60542399365215
1.607424054689169
1.6102991424298836
1.6120491958372754
1.6142992645039216
1.6174243598742637
1.6187994018372145
1.6219244972075564
1.624049562059389
1.6265496383556628
1.6285496993926818
1.6317997985778374
1.634299874874111
1.637924985503708
1.6415500961333047
1.644675191503647
1.6478002868739892
1.6508003784295175
1.6544254890591144
1.6579255958738974
1.6610506912442398
1.665300820947905
1.6685509201330608
1.6730510574663533
1.6770511795403913
1.6814263130588702
1.6856764427625355
1.6899265724662007
1.6939266945402387
1.698176824243904
1.7019269386883145
1.7066770836512346
1.7116772362437818
1.7166773888363294
1.7211775261696218
1.7261776787621694
1.7308028199102756
1.735427961058382
1.739803094576861
1.7446782433545946
1.749678395947142
1.7535535142063663
1.7594286935026096
1.7641788384655293
1.768303964354381
1.7733041169469284
1.7780542619098483
1.782554399243141
1.7870545365764336
1.7914296700949126
1.796054811243019
1.8003049409466843
1.803930051576281
1.8089302041688284
1.8124303109836117
1.8164304330576495
1.820555558946501
1.8240556657612843
1.826930753501999
1.8304308603167823
1.8334309518723106
1.8361810357982116
1.8393061311685537
1.842306222724082
1.8449313028351695
1.846806360057375
1.849556443983276
1.8509314859462265
1.8521815240943633
1.8536815698721276
1.8553066194647054
1.8564316537980285
1.8563066499832148
1.8573066805017244
1.8575566881313517
1.8583067110202338
1.8578066957609791
1.8575566881313517
1.8568066652424697
1.856181646168401
1.855056611835078
1.8539315775017549
1.8521815240943633
1.8503064668721578
1.8493064363536484
1.84630634479812
1.844806299020356
1.8421812189092686
1.8391811273537402
1.836431043427839
1.8339309671315653
1.8296808374279
1.8261807306131168
1.8233056428724022
1.8195555284279916
1.8155554063539538
1.8115552842799159
1.807805169835505
1.8041800592059083
1.7985548875392925
1.7945547654652547
1.7894296090578936
1.7850544755394149
1.780679342020936
1.775429181798761
1.7705540330210272
1.7660538956877345
1.7611787469100009
1.7560535905026398
1.7506784264656514
1.7458032776879178
1.740928128910184
1.7356779686880093
1.7313028351695303
1.7271777092806788
1.721552537614063
1.7165523850215156
1.7113022247993408
1.7071770989104893
1.7019269386883145
1.6975518051698355
1.6929266640217293
1.6878015076143682
1.6835513779107028
1.6789262367625966
1.6748011108737448
1.6705509811700798
1.666800866725669
1.6623007293923764
1.658550614947966
1.6550505081331828
1.6508003784295175
1.6465502487258523
1.6435501571703237
1.639550035096286
1.6371749626148258
1.6334248481704154
1.6305497604297006
1.627674672688986
1.6241745658742028
1.62204950102237
1.6190494094668417
1.6164243293557543
1.6139242530594806
1.6122992034669026
1.609799127170629
1.6069240394299142
1.605048982207709
1.6037989440595721
1.60067384868923
1.599173802911466
1.5977987609485154
1.5959237037263099
1.5945486617633595
1.5929236121707817
1.592423596911527
1.5910485549485762
1.5897985168004394
1.588048463393048
1.5866734214300973
1.586048402356029
1.5850483718375195
1.58404834131901
1.583298318430128
1.5826732993560595
1.582048280281991
1.5817982726523636
1.580923245948668
1.5801732230597858
1.5801732230597858
1.5794232001709037
1.5790481887264625
1.5780481582079533
1.5780481582079533
1.5775481429486986
1.5784231696523943
1.5776731467635121
1.5776731467635121
1.5774231391338847
1.57692312387463
1.576548112430189
1.5766731162450025
1.5774231391338847
1.576548112430189
1.5764231086153753
1.5764231086153753
1.576548112430189
1.5766731162450025
1.5766731162450025
1.5764231086153753
1.5767981200598165
1.5770481276894437
1.57692312387463
1.576548112430189
1.5764231086153753
1.5776731467635121
1.5776731467635121
1.5775481429486986
1.5784231696523943
1.5784231696523943
1.5785481734672078
1.5785481734672078
1.5782981658375803
1.5781731620227668
1.5781731620227668
1.5782981658375803
1.578923184911649
1.5791731925412764
1.5795482039857174
1.5794232001709037
1.5795482039857174
1.5799232154301586
1.5801732230597858
1.5801732230597858
1.5801732230597858
1.5807982421338542
1.5807982421338542
1.580923245948668
1.5815482650227364
1.5815482650227364
1.5815482650227364
1.5817982726523636
1.582048280281991
1.5821732840968048
1.5817982726523636
1.5825482955412458
1.5819232764671776
1.582923306985687
1.583298318430128
1.5835483260597554
1.5841733451338236
1.5834233222449416
1.5839233375041963
1.5846733603930783
1.584423352763451
1.5847983642078922
1.5841733451338236
1.5849233680227057
1.5849233680227057
1.5857983947264016
1.5856733909115879
1.5856733909115879
1.5857983947264016
1.5861734061708426
1.5859233985412151
1.5857983947264016
1.58642341380047
1.5865484176152838
1.587298440504166
1.587298440504166
1.5876734519486069
1.5876734519486069
1.5877984557634206
1.5877984557634206
1.5877984557634206
1.5875484481337934
1.587923459578234
1.588048463393048
1.5886734824671163
1.5889234900967437
1.5895485091708121
1.5892985015411847
1.5894235053559984
1.5895485091708121
1.5890484939115572
1.5900485244300668
1.5900485244300668
1.5906735435041353
1.5910485549485762
1.5911735587633902
1.5911735587633902
1.5912985625782037
1.591923581652272
1.5915485702078311
1.5916735740226449
1.5916735740226449
1.5921735892818996
1.5921735892818996
1.5921735892818996
1.592423596911527
1.5925486007263405
1.5931736198004092
1.592298593096713
1.5931736198004092
1.5929236121707817
1.5934236274300364
1.5926736045411543
1.5941736503189183
1.5935486312448501
1.5941736503189183
1.594798669392987
1.5945486617633595
1.5936736350596639
1.5945486617633595
1.5945486617633595
1.594673665578173
1.5944236579485458
1.5945486617633595
1.5954236884670552
1.5956736960966826
1.5956736960966826
1.596673726615192
1.596673726615192
1.5960487075411238
1.5969237342448195
1.5960487075411238
1.5965487228003785
1.597173741874447
1.596673726615192
1.596798730430006
1.5975487533188881
1.5976737571337016
1.5977987609485154
1.5976737571337016
1.5974237495040742
1.5979237647633289
1.5979237647633289
1.5980487685781428
1.5985487838373975
1.5979237647633289
1.5989237952818385
1.5989237952818385
1.598798791467025
1.5994238105410932
1.5992988067262794
1.599173802911466
1.5989237952818385
1.5997988219855341
1.6000488296151616
1.6000488296151616
1.6001738334299753
1.6001738334299753
1.6005488448744163
1.6007988525040437
1.601173863948485
1.6012988677632984
1.6012988677632984
1.6009238563188575
1.6015488753929257
1.6017988830225531
1.60304892117069
1.6027989135410627
1.603173924985504
1.6025489059114353
1.6035489364299447
1.6039239478743859
1.6037989440595721
1.6042989593188268
1.6040489516891996
1.6057990050965911
1.6056740012817774
1.6071740470595417
1.6071740470595417
1.6075490585039827
1.6086740928373058
1.609424115726188
1.6102991424298836
1.611424176763207
1.6130492263557847
1.614549272133549
1.6156743064668722
1.6176743675038912
1.6191744132816552
1.6210494705038605
1.6225495162816248
1.6245495773186438
1.627174657429731
1.6287997070223093
1.6317997985778374
1.6341748710592976
1.6365499435407576
1.6398000427259134
1.6425501266518143
1.6458002258369702
1.6488003173924985
1.6524254280220954
1.6555505233924375
1.6593006378368482
1.663300759910886
1.666800866725669
1.6710509964293345
1.675551133762627
1.6800512710959197
1.6836763817255165
1.6889265419476913
1.6940516983550522
1.6985518356883451
1.7034269844660788
1.7083021332438124
1.7135522934659873
1.718427442243721
1.724302621539964
1.7289277626880704
1.7331778923917356
1.737803033539842
1.7420531632435072
1.7464282967619862
1.7506784264656514
1.7536785180211798
1.7578036439100315
1.7611787469100009
1.7650538651692254
1.7674289376506853
1.769929013946959
1.7719290749839778
1.773804132206183
1.7750541703543201
1.776554216132084
1.7774292428357799
1.7778042542802208
1.778179265724662
1.7779292580950348
1.7778042542802208
1.7771792352061526
1.7759291970580158
1.7736791283913693
1.7716790673543503
1.7694289986877043
1.768303964354381
1.7651788689840389
1.7621787774285103
1.7586786706137274
1.755553575243385
1.7521784722434155
1.7473033234656818
1.743303201391644
1.7383030487990967
1.7335529038361768
1.729427777947325
1.7241776177251504
1.7196774803918575
1.7143023163548692
1.7101771904660177
1.704927030243843
1.7004268929105502
1.6946767174291208
1.689426557206946
1.6840513931699574
1.6800512710959197
1.675176122318186
1.6709259926145208
1.666425855281228
1.6621757255775629
1.6575505844294565
1.6541754814294871
1.649425336466567
1.6451752067629017
1.6420501113925596
1.6389250160222175
1.6349248939481797
1.6320498062074649
1.6289247108371228
1.6261746269112216
1.6239245582445754
1.6215494857631152
1.6187994018372145
1.6171743522446362
1.614549272133549
1.6127992187261575
1.6107991576891385
1.61017413861507
1.6085490890224923
1.6072990508743554
1.6060490127262186
1.6047989745780817
1.6035489364299447
1.6025489059114353
1.6005488448744163
1.6016738792077396
1.6005488448744163
1.5997988219855341
1.598673787652211
1.598673787652211
1.5984237800225838
1.5972987456892607
1.596798730430006
1.5955486922818691
1.594298654133732
1.594798669392987
1.5915485702078311
1.590423535874508
1.5876734519486069
1.5854233832819604
1.5826732993560595
1.580048219244972
1.5755480819116796
1.5700479140598773
1.5645477462080752
1.558672566911832
1.5512973418378246
1.544047120578631
1.536921903134251
1.5295466780602436
1.5219214453566088
1.514796227912229
1.5090460524307994
1.5032958769493698
1.4995457625049593
1.4955456404309213
1.4961706595049897
1.4967956785790582
1.5021708426160465
1.5094210638752406
1.5201713919492172
1.5352968535416731
1.5536724143192846
1.5755480819116796
1.6029239173558765
1.6361749320963164
1.6715510116885892
1.7121772515030367
1.7574286324655906
1.8053050935392316
1.8559316385387736
1.9091832636494033
1.9626848963896604
2.0169365520187994
2.069438154240547
2.119689687795648
2.1650660725730155
2.2059423200170905
2.2395683462019718
2.2660691549424725
2.2836946928312023
2.291819940794092
2.270694296090579
2.2573188879055146
2.238193304239021
2.208442396313364
2.171691274758141
2.1273149204992827
2.0773133945738094
2.0231867427594836
1.9673100375377666
1.9100582903530994
1.8505564745017853
1.7938047425763726
1.7386780602435379
1.6856764427625355
1.6371749626148258
1.5917985778374584
1.5510473342081972
1.5149212317270424
1.48429529709769
1.4582945036164434
1.4376688741721853
1.421293374431593
1.4101680349131749
1.4021677907650991
1.3981676686910611
1.3997927182836392
1.403792840357677
1.4095430158391065
1.4181682790612506
1.4287936033204138
1.4391689199499496
1.4511692861720633
1.4625446333201089
1.4740449842829677
1.4855453352458265
1.4969206823938719
1.5082960295419172
1.5175463118381298
1.526171575060274
1.534546830652791
1.5412970366527299
1.5469222083193457
1.5516723532822658
1.55554747154149
1.558672566911832
1.5626726889858698
1.56504776146733
1.5667978148747217
1.5692978911709952
1.5711729483932007
1.5735480208746606
1.5744230475783563
1.5735480208746606
1.5744230475783563
1.57454805139317
1.5754230780968657
1.5762981048005615
1.5772981353190711
1.5766731162450025
1.5767981200598165
1.5772981353190711
1.5779231543931396
1.5786731772820215
1.5790481887264625
1.5790481887264625
1.579673207800531
1.5810482497634815
1.5817982726523636
1.5826732993560595
1.5831733146153144
1.5849233680227057
1.5855483870967744
1.5867984252449112
1.588048463393048
1.5890484939115572
1.5900485244300668
1.5917985778374584
1.5929236121707817
1.5941736503189183
1.5959237037263099
1.5974237495040742
1.5990487990966522
1.60067384868923
1.6022988982818078
1.6039239478743859
1.6052989898373364
1.607424054689169
1.6092991119113744
1.6111741691335797
1.613799249244667
1.6162993255409406
1.6182993865779596
1.6206744590594195
1.6227995239112523
1.6259246192815942
1.628424695577868
1.6314247871333964
1.6337998596148564
1.6372999664296397
1.6405500656147955
1.6436751609851377
1.6466752525406658
1.6504253669850764
1.6539254737998597
1.6570505691702018
1.6606756797997986
1.6644257942442091
1.6675508896145512
1.6723010345774711
1.6761761528366956
1.6809262977996156
1.6834263740958892
1.6895515610217597
1.6931766716513565
1.697301797540208
1.7020519425031282
1.7058020569475387
1.710802209540086
1.715552354503006
1.7206775109103671
1.7254276558732873
1.7296777855769523
1.7344279305398724
1.7388030640583514
1.7441782280953397
1.7485533616138187
1.7525534836878567
1.7580536515396588
1.7630538041322064
1.7676789452803126
1.7729291055024872
1.7769292275765252
1.7813043610950041
1.7855544907986696
1.7905546433912167
1.7949297769096957
1.797554857020783
1.8030550248725852
1.8075551622058779
1.8115552842799159
1.8156804101687674
1.819430524613178
1.8233056428724022
1.8260557267983033
1.829305825983459
1.832930936613056
1.8345559862056338
1.8399311502426223
1.8418062074648274
1.8436812646870329
1.8464313486129338
1.848806421094394
1.849556443983276
1.8519315164647359
1.8533065584276864
1.8546816003906368
1.8544315927610096
1.8569316690572832
1.8573066805017244
1.8579316995757926
1.8580567033906066
1.8576816919461654
1.8576816919461654
1.8566816614276558
1.8559316385387736
1.8558066347239601
1.853556566057314
1.8520565202795496
1.8505564745017853
1.849181432538835
1.8470563676870022
1.845181310464797
1.842306222724082
1.8401811578722496
1.8369310586870937
1.8349309976500747
1.8304308603167823
1.8276807763908811
1.8240556657612843
1.8200555436872463
1.8165554368724632
1.8133053376873074
1.8095552232428969
1.8040550553910948
1.7999299295022433
1.7954297921689504
1.7915546739097263
1.7859295022431105
1.7830544145023959
1.7768042237617114
1.771804071169164
1.7673039338358714
1.7625537888729514
1.7574286324655906
1.7519284646137883
1.7470533158360546
1.7415531479842525
1.7390530716879788
1.731427838984344
1.7274277169103063
1.7220525528733177
1.7178024231696525
1.7121772515030367
1.7083021332438124
1.7034269844660788
1.6988018433179723
1.693801690725425
1.6880515152439954
1.6841763969847714
1.6798012634662924
1.6761761528366956
1.6715510116885892
1.6689259315775018
1.6643007904293954
1.6601756645405439
1.6559255348368787
1.6524254280220954
1.6473002716147345
1.6455502182073427
1.6411750846888638
1.6377999816888944
1.634299874874111
1.6317997985778374
1.6279246803186131
1.625174596392712
1.6226745200964385
1.6196744285409101
1.6166743369853815
1.6142992645039216
1.6124242072817165
1.6096741233558154
1.6076740623187964
1.606174016541032
1.6037989440595721
1.6015488753929257
1.5997988219855341
1.5981737723929563
1.596798730430006
1.5949236732078005
1.5934236274300364
1.5921735892818996
1.5909235511337627
1.5897985168004394
1.58879848628193
1.5876734519486069
1.5865484176152838
1.5854233832819604
1.5846733603930783
1.5835483260597554
1.5825482955412458
1.5826732993560595
1.581298257393109
1.5811732535782954
1.580923245948668
1.5805482345042268
1.5794232001709037
1.5794232001709037
1.5790481887264625
1.5777981505783258
1.5780481582079533
1.5777981505783258
1.5777981505783258
1.5771731315042574
1.5780481582079533
1.5774231391338847
1.57692312387463
1.5772981353190711
1.5774231391338847
1.5764231086153753
1.5771731315042574
1.57692312387463
1.576548112430189
1.576548112430189
1.5770481276894437
1.5767981200598165
1.5772981353190711
1.5771731315042574
1.5770481276894437
1.5771731315042574
1.5770481276894437
1.5772981353190711
1.5776731467635121
1.5781731620227668
1.5779231543931396
1.5776731467635121
1.5781731620227668
1.5780481582079533
1.5780481582079533
1.5777981505783258
1.5784231696523943
1.5784231696523943
1.5794232001709037
1.5794232001709037
1.5805482345042268
1.5802982268745993
1.580048219244972
1.579673207800531
1.5801732230597858
1.5797982116153446
1.5806732383190405
1.5806732383190405
1.5801732230597858
1.5802982268745993
1.5802982268745993
1.581298257393109
1.5824232917264323
1.58167326883755
1.5826732993560595
1.5819232764671776
1.5821732840968048
1.5830483108005005
1.582923306985687
1.5826732993560595
1.5835483260597554
1.5835483260597554
1.5836733298745689
1.584423352763451
1.5836733298745689
1.5836733298745689
1.5845483565782648
1.584423352763451
1.584423352763451
1.5850483718375195
1.5847983642078922
1.5857983947264016
1.5856733909115879
1.5856733909115879
1.5855483870967744
1.5861734061708426
1.586048402356029
1.5862984099856563
1.5862984099856563
1.58642341380047
1.5867984252449112
1.5875484481337934
1.5871734366893522
1.5881734672078616
1.5876734519486069
1.5876734519486069
1.5874234443189794
1.5871734366893522
1.5882984710226753
1.5886734824671163
1.5885484786523028
1.5892985015411847
1.5900485244300668
1.5894235053559984
1.5892985015411847
1.5891734977263712
1.5906735435041353
1.5890484939115572
1.590298532059694
1.590423535874508
1.589923520615253
1.5905485396893215
1.5912985625782037
1.5914235663930174
1.590798547318949
1.590798547318949
1.5910485549485762
1.5916735740226449
1.592298593096713
1.5911735587633902
1.5921735892818996
1.5926736045411543
1.5937986388744774
1.5934236274300364
1.5925486007263405
1.5926736045411543
1.5934236274300364
1.5915485702078311
1.5934236274300364
1.5934236274300364
1.5935486312448501
1.5944236579485458
1.595173680837428
1.595173680837428
1.5944236579485458
1.5944236579485458
1.594798669392987
1.5960487075411238
1.5950486770226142
1.5955486922818691
1.5956736960966826
1.5959237037263099
1.5961737113559373
1.596673726615192
1.5960487075411238
1.596673726615192
1.5959237037263099
1.596798730430006
1.5954236884670552
1.596298715170751
1.596673726615192
1.5979237647633289
1.5970487380596332
1.598798791467025
1.597173741874447
1.5975487533188881
1.5977987609485154
1.5979237647633289
1.5981737723929563
1.5969237342448195
1.5974237495040742
1.5981737723929563
1.5975487533188881
1.5980487685781428
1.598798791467025
1.5994238105410932
1.598798791467025
1.5972987456892607
1.598673787652211
1.5990487990966522
1.599548814355907
1.6005488448744163
1.6004238410596028
1.60067384868923
1.6007988525040437
1.6005488448744163
1.6004238410596028
1.6005488448744163
1.601173863948485
1.601173863948485
1.6019238868373669
1.6016738792077396
1.6019238868373669
1.6025489059114353
1.6037989440595721
1.6024239020966218
1.6022988982818078
1.6037989440595721
1.6035489364299447
1.6036739402447586
1.6035489364299447
1.6044239631336406
1.6059240089114046
1.6064240241706595
1.6075490585039827
1.6075490585039827
1.6082990813928648
1.6091741080965607
1.611424176763207
1.612174199652089
1.6126742149113438
1.613799249244667
1.6152992950224312
1.6180493789483323
1.6190494094668417
1.6202994476149783
1.6225495162816248
1.6231745353556932
1.6255496078371532
1.6281746879482406
1.6310497756889553
1.6326748252815333
1.6357999206518754
1.6381749931333354
1.6415500961333047
1.6445501876888333
1.6484253059480574
1.6508003784295175
1.6544254890591144
1.6579255958738974
1.6615507065034945
1.6650508133182775
1.6686759239478743
1.673676076540422
1.6785512253181556
1.6825513473921934
1.6873014923551135
1.6920516373180334
1.6959267555772577
1.7008019043549913
1.706052064577166
1.712052247688223
1.7165523850215156
1.7225525681325726
1.727052705465865
1.7316778466139713
1.736552995391705
1.7404281136509292
1.7448032471694084
1.7489283730582599
1.7529284951322976
1.756803613391522
1.7599287087618642
1.7625537888729514
1.7661788995025482
1.7689289834284494
1.7713040559099094
1.7733041169469284
1.7740541398358105
1.7753041779839474
1.7775542466505936
1.7778042542802208
1.778179265724662
1.7783042695394757
1.7775542466505936
1.7773042390209661
1.7764292123172705
1.774679158909879
1.7724290902432325
1.771429059724723
1.7681789605395672
1.7660538956877345
1.7625537888729514
1.7594286935026096
1.7566786095767084
1.7533035065767388
1.7489283730582599
1.7443032319101537
1.740553117465743
1.7350529496139409
1.7305528122806482
1.726302682576983
1.7209275185399944
1.7159273659474472
1.7116772362437818
1.7073021027253028
1.7010519119846188
1.6963017670216987
1.6913016144291515
1.6868014770958586
1.681926328318125
1.6770511795403913
1.6726760460219123
1.6679259010589922
1.6635507675405132
1.658925626392407
1.6550505081331828
1.6508003784295175
1.6465502487258523
1.6429251380962555
1.6394250312814722
1.6361749320963164
1.6334248481704154
1.6301747489852596
1.627674672688986
1.6247995849482713
1.6221745048371838
1.6194244209112827
1.6172993560594502
1.6142992645039216
1.613424237800226
1.6119241920224616
1.6099241309854426
1.608174077578051
1.6080490737632376
1.6060490127262186
1.6055489974669637
1.6039239478743859
1.60304892117069
1.6021738944669943
1.6012988677632984
1.6002988372447888
1.5997988219855341
1.599173802911466
1.598798791467025
1.5981737723929563
1.5975487533188881
1.596798730430006
1.5957986999114964
1.594798669392987
1.5929236121707817
1.5921735892818996
1.5910485549485762
1.5886734824671163
1.5871734366893522
1.5845483565782648
1.5806732383190405
1.5761731009857478
1.5715479598376416
1.5664228034302805
1.5592975859859004
1.553547410504471
1.5466722006897184
1.5395469832453383
1.532546769615772
1.5250465407269511
1.5170462965788751
1.5109211096530044
1.5049209265419476
1.500045777764214
1.4970456862086856
1.4959206518753625
1.4965456709494307
1.4999207739494005
1.5062959685048982
1.5166712851344342
1.5290466628009889
1.54604718161565
1.5680478530228583
1.5932986236152227
1.6235495468001342
1.658925626392407
1.6983018280587177
1.7419281594286935
1.7886795861690117
1.8386811120944853
1.8914327219458602
1.9448093508713034
1.9983109836115605
2.051937620166631
2.1025641651661733
2.1500656147953734
2.1931919309060945
2.2296930448316905
2.2581939146092105
2.2788195440534684
2.2906949064607685
2.279444563127537
2.2618190252388075
2.2448185064241466
2.218942716757714
2.18456666768395
2.1418153630176704
2.0941889095736563
2.0418123111667223
1.9859356059450057
1.9284338511307106
1.8699320657979064
1.811805291909543
1.7565536057618945
1.7028019653920103
1.6515504013183995
1.6039239478743859
1.5631727042451247
1.5260465712454605
1.49379558702353
1.4660447401348917
1.4441690725424972
1.4265435346537676
1.4135431379131442
1.4044178594317454
1.3995427106540117
1.3991676992095705
1.401792779320658
1.4080429700613422
1.4156682027649772
1.4250434888760033
1.435918820764794
1.4469191564683983
1.4586695150608844
1.4706698812829981
1.4824202398754844
1.49379558702353
1.5052959379863888
1.5146712240974152
1.5240465102084415
1.5310467238380079
1.538046937467574
1.5446721396526994
1.5500473036896878
1.554797448652608
1.558297555467391
1.5609226355784784
1.564297738578448
1.5664228034302805
1.5689228797265542
1.570547929319132
1.572547990356151
1.5726729941709647
1.5731730094302194
1.5742980437635425
1.57454805139317
1.5752980742820522
1.5756730857264931
1.5762981048005615
1.5761731009857478
1.5770481276894437
1.57692312387463
1.5781731620227668
1.5777981505783258
1.5785481734672078
1.578923184911649
1.5795482039857174
1.5810482497634815
1.5836733298745689
1.5819232764671776
1.5827983031708732
1.5841733451338236
1.5859233985412151
1.5865484176152838
1.5875484481337934
1.588423474837489
1.5897985168004394
1.5909235511337627
1.5920485854670858
1.5937986388744774
1.595173680837428
1.597173741874447
1.59829877620777
1.5997988219855341
1.6015488753929257
1.6036739402447586
1.6046739707632678
1.607049043244728
1.6087990966521197
1.6109241615039522
1.6131742301705987
1.6155493026520584
1.6177993713187049
1.6197994323557239
1.6225495162816248
1.6247995849482713
1.627674672688986
1.6301747489852596
1.6329248329111608
1.6367999511703848
1.639550035096286
