1.5785481734672078
1.579673207800531
1.580048219244972
1.5811732535782954
1.5849233680227057
1.584423352763451
1.5857983947264016
1.5876734519486069
1.5892985015411847
1.5886734824671163
1.591923581652272
1.5934236274300364
1.5949236732078005
1.596798730430006
1.598798791467025
1.6009238563188575
1.6036739402447586
1.6056740012817774
1.607424054689169
1.6109241615039522
1.6136742454298534
1.6166743369853815
1.6192994170964692
1.6226745200964385
1.626049623096408
1.6297997375408186
1.633549851985229
1.6365499435407576
1.6414250923184912
1.643925168614765
1.6491753288369395
1.6536754661702324
1.6581756035035249
1.6624257332071901
1.6678008972441787
1.6726760460219123
1.677926206244087
1.6831763664662618
1.689426557206946
1.6946767174291208
1.700176885280923
1.7059270607623525
1.7118022400585957
1.7166773888363294
1.7231775872066408
1.7295527817621388
1.735802972502823
1.742553178502762
1.7478033387249368
1.7541785332804345
1.7590536820581684
1.76555388042848
1.7710540482802821
1.7763042085024567
1.7821793877986998
1.7883045747245705
1.7931797235023041
1.7986798913541064
1.8038050477614673
1.8081801812799463
1.8129303262428662
1.8180554826502273
1.8223056123538928
1.8254307077242347
1.8304308603167823
1.83443098239082
1.8368060548722802
1.8401811578722496
1.8431812494277782
1.8456813257240516
1.8481814020203253
1.8498064516129031
1.8520565202795496
1.8533065584276864
1.8538065736869411
1.8553066194647054
1.855431623279519
1.8556816309091464
1.8555566270943329
1.8553066194647054
1.8539315775017549
1.8523065279091768
1.8508064821314127
1.8480563982055118
1.8458063295388654
1.8430562456129642
1.840306161687063
1.8366810510574663
1.8328059327982422
1.828930814539018
1.824555681020539
1.8195555284279916
1.8148053834650717
1.8096802270577106
1.8040550553910948
1.7999299295022433
1.7935547349467453
1.788054567094943
1.7826794030579547
1.7768042237617114
1.7704290292062137
1.7643038422803432
1.7580536515396588
1.7521784722434155
1.7455532700582903
1.7395530869472335
1.7331778923917356
1.727052705465865
1.7209275185399944
1.7149273354289376
1.7089271523178808
1.7030519730216378
1.6965517746513261
1.6901765800958282
1.6845514084292124
1.6790512405774103
1.6734260689107945
1.6675508896145512
1.6624257332071901
1.6568005615405743
1.6515504013183995
1.6469252601702933
1.6411750846888638
1.6365499435407576
1.6314247871333964
1.6275496688741722
1.622924527726066
1.6187994018372145
1.61492428357799
1.6112991729483932
1.6076740623187964
1.6039239478743859
1.6001738334299753
1.5977987609485154
1.5936736350596639
1.5917985778374584
1.5886734824671163
1.58642341380047
1.5837983336893826
1.582048280281991
1.579673207800531
1.5777981505783258
1.576548112430189
1.5736730246894741
1.5722979827265235
1.570172917874691
1.5691728873561817
1.5680478530228583
1.5669228186895352
1.5651727652821437
1.56504776146733
1.5640477309488205
1.5620476699118016
1.561922666096988
1.5609226355784784
1.559922605059969
1.559797601245155
1.559172582171087
1.558672566911832
1.558297555467391
1.5581725516525773
1.5572975249488816
1.5549224524674214
1.553922421948912
1.553547410504471
1.553547410504471
1.5532974028748436
1.5541724295785393
1.5537974181340983
1.5542974333933532
1.5542974333933532
1.5545474410229805
1.5540474257637258
1.553922421948912
1.5540474257637258
1.5537974181340983
1.5541724295785393
1.5545474410229805
1.555172460097049
1.5549224524674214
1.5554224677266761
1.5552974639118626
1.554672444837794
1.5565475020599995
1.5556724753563036
1.555922482985931
1.5561724906155583
1.556672505874813
1.5564224982451857
1.5569225135044404
1.5576725363933226
1.5576725363933226
1.55792254402295
1.5576725363933226
1.5581725516525773
1.558297555467391
1.5584225592822047
1.559047578356273
1.559797601245155
1.5596725974303416
1.5601726126895963
1.5604226203192237
1.5607976317636647
1.5600476088747826
1.560672627948851
1.5607976317636647
1.560672627948851
1.5612976470229194
1.5615476546525469
1.5621726737266153
1.5621726737266153
1.5626726889858698
1.5625476851710562
1.563047700430311
1.563047700430311
1.5631727042451247
1.5635477156895659
1.5640477309488205
1.5640477309488205
1.5640477309488205
1.5649227576525162
1.5659227881710258
1.5664228034302805
1.5655477767265848
1.5665478072450942
1.5669228186895352
1.5667978148747217
1.5679228492080448
1.568547868282113
1.5692978911709952
1.5699229102450638
1.5709229407635732
1.5717979674672689
1.5724229865413375
1.5732980132450332
1.5740480361339153
1.5752980742820522
1.57692312387463
1.5784231696523943
1.580048219244972
1.5821732840968048
1.58404834131901
1.5855483870967744
1.58879848628193
1.5912985625782037
1.594298654133732
1.5970487380596332
1.6001738334299753
1.6042989593188268
1.6080490737632376
1.611799188207648
1.6166743369853815
1.620924466689047
1.625174596392712
1.6299247413556321
1.6357999206518754
1.6401750541703544
1.6454252143925292
1.651425397503586
1.6571755729850153
1.663300759910886
1.669675954466384
1.6765511642811366
1.682676351207007
1.688301522873623
1.6951767326883755
1.700926908169805
1.7074271065401168
1.7123022553178504
1.7180524307992797
1.7228025757621999
1.7281777397991884
1.7329278847621081
1.7369280068361461
1.7396780907620473
1.7434282052064578
1.7463032929471725
1.7484283577990052
1.7509284340952787
1.7519284646137883
1.7530534989471116
1.7534285103915526
1.7536785180211798
1.7528034913174841
1.7516784569841608
1.749678395947142
1.7466783043916136
1.7441782280953397
1.7410531327249978
1.7363029877620777
1.7321778618732262
1.7278027283547472
1.7228025757621999
1.7174274117252115
1.7116772362437818
1.7059270607623525
1.6995518662068545
1.6936766869106112
1.6884265266884364
1.681926328318125
1.6758011413922544
1.669675954466384
1.6639257789849544
1.6576755882442702
1.6516754051332134
1.6466752525406658
1.640300057985168
1.6356749168370617
1.6306747642445143
1.625299600207526
1.6202994476149783
1.6161743217261269
1.6122992034669026
1.6082990813928648
1.6044239631336406
1.6007988525040437
1.5979237647633289
1.5941736503189183
1.5920485854670858
1.5900485244300668
1.5875484481337934
1.585298379467147
1.5839233375041963
1.5824232917264323
1.580048219244972
1.5781731620227668
1.5759230933561206
1.5741730399487288
1.5716729636524553
1.5684228644672995
1.5649227576525162
1.561172643208106
1.556672505874813
1.5510473342081972
1.5437971129490036
1.5364218878749962
1.52704660176397
1.5172963042085024
1.5077960142826623
1.4985457319864497
1.489420453505051
1.4816702169866023
1.4756700338755455
1.4722949308755762
1.4704198736533707
1.4726699423200171
1.4792951445051423
1.4904204840235602
1.5077960142826623
1.5314217352824486
1.5616726584673606
1.5976737571337016
1.6408000732444226
1.6923016449476609
1.7484283577990052
1.809805230872524
1.875182226020081
1.9441843317972352
2.0118113956114385
2.0785634327219458
2.140565324869533
2.1955670033875547
2.2391933347575304
2.2709443037202064
2.288819849238563
2.2923199560533463
2.281444624164556
2.2571938840907007
2.219192724387341
2.1699412213507494
2.1106894131290628
2.0438123722037416
1.971560167241432
1.8969328897976623
1.8229306314279612
1.752053468428602
1.686301461836604
1.626424634540849
1.5724229865413375
1.525796563615833
1.485795342875454
1.4545443891720329
1.4304186529129916
1.4136681417279582
1.4031678212836085
1.3997927182836392
1.401042756431776
1.4067929319132053
1.416043214209418
1.4290436109500413
1.443294045838801
1.4584195074312571
1.473919980468154
1.489295449690237
1.5035458845789973
1.5166712851344342
1.5279216284676658
1.5386719565416427
1.547547227393414
1.554672444837794
1.559922605059969
1.5649227576525162
1.5684228644672995
1.5719229712820828
1.5736730246894741
1.5761731009857478
1.5780481582079533
1.5790481887264625
1.5802982268745993
1.5810482497634815
1.5826732993560595
1.58404834131901
1.5854233832819604
1.58642341380047
1.58879848628193
1.5894235053559984
1.590423535874508
1.5925486007263405
1.5945486617633595
1.5957986999114964
1.5980487685781428
1.6001738334299753
1.6025489059114353
1.6044239631336406
1.6071740470595417
1.610549150059511
1.6124242072817165
1.6154242988372447
1.6184243903927733
1.621299478133488
1.6245495773186438
1.628049684133427
1.6319248023926511
1.635549913022248
1.639925046540727
1.6434251533555102
1.6471752677999205
1.6519254127628407
1.6563005462813196
1.660550675984985
1.6654258247627187
1.6699259620960112
1.6758011413922544
1.6813013092440567
1.6869264809106725
1.6919266335032197
1.6988018433179723
1.704052003540147
1.7094271675771355
1.7149273354289376
1.7213025299844356
1.7275527207251198
1.7333028962065493
1.73942808313242
1.7459282815027315
1.7515534531693473
1.7576786400952178
1.7633038117618336
1.7686789757988222
1.7745541550950652
1.780179326761681
1.7864295175023652
1.7919296853541673
1.7968048341319012
1.8020549943540758
1.8066801355021822
1.8114302804651021
1.815805413983581
1.8206805627613147
1.8243056733909115
1.8285558030945768
1.8321809137241738
1.8355560167241434
1.8391811273537402
1.842306222724082
1.8455563219092381
1.8475563829462571
1.8493064363536484
1.85105648976104
1.8528065431684317
1.853556566057314
1.8545565965758233
1.8551816156498917
1.8560566423535876
1.8556816309091464
1.8553066194647054
1.8543065889461958
1.852681539353618
1.8524315317239908
1.849556443983276
1.8464313486129338
1.8445562913907285
1.8416812036500139
1.8378060853907896
1.83443098239082
1.8305558641315958
1.8259307229834896
1.8215555894650106
1.8169304483169042
1.811805291909543
1.8064301278725547
1.8016799829096348
1.796054811243019
1.7901796319467758
1.7843044526505327
1.7791792962431716
1.7729291055024872
1.7666789147618032
1.7603037202063052
1.7543035370952484
1.7470533158360546
1.7415531479842525
1.7359279763176367
1.7298027893917662
1.723552598651082
1.717552415540025
1.711177220984527
1.7045520187994019
1.6991768547624133
1.6924266487624744
1.686301461836604
1.6811763054292428
1.6754261299478135
1.6698009582811977
1.6641757866145819
1.6586756187627796
1.6543004852443006
1.6483003021332439
1.6435501571703237
1.6384250007629628
1.633549851985229
1.6289247108371228
1.6241745658742028
1.6206744590594195
1.616549333170568
1.61254921109653
1.6089241004669332
1.6052989898373364
1.6019238868373669
1.5985487838373975
1.5949236732078005
1.5925486007263405
1.5895485091708121
1.5875484481337934
1.5850483718375195
1.5826732993560595
1.5807982421338542
1.5785481734672078
1.5757980895413068
1.5759230933561206
1.5730480056154057
1.5711729483932007
1.5700479140598773
1.568547868282113
1.5680478530228583
1.5659227881710258
1.5656727805413984
1.5644227423932615
1.563047700430311
1.562297677541429
1.5612976470229194
1.5604226203192237
1.559922605059969
1.5595475936155279
1.559047578356273
1.558297555467391
1.5585475630970183
1.5576725363933226
1.5564224982451857
1.553547410504471
1.5536724143192846
1.553547410504471
1.55317239906003
1.5541724295785393
1.5536724143192846
1.553922421948912
1.5544224372081668
1.5537974181340983
1.5536724143192846
1.5542974333933532
1.553922421948912
1.5537974181340983
1.5541724295785393
1.5541724295785393
1.5545474410229805
1.554672444837794
1.555172460097049
1.5550474562822352
1.5552974639118626
1.5552974639118626
1.555922482985931
1.5556724753563036
1.5561724906155583
1.5565475020599995
1.5569225135044404
1.5569225135044404
1.5574225287636951
1.5575475325785089
1.5575475325785089
1.55792254402295
1.5584225592822047
1.558672566911832
1.5580475478377636
1.559047578356273
1.559172582171087
1.5592975859859004
1.5600476088747826
1.5604226203192237
1.5601726126895963
1.5605476241340372
1.5607976317636647
1.5612976470229194
1.561047639393292
1.5614226508377331
1.5620476699118016
1.5616726584673606
1.562297677541429
1.5627976928006837
1.5629226966154972
1.5624226813562427
1.5636727195043794
1.563422711874752
1.5639227271340068
1.563422711874752
1.5639227271340068
1.5645477462080752
1.5649227576525162
1.5656727805413984
1.5659227881710258
1.5660477919858395
1.566297799615467
1.5669228186895352
1.5666728110599077
1.5675478377636038
1.5690478835413677
1.5691728873561817
1.569422894985809
1.5706729331339457
1.5714229560228279
1.5719229712820828
1.5729230018005922
1.5736730246894741
1.5747980590227975
1.5766731162450025
1.5780481582079533
1.5794232001709037
1.5810482497634815
1.5837983336893826
1.5855483870967744
1.5871734366893522
1.590423535874508
1.5930486159855952
1.5955486922818691
1.5994238105410932
1.602673909726249
1.6067990356151007
1.6100491348002564
1.6147992797631765
1.6187994018372145
1.6234245429853207
1.6277996765037996
1.6327998290963468
1.638299996948149
1.6435501571703237
1.6489253212073123
1.6548005005035553
1.660925687429426
1.667675893429365
1.6744260994293039
1.6800512710959197
1.6865514694662314
1.6925516525772883
1.6985518356883451
1.7043020111697744
1.7103021942808314
1.7160523697622607
1.7213025299844356
1.7261776787621694
1.7311778313547166
1.7351779534287546
1.7384280526139104
1.7426781823175757
1.7459282815027315
1.7474283272804958
1.7505534226508377
1.7516784569841608
1.7530534989471116
1.7533035065767388
1.7539285256508073
1.753178502761925
1.7515534531693473
1.7501784112063965
1.7475533310953093
1.7451782586138493
1.742178167058321
1.7379280373546557
1.7340529190954315
1.7296777855769523
1.725052644428846
1.7201774956511124
1.7140523087252417
1.7083021332438124
1.7023019501327556
1.6961767632068852
1.6904265877254554
1.684301400799585
1.6783012176885281
1.671676015503403
1.6661758476516009
1.6599256569109164
1.654550492873928
1.6483003021332439
1.6428001342814416
1.636674947355571
1.6319248023926511
1.6270496536149175
1.6222995086519973
1.6187994018372145
1.6136742454298534
1.609424115726188
1.6066740318002868
1.6027989135410627
1.5994238105410932
1.5959237037263099
1.5935486312448501
1.5909235511337627
1.5882984710226753
1.58642341380047
1.5846733603930783
1.5824232917264323
1.5807982421338542
1.5794232001709037
1.5770481276894437
1.5752980742820522
1.5717979674672689
1.569422894985809
1.567797845393231
1.5629226966154972
1.558297555467391
1.5537974181340983
1.5471722159489731
1.539671987060152
1.530671712393567
1.5209214148380994
1.5117961363567003
1.502045838801233
1.4934205755790888
1.484670308542131
1.4774200872829373
1.4725449385052034
1.4707948850978119
1.471544907986694
1.475920041505173
1.4849203161717581
1.4995457625049593
1.5205464033936582
1.5470472121341592
1.5807982421338542
1.6219244972075564
1.6698009582811977
1.7231775872066408
1.782554399243141
1.8464313486129338
1.9140584124271371
1.9821854915005952
2.049312540055544
2.11431452375866
2.1730663167210915
2.2218178044984285
2.258818933683279
2.2830696737571334
2.2920699484237193
2.2879448225348673
2.2695692617572556
2.237318277535325
2.193441938535722
2.1389402752769557
2.075563341166417
2.004561174352245
1.930683919797357
1.8558066347239601
1.7830544145023959
1.7156773583178198
1.652550431836909
1.5956736960966826
1.5462971892452775
1.5032958769493698
1.4677947935422835
1.4404189580980864
1.4201683400982696
1.406917935728019
1.4007927488021485
1.3991676992095705
1.4035428327280495
1.4111680654316843
1.4227934202093568
1.436293832209235
1.4507942747276223
1.4669197668385876
1.4820452284310435
1.4971706900234993
1.51042109439375
1.522671468245491
1.5337968077639088
1.5431720938749351
1.5510473342081972
1.557172521134068
1.561047639393292
1.5664228034302805
1.5700479140598773
1.5729230018005922
1.5755480819116796
1.5770481276894437
1.5782981658375803
1.5799232154301586
1.5806732383190405
1.5817982726523636
1.5831733146153144
1.5847983642078922
1.5859233985412151
1.5875484481337934
1.58879848628193
1.5901735282448806
1.592298593096713
1.5937986388744774
1.594798669392987
1.5972987456892607
1.598673787652211
1.6015488753929257
1.6041739555040133
1.606174016541032
1.6087990966521197
1.6112991729483932
1.6140492568742943
1.6167993408001955
1.6196744285409101
1.622924527726066
1.626424634540849
1.6301747489852596
1.633674855800043
1.6376749778740807
1.6415500961333047
1.6449251991332745
1.6499253517258217
1.6536754661702324
1.6579255958738974
1.663300759910886
1.6684259163182469
1.673551072725608
1.6785512253181556
1.6841763969847714
1.6898015686513872
1.695801751762444
1.7008019043549913
1.7066770836512346
1.7126772667622914
1.7186774498733484
1.7246776329844051
1.7308028199102756
1.7364279915768914
1.7426781823175757
1.7489283730582599
1.754428540910062
1.7606787316507462
1.766303903317362
1.7719290749839778
1.7773042390209661
1.7830544145023959
1.7886795861690117
1.7941797540208135
1.7994299142429884
1.8049300820947904
1.8093052156132694
1.8136803491317484
1.8183054902798548
1.82255561998352
1.8264307382427443
1.8303058565019683
1.8338059633167516
1.8376810815759759
1.8406811731315043
1.8438062685018464
1.8464313486129338
1.8485564134647665
1.8504314706869718
1.8519315164647359
1.8533065584276864
1.8543065889461958
1.855056611835078
1.8558066347239601
1.8556816309091464
1.8560566423535876
1.855056611835078
1.8536815698721276
1.8520565202795496
1.8513064973906674
1.8478063905758844
1.8455563219092381
1.842431226538896
1.8395561387981811
1.836431043427839
1.8328059327982422
1.8281807916501358
1.8235556505020296
1.8191805169835507
1.814305368205817
1.8085551927243873
1.8038050477614673
1.79880489516892
1.7934297311319314
1.7873045442060609
1.7813043610950041
1.776179204687643
1.7696790063173315
1.7636788232062746
1.757553636280404
1.7514284493545336
1.7448032471694084
1.7391780755027926
1.7329278847621081
1.7264276863917967
1.7201774956511124
1.7143023163548692
1.708052125614185
1.7026769615771966
1.6956767479476302
1.6896765648365732
1.6831763664662618
1.6778012024292734
1.6730510574663533
1.6666758629108556
1.6616757103183082
1.6563005462813196
1.651050386059145
1.6461752372814111
1.6414250923184912
1.6361749320963164
1.6312997833185827
1.6266746421704763
1.622924527726066
1.618549394207587
1.6151742912076175
1.6110491653187657
1.6071740470595417
1.6035489364299447
1.6000488296151616
1.5969237342448195
1.5944236579485458
1.5914235663930174
1.5891734977263712
1.586048402356029
1.58404834131901
1.581298257393109
1.5797982116153446
1.5775481429486986
1.5755480819116796
1.5739230323191016
1.5724229865413375
1.5706729331339457
1.5692978911709952
1.5679228492080448
1.5667978148747217
1.5656727805413984
1.5649227576525162
1.563797723319193
1.563047700430311
1.5616726584673606
1.5607976317636647
1.5601726126895963
1.559797601245155
1.559172582171087
1.558297555467391
1.558297555467391
1.5580475478377636
1.5574225287636951
1.5542974333933532
1.5536724143192846
1.5534224066896571
1.553547410504471
1.5532974028748436
1.5537974181340983
1.5537974181340983
1.55317239906003
1.5540474257637258
1.5536724143192846
1.5536724143192846
1.553922421948912
1.5537974181340983
1.5540474257637258
1.5544224372081668
1.5544224372081668
1.554672444837794
1.5549224524674214
1.5552974639118626
1.5552974639118626
1.5550474562822352
1.5564224982451857
1.5560474868007448
1.555172460097049
1.5561724906155583
1.556672505874813
1.5569225135044404
1.5574225287636951
1.5575475325785089
1.5580475478377636
1.557797540208136
1.5580475478377636
1.5584225592822047
1.5585475630970183
1.5587975707266457
1.559047578356273
1.5592975859859004
1.5596725974303416
1.5604226203192237
1.5596725974303416
1.5605476241340372
1.559922605059969
1.5609226355784784
1.5601726126895963
1.5616726584673606
1.561172643208106
1.5616726584673606
1.5621726737266153
1.5625476851710562
1.562297677541429
1.5629226966154972
1.5629226966154972
1.5632977080599384
1.5627976928006837
1.5635477156895659
1.564172734763634
1.5647977538377027
1.5646727500228887
1.56504776146733
1.566172795800653
1.5656727805413984
1.566172795800653
1.5667978148747217
1.5666728110599077
1.56742283394879
1.5680478530228583
1.5690478835413677
1.5691728873561817
1.5700479140598773
1.5709229407635732
1.5711729483932007
1.5719229712820828
1.5736730246894741
1.5741730399487288
1.5751730704672384
1.5771731315042574
1.5780481582079533
1.5804232306894133
1.5824232917264323
1.5846733603930783
1.5867984252449112
1.5889234900967437
1.5915485702078311
1.5940486465041048
1.5969237342448195
1.6007988525040437
1.6037989440595721
1.6084240852076785
1.6124242072817165
1.616924344615009
1.6207994628742333
1.6259246192815942
1.6301747489852596
1.6354249092074344
1.640675069429609
1.6463002410962249
1.6523004242072816
1.6581756035035249
1.6643007904293954
1.6709259926145208
1.6770511795403913
1.683926389355144
1.689051545762505
1.695426740318003
1.701301919614246
1.7070520950956756
1.7130522782067326
1.7185524460585346
1.723927610095523
1.728302743614002
1.7336779076509903
1.7369280068361461
1.740553117465743
1.743803216650899
1.7459282815027315
1.7499284035767695
1.7506784264656514
1.7523034760582294
1.7536785180211798
1.754053529465621
1.753178502761925
1.752428479873043
1.7510534379100926
1.7494283883175148
1.7464282967619862
1.7430531937620168
1.7403031098361157
1.7363029877620777
1.7319278542435987
1.7274277169103063
1.7229275795770134
1.717552415540025
1.7114272286141545
1.704927030243843
1.698926847132786
1.6933016754661703
1.6875514999847407
1.6804262825403606
1.6754261299478135
1.669300943021943
1.6639257789849544
1.6574255806146427
1.6513003936887722
1.6455502182073427
1.640300057985168
1.634299874874111
1.6297997375408186
1.624924588763085
1.6204244514297923
1.6155493026520584
1.6120491958372754
1.6082990813928648
1.6044239631336406
1.6007988525040437
1.5975487533188881
1.594298654133732
1.5916735740226449
1.5892985015411847
1.5870484328745385
1.585298379467147
1.58404834131901
1.582048280281991
1.5804232306894133
1.5780481582079533
1.5762981048005615
1.574923062837611
1.5711729483932007
1.5689228797265542
1.56504776146733
1.561172643208106
1.556672505874813
1.550422315134129
1.5435471053193763
1.5355468611713006
1.5267965941343424
1.5167962889492477
1.5069209875789666
1.4979207129123815
1.489295449690237
1.4812952055421613
1.4752950224311043
1.4714199041718803
1.4704198736533707
1.4734199652088993
1.4792951445051423
1.4910455030976288
1.5086710409863584
1.5326717734305857
1.5624226813562427
1.5994238105410932
1.6438001647999512
1.6940516983550522
1.750428418836024
1.811805291909543
1.8779323099459821
1.945434369945372
2.0140614642780847
2.080563493758965
2.1418153630176704
2.1968170415356916
2.241443403424177
2.271944334238716
2.2890698568681906
2.2926949674977877
2.281069612720115
2.2565688650166327
2.218442701498459
2.1691911984618675
2.1108144169438763
2.0429373455000457
1.9711851557969908
1.8965578783532213
1.8220556047242653
1.7516784569841608
1.6860514542069764
1.6266746421704763
1.5712979522080142
1.5252965483565784
1.4864203619495224
1.4546693929868466
1.4305436567278056
1.4136681417279582
1.4035428327280495
1.399417706839198
1.4006677449873348
1.4070429395428328
1.416043214209418
1.4287936033204138
1.443294045838801
1.4579194921720025
1.4734199652088993
1.4887954344309824
1.5032958769493698
1.5166712851344342
1.528171636097293
1.5384219489120152
1.5466722006897184
1.553922421948912
1.5595475936155279
1.564297738578448
1.5680478530228583
1.5715479598376416
1.5740480361339153
1.5760480971709343
1.5776731467635121
1.57929819635609
1.5806732383190405
1.581298257393109
1.5826732993560595
1.5837983336893826
1.5859233985412151
1.5866734214300973
1.5886734824671163
1.5894235053559984
1.590798547318949
1.5925486007263405
1.5941736503189183
1.5965487228003785
1.59829877620777
1.5999238258003479
1.6025489059114353
1.605048982207709
1.6072990508743554
1.6100491348002564
1.6120491958372754
1.6154242988372447
1.6182993865779596
1.6210494705038605
1.6244245735038303
1.6279246803186131
1.63154979094821
1.6356749168370617
1.6396750389110997
1.6431751457258827
1.6473002716147345
1.6515504013183995
1.6561755424665061
1.6601756645405439
1.664925809503464
1.670050965910825
1.6754261299478135
1.6808012939848018
1.6864264656514176
1.6920516373180334
1.698176824243904
1.7031769768364513
1.709177159947508
1.7145523239844966
1.7208025147251809
1.7264276863917967
1.7328028809472946
1.7395530869472335
1.7454282662434768
1.750428418836024
1.7570536210211494
1.7633038117618336
1.7686789757988222
1.7740541398358105
1.7803043305764947
1.7861795098727378
1.7905546433912167
1.7961798150578325
1.8016799829096348
1.8064301278725547
1.8105552537614062
1.8155554063539538
1.8199305398724328
1.8244306772057253
1.8280557878353223
1.831680898464919
1.835306009094516
1.838806115909299
1.8421812189092686
1.8449313028351695
1.8473063753166297
1.8489314249092075
1.8509314859462265
1.8525565355388043
1.8533065584276864
1.8543065889461958
1.8559316385387736
1.8556816309091464
1.8560566423535876
1.8558066347239601
1.8544315927610096
1.8529315469832455
1.8519315164647359
1.849556443983276
1.847181371501816
1.8445562913907285
1.8418062074648274
1.8381810968352306
1.8349309976500747
1.8305558641315958
1.8266807458723715
1.8223056123538928
1.8173054597613454
1.8121803033539843
1.8076801660206916
1.8023050019837032
1.79642982268746
1.7905546433912167
1.78455446028016
1.7800543229468673
1.773429120761742
1.7676789452803126
1.7610537430951874
1.7553035676137578
1.7488033692434461
1.7424281746879482
1.736552995391705
1.7304278084658344
1.724302621539964
1.7185524460585346
1.7119272438734092
1.706052064577166
1.700176885280923
1.693801690725425
1.6868014770958586
1.6818013245033114
1.6764261604663229
1.6705509811700798
1.6651758171330913
1.6596756492812892
1.6544254890591144
1.649050325022126
1.6444251838740198
1.6391750236518448
1.6341748710592976
1.6299247413556321
1.624924588763085
1.6207994628742333
1.6160493179113133
1.6140492568742943
1.6096741233558154
1.6051739860225227
1.6024239020966218
1.599173802911466
1.5959237037263099
1.5930486159855952
1.5901735282448806
1.5876734519486069
1.5846733603930783
1.5835483260597554
1.5810482497634815
1.5791731925412764
1.576548112430189
1.574923062837611
1.5730480056154057
1.5714229560228279
1.5700479140598773
1.5684228644672995
1.5676728415784174
1.5666728110599077
1.5656727805413984
1.564297738578448
1.5632977080599384
1.5624226813562427
1.5614226508377331
1.5609226355784784
1.5601726126895963
1.5592975859859004
1.559047578356273
1.5585475630970183
1.558297555467391
1.557797540208136
1.5574225287636951
1.5540474257637258
1.5537974181340983
1.5536724143192846
1.5536724143192846
1.5534224066896571
1.5537974181340983
1.553547410504471
1.5542974333933532
1.5534224066896571
1.553922421948912
1.5534224066896571
1.5541724295785393
1.5536724143192846
1.5537974181340983
1.5544224372081668
1.5544224372081668
1.5549224524674214
1.5554224677266761
1.5560474868007448
1.5556724753563036
1.5561724906155583
1.5556724753563036
1.55554747154149
1.555922482985931
1.5562974944303722
1.5572975249488816
1.5570475173192542
1.5576725363933226
1.557797540208136
1.5580475478377636
1.5576725363933226
1.558297555467391
1.5580475478377636
1.5592975859859004
1.559172582171087
1.5587975707266457
1.5595475936155279
1.5604226203192237
1.5600476088747826
1.5605476241340372
1.559922605059969
1.5600476088747826
1.5605476241340372
1.5605476241340372
1.561047639393292
1.5624226813562427
1.5615476546525469
1.5624226813562427
1.5626726889858698
1.5624226813562427
1.5625476851710562
1.5629226966154972
1.563047700430311
1.5632977080599384
1.5636727195043794
1.564297738578448
1.5640477309488205
1.5644227423932615
1.5665478072450942
1.5652977690969574
1.5659227881710258
1.566297799615467
1.5667978148747217
1.567047822504349
1.5676728415784174
1.568172856837672
1.5687978759117405
1.569422894985809
1.5702979216895046
1.5709229407635732
1.5714229560228279
1.5727979979857785
1.5735480208746606
1.5746730552079835
1.5761731009857478
1.5781731620227668
1.578923184911649
1.5811732535782954
1.583298318430128
1.5850483718375195
1.5870484328745385
1.5897985168004394
1.5934236274300364
1.594798669392987
1.5992988067262794
1.6025489059114353
1.6055489974669637
1.609424115726188
1.613799249244667
1.6180493789483323
1.6222995086519973
1.6269246498001038
1.6317997985778374
1.636674947355571
1.6423001190221869
1.6480502945036166
1.6539254737998597
1.659800653096103
1.6659258400219734
1.6724260383922849
1.6778012024292734
1.684676412244026
1.6909266029847103
1.697426801355022
1.7028019653920103
1.7094271675771355
1.7150523392437513
1.719927488021485
1.726302682576983
1.729427777947325
1.7338029114658042
1.7383030487990967
1.74180315561388
1.7448032471694084
1.7466783043916136
1.7491783806878873
1.7518034607989748
1.7529284951322976
1.7530534989471116
1.7535535142063663
1.7534285103915526
1.7516784569841608
1.7509284340952787
1.7489283730582599
1.7463032929471725
1.7426781823175757
1.73942808313242
1.735427961058382
1.730677816095462
1.7264276863917967
1.7208025147251809
1.7160523697622607
1.7094271675771355
1.7039269997253335
1.697801812799463
1.6915516220587787
1.6851764275032808
1.6798012634662924
1.6744260994293039
1.6679259010589922
1.6616757103183082
1.655425519577624
1.6498003479110082
1.6451752067629017
1.6377999816888944
1.6337998596148564
1.6286747032074953
1.6237995544297616
1.6184243903927733
1.6157993102816859
1.6112991729483932
1.6072990508743554
1.6025489059114353
1.5999238258003479
1.5961737113559373
1.5937986388744774
1.5911735587633902
1.5901735282448806
1.5867984252449112
1.5854233832819604
1.5835483260597554
1.5814232612079226
1.5787981810968352
1.5777981505783258
1.5756730857264931
1.5730480056154057
1.5702979216895046
1.567797845393231
1.564297738578448
1.559797601245155
1.554797448652608
1.548797265541551
1.5415470442823573
1.5332967925046541
1.5240465102084415
1.5145462202826014
1.5049209265419476
1.4951706289864803
1.487420392468032
1.4800451673940245
1.474294991912595
1.4706698812829981
1.4700448622089297
1.473919980468154
1.4815452131717888
1.49379558702353
1.5134211859492783
1.5386719565416427
1.5702979216895046
1.6087990966521197
1.6548005005035553
1.7063020722067934
1.7640538346507157
1.8268057496871855
1.893057771538438
1.961184850611896
2.029436933500168
2.0949389324625387
2.1555657826471757
2.2079423810541092
2.2494436475722526
2.277694509720145
2.2910699179052094
2.2906949064607685
2.276819483016449
2.248443617053743
2.2081923886837367
2.1570658284249395
2.0956889553514206
2.0275618762779626
1.954059633167516
1.8789323404644918
1.8061801202429273
1.7364279915768914
1.6718010193182167
1.6129242225409712
1.561047639393292
1.515921262245552
1.4787951292458876
1.4482941984313487
1.4260435193945127
1.4104180425428021
1.401792779320658
1.3991676992095705
1.401792779320658
1.408542985320597
1.4184182866908779
1.431543687246315
1.4465441450239571
1.4616696066164128
1.4774200872829373
1.4924205450605792
1.506795983764153
1.5190463576158941
1.530671712393567
1.5407970213934752
1.5482972502822963
1.5552974639118626
1.5616726584673606
1.5652977690969574
1.5689228797265542
1.57217297891171
1.5747980590227975
1.5755480819116796
1.5775481429486986
1.579673207800531
1.5801732230597858
1.581298257393109
1.5830483108005005
1.5847983642078922
1.5854233832819604
1.5869234290597247
1.5881734672078616
1.5900485244300668
1.5914235663930174
1.5931736198004092
1.5941736503189183
1.5965487228003785
1.598798791467025
1.60067384868923
1.6029239173558765
1.60542399365215
1.6077990661336101
1.6104241462446975
1.6136742454298534
1.616549333170568
1.618549394207587
1.6216744895779291
1.6250495925778985
1.628424695577868
1.6325498214667196
1.63629993591113
1.6405500656147955
1.6441751762443924
1.6479252906888027
1.6531754509109775
1.656550553910947
1.6613006988738672
1.666425855281228
1.6714260078737755
1.6763011566515091
1.6821763359477524
1.6874264961699272
1.6925516525772883
1.6984268318735312
1.7045520187994019
1.7101771904660177
1.7158023621326335
1.7218025452436905
1.727927732169561
1.7344279305398724
1.7406781212805567
1.746053285317545
1.7523034760582294
1.7573036286507766
1.763928830835902
1.7696790063173315
1.7750541703543201
1.7808043458357494
1.78692953276162
1.7919296853541673
1.7974298532059694
1.802805017242958
1.8074301583910641
1.811930295724357
1.8166804406872767
1.8209305703909422
1.82493069246498
1.8290558183538315
1.8326809289834285
1.8361810357982116
1.8393061311685537
1.8429312417981507
1.8453063142796107
1.8478063905758844
1.8496814477980896
1.85105648976104
1.8524315317239908
1.8539315775017549
1.855431623279519
1.8556816309091464
1.8556816309091464
1.8556816309091464
1.8551816156498917
1.8544315927610096
1.8529315469832455
1.8514315012054812
1.849181432538835
1.846806360057375
1.8441812799462873
1.840806176946318
1.8374310739463484
1.8345559862056338
1.8303058565019683
1.8256807153538621
1.8210555742057557
1.816305429242836
1.811180272835475
1.8064301278725547
1.8006799523911254
1.7955547959837643
1.7899296243171485
1.7843044526505327
1.778679280983917
1.772179082613605
1.7660538956877345
1.7600537125766778
1.7536785180211798
1.7479283425397505
1.74180315561388
1.7356779686880093
1.7295527817621388
1.7231775872066408
1.7170524002807703
1.7103021942808314
1.7050520340586566
1.6986768395031586
1.6925516525772883
1.686676473281045
1.6813013092440567
1.675176122318186
1.6695509506515702
1.6641757866145819
1.658925626392407
1.6535504623554185
1.6484253059480574
1.643050141911069
1.6381749931333354
1.6337998596148564
1.6287997070223093
1.6241745658742028
1.6206744590594195
1.6162993255409406
1.6127992187261575
1.6089241004669332
1.6051739860225227
1.6015488753929257
1.598673787652211
1.5954236884670552
1.592298593096713
1.5900485244300668
1.5875484481337934
1.5851733756523332
1.5831733146153144
1.5805482345042268
1.5784231696523943
1.5766731162450025
1.5742980437635425
1.5729230018005922
1.5711729483932007
1.5697979064302499
1.5684228644672995
1.56742283394879
1.5665478072450942
1.5655477767265848
1.5639227271340068
1.5635477156895659
1.5625476851710562
1.561172643208106
1.5607976317636647
1.5592975859859004
1.5592975859859004
1.559047578356273
1.5587975707266457
1.5581725516525773
1.557797540208136
1.5564224982451857
1.553547410504471
1.5529223914304024
1.5541724295785393
1.5532974028748436
1.5536724143192846
1.5537974181340983
1.553922421948912
1.5537974181340983
1.5537974181340983
1.5540474257637258
1.5542974333933532
1.5542974333933532
1.5540474257637258
1.5545474410229805
1.554672444837794
1.554797448652608
1.5550474562822352
1.5554224677266761
1.5560474868007448
1.554797448652608
1.5554224677266761
1.55554747154149
1.5554224677266761
1.5557974791711173
1.5564224982451857
1.556797509689627
1.5570475173192542
1.5575475325785089
1.5575475325785089
1.5574225287636951
1.55792254402295
1.5580475478377636
1.5585475630970183
1.558297555467391
1.559172582171087
1.559172582171087
1.559797601245155
1.5600476088747826
1.559922605059969
1.5604226203192237
1.559922605059969
1.5605476241340372
1.5604226203192237
1.561047639393292
1.5612976470229194
1.5614226508377331
1.5616726584673606
1.5625476851710562
1.5625476851710562
1.5626726889858698
1.5626726889858698
1.5629226966154972
1.5627976928006837
1.563797723319193
1.563797723319193
1.5640477309488205
1.564297738578448
1.5649227576525162
1.565797784356212
1.5651727652821437
1.566172795800653
1.566297799615467
1.5664228034302805
1.5669228186895352
1.5671728263191627
1.5679228492080448
1.5690478835413677
1.5697979064302499
1.5704229255043185
1.5710479445783867
1.57217297891171
1.5730480056154057
1.5734230170598467
1.5755480819116796
1.5755480819116796
1.5774231391338847
1.57929819635609
1.5810482497634815
1.5835483260597554
1.5854233832819604
1.5877984557634206
1.5900485244300668
1.592423596911527
1.5957986999114964
1.5985487838373975
1.6020488906521806
1.6056740012817774
1.609799127170629
1.6140492568742943
1.6181743827631458
1.6227995239112523
1.627299661244545
1.632424817651906
1.6369249549851985
1.642675130466628
1.6486753135776848
1.6541754814294871
1.660550675984985
1.6670508743552965
1.6730510574663533
1.6791762443922238
1.6853014313180945
1.6915516220587787
1.6970517899105808
1.7030519730216378
1.7093021637623218
1.7146773277993104
1.7205525070955536
1.7255526596881008
1.7299277932065797
1.734302926725059
1.7390530716879788
1.7420531632435072
1.744553239539781
1.7471783196508683
1.749678395947142
1.751178441724906
1.7530534989471116
1.7545535447248757
1.7539285256508073
1.7535535142063663
1.7525534836878567
1.7506784264656514
1.7479283425397505
1.7458032776879178
1.7424281746879482
1.7386780602435379
1.7349279457991271
1.730677816095462
1.7256776635029145
1.7205525070955536
1.7153023468733786
1.7094271675771355
1.7031769768364513
1.6969267860957673
1.6920516373180334
1.6844264046143986
1.6796762596514787
1.6734260689107945
1.6674258857997375
1.6610506912442398
1.6549255043183693
1.6495503402813807
1.643925168614765
1.638299996948149
1.6327998290963468
1.6282996917630543
1.6235495468001342
1.6186743980224005
1.6150492873928037
1.6109241615039522
1.6069240394299142
1.6034239326151312
1.599548814355907
1.5961737113559373
1.5944236579485458
1.5915485702078311
1.589923520615253
1.5871734366893522
1.586048402356029
1.583298318430128
1.5811732535782954
1.579673207800531
1.5775481429486986
1.5754230780968657
1.5724229865413375
1.5704229255043185
1.5675478377636038
1.564172734763634
1.5601726126895963
1.55554747154149
1.5481722464674825
1.5407970213934752
1.5334217963194676
1.523796502578814
1.5142962126529742
1.5050459303567616
1.4952956328012939
1.4864203619495224
1.4791701406903288
1.4740449842829677
1.4705448774681846
1.4702948698385572
1.474294991912595
1.4821702322458572
1.495670644245735
1.514796227912229
1.540046998504593
1.57217297891171
1.6110491653187657
1.6574255806146427
1.7090521561326946
1.76792895290994
1.8304308603167823
1.8966828821680348
1.9648099612414929
2.0328120365001374
2.0980640278328804
2.158690878017518
2.2106924649800104
2.250943693350017
2.2783195287942135
2.2911949217200234
2.290444898831141
2.27581945249794
2.246943571275979
2.206192327646718
2.154190740684225
2.092688863795892
2.0236867580187385
1.9511845454268013
1.875682241279336
1.8025550096133305
1.733427900021363
1.6689259315775018
1.6111741691335797
1.5589225745414594
1.5145462202826014
1.4775450910977508
1.4470441602832118
1.425168492690817
1.4104180425428021
1.4012927640614032
1.399042695394757
1.401792779320658
1.4086679891354106
1.419668324839015
1.4322937101351971
1.4462941373943297
1.4617946104312267
1.4780451063570055
1.492920560319834
1.5065459761345255
1.5189213538010804
1.5322967619861447
1.5402970061342205
1.5486722617267374
1.5556724753563036
1.5609226355784784
1.56504776146733
1.5696729026154363
1.5722979827265235
1.5744230475783563
1.5757980895413068
1.5779231543931396
1.57929819635609
1.5806732383190405
1.5811732535782954
1.583298318430128
1.5846733603930783
1.5857983947264016
1.5871734366893522
1.588048463393048
1.5905485396893215
1.5909235511337627
1.5926736045411543
1.5944236579485458
1.5959237037263099
1.5989237952818385
1.6012988677632984
1.6032989288003174
1.60542399365215
1.6082990813928648
1.6099241309854426
1.6129242225409712
1.6159243140964994
1.6187994018372145
1.6215494857631152
1.6259246192815942
1.6289247108371228
1.6325498214667196
1.6365499435407576
1.6405500656147955
1.6444251838740198
1.6483003021332439
1.6524254280220954
1.6571755729850153
1.6618007141331217
1.6665508590960418
1.6715510116885892
1.6768011719107638
1.682676351207007
1.6876765037995543
1.6928016602069156
1.6991768547624133
1.7046770226142156
1.7105522019104589
1.7169273964659566
1.7224275643177587
1.7278027283547472
1.7346779381694999
1.7408031250953704
1.7470533158360546
1.7529284951322976
1.7590536820581684
1.7646788537247842
1.7695540025025178
1.7753041779839474
1.7813043610950041
1.786554521317179
1.7919296853541673
1.7979298684652243
1.8026800134281442
1.8076801660206916
1.8125553147984252
1.8169304483169042
1.8210555742057557
1.8255557115390486
1.8296808374279
1.8328059327982422
1.836431043427839
1.8396811426129949
1.842306222724082
1.8455563219092381
1.8478063905758844
1.8496814477980896
1.8513064973906674
1.852681539353618
1.8543065889461958
1.8553066194647054
1.8558066347239601
1.8564316537980285
1.8560566423535876
1.855431623279519
1.8545565965758233
1.8529315469832455
1.851181493575854
1.848806421094394
1.8464313486129338
1.8441812799462873
1.8405561693166905
1.8376810815759759
1.83443098239082
1.8298058412427136
1.8251807000946074
1.8208055665761285
1.816180425428022
1.810305246131779
1.805555101168859
1.8010549638355662
1.7949297769096957
1.7894296090578936
1.7841794488357188
1.7780542619098483
1.7725540940580462
1.7661788995025482
1.7603037202063052
1.7536785180211798
1.747678334910123
1.741678151799066
1.7349279457991271
1.7289277626880704
1.7234275948362683
1.7166773888363294
1.710427198095645
1.704052003540147
1.6983018280587177
1.6920516373180334
1.685926450392163
1.6801762749107334
1.6746761070589313
1.6689259315775018
1.6636757713553272
1.658925626392407
1.6528004394665363
1.6478002868739892
1.6424251228370008
1.6377999816888944
1.632424817651906
1.628049684133427
1.6245495773186438
1.6204244514297923
1.6161743217261269
1.6130492263557847
1.6080490737632376
1.6049239783928952
1.601048860133671
1.5980487685781428
1.5950486770226142
1.5925486007263405
1.5892985015411847
1.5867984252449112
1.5846733603930783
1.5830483108005005
1.5799232154301586
1.5785481734672078
1.5764231086153753
1.57454805139317
1.572547990356151
1.5707979369487595
1.570172917874691
1.5690478835413677
1.56742283394879
1.566297799615467
1.5652977690969574
1.5639227271340068
1.5627976928006837
1.562297677541429
1.561172643208106
1.5605476241340372
1.5601726126895963
1.56029761650441
1.5589225745414594
1.5589225745414594
1.5581725516525773
1.557797540208136
1.5560474868007448
1.5537974181340983
1.553547410504471
1.552672383800775
1.5537974181340983
1.553547410504471
1.553547410504471
1.5537974181340983
1.5536724143192846
1.5540474257637258
1.5537974181340983
1.553547410504471
1.5544224372081668
1.5541724295785393
1.553922421948912
1.5540474257637258
1.554672444837794
1.5550474562822352
1.5549224524674214
1.5552974639118626
1.5550474562822352
1.5556724753563036
1.55554747154149
1.555922482985931
1.5560474868007448
1.557172521134068
1.556672505874813
1.5574225287636951
1.5570475173192542
1.5576725363933226
1.55792254402295
1.5575475325785089
1.5580475478377636
1.5584225592822047
1.5581725516525773
1.5589225745414594
1.5594225898007141
1.5601726126895963
1.56029761650441
1.5595475936155279
1.5601726126895963
1.5604226203192237
1.5604226203192237
1.560672627948851
1.5612976470229194
1.5615476546525469
1.561797662282174
1.561797662282174
1.5626726889858698
1.5624226813562427
1.5625476851710562
1.5625476851710562
1.563047700430311
1.5631727042451247
1.5632977080599384
1.5640477309488205
1.564172734763634
1.5645477462080752
1.5652977690969574
1.5649227576525162
1.5655477767265848
1.5660477919858395
1.566172795800653
1.5660477919858395
1.5665478072450942
1.567797845393231
1.568547868282113
1.5690478835413677
1.5697979064302499
1.5719229712820828
1.5706729331339457
1.5719229712820828
1.5724229865413375
1.5731730094302194
1.57454805139317
1.57692312387463
1.5776731467635121
1.5794232001709037
1.5817982726523636
1.5836733298745689
1.5854233832819604
1.5890484939115572
1.5906735435041353
1.592798608355968
1.5959237037263099
1.5994238105410932
1.6021738944669943
1.6067990356151007
1.6106741538743248
1.6146742759483628
1.6191744132816552
1.6227995239112523
1.6281746879482406
1.6330498367259743
1.6384250007629628
1.6434251533555102
1.649425336466567
1.6550505081331828
1.6613006988738672
1.668050904873806
1.6743010956144901
1.680676290169988
1.6865514694662314
1.6920516373180334
1.6985518356883451
1.7044270149845882
1.7103021942808314
1.716427381206702
1.7214275337992493
1.7268026978362376
1.731052827539903
1.735427961058382
1.7390530716879788
1.7424281746879482
1.7451782586138493
1.7481783501693777
1.751178441724906
1.7518034607989748
1.7530534989471116
1.7538035218359938
1.7538035218359938
1.7525534836878567
1.7516784569841608
1.750053407391583
1.747678334910123
1.7453032624286628
1.7428031861323894
1.7383030487990967
1.7341779229102452
1.7293027741325113
1.723927610095523
1.7200524918362987
1.714427320169683
1.7083021332438124
1.702176946317942
1.6959267555772577
1.6905515915402693
1.684676412244026
1.6781762138737144
1.6723010345774711
1.6665508590960418
1.6608006836146123
1.6541754814294871
1.6484253059480574
1.6429251380962555
1.636674947355571
1.632424817651906
1.6267996459852903
1.6222995086519973
1.6182993865779596
1.613799249244667
1.6096741233558154
1.60542399365215
1.6022988982818078
1.599173802911466
1.5959237037263099
1.5932986236152227
1.590423535874508
1.5885484786523028
1.5867984252449112
1.5850483718375195
1.5827983031708732
1.5807982421338542
1.5785481734672078
1.5771731315042574
1.5750480666524247
1.5730480056154057
1.5702979216895046
1.5666728110599077
1.5629226966154972
1.559172582171087
1.5529223914304024
1.5467972045045322
1.5394219794305246
1.530671712393567
1.5216714377269813
1.5120461439863278
1.502420850245674
1.492920560319834
1.4850453199865719
1.4784201178014467
1.4729199499496444
1.4704198736533707
1.4711698965422528
1.4752950224311043
1.4849203161717581
1.4989207434308909
1.5201713919492172
1.5469222083193457
1.5804232306894133
1.6217994933927427
1.6686759239478743
1.721552537614063
1.7810543534653769
1.8450563066499832
1.9118083437604907
1.98031043427839
2.0478124942777796
2.1126894741660815
2.170691244239632
2.220817773979919
2.2576938993499556
2.2826946623126925
2.2924449598681598
2.2884448377941218
2.2698192693868835
2.2391933347575304
2.1954419995727408
2.1413153477584155
2.0771883907589954
2.0071862544633317
1.9335590075380718
1.8583067110202338
1.786554521317179
1.7179274269844662
1.654550492873928
1.5979237647633289
1.54842225409711
1.504420911282693
1.4687948240607929
1.4417940000610372
1.4217933896908477
1.4074179509872737
1.399417706839198
1.399417706839198
1.4027928098391673
1.4106680501724296
1.4229184240241708
1.4367938474684896
1.4510442823572498
1.4665447553941466
1.4816702169866023
1.4962956633198035
1.5096710715048678
1.5224214606158635
1.5335468001342816
1.5422970671712395
1.55079732657857
1.5572975249488816
1.5616726584673606
1.5665478072450942
1.5697979064302499
1.5726729941709647
1.574923062837611
1.57692312387463
1.5781731620227668
1.5795482039857174
1.5807982421338542
1.5824232917264323
1.5835483260597554
1.5841733451338236
1.5857983947264016
1.587298440504166
1.5886734824671163
1.589923520615253
1.591923581652272
1.5931736198004092
1.594798669392987
1.5970487380596332
1.598798791467025
1.6014238715781122
1.6039239478743859
1.6064240241706595
1.6087990966521197
1.6107991576891385
1.614174260689108
1.6162993255409406
1.6190494094668417
1.6231745353556932
1.6265496383556628
1.6294247260963775
1.6340498672444839
1.6376749778740807
1.6413000885036775
1.6456752220221567
1.649425336466567
1.6533004547257912
1.6581756035035249
1.662800744651631
1.668050904873806
1.673176061281167
1.678676229132969
1.6836763817255165
1.6891765495773186
1.6946767174291208
1.7006769005401776
1.70617706839198
1.7115522324289683
1.7180524307992797
1.7248026367992186
1.7304278084658344
1.7360529801324502
1.7431781975768303
1.7484283577990052
1.7541785332804345
1.7596787011322368
1.7660538956877345
1.7715540635395368
1.7768042237617114
1.7828044068727684
1.7879295632801295
1.7933047273171179
1.7990549027985472
1.803930051576281
1.8096802270577106
1.8133053376873074
1.8180554826502273
1.8218055970946379
1.8256807153538621
1.830055848872341
1.834055970946379
1.8371810663167212
1.8406811731315043
1.8430562456129642
1.844806299020356
1.8484314096499528
1.8501814630573443
1.8521815240943633
1.8538065736869411
1.8540565813165686
1.855056611835078
1.8558066347239601
1.8564316537980285
1.8556816309091464
1.855056611835078
1.8544315927610096
1.853181554612873
1.8503064668721578
1.84868141727958
1.8456813257240516
1.8441812799462873
1.8401811578722496
1.8370560625019074
1.8328059327982422
1.8288058107242042
1.8243056733909115
1.8195555284279916
1.815055391094699
1.8094302194280831
1.8046800744651632
1.7985548875392925
1.7938047425763726
1.7884295785393842
1.7824293954283272
1.7769292275765252
1.7701790215765862
1.7643038422803432
1.7583036591692862
1.7519284646137883
1.7458032776879178
1.739303079317606
1.7336779076509903
1.727927732169561
1.721552537614063
1.7149273354289376
1.7090521561326946
1.7019269386883145
1.6970517899105808
1.6904265877254554
1.684676412244026
1.6796762596514787
1.6738010803552354
1.6678008972441787
1.6630507522812585
1.6570505691702018
1.651800408948027
1.6464252449110386
1.6418001037629322
1.6365499435407576
1.6317997985778374
1.6279246803186131
1.6231745353556932
1.6192994170964692
1.61492428357799
1.6110491653187657
1.6076740623187964
1.6042989593188268
1.6007988525040437
1.5970487380596332
1.5936736350596639
1.5917985778374584
1.5897985168004394
1.58642341380047
1.5841733451338236
1.5826732993560595
1.5801732230597858
1.5779231543931396
1.5757980895413068
1.5742980437635425
1.5722979827265235
1.5706729331339457
1.5690478835413677
1.5680478530228583
1.567047822504349
1.5659227881710258
1.5652977690969574
1.5635477156895659
1.5627976928006837
1.561922666096988
1.5612976470229194
1.559922605059969
1.5600476088747826
1.559047578356273
1.5587975707266457
1.559047578356273
1.5581725516525773
1.5572975249488816
1.555172460097049
1.553547410504471
1.5534224066896571
1.5534224066896571
1.5537974181340983
1.553547410504471
1.553547410504471
1.5542974333933532
1.5540474257637258
1.5534224066896571
1.5534224066896571
1.5536724143192846
1.5536724143192846
1.5540474257637258
1.5544224372081668
1.554672444837794
1.554672444837794
1.5549224524674214
1.555172460097049
1.5552974639118626
1.55554747154149
1.5560474868007448
1.5552974639118626
1.5562974944303722
1.5561724906155583
1.556672505874813
1.5565475020599995
1.5575475325785089
1.5572975249488816
1.5572975249488816
1.5576725363933226
1.557797540208136
1.5581725516525773
1.55792254402295
1.558672566911832
1.5587975707266457
1.5596725974303416
1.5600476088747826
1.559797601245155
1.56029761650441
1.560672627948851
1.560672627948851
1.5604226203192237
1.560672627948851
1.5624226813562427
1.5614226508377331
1.5614226508377331
1.5620476699118016
1.5624226813562427
1.563422711874752
1.5627976928006837
1.5625476851710562
1.5629226966154972
1.5636727195043794
1.563047700430311
1.5649227576525162
1.564172734763634
1.5652977690969574
1.5655477767265848
1.565422772911771
1.5660477919858395
1.565797784356212
1.5666728110599077
1.5664228034302805
1.56742283394879
1.5675478377636038
1.5686728720969267
1.5692978911709952
1.5704229255043185
1.5706729331339457
1.5715479598376416
1.57217297891171
1.5727979979857785
1.5739230323191016
1.5754230780968657
1.57692312387463
1.5781731620227668
1.5799232154301586
1.5821732840968048
1.5839233375041963
1.58642341380047
1.588423474837489
1.5911735587633902
1.592798608355968
1.5965487228003785
1.5999238258003479
1.6035489364299447
1.6075490585039827
1.611799188207648
1.6152992950224312
1.6197994323557239
1.624049562059389
1.629674733726005
1.633674855800043
1.6389250160222175
1.6445501876888333
1.6506753746147038
1.656550553910947
1.6630507522812585
1.669300943021943
1.6746761070589313
1.6814263130588702
1.6875514999847407
1.693426679280984
1.6994268623920408
1.70617706839198
1.7118022400585957
1.717177404095584
1.7223025605029452
1.7271777092806788
1.7318028504287852
1.7361779839472642
1.739803094576861
1.7426781823175757
1.7458032776879178
1.7488033692434461
1.7508034302804651
1.7519284646137883
1.753178502761925
1.7543035370952484
1.7538035218359938
1.7518034607989748
1.7514284493545336
1.7493033845027008
1.7469283120212409
1.7443032319101537
1.7419281594286935
1.7375530259102145
1.7331778923917356
1.729427777947325
1.7236776024658955
1.7180524307992797
1.712802270577105
1.7070520950956756
1.700926908169805
1.6951767326883755
1.6891765495773186
1.6829263588366346
1.6778012024292734
1.6719260231330302
1.665300820947905
1.658925626392407
1.6530504470961638
1.6473002716147345
1.6413000885036775
1.6364249397259438
1.6309247718741418
1.6270496536149175
1.6217994933927427
1.6175493636890774
1.613424237800226
1.6099241309854426
1.60542399365215
1.6017988830225531
1.59829877620777
1.5954236884670552
1.5926736045411543
1.590423535874508
1.588048463393048
1.5867984252449112
1.58404834131901
1.5830483108005005
1.5805482345042268
1.5787981810968352
1.5762981048005615
1.5742980437635425
1.5720479750968963
1.570547929319132
1.5659227881710258
1.562297677541429
1.5574225287636951
1.552672383800775
1.5451721549119541
1.538046937467574
1.5282966399121067
1.519796380504776
1.5097960753196813
1.5006707968382824
1.4915455183568835
1.4837952818384352
1.4765450605792412
1.4724199346903897
1.4700448622089297
1.4721699270607624
1.4760450453199865
1.487295388653218
1.5029208655049286
1.5249215369121372
1.5525473799859615
1.5881734672078616
1.630049745170446
1.6788012329477828
1.7336779076509903
1.794054750206
1.85818170720542
1.9261837824640646
1.9939358500930815
2.061937925351726
2.12618988616596
2.1819415875728634
2.2300680562761315
2.264319101535081
2.28531974242378
2.2924449598681598
2.285569750053407
2.264569109164708
2.2303180639057585
2.185191686758019
2.128064943388165
2.063062959685049
1.9920607928708762
1.9174335154271065
1.842306222724082
1.7711790520950956
1.7039269997253335
1.6420501113925596
1.5867984252449112
1.538046937467574
1.4969206823938719
1.4636696676534318
1.436668843653676
1.4182932828760644
1.4051678823206275
1.4002927335428939
1.4000427259132666
1.404542863246559
1.4134181340983307
1.4254185003204445
1.439418927579577
1.4537943662831507
1.469919858394116
1.4851703238013856
1.5001707815790275
1.5131711783196509
1.5251715445417646
1.5355468611713006
1.544422132023072
1.5524223761711478
1.558672566911832
1.5629226966154972
1.567047822504349
1.570172917874691
1.5735480208746606
1.5766731162450025
1.5775481429486986
1.5785481734672078
1.5795482039857174
1.580923245948668
1.5815482650227364
1.5837983336893826
1.5849233680227057
1.5866734214300973
1.5871734366893522
1.5890484939115572
1.590423535874508
1.5920485854670858
1.5935486312448501
1.5954236884670552
1.5976737571337016
1.599548814355907
1.6015488753929257
1.6042989593188268
1.6067990356151007
1.6089241004669332
1.6116741843928344
1.614549272133549
1.6172993560594502
1.6207994628742333
1.6230495315408795
1.6270496536149175
1.6306747642445143
1.6346748863185523
1.6384250007629628
1.6423001190221869
1.645925229651784
1.6503003631702629
1.653800469985046
1.6591756340220343
1.6636757713553272
1.6685509201330608
1.6739260841700492
1.679926267281106
1.6841763969847714
1.6906765953550829
1.6961767632068852
1.702176946317942
1.707677114169744
1.712802270577105
1.7196774803918575
1.7253026520584733
1.731427838984344
1.737803033539842
1.7435532090212715
1.7498033997619558
1.7549285561693166
1.7609287392803734
1.7669289223914304
1.7725540940580462
1.778179265724662
1.7841794488357188
1.790054628131962
1.7951797845393231
1.800429944761498
1.8053050935392316
1.8101802423169653
1.8144303720206305
1.8184304940946685
1.8228056276131475
1.8268057496871855
1.830930875576037
1.8343059785760063
1.8379310892056033
1.8411811883907592
1.8441812799462873
1.846681356242561
1.848806421094394
1.8501814630573443
1.851556505020295
1.853056550798059
1.8560566423535876
1.8553066194647054
1.8558066347239601
1.856181646168401
1.8555566270943329
1.8549316080202642
1.853556566057314
1.8521815240943633
1.8504314706869718
1.8481814020203253
1.8453063142796107
1.842806237983337
1.8391811273537402
1.8356810205389569
1.8314308908352916
1.8278057802056948
1.8230556352427747
1.818555497909482
1.8135553453169349
1.8084301889095737
1.803180028687399
1.797554857020783
1.792429700613422
1.7866795251319927
1.7810543534653769
1.7745541550950652
1.7685539719840082
1.7621787774285103
1.7560535905026398
1.7508034302804651
1.744553239539781
1.738553056428724
1.731427838984344
1.7261776787621694
1.7196774803918575
1.7130522782067326
1.7065520798364209
1.7015519272438735
1.6948017212439344
1.6889265419476913
1.6833013702810755
1.6778012024292734
1.6718010193182167
1.6663008514664144
1.6611756950590533
1.6556755272072514
1.6500503555406356
1.645050202948088
1.639925046540727
1.635549913022248
1.6305497604297006
1.6259246192815942
1.6224245124668113
1.6181743827631458
1.6144242683187355
1.61017413861507
1.6066740318002868
1.603173924985504
1.5997988219855341
1.5965487228003785
1.5931736198004092
1.5909235511337627
1.588048463393048
1.58642341380047
1.5834233222449416
1.5815482650227364
1.57929819635609
1.5772981353190711
1.5752980742820522
1.5739230323191016
1.5719229712820828
1.5702979216895046
1.5692978911709952
1.568172856837672
1.5675478377636038
1.565797784356212
1.5645477462080752
1.5635477156895659
1.5626726889858698
1.5615476546525469
1.560672627948851
1.5604226203192237
1.559797601245155
1.5589225745414594
1.5589225745414594
1.5585475630970183
1.5575475325785089
1.5574225287636951
1.5540474257637258
1.5534224066896571
1.5530473952452162
1.5536724143192846
1.5545474410229805
1.5537974181340983
1.5534224066896571
1.5541724295785393
1.5536724143192846
1.5537974181340983
1.5540474257637258
1.553922421948912
1.5537974181340983
1.553922421948912
1.5545474410229805
1.554672444837794
1.5550474562822352
1.5550474562822352
1.5564224982451857
1.5554224677266761
1.55554747154149
1.55554747154149
1.55554747154149
1.556672505874813
1.5556724753563036
1.556797509689627
1.5570475173192542
1.5572975249488816
1.5575475325785089
1.557797540208136
1.5575475325785089
1.557797540208136
1.55792254402295
1.5589225745414594
1.5585475630970183
1.559047578356273
1.5594225898007141
1.559922605059969
1.5601726126895963
1.559922605059969
1.559922605059969
1.5604226203192237
1.560672627948851
1.561172643208106
1.5615476546525469
1.561797662282174
1.5616726584673606
1.5624226813562427
1.5625476851710562
1.5621726737266153
1.5627976928006837
1.562297677541429
1.5627976928006837
1.563047700430311
1.5627976928006837
1.5639227271340068
1.564297738578448
1.5647977538377027
1.565422772911771
1.5656727805413984
1.5655477767265848
1.566297799615467
1.565797784356212
1.5675478377636038
1.567797845393231
1.5675478377636038
1.5684228644672995
1.5696729026154363
1.5699229102450638
1.5709229407635732
1.5720479750968963
1.572547990356151
1.5731730094302194
1.5746730552079835
1.5756730857264931
1.5774231391338847
1.5785481734672078
1.5806732383190405
1.5825482955412458
1.5842983489486373
1.5870484328745385
1.5892985015411847
1.5916735740226449
1.5944236579485458
1.5980487685781428
1.60067384868923
1.6046739707632678
1.6082990813928648
1.6135492416150394
1.616924344615009
1.6201744438001648
1.625674611651967
1.6305497604297006
1.6356749168370617
1.64105008087405
1.6466752525406658
1.6524254280220954
1.6586756187627796
1.6646758018738366
1.6703009735404524
1.6784262215033416
1.6833013702810755
1.689426557206946
1.6953017365031893
1.7019269386883145
1.7075521103549303
1.7135522934659873
1.7190524613177893
1.7248026367992186
1.7291777703176978
1.7335529038361768
1.7370530106509599
1.7406781212805567
1.7439282204657125
1.7470533158360546
1.7478033387249368
1.7508034302804651
1.7519284646137883
1.7534285103915526
1.7533035065767388
1.7546785485396894
1.7533035065767388
1.7509284340952787
1.7485533616138187
1.7464282967619862
1.7441782280953397
1.740178106021302
1.7359279763176367
1.7321778618732262
1.727052705465865
1.7226775719473861
1.7159273659474472
1.711177220984527
1.7050520340586566
1.6994268623920408
1.6933016754661703
1.686301461836604
1.6810513016144293
1.6745511032441176
1.669300943021943
1.6623007293923764
1.6573005767998292
1.6511753898739585
1.6451752067629017
1.6396750389110997
1.6346748863185523
1.6302997528000733
1.6244245735038303
1.6204244514297923
1.6166743369853815
1.6120491958372754
1.6079240699484236
1.6039239478743859
1.6001738334299753
1.5976737571337016
1.594673665578173
1.591923581652272
1.5889234900967437
1.5876734519486069
1.5861734061708426
1.5836733298745689
1.58167326883755
1.5797982116153446
1.5780481582079533
1.5757980895413068
1.5736730246894741
1.5707979369487595
1.5684228644672995
1.5651727652821437
1.561922666096988
1.5561724906155583
1.5497972960600603
1.5434221015045624
1.5354218573564866
1.526546586504715
1.5166712851344342
1.5069209875789666
1.4977957090975678
1.4887954344309824
1.4811702017273476
1.4754200262459183
1.4712949003570666
1.4701698660237434
1.4727949461348309
1.4795451521347698
1.491295510727256
1.5094210638752406
1.5330467848750269
1.5632977080599384
1.6009238563188575
1.6451752067629017
1.6949267250587483
1.752428479873043
1.813430341502121
1.879182348094119
1.947434430982391
2.016311532944731
2.0823135471663567
2.1435654164250617
2.198567094943083
2.2419434186834315
2.271944334238716
2.289319864497818
2.2919449446089053
2.2803195898312327
2.254943815424055
2.218067690054018
2.168066164128544
2.1088143559068575
2.0414372997222814
1.9688100833155309
1.8940578020569476
1.8193055207983642
1.7493033845027008
1.6835513779107028
1.6239245582445754
1.570547929319132
1.52467152928251
1.4851703238013856
1.4537943662831507
1.4297936338389234
1.412918118839076
1.4027928098391673
1.399042695394757
1.4011677602465895
1.4066679280983916
1.4157932065797907
1.429543626209296
1.443294045838801
1.458794518875698
1.4746700033570361
1.4891704458754236
1.5035458845789973
1.5174213080233163
1.5284216437269205
1.5386719565416427
1.5470472121341592
1.5540474257637258
1.5601726126895963
1.5640477309488205
1.5682978606524856
1.5716729636524553
1.5742980437635425
1.5761731009857478
1.5781731620227668
1.5784231696523943
1.5801732230597858
1.5814232612079226
1.5825482955412458
1.5845483565782648
1.585298379467147
1.58642341380047
1.588048463393048
1.590298532059694
1.5910485549485762
1.592423596911527
1.5941736503189183
1.5964237189855648
1.5981737723929563
1.5996738181707206
1.6029239173558765
1.6051739860225227
1.6072990508743554
1.6106741538743248
1.6129242225409712
1.61492428357799
1.6179243751335184
1.6211744743186742
1.6247995849482713
1.628424695577868
1.6319248023926511
1.6356749168370617
1.6393000274666587
1.6435501571703237
1.647425275429548
1.6515504013183995
1.6556755272072514
1.6615507065034945
1.6659258400219734
1.6705509811700798
1.675551133762627
1.6813013092440567
1.6871764885402998
1.6920516373180334
1.697801812799463
1.7035519882808923
1.7089271523178808
1.7153023468733786
1.7214275337992493
1.7273027130954923
1.7336779076509903
1.7396780907620473
1.7454282662434768
1.7513034455397198
1.7573036286507766
1.7634288155766473
1.7685539719840082
1.774304147465438
1.7803043305764947
1.785679494613483
1.790929654835658
1.7969298379467147
1.8014299752800074
1.8061801202429273
1.811180272835475
1.8156804101687674
1.8198055360576189
1.8241806695760978
1.8284307992797633
1.83205590990936
1.8356810205389569
1.8393061311685537
1.8431812494277782
1.8455563219092381
1.8478063905758844
1.8490564287240212
1.85105648976104
1.8520565202795496
1.8540565813165686
1.8545565965758233
1.855431623279519
1.8560566423535876
1.8555566270943329
1.8553066194647054
1.8546816003906368
1.853181554612873
1.851556505020295
1.849556443983276
1.847181371501816
1.8450563066499832
1.8416812036500139
1.8381810968352306
1.8348059938352612
1.8305558641315958
1.8260557267983033
1.8219306009094518
1.8169304483169042
1.811805291909543
1.807180150761437
1.8026800134281442
1.7966798303170874
1.7908046510208442
1.7853044831690421
1.7793043000579851
1.77267909787286
1.76792895290994
1.7613037507248146
1.7543035370952484
1.7483033539841915
1.7429281899472029
1.7364279915768914
1.7304278084658344
1.725052644428846
1.7183024384289072
1.712052247688223
1.705677053132725
1.6988018433179723
1.6931766716513565
1.6874264961699272
1.6828013550218206
1.6759261452070682
1.6704259773552659
1.6654258247627187
1.6595506454664755
1.6535504623554185
1.6488003173924985
1.6428001342814416
1.63867500839259
1.6339248634296701
1.630799768059328
1.625174596392712
1.6210494705038605
1.6170493484298227
1.613424237800226
1.6089241004669332
1.60542399365215
1.6019238868373669
1.5979237647633289
1.5957986999114964
1.5929236121707817
1.5900485244300668
1.5876734519486069
1.5851733756523332
1.5830483108005005
1.580923245948668
1.5779231543931396
1.5767981200598165
1.5744230475783563
1.5731730094302194
1.5714229560228279
1.5702979216895046
1.5687978759117405
1.5676728415784174
1.5660477919858395
1.5652977690969574
1.564172734763634
1.5631727042451247
1.5616726584673606
1.5612976470229194
1.560672627948851
1.5601726126895963
1.5594225898007141
1.5587975707266457
1.5585475630970183
1.558297555467391
1.5575475325785089
1.556797509689627
1.553922421948912
1.5530473952452162
1.5536724143192846
1.553922421948912
1.5532974028748436
1.553547410504471
1.5537974181340983
1.5536724143192846
1.5537974181340983
1.5541724295785393
1.553922421948912
1.5536724143192846
1.5534224066896571
1.5540474257637258
1.5545474410229805
1.5545474410229805
1.5556724753563036
1.5550474562822352
1.555172460097049
1.555172460097049
1.5557974791711173
1.5554224677266761
1.555922482985931
1.556672505874813
1.5565475020599995
1.556797509689627
1.5574225287636951
1.5581725516525773
1.5575475325785089
1.557797540208136
1.55792254402295
1.5580475478377636
1.5584225592822047
1.558672566911832
1.558672566911832
1.5587975707266457
1.5596725974303416
1.559047578356273
1.559172582171087
1.5604226203192237
1.5604226203192237
1.5601726126895963
1.560672627948851
1.561172643208106
1.561047639393292
1.5615476546525469
1.561922666096988
1.562297677541429
1.5627976928006837
1.5631727042451247
1.5626726889858698
1.563047700430311
1.5627976928006837
1.5632977080599384
1.563047700430311
1.564172734763634
1.5644227423932615
1.5651727652821437
1.5655477767265848
1.5655477767265848
1.5655477767265848
1.5660477919858395
1.5664228034302805
1.567047822504349
1.5675478377636038
1.568172856837672
1.5687978759117405
1.5697979064302499
1.570172917874691
1.5706729331339457
1.5715479598376416
1.5726729941709647
1.5735480208746606
1.5746730552079835
1.5760480971709343
1.5771731315042574
1.5790481887264625
1.5814232612079226
1.582923306985687
1.5847983642078922
1.5871734366893522
1.5896735129856259
1.5921735892818996
1.595173680837428
1.5989237952818385
1.6016738792077396
1.6052989898373364
1.6095491195410014
1.613799249244667
1.6182993865779596
1.6225495162816248
1.6267996459852903
1.6314247871333964
1.6365499435407576
1.6421751152073734
1.6475502792443617
1.6540504776146734
1.660550675984985
1.6659258400219734
1.6721760307626576
1.6784262215033416
1.6848014160588396
1.6906765953550829
1.697301797540208
1.7031769768364513
1.7089271523178808
1.7143023163548692
1.7200524918362987
1.7249276406140324
1.7298027893917662
1.734302926725059
1.7380530411694692
1.741303140354625
1.7446782433545946
1.7470533158360546
1.7494283883175148
1.7514284493545336
1.753178502761925
1.7538035218359938
1.7535535142063663
1.7530534989471116
1.7519284646137883
1.7506784264656514
1.7483033539841915
1.7459282815027315
1.742178167058321
1.739303079317606
1.7351779534287546
1.7309278237250891
1.726302682576983
1.7210525223548083
1.7154273506881925
1.7095521713919493
1.7035519882808923
1.6979268166142767
1.6915516220587787
1.6860514542069764
1.6798012634662924
1.6744260994293039
1.6681759086886196
1.6616757103183082
1.655800531022065
1.6501753593554491
1.6438001647999512
1.6393000274666587
1.633674855800043
1.6290497146519365
1.6241745658742028
1.6194244209112827
1.6151742912076175
1.61017413861507
1.6072990508743554
1.6034239326151312
1.5994238105410932
1.5969237342448195
1.5941736503189183
1.5912985625782037
1.5895485091708121
1.587298440504166
1.585298379467147
1.5831733146153144
1.5810482497634815
1.5794232001709037
1.5774231391338847
1.5751730704672384
1.5734230170598467
1.5712979522080142
1.5679228492080448
1.5644227423932615
1.56029761650441
1.55554747154149
1.5490472731711782
1.5414220404675436
1.5332967925046541
1.5239215063936278
1.5142962126529742
1.5049209265419476
1.495670644245735
1.4875453962828455
1.4795451521347698
1.4741699880977814
1.4702948698385572
1.4705448774681846
1.473919980468154
1.481420209356975
1.4947956175420394
1.5136711935789056
1.5385469527268287
1.5711729483932007
1.6099241309854426
1.6551755119479965
1.7066770836512346
1.7649288613544114
1.8274307687612537
1.8938077944273202
1.962059877315592
2.030936979277932
2.0960639667958616
2.1565658131656846
2.208817407757805
2.2494436475722526
2.277069490646077
2.290944914090396
2.2906949064607685
2.2759444563127538
2.2489436323129977
2.2083173924985506
2.1563158055360576
2.0940639057588424
2.0264368419446397
1.9528095950193793
1.877682302316355
1.804805078279977
1.7349279457991271
1.6704259773552659
1.6122992034669026
1.5594225898007141
1.5154212469862973
1.4777950987273782
1.4486692098757896
1.4259185155796992
1.4101680349131749
1.4012927640614032
1.399042695394757
1.4016677755058444
1.408542985320597
1.419293313394574
1.4321687063203834
1.4466691488387708
1.4625446333201089
1.4777950987273782
1.492545548875393
1.5066709799493394
1.5196713766899625
1.5297966856898708
1.5404220099490342
1.5494222846156194
1.5552974639118626
1.561047639393292
1.565422772911771
1.5692978911709952
1.5717979674672689
1.5744230475783563
1.5764231086153753
1.5777981505783258
1.5790481887264625
1.580923245948668
1.5819232764671776
1.5825482955412458
1.584423352763451
1.5855483870967744
1.5867984252449112
1.588048463393048
1.5897985168004394
1.5912985625782037
1.5926736045411543
1.5945486617633595
1.5970487380596332
1.598798791467025
1.6007988525040437
1.6039239478743859
1.6049239783928952
1.6079240699484236
1.61017413861507
1.613424237800226
1.6152992950224312
1.6190494094668417
1.6222995086519973
1.626424634540849
1.62917471846675
1.6330498367259743
1.636674947355571
1.6400500503555409
1.643925168614765
1.6483003021332439
1.6523004242072816
1.6570505691702018
1.6624257332071901
1.6658008362071597
1.671676015503403
1.6770511795403913
1.6828013550218206
1.6875514999847407
1.6933016754661703
1.6990518509475998
1.704052003540147
1.7109272133548998
1.7163023773918882
1.7223025605029452
1.7285527512436292
1.7344279305398724
1.7406781212805567
1.7466783043916136
1.7523034760582294
1.7586786706137274
1.763928830835902
1.7696790063173315
1.775804193243202
1.7814293649098176
1.7866795251319927
1.7923046967986085
1.7974298532059694
1.8026800134281442
1.8076801660206916
1.8120552995391705
1.8164304330576495
1.820555558946501
1.8251807000946074
1.8290558183538315
1.832930936613056
1.8363060396130253
1.8405561693166905
1.842431226538896
1.8453063142796107
1.8475563829462571
1.8498064516129031
1.8518065126499221
1.8529315469832455
1.8539315775017549
1.855056611835078
1.8555566270943329
1.855431623279519
1.8564316537980285
1.8546816003906368
1.8536815698721276
1.8536815698721276
1.8508064821314127
1.849556443983276
1.8469313638721885
1.8435562608722191
1.8414311960203864
1.8383061006500443
1.833305948057497
1.829305825983459
1.8256807153538621
1.8208055665761285
1.815805413983581
1.811055269020661
1.8058051087984863
1.800429944761498
1.7950547807245094
1.7899296243171485
1.7841794488357188
1.7776792504654073
1.7720540787987915
1.7654288766136663
1.7593036896877956
1.7534285103915526
1.7475533310953093
1.7411781365398113
1.735302957243568
1.7286777550584431
1.7229275795770134
1.7160523697622607
1.7101771904660177
1.704177007354961
1.6979268166142767
1.6913016144291515
1.6858014465773492
1.6811763054292428
1.6748011108737448
1.668800927762688
1.6639257789849544
1.6580505996887114
1.6531754509109775
1.6476752830591754
1.6423001190221869
1.6380499893185219
1.6334248481704154
1.6287997070223093
1.6241745658742028
1.6205494552446058
1.6162993255409406
1.6122992034669026
1.6086740928373058
1.6049239783928952
1.6014238715781122
1.5979237647633289
1.5954236884670552
1.592423596911527
1.5896735129856259
1.5871734366893522
1.5855483870967744
1.5825482955412458
1.5804232306894133
1.5782981658375803
1.5764231086153753
1.5741730399487288
1.5724229865413375
1.5714229560228279
1.5699229102450638
1.5680478530228583
1.56742283394879
1.5666728110599077
1.5660477919858395
1.564297738578448
1.563047700430311
1.561922666096988
1.5612976470229194
1.56029761650441
1.560672627948851
1.559922605059969
1.5592975859859004
1.5585475630970183
1.5580475478377636
1.557797540208136
1.556672505874813
1.5540474257637258
1.5534224066896571
1.553547410504471
1.553922421948912
1.5530473952452162
1.553922421948912
1.5544224372081668
1.5532974028748436
1.5532974028748436
1.553922421948912
1.5537974181340983
1.5536724143192846
1.5544224372081668
1.5540474257637258
1.554797448652608
1.5545474410229805
1.5549224524674214
1.5557974791711173
1.555172460097049
1.5565475020599995
1.55554747154149
1.5552974639118626
1.5562974944303722
1.5561724906155583
1.556672505874813
1.5565475020599995
1.556672505874813
1.5575475325785089
1.5572975249488816
1.5581725516525773
1.557797540208136
1.5576725363933226
1.5581725516525773
1.5585475630970183
1.559047578356273
1.5595475936155279
1.5600476088747826
1.559922605059969
1.5604226203192237
1.5595475936155279
1.56029761650441
1.5612976470229194
1.560672627948851
1.561172643208106
1.5614226508377331
1.561797662282174
1.561922666096988
1.5621726737266153
1.5625476851710562
1.5625476851710562
1.563797723319193
1.562297677541429
1.5632977080599384
1.5639227271340068
1.5635477156895659
1.5645477462080752
1.56504776146733
1.5649227576525162
1.5652977690969574
1.5651727652821437
1.5659227881710258
1.5659227881710258
1.566297799615467
1.5671728263191627
1.5682978606524856
1.5686728720969267
1.5692978911709952
1.5697979064302499
1.5700479140598773
1.5709229407635732
1.5722979827265235
1.5724229865413375
1.5732980132450332
1.5754230780968657
1.5761731009857478
1.5779231543931396
1.5795482039857174
1.58167326883755
1.583298318430128
1.5849233680227057
1.5876734519486069
1.590423535874508
1.592798608355968
1.5959237037263099
1.5994238105410932
1.6027989135410627
1.6064240241706595
1.61017413861507
1.6142992645039216
1.6187994018372145
1.6230495315408795
1.6279246803186131
1.632299813837092
1.6376749778740807
1.6438001647999512
1.6493003326517535
1.6548005005035553
1.6618007141331217
1.6675508896145512
1.6733010650959808
1.6794262520218513
1.685926450392163
1.6919266335032197
1.6983018280587177
1.7044270149845882
1.7106772057252724
1.7159273659474472
1.7220525528733177
1.7264276863917967
1.730677816095462
1.7348029419843134
1.7388030640583514
1.7419281594286935
1.7455532700582903
1.7484283577990052
1.7501784112063965
1.7518034607989748
1.7530534989471116
1.7535535142063663
1.7533035065767388
1.7529284951322976
1.7515534531693473
1.7499284035767695
1.7479283425397505
1.744553239539781
1.7423031708731347
1.7380530411694692
1.7344279305398724
1.7301778008362072
1.7251776482436598
1.719552476577044
1.7139273049104282
1.7084271370586261
1.7028019653920103
1.6960517593920712
1.6909266029847103
1.6840513931699574
1.678676229132969
1.6726760460219123
1.6663008514664144
1.6601756645405439
1.6539254737998597
1.6488003173924985
1.643050141911069
1.6376749778740807
1.6320498062074649
1.627674672688986
1.6225495162816248
1.6184243903927733
1.6136742454298534
1.6099241309854426
1.6060490127262186
1.6022988982818078
1.598673787652211
1.5955486922818691
1.5941736503189183
1.590798547318949
1.5897985168004394
1.5869234290597247
1.584423352763451
1.5827983031708732
1.5807982421338542
1.5794232001709037
1.5771731315042574
1.5750480666524247
1.5726729941709647
1.5699229102450638
1.567047822504349
1.564297738578448
1.5592975859859004
1.5536724143192846
1.5479222388378553
1.5399219946897795
1.530671712393567
1.522171452986236
1.51279616687521
1.5029208655049286
1.493295571764275
1.4859203466902677
1.4789201330607014
1.4729199499496444
1.4704198736533707
1.4707948850978119
1.4747950071718496
1.4836702780236213
1.4981707205420087
1.5185463423566392
1.5454221625415814
1.5786731772820215
1.6187994018372145
1.6658008362071597
1.7188024536881619
1.7778042542802208
1.8414311960203864
1.9080582293160804
1.9776853541673025
2.0450624103518784
2.109439374980926
2.168316171758171
2.218567705313273
2.2571938840907007
2.281444624164556
2.2919449446089053
2.288819849238563
2.270694296090579
2.2406933805352947
2.197817072054201
2.1438154240546896
2.080938505203406
2.0115613879818106
1.9373091219824825
1.8613068025757622
1.7899296243171485
1.7211775261696218
1.657800592059084
1.6002988372447888
1.5506723227637564
1.5070459913937804
1.4716699118015075
1.4430440382091738
1.4221684011352886
1.4079179662465284
1.4011677602465895
1.3991676992095705
1.4027928098391673
1.4102930387279886
1.4219183935056612
1.4352938016907255
1.449669240394299
1.4656697286904508
1.480670186468093
1.4955456404309213
1.509546067690054
1.522171452986236
1.5324217658009582
1.5421720633564255
1.5502973113193153
1.5569225135044404
1.561797662282174
1.566172795800653
1.5697979064302499
1.5724229865413375
1.57454805139317
1.5767981200598165
1.5780481582079533
1.5790481887264625
1.5811732535782954
1.5819232764671776
1.583298318430128
1.5842983489486373
1.586048402356029
1.5871734366893522
1.5881734672078616
1.5895485091708121
1.5912985625782037
1.5932986236152227
1.5944236579485458
1.5972987456892607
1.5992988067262794
1.601048860133671
1.6035489364299447
1.6059240089114046
1.6085490890224923
1.6107991576891385
1.6136742454298534
1.6167993408001955
1.6195494247260964
1.6230495315408795
1.6265496383556628
1.629299722281564
1.633549851985229
1.637924985503708
1.6404250617999818
1.6448001953184606
1.6491753288369395
1.6531754509109775
1.6575505844294565
1.663300759910886
1.668050904873806
1.673676076540422
1.6783012176885281
1.6829263588366346
1.6889265419476913
1.6943017059846797
1.7000518814661092
1.7054270455030978
1.7114272286141545
1.7174274117252115
1.7241776177251504
1.729427777947325
1.7363029877620777
1.7426781823175757
1.7474283272804958
1.7536785180211798
1.7596787011322368
1.7651788689840389
1.7705540330210272
1.7771792352061526
1.7826794030579547
1.7883045747245705
1.7936797387615588
1.7986798913541064
1.8029300210577714
