1.647425275429548
1.6549255043183693
1.6619257179479354
1.6698009582811977
1.6766761680959503
1.6834263740958892
1.6900515762810144
1.6963017670216987
1.7019269386883145
1.7089271523178808
1.7143023163548692
1.7188024536881619
1.724302621539964
1.7280527359843745
1.7309278237250891
1.7341779229102452
1.735427961058382
1.7368030030213324
1.7363029877620777
1.735802972502823
1.7351779534287546
1.7338029114658042
1.731052827539903
1.7278027283547472
1.7241776177251504
1.7194274727622303
1.7139273049104282
1.7085521408734399
1.702176946317942
1.695801751762444
1.6896765648365732
1.682676351207007
1.675176122318186
1.668050904873806
1.6611756950590533
1.6531754509109775
1.6463002410962249
1.639550035096286
1.632424817651906
1.6262996307260353
1.6197994323557239
1.614174260689108
1.6076740623187964
1.602673909726249
1.5984237800225838
1.592798608355968
1.5892985015411847
1.5839233375041963
1.5807982421338542
1.5759230933561206
1.5737980285042878
1.5692978911709952
1.566297799615467
1.5631727042451247
1.5592975859859004
1.5542974333933532
1.547547227393414
1.5414220404675436
1.5332967925046541
1.52467152928251
1.5151712393566699
1.5054209418012026
1.4934205755790888
1.4820452284310435
1.4707948850978119
1.4597945493942077
1.4506692709128086
1.4464191412091434
1.4461691335795162
1.4522943205053866
1.4642946867275002
1.48429529709769
1.5124211554307687
1.5480472426526688
1.5931736198004092
1.6456752220221567
1.7073021027253028
1.7788042847987304
1.8576816919461654
1.9400592059083834
2.0200616473891415
2.0943139133884703
2.159690908536027
2.210567461165197
2.2471935789056063
2.2659441511276586
2.27344438001648
2.2550688192388684
2.218067690054018
2.1645660573137606
2.0993140659810177
2.0253118076113164
1.9443093356120487
1.861806817835017
1.778679280983917
1.6999268776512955
1.626424634540849
1.5629226966154972
1.5080460219122898
1.4639196752830592
1.4302936490981781
1.4059179052095097
1.3905424359874266
1.3832922147282327
1.3832922147282327
1.389917416913358
1.4015427716910305
1.4169182409131138
1.433918759727775
1.4522943205053866
1.4701698660237434
1.4870453810235909
1.503170873134556
1.515546250801111
1.5276716208380383
1.5375469222083193
1.5450471510971404
1.5517973570970793
1.556797509689627
1.560672627948851
1.563047700430311
1.5666728110599077
1.5686728720969267
1.5710479445783867
1.5744230475783563
1.576548112430189
1.5791731925412764
1.5814232612079226
1.5835483260597554
1.58642341380047
1.58879848628193
1.591923581652272
1.5952986846522417
1.5994238105410932
1.6032989288003174
1.607424054689169
1.6111741691335797
1.6142992645039216
1.6192994170964692
1.6236745506149481
1.6285496993926818
1.6327998290963468
1.63867500839259
1.6448001953184606
1.649425336466567
1.6560505386516924
1.6613006988738672
1.6674258857997375
1.6748011108737448
1.6803012787255471
1.6865514694662314
1.6931766716513565
1.7003018890957367
1.7075521103549303
1.7140523087252417
1.7218025452436905
1.7284277474288157
1.735302957243568
1.7424281746879482
1.749678395947142
1.7558035828730125
1.7626787926877652
1.7705540330210272
1.7763042085024567
1.7834294259468366
1.7894296090578936
1.7956797997985778
1.8021799981688895
1.8058051087984863
1.8115552842799159
1.8164304330576495
1.8200555436872463
1.8244306772057253
1.8285558030945768
1.8324309213538013
1.8351810052797022
1.8385561082796718
1.840806176946318
1.8411811883907592
1.8431812494277782
1.8440562761314738
1.8441812799462873
1.844306283761101
1.8439312723166599
1.8429312417981507
1.8416812036500139
1.8395561387981811
1.8368060548722802
1.8335559556871244
1.830055848872341
1.8260557267983033
1.8219306009094518
1.8171804559465317
1.8129303262428662
1.807180150761437
1.8016799829096348
1.7965548265022737
1.7903046357615895
1.7835544297616506
1.7771792352061526
1.7710540482802821
1.7640538346507157
1.757178624835963
1.7506784264656514
1.743303201391644
1.736552995391705
1.7299277932065797
1.7225525681325726
1.7153023468733786
1.708802148503067
1.7011769157994323
1.693801690725425
1.6869264809106725
1.6800512710959197
1.6720510269478437
1.6669258705404828
1.660550675984985
1.654550492873928
1.6475502792443617
1.6415500961333047
1.6360499282815029
1.6306747642445143
1.6247995849482713
1.6201744438001648
1.61492428357799
1.6104241462446975
1.606174016541032
1.6021738944669943
1.5980487685781428
1.5931736198004092
1.590423535874508
1.5866734214300973
1.5831733146153144
1.5806732383190405
1.578923184911649
1.5752980742820522
1.5731730094302194
1.5711729483932007
1.5690478835413677
1.56742283394879
1.5649227576525162
1.563047700430311
1.561797662282174
1.5600476088747826
1.559047578356273
1.55792254402295
1.5565475020599995
1.5561724906155583
1.5554224677266761
1.5545474410229805
1.55317239906003
1.5529223914304024
1.5521723685415205
1.5517973570970793
1.5519223609118933
1.5512973418378246
1.5512973418378246
1.5509223303933837
1.5514223456526384
1.5505473189489425
1.5502973113193153
1.5505473189489425
1.550422315134129
1.5501723075045015
1.550422315134129
1.55079732657857
1.5506723227637564
1.5510473342081972
1.551547349467452
1.551547349467452
1.5511723380230111
1.5512973418378246
1.5512973418378246
1.5519223609118933
1.5530473952452162
1.55317239906003
1.5545474410229805
1.5536724143192846
1.554672444837794
1.5549224524674214
1.555172460097049
1.556797509689627
1.557797540208136
1.5584225592822047
1.5596725974303416
1.5607976317636647
1.5636727195043794
1.5651727652821437
1.5675478377636038
1.5697979064302499
1.5719229712820828
1.5754230780968657
1.5780481582079533
1.5801732230597858
1.5849233680227057
1.5881734672078616
1.5934236274300364
1.598673787652211
1.6032989288003174
1.6089241004669332
1.6146742759483628
1.6200494399853511
1.6261746269112216
1.6321748100222786
1.6394250312814722
1.6456752220221567
1.653425458540605
1.6608006836146123
1.6679259010589922
1.6743010956144901
1.6813013092440567
1.6880515152439954
1.6950517288735618
1.7010519119846188
1.7071770989104893
1.713177282021546
1.718427442243721
1.7226775719473861
1.7269277016510514
1.7300527970213935
1.733052888576922
1.735427961058382
1.7361779839472642
1.7363029877620777
1.7361779839472642
1.7351779534287546
1.7336779076509903
1.7315528427991578
1.7285527512436292
1.725052644428846
1.719927488021485
1.7159273659474472
1.7093021637623218
1.703676992095706
1.6966767784661398
1.6909266029847103
1.683926389355144
1.6766761680959503
1.6699259620960112
1.662800744651631
1.6555505233924375
1.6485503097628713
1.6408000732444226
1.634299874874111
1.6275496688741722
1.6211744743186742
1.614174260689108
1.609424115726188
1.6040489516891996
1.5992988067262794
1.5940486465041048
1.5890484939115572
1.5849233680227057
1.580923245948668
1.5771731315042574
1.5736730246894741
1.5710479445783867
1.5672978301339764
1.5640477309488205
1.559922605059969
1.5550474562822352
1.5505473189489425
1.5426720786156805
1.534921842097232
1.526546586504715
1.5170462965788751
1.5072959990234076
1.495670644245735
1.48429529709769
1.4726699423200171
1.4617946104312267
1.4527943357646413
1.447294167912839
1.4459191259498887
1.4502942594683677
1.4615446028015993
1.4805451826532792
1.5062959685048982
1.5411720328379164
1.583298318430128
1.6347998901333658
1.6949267250587483
1.763928830835902
1.8413061922055727
1.923683706167791
2.004436170537431
2.080188482314524
2.1470655232398452
2.202317209387494
2.24156840723899
2.264444105349895
2.272944364757225
2.2615690176091796
2.2269429609057894
2.175816400646992
2.112189458906827
2.039562242500076
1.958809778130436
1.877682302316355
1.7943047578356275
1.7149273354289376
1.6398000427259134
1.5722979827265235
1.5175463118381298
1.471544907986694
1.4357938169499802
1.4096680196539202
1.3929175084688865
1.3839172338023011
1.3829172032837918
1.38829236732078
1.399042695394757
1.4136681417279582
1.4311686758018738
1.4490442213202308
1.467169774468215
1.4839202856532487
1.4995457625049593
1.5131711783196509
1.5251715445417646
1.5362968840601827
1.544047120578631
1.5506723227637564
1.5556724753563036
1.559797601245155
1.5627976928006837
1.566172795800653
1.568172856837672
1.5712979522080142
1.5735480208746606
1.5761731009857478
1.5780481582079533
1.58167326883755
1.5826732993560595
1.5857983947264016
1.5886734824671163
1.5915485702078311
1.595173680837428
1.5985487838373975
1.6021738944669943
1.6056740012817774
1.61017413861507
1.613799249244667
1.6191744132816552
1.622924527726066
1.627674672688986
1.632299813837092
1.6376749778740807
1.6428001342814416
1.6486753135776848
1.654550492873928
1.6606756797997986
1.6665508590960418
1.673551072725608
1.6794262520218513
1.6856764427625355
1.6920516373180334
1.6988018433179723
1.7058020569475387
1.7126772667622914
1.719927488021485
1.7275527207251198
1.7340529190954315
1.7410531327249978
1.7481783501693777
1.7545535447248757
1.7616787621692556
1.7685539719840082
1.7750541703543201
1.781679372539445
1.788054567094943
1.7941797540208135
1.8001799371318705
1.805180089724418
1.81068025757622
1.8156804101687674
1.8196805322428053
1.8240556657612843
1.8278057802056948
1.8314308908352916
1.8349309976500747
1.837306070131535
1.8399311502426223
1.8418062074648274
1.8421812189092686
1.8439312723166599
1.8444312875759148
1.8440562761314738
1.8430562456129642
1.8429312417981507
1.8414311960203864
1.8401811578722496
1.8371810663167212
1.8350560014648885
1.830930875576037
1.8275557725760676
1.8226806237983337
1.818180486465041
1.81305533005768
1.8088052003540147
1.803180028687399
1.7970548417615282
1.7911796624652854
1.7854294869838556
1.7784292733542895
1.77267909787286
1.765803888058107
1.7583036591692862
1.7519284646137883
1.7453032624286628
1.7379280373546557
1.731427838984344
1.7241776177251504
1.717177404095584
1.7089271523178808
1.7026769615771966
1.695426740318003
1.6884265266884364
1.6813013092440567
1.6748011108737448
1.6683009125034334
1.6620507217627492
1.6555505233924375
1.6493003326517535
1.6424251228370008
1.6371749626148258
1.6317997985778374
1.625674611651967
1.6211744743186742
1.6167993408001955
1.6120491958372754
1.6076740623187964
1.6034239326151312
1.5990487990966522
1.5941736503189183
1.5916735740226449
1.5886734824671163
1.5839233375041963
1.5815482650227364
1.5780481582079533
1.5760480971709343
1.5735480208746606
1.5714229560228279
1.569422894985809
1.5666728110599077
1.5656727805413984
1.5635477156895659
1.5615476546525469
1.56029761650441
1.559797601245155
1.5581725516525773
1.556797509689627
1.5561724906155583
1.55554747154149
1.5552974639118626
1.5542974333933532
1.5529223914304024
1.552672383800775
1.551547349467452
1.5517973570970793
1.5517973570970793
1.5511723380230111
1.5509223303933837
1.5510473342081972
1.5510473342081972
1.5512973418378246
1.550422315134129
1.550422315134129
1.5501723075045015
1.5501723075045015
1.5511723380230111
1.5506723227637564
1.5509223303933837
1.5509223303933837
1.5509223303933837
1.5511723380230111
1.5512973418378246
1.551547349467452
1.5514223456526384
1.5517973570970793
1.552672383800775
1.552797387615589
1.5536724143192846
1.554797448652608
1.555172460097049
1.5557974791711173
1.556797509689627
1.557797540208136
1.5584225592822047
1.5594225898007141
1.5609226355784784
1.5629226966154972
1.5645477462080752
1.5669228186895352
1.5696729026154363
1.5720479750968963
1.5734230170598467
1.5770481276894437
1.5801732230597858
1.5836733298745689
1.5876734519486069
1.5917985778374584
1.5969237342448195
1.6021738944669943
1.6072990508743554
1.6129242225409712
1.6177993713187049
1.6244245735038303
1.6309247718741418
1.6372999664296397
1.6440501724295786
1.6524254280220954
1.6584256111331521
1.6656758323923462
1.6728010498367258
1.6798012634662924
1.6869264809106725
1.6933016754661703
1.6995518662068545
1.70617706839198
1.711177220984527
1.7183024384289072
1.7218025452436905
1.7258026673177282
1.7304278084658344
1.73230286568804
1.7344279305398724
1.7360529801324502
1.7361779839472642
1.7361779839472642
1.735302957243568
1.7339279152806177
1.7320528580584125
1.7291777703176978
1.7260526749473555
1.7216775414288765
1.7174274117252115
1.711177220984527
1.7054270455030978
1.6990518509475998
1.6925516525772883
1.6864264656514176
1.6788012329477828
1.671676015503403
1.6654258247627187
1.6584256111331521
1.6501753593554491
1.6433001495406965
1.6365499435407576
1.6295497299111912
1.623299539170507
1.6176743675038912
1.6106741538743248
1.6052989898373364
1.6007988525040437
1.596298715170751
1.5912985625782037
1.5861734061708426
1.58167326883755
1.5780481582079533
1.57454805139317
1.5717979674672689
1.5686728720969267
1.56504776146733
1.5616726584673606
1.556797509689627
1.5517973570970793
1.5450471510971404
1.537671926023133
1.5297966856898708
1.5201713919492172
1.5100460829493088
1.4987957396160771
1.488170415356914
1.476295052949614
1.465544724875637
1.4552944120609148
1.4484192022461622
1.4455441145054475
1.4482941984313487
1.4567944578386791
1.4727949461348309
1.4964206671346172
1.5276716208380383
1.5672978301339764
1.6164243293557543
1.6733010650959808
1.7395530869472335
1.814305368205817
1.8954328440198982
1.9773103427228613
2.0554377269814146
2.1253148594622635
2.184191656239509
2.228943021942808
2.2578189031647695
2.2696942655720695
2.2680692159794917
2.240943388164922
2.1954419995727408
2.1356901760917997
2.0660630512405773
1.9876856593523973
1.9064331797235021
1.8235556505020296
1.7424281746879482
1.6655508285775322
1.5955486922818691
1.5357968688009278
1.4870453810235909
1.4476691793572802
1.4179182714316232
1.3980426648762476
1.3865423139133886
1.3825421918393506
1.3857922910245064
1.3941675466170234
1.4080429700613422
1.4241684621723076
1.4422940153202919
1.4605445722830899
1.4774200872829373
1.49379558702353
1.5085460371715445
1.5207964110232857
1.5319217505417035
1.5414220404675436
1.5479222388378553
1.5537974181340983
1.5585475630970183
1.561922666096988
1.5645477462080752
1.5676728415784174
1.570172917874691
1.5732980132450332
1.574923062837611
1.5777981505783258
1.5801732230597858
1.582048280281991
1.5846733603930783
1.5877984557634206
1.590423535874508
1.5934236274300364
1.5970487380596332
1.6000488296151616
1.6045489669484543
1.6082990813928648
1.6124242072817165
1.6161743217261269
1.620924466689047
1.6259246192815942
1.6301747489852596
1.6364249397259438
1.6408000732444226
1.6468002563554796
1.6524254280220954
1.6584256111331521
1.6646758018738366
1.6706759849848933
1.6759261452070682
1.6835513779107028
1.6893015533921325
1.6959267555772577
1.7030519730216378
1.7099271828363902
1.7170524002807703
1.7244276253547777
1.7315528427991578
1.7386780602435379
1.7453032624286628
1.7521784722434155
1.7590536820581684
1.765928891872921
1.7725540940580462
1.7789292886135442
1.7854294869838556
1.7923046967986085
1.7976798608355968
1.8033050325022126
1.8080551774651326
1.813430341502121
1.8184304940946685
1.8220556047242653
1.826930753501999
1.8301808526871548
1.8336809595019379
1.8363060396130253
1.8393061311685537
1.8410561845759452
1.8421812189092686
1.8431812494277782
1.8441812799462873
1.8438062685018464
1.8441812799462873
1.8444312875759148
1.8420562150944548
1.840806176946318
1.8389311197241127
1.835306009094516
1.8315558946501054
1.8288058107242042
1.8244306772057253
1.8200555436872463
1.8156804101687674
1.8101802423169653
1.8049300820947904
1.7996799218726158
1.7945547654652547
1.788054567094943
1.781679372539445
1.7745541550950652
1.7686789757988222
1.7614287545396283
1.754428540910062
1.7474283272804958
1.7408031250953704
1.7339279152806177
1.727052705465865
1.719927488021485
1.713177282021546
1.70617706839198
1.698176824243904
1.6911766106143375
1.6841763969847714
1.6785512253181556
1.6714260078737755
1.6644257942442091
1.6580505996887114
1.6519254127628407
1.6456752220221567
1.6408000732444226
1.6347998901333658
1.6286747032074953
1.6225495162816248
1.6179243751335184
1.613799249244667
1.6091741080965607
1.6044239631336406
1.6007988525040437
1.596798730430006
1.5929236121707817
1.5889234900967437
1.586048402356029
1.5827983031708732
1.5799232154301586
1.57692312387463
1.57454805139317
1.57217297891171
1.5704229255043185
1.568172856837672
1.565797784356212
1.5644227423932615
1.5621726737266153
1.5612976470229194
1.5594225898007141
1.5595475936155279
1.5580475478377636
1.5564224982451857
1.5560474868007448
1.5552974639118626
1.5544224372081668
1.5534224066896571
1.5530473952452162
1.5520473647267068
1.551547349467452
1.5506723227637564
1.551547349467452
1.5519223609118933
1.5514223456526384
1.55079732657857
1.5506723227637564
1.5514223456526384
1.5505473189489425
1.5499222998748743
1.550422315134129
1.5501723075045015
1.550422315134129
1.5506723227637564
1.5512973418378246
1.55079732657857
1.5516723532822658
1.551547349467452
1.5511723380230111
1.5521723685415205
1.5521723685415205
1.5525473799859615
1.55317239906003
1.553547410504471
1.5541724295785393
1.555172460097049
1.554797448652608
1.5561724906155583
1.556672505874813
1.558297555467391
1.5592975859859004
1.5601726126895963
1.5621726737266153
1.563422711874752
1.5655477767265848
1.5682978606524856
1.5702979216895046
1.5742980437635425
1.5757980895413068
1.578923184911649
1.5821732840968048
1.586048402356029
1.5912985625782037
1.594798669392987
1.5996738181707206
1.60542399365215
1.61017413861507
1.616549333170568
1.6221745048371838
1.6285496993926818
1.6354249092074344
1.6416750999481187
1.6486753135776848
1.655425519577624
1.6626757408368176
1.6701759697256386
1.6769261757255778
1.6829263588366346
1.6908015991698966
1.6969267860957673
1.7028019653920103
1.708802148503067
1.714427320169683
1.719552476577044
1.724302621539964
1.7281777397991884
1.7318028504287852
1.7333028962065493
1.7356779686880093
1.7360529801324502
1.7363029877620777
1.7359279763176367
1.734552934354686
1.7325528733176672
1.730677816095462
1.7274277169103063
1.7233025910214546
1.718427442243721
1.7135522934659873
1.707677114169744
1.7010519119846188
1.6951767326883755
1.6886765343180639
1.6818013245033114
1.6746761070589313
1.667300881984924
1.6606756797997986
1.6533004547257912
1.6460502334665976
1.6390500198370312
1.632299813837092
1.625299600207526
1.6194244209112827
1.6136742454298534
1.608174077578051
1.6025489059114353
1.5974237495040742
1.5926736045411543
1.5869234290597247
1.584423352763451
1.5799232154301586
1.5757980895413068
1.57217297891171
1.5692978911709952
1.5667978148747217
1.5626726889858698
1.559172582171087
1.5536724143192846
1.5479222388378553
1.5404220099490342
1.5326717734305857
1.5239215063936278
1.5140462050233467
1.5034208807641836
1.492545548875393
1.4809201940977201
1.4694198431348613
1.458794518875698
1.450169255653554
1.4456691183202612
1.4469191564683983
1.452919339579455
1.4661697439497057
1.4870453810235909
1.5150462355418564
1.5517973570970793
1.5974237495040742
1.6509253822443313
1.7126772667622914
1.784929471724601
1.8646819055757318
1.9469344157231363
2.027186864833521
2.1005641041291545
2.1641910458693197
2.2150675984984893
2.249568651387066
2.267194189275796
2.273319376201666
2.2538187810907315
2.2141925717947935
2.1594409009064
2.092438856166265
2.017936582537309
1.9368091067232276
1.8540565813165686
1.7719290749839778
1.6930516678365428
1.620924466689047
1.5564224982451857
1.5034208807641836
1.460794579912717
1.427543565172277
1.404542863246559
1.3904174321726128
1.3832922147282327
1.383667226172674
1.3904174321726128
1.40254280220954
1.418793298135319
1.4356688131351665
1.454169377727592
1.471544907986694
1.4882954191717277
1.5037958922086248
1.516296273689993
1.5282966399121067
1.5379219336527605
1.5456721701712088
1.5510473342081972
1.557172521134068
1.5607976317636647
1.5636727195043794
1.5659227881710258
1.5690478835413677
1.5706729331339457
1.5746730552079835
1.5761731009857478
1.5794232001709037
1.581298257393109
1.584423352763451
1.5866734214300973
1.5892985015411847
1.5920485854670858
1.5955486922818691
1.5994238105410932
1.6025489059114353
1.6071740470595417
1.6109241615039522
1.6151742912076175
1.6194244209112827
1.6239245582445754
1.6286747032074953
1.6339248634296701
1.6388000122074038
1.6451752067629017
1.6504253669850764
1.6559255348368787
1.662800744651631
1.6683009125034334
1.6741760917996766
1.6813013092440567
1.6871764885402998
1.693801690725425
1.7006769005401776
1.707677114169744
1.714427320169683
1.7216775414288765
1.7293027741325113
1.7359279763176367
1.742553178502762
1.7498033997619558
1.7565536057618945
1.763553819391461
1.7706790368358412
1.7769292275765252
1.7831794183172094
1.7895546128727073
1.7953047883541369
1.8018049867244483
1.8065551316873685
1.8120552995391705
1.8168054445020907
1.8203055513168738
1.8250556962797937
1.828930814539018
1.8328059327982422
1.8366810510574663
1.838431104464858
1.8405561693166905
1.8415561998352001
1.8439312723166599
1.844306283761101
1.8439312723166599
1.8439312723166599
1.8435562608722191
1.8436812646870329
1.8411811883907592
1.8390561235389262
1.8366810510574663
1.8336809595019379
1.8298058412427136
1.8260557267983033
1.8213055818353832
1.8166804406872767
1.8121803033539843
1.805555101168859
1.801554979094821
1.7959298074282053
1.7905546433912167
1.7838044373912778
1.776554216132084
1.7705540330210272
1.7641788384655293
1.7576786400952178
1.7501784112063965
1.7434282052064578
1.736552995391705
1.729052766502884
1.7224275643177587
1.7150523392437513
1.708802148503067
1.7006769005401776
1.6939266945402387
1.6868014770958586
1.679551255836665
1.6734260689107945
1.666425855281228
1.6603006683553576
1.6544254890591144
1.6480502945036166
1.6424251228370008
1.6360499282815029
1.6301747489852596
1.6246745811334575
1.6197994323557239
1.6150492873928037
1.6102991424298836
1.6057990050965911
1.6022988982818078
1.5981737723929563
1.5940486465041048
1.5905485396893215
1.587298440504166
1.583298318430128
1.5804232306894133
1.5780481582079533
1.5754230780968657
1.5734230170598467
1.5709229407635732
1.5687978759117405
1.566172795800653
1.56504776146733
1.5625476851710562
1.561047639393292
1.56029761650441
1.559797601245155
1.5574225287636951
1.5565475020599995
1.5560474868007448
1.5552974639118626
1.554672444837794
1.5530473952452162
1.55317239906003
1.5525473799859615
1.5517973570970793
1.551547349467452
1.5511723380230111
1.5514223456526384
1.5512973418378246
1.5509223303933837
1.5511723380230111
1.5502973113193153
1.5506723227637564
1.5505473189489425
1.5500473036896878
1.5505473189489425
1.5501723075045015
1.5506723227637564
1.55079732657857
1.5511723380230111
1.5512973418378246
1.5509223303933837
1.5516723532822658
1.5517973570970793
1.551547349467452
1.5522973723563342
1.5529223914304024
1.55317239906003
1.5537974181340983
1.5550474562822352
1.5556724753563036
1.5550474562822352
1.555922482985931
1.5575475325785089
1.5584225592822047
1.5600476088747826
1.5609226355784784
1.5635477156895659
1.565422772911771
1.567797845393231
1.5696729026154363
1.5719229712820828
1.57454805139317
1.5775481429486986
1.5810482497634815
1.5854233832819604
1.5890484939115572
1.5936736350596639
1.5989237952818385
1.6036739402447586
1.6087990966521197
1.6140492568742943
1.6199244361705374
1.626424634540849
1.6329248329111608
1.6391750236518448
1.6463002410962249
1.653800469985046
1.6603006683553576
1.6675508896145512
1.6748011108737448
1.6820513321329387
1.6880515152439954
1.6949267250587483
1.7014269234290598
1.7071770989104893
1.712052247688223
1.7181774346140937
1.7225525681325726
1.7264276863917967
1.7308028199102756
1.733052888576922
1.7344279305398724
1.735802972502823
1.7370530106509599
1.7356779686880093
1.7351779534287546
1.7336779076509903
1.7311778313547166
1.7289277626880704
1.7246776329844051
1.7200524918362987
1.7156773583178198
1.7095521713919493
1.7033019806512648
1.6970517899105808
1.6904265877254554
1.683926389355144
1.6769261757255778
1.669175939207129
1.6630507522812585
1.6553005157628102
1.6483003021332439
1.64105008087405
1.6341748710592976
1.627174657429731
1.6215494857631152
1.6157993102816859
1.6089241004669332
1.6040489516891996
1.5990487990966522
1.5941736503189183
1.5900485244300668
1.5850483718375195
1.5811732535782954
1.57692312387463
1.5731730094302194
1.5697979064302499
1.5675478377636038
1.5635477156895659
1.5596725974303416
1.55554747154149
1.5489222693563647
1.5425470748008667
1.534921842097232
1.5267965941343424
1.5167962889492477
1.5061709646900845
1.4961706595049897
1.48429529709769
1.4725449385052034
1.4616696066164128
1.4526693319498276
1.4469191564683983
1.4456691183202612
1.450919278542436
1.4615446028015993
1.4799201635792107
1.506420972319712
1.5407970213934752
1.583298318430128
1.635174901577807
1.6953017365031893
1.7643038422803432
1.8421812189092686
1.9248087405011138
2.0059362163151953
2.081813531907102
2.1483155613879816
2.2024422132023074
2.24156840723899
2.264319101535081
2.272694357127598
2.2605689870906707
2.2261929380169074
2.1750663777581107
2.111064424573504
2.037812189092685
1.9586847743156224
1.8761822565385906
1.7931797235023041
1.7134272896511735
1.6390500198370312
1.57217297891171
1.5166712851344342
1.4709198889126254
1.4355438093203527
1.4094180120242927
1.392667500839259
1.38354222235786
1.383167210913419
1.38829236732078
1.3991676992095705
1.4139181493575854
1.4309186681722466
1.449294228949858
1.4680448011719107
1.4837952818384352
1.4994207586901458
1.513546189764092
1.525796563615833
1.5360468764305553
1.5441721243934445
1.5506723227637564
1.5574225287636951
1.559797601245155
1.5632977080599384
1.565422772911771
1.568547868282113
1.5716729636524553
1.5732980132450332
1.5757980895413068
1.578923184911649
1.5814232612079226
1.5836733298745689
1.5859233985412151
1.5886734824671163
1.5915485702078311
1.594673665578173
1.5981737723929563
1.6020488906521806
1.6060490127262186
1.61017413861507
1.6139242530594806
1.6167993408001955
1.6230495315408795
1.6282996917630543
1.6320498062074649
1.637549974059267
1.6434251533555102
1.6491753288369395
1.6550505081331828
1.6608006836146123
1.6670508743552965
1.6730510574663533
1.6790512405774103
1.6860514542069764
1.691426618243965
1.6990518509475998
1.705677053132725
1.713177282021546
1.7203024994659262
1.7275527207251198
1.7344279305398724
1.741678151799066
1.7489283730582599
1.755178563798944
1.761928769798883
1.7689289834284494
1.775429181798761
1.7821793877986998
1.7884295785393842
1.7948047730948822
1.8006799523911254
1.8058051087984863
1.8114302804651021
1.8153053987243264
1.8198055360576189
1.8243056733909115
1.828930814539018
1.8319309060945466
1.8350560014648885
1.838056093020417
1.8401811578722496
1.8421812189092686
1.8436812646870329
1.8439312723166599
1.8444312875759148
1.8449313028351695
1.8435562608722191
1.8431812494277782
1.8414311960203864
1.8395561387981811
1.8370560625019074
1.8338059633167516
1.8301808526871548
1.826555742057558
1.8226806237983337
1.8179304788354138
1.8121803033539843
1.8084301889095737
1.8024300057985168
1.7970548417615282
1.7915546739097263
1.7854294869838556
1.7776792504654073
1.7715540635395368
1.76555388042848
1.7580536515396588
1.7513034455397198
1.7440532242805262
1.737428022095401
1.7301778008362072
1.7236776024658955
1.716427381206702
1.708802148503067
1.7020519425031282
1.6946767174291208
1.6881765190588092
1.6808012939848018
1.6754261299478135
1.6679259010589922
1.6610506912442398
1.6550505081331828
1.6486753135776848
1.6424251228370008
1.6364249397259438
1.6306747642445143
1.6254246040223395
1.6197994323557239
1.6154242988372447
1.6109241615039522
1.6067990356151007
1.6022988982818078
1.598673787652211
1.5940486465041048
1.5912985625782037
1.5874234443189794
1.5835483260597554
1.581298257393109
1.5775481429486986
1.5759230933561206
1.5732980132450332
1.5706729331339457
1.5696729026154363
1.5666728110599077
1.5640477309488205
1.564172734763634
1.5614226508377331
1.559797601245155
1.5589225745414594
1.55792254402295
1.5570475173192542
1.5556724753563036
1.5554224677266761
1.554672444837794
1.5550474562822352
1.55317239906003
1.5525473799859615
1.5520473647267068
1.551547349467452
1.5519223609118933
1.5512973418378246
1.5511723380230111
1.5514223456526384
1.5510473342081972
1.549547288430433
1.5506723227637564
1.5505473189489425
1.5505473189489425
1.5502973113193153
1.55079732657857
1.5512973418378246
1.5509223303933837
1.5514223456526384
1.5511723380230111
1.5505473189489425
1.5514223456526384
1.5517973570970793
1.5514223456526384
1.5524223761711478
1.5525473799859615
1.5529223914304024
1.554672444837794
1.554672444837794
1.5552974639118626
1.55554747154149
1.5570475173192542
1.5572975249488816
1.559047578356273
1.5600476088747826
1.561047639393292
1.5631727042451247
1.565422772911771
1.56742283394879
1.5697979064302499
1.5720479750968963
1.5730480056154057
1.5777981505783258
1.5806732383190405
1.5842983489486373
1.5885484786523028
1.5929236121707817
1.5975487533188881
1.602673909726249
1.608174077578051
1.613799249244667
1.6192994170964692
1.6255496078371532
1.6317997985778374
1.6384250007629628
1.6454252143925292
1.6529254432813503
1.6595506454664755
1.6670508743552965
1.6741760917996766
1.6808012939848018
1.6876765037995543
1.6940516983550522
1.700551896725364
1.7065520798364209
1.712427259132664
1.717552415540025
1.7223025605029452
1.7261776787621694
1.730302804651021
1.733052888576922
1.7346779381694999
1.7356779686880093
1.7370530106509599
1.735802972502823
1.7355529648731955
1.7336779076509903
1.731427838984344
1.728302743614002
1.7251776482436598
1.7210525223548083
1.7154273506881925
1.7109272133548998
1.7045520187994019
1.697801812799463
1.6911766106143375
1.684676412244026
1.6778012024292734
1.6704259773552659
1.6630507522812585
1.6561755424665061
1.649050325022126
1.6411750846888638
1.6350498977629933
1.628424695577868
1.6217994933927427
1.6156743064668722
1.6106741538743248
1.6047989745780817
1.5996738181707206
1.5949236732078005
1.589923520615253
1.5854233832819604
1.5814232612079226
1.5771731315042574
1.5741730399487288
1.5706729331339457
1.5672978301339764
1.5644227423932615
1.5607976317636647
1.555922482985931
1.5510473342081972
1.5436721091341898
1.5360468764305553
1.5280466322824793
1.517796319467757
1.5080460219122898
1.4974206976531268
1.4855453352458265
1.473919980468154
1.4629196447645496
1.453669362468337
1.447794183172094
1.4455441145054475
1.449294228949858
1.4596695455793938
1.477045075838496
1.5022958464308604
1.5362968840601827
1.5776731467635121
1.6282996917630543
1.6874264961699272
1.7560535905026398
1.8325559251686148
1.9145584276863918
1.9958109073152868
2.0731882686849574
2.140815332499161
2.1966920377208776
2.237443281350139
2.262694051942503
2.271944334238716
2.2640690939054537
2.2316931058687097
2.182441602832118
2.120064699240089
2.0476874904629656
1.9691850947599718
1.8865575731681266
1.80355504013184
1.723552598651082
1.6480502945036166
1.5810482497634815
1.5230464796899321
1.4764200567644277
1.439418927579577
1.4116680806909392
1.3945425580614643
1.3850422681356243
1.3829172032837918
1.3869173253578295
1.3982926725058749
1.4117930845057527
1.4281685842463454
1.4471691640980255
1.4650447096163823
1.4819202246162297
1.4971706900234993
1.511921140171514
1.5239215063936278
1.5344218268379772
1.5436721091341898
1.5501723075045015
1.555172460097049
1.5595475936155279
1.5627976928006837
1.565422772911771
1.5682978606524856
1.5709229407635732
1.5731730094302194
1.5754230780968657
1.5782981658375803
1.5807982421338542
1.5821732840968048
1.5867984252449112
1.58879848628193
1.5906735435041353
1.5940486465041048
1.5981737723929563
1.6014238715781122
1.60542399365215
1.6092991119113744
1.6136742454298534
1.6179243751335184
1.6221745048371838
1.627174657429731
1.6312997833185827
1.6369249549851985
1.6421751152073734
1.6481752983184301
1.6539254737998597
1.6603006683553576
1.666050843836787
1.6726760460219123
1.6784262215033416
1.6849264198736535
1.691426618243965
1.6983018280587177
1.7054270455030978
1.7123022553178504
1.719552476577044
1.7261776787621694
1.7335529038361768
1.740178106021302
1.7483033539841915
1.7545535447248757
1.7610537430951874
1.7684289681691947
1.7748041627246927
1.780554338206122
1.7874295480208746
1.7938047425763726
1.7996799218726158
1.8044300668355358
1.809930234687338
1.8149303872798852
1.8198055360576189
1.8238056581316568
1.8276807763908811
1.831305887020478
1.83443098239082
1.8375560777611624
1.8401811578722496
1.8415561998352001
1.842306222724082
1.8436812646870329
1.844306283761101
1.8441812799462873
1.8439312723166599
1.8431812494277782
1.842306222724082
1.8395561387981811
1.8381810968352306
1.8343059785760063
1.8305558641315958
1.8271807611316264
1.8233056428724022
1.8184304940946685
1.8139303567613758
1.8085551927243873
1.80355504013184
1.7974298532059694
1.7921796929837945
1.7860545060579243
1.7798043153172398
1.7725540940580462
1.766303903317362
1.7590536820581684
1.7519284646137883
1.7455532700582903
1.7380530411694692
1.7318028504287852
1.7246776329844051
1.7181774346140937
1.7103021942808314
1.7030519730216378
1.6959267555772577
1.688301522873623
1.6820513321329387
1.6753011261329998
1.6686759239478743
1.6625507370220038
1.6560505386516924
1.6503003631702629
1.6434251533555102
1.6381749931333354
1.6327998290963468
1.6267996459852903
1.621299478133488
1.616549333170568
1.612174199652089
1.6072990508743554
1.6036739402447586
1.5992988067262794
1.5954236884670552
1.591923581652272
1.588423474837489
1.5842983489486373
1.5815482650227364
1.5787981810968352
1.5761731009857478
1.5737980285042878
1.5712979522080142
1.5692978911709952
1.56742283394879
1.565422772911771
1.5636727195043794
1.561922666096988
1.5600476088747826
1.5592975859859004
1.5580475478377636
1.557172521134068
1.5564224982451857
1.5556724753563036
1.5544224372081668
1.5534224066896571
1.5530473952452162
1.5532974028748436
1.5516723532822658
1.551547349467452
1.5514223456526384
1.55079732657857
1.5511723380230111
1.5512973418378246
1.55079732657857
1.5501723075045015
1.550422315134129
1.550422315134129
1.5502973113193153
1.550422315134129
1.550422315134129
1.550422315134129
1.5509223303933837
1.5509223303933837
1.5511723380230111
1.5514223456526384
1.5512973418378246
1.5517973570970793
1.5516723532822658
1.5519223609118933
1.5524223761711478
1.5530473952452162
1.552797387615589
1.5542974333933532
1.555172460097049
1.555922482985931
1.5562974944303722
1.5569225135044404
1.5581725516525773
1.5595475936155279
1.560672627948851
1.5627976928006837
1.5647977538377027
1.5666728110599077
1.5691728873561817
1.5714229560228279
1.5740480361339153
1.5767981200598165
1.5802982268745993
1.5836733298745689
1.5877984557634206
1.5916735740226449
1.5972987456892607
1.6014238715781122
1.6080490737632376
1.6130492263557847
1.6184243903927733
1.6250495925778985
1.630424756614887
1.6371749626148258
1.6443001800592059
1.651425397503586
1.6584256111331521
1.6655508285775322
1.6728010498367258
1.6794262520218513
1.6865514694662314
1.6929266640217293
1.6994268623920408
1.7054270455030978
1.711177220984527
1.7166773888363294
1.7210525223548083
1.7261776787621694
1.729427777947325
1.7325528733176672
1.7350529496139409
1.7360529801324502
1.7368030030213324
1.7360529801324502
1.7355529648731955
1.734302926725059
1.7318028504287852
1.7296777855769523
1.725927671132542
1.721927549058504
1.7165523850215156
1.7105522019104589
1.705677053132725
1.6991768547624133
1.6925516525772883
1.6861764580217904
1.679551255836665
1.6720510269478437
1.6646758018738366
1.6575505844294565
1.6509253822443313
1.6434251533555102
1.6365499435407576
1.6297997375408186
1.6225495162816248
1.6174243598742637
1.6116741843928344
1.6062990203558458
1.60067384868923
1.596298715170751
1.5911735587633902
1.5862984099856563
1.582048280281991
1.5782981658375803
1.5744230475783563
1.5712979522080142
1.5684228644672995
1.5651727652821437
1.5607976317636647
1.556797509689627
1.551547349467452
1.5451721549119541
1.5379219336527605
1.5299216895046848
1.519796380504776
1.5097960753196813
1.4992957548753318
1.488545426801355
1.4760450453199865
1.4652947172460096
1.455669423505356
1.4485442060609761
1.4455441145054475
1.4485442060609761
1.4571694692831203
1.4732949613940856
1.4964206671346172
1.5277966246528518
1.568172856837672
1.6175493636890774
1.6741760917996766
1.740178106021302
1.81543040253914
1.8971828974272895
1.9793104037598803
2.05731278420362
2.1270649128696557
2.1858167058320874
2.2304430677205724
2.2581939146092105
2.27106930753502
2.268569231238746
2.2399433576464127
2.193691946165349
2.1339401226844084
2.0636879787591176
1.9860606097598192
1.9039331034272287
1.8210555742057557
1.739803094576861
1.6634257637256997
1.5937986388744774
1.534546830652791
1.4851703238013856
1.4461691335795162
1.4169182409131138
1.397417645802179
1.3867923215430158
1.3825421918393506
1.3852922757652517
1.3949175695059055
1.4080429700613422
1.4247934812463758
1.4431690420239875
1.4615446028015993
1.4784201178014467
1.4947956175420394
1.5086710409863584
1.5215464339121678
1.5321717581713308
1.5414220404675436
1.54842225409711
1.5540474257637258
1.5585475630970183
1.5616726584673606
1.5646727500228887
1.5672978301339764
1.5702979216895046
1.5731730094302194
1.5750480666524247
1.5772981353190711
1.5799232154301586
1.5827983031708732
1.5849233680227057
1.5877984557634206
1.5905485396893215
1.5939236426892909
1.5974237495040742
1.601173863948485
1.6046739707632678
1.6086740928373058
1.6131742301705987
1.6166743369853815
1.6211744743186742
1.626049623096408
1.6309247718741418
1.6354249092074344
1.6408000732444226
1.6468002563554796
1.6528004394665363
1.6586756187627796
1.66480080568865
1.6710509964293345
1.6766761680959503
1.6835513779107028
1.6899265724662007
1.6961767632068852
1.7038019959105197
1.7109272133548998
1.7179274269844662
1.725052644428846
1.7321778618732262
1.7389280678731651
1.7459282815027315
1.7528034913174841
1.7596787011322368
1.7666789147618032
1.7730541093173011
1.7796793115024263
1.7866795251319927
1.79167967772454
1.7985548875392925
1.8036800439466536
1.809055207983642
1.813805352946562
1.818555497909482
1.8229306314279612
1.826930753501999
1.8299308450575276
1.8339309671315653
1.8368060548722802
1.8395561387981811
1.8413061922055727
1.8421812189092686
1.8434312570574054
1.844681295205542
1.844306283761101
1.8444312875759148
1.8433062532425917
1.8425562303537095
1.840431165501877
1.8379310892056033
1.8355560167241434
1.8323059175389873
1.8281807916501358
1.8243056733909115
1.8199305398724328
1.8145553758354442
1.809930234687338
1.8046800744651632
1.7990549027985472
1.7938047425763726
1.7875545518356883
1.7818043763542588
1.7748041627246927
1.7676789452803126
1.76080373546556
1.7536785180211798
1.7470533158360546
1.7400531022064882
1.7328028809472946
1.7260526749473555
1.7191774651326028
1.712052247688223
1.704927030243843
1.6976768089846492
1.6908015991698966
1.6841763969847714
1.6769261757255778
1.671301004058962
1.6636757713553272
1.6566755577257606
1.6515504013183995
1.6454252143925292
1.6393000274666587
1.6334248481704154
1.6279246803186131
1.6221745048371838
1.6175493636890774
1.6130492263557847
1.6085490890224923
1.6036739402447586
1.6004238410596028
1.5959237037263099
1.5926736045411543
1.5889234900967437
1.5856733909115879
1.5819232764671776
1.5797982116153446
1.5770481276894437
1.5739230323191016
1.5719229712820828
1.5700479140598773
1.5679228492080448
1.5659227881710258
1.564172734763634
1.562297677541429
1.5605476241340372
1.559797601245155
1.55792254402295
1.5575475325785089
1.5564224982451857
1.5557974791711173
1.5549224524674214
1.554672444837794
1.5534224066896571
1.5525473799859615
1.5522973723563342
1.5517973570970793
1.5510473342081972
1.55079732657857
1.5510473342081972
1.5509223303933837
1.5512973418378246
1.55079732657857
1.5502973113193153
1.5506723227637564
1.5505473189489425
1.5502973113193153
1.5505473189489425
1.5506723227637564
1.55079732657857
1.5509223303933837
1.5511723380230111
1.5511723380230111
1.5519223609118933
1.551547349467452
1.5521723685415205
1.5516723532822658
1.5522973723563342
1.55317239906003
1.5534224066896571
1.5540474257637258
1.5552974639118626
1.55554747154149
1.556797509689627
1.5570475173192542
1.558297555467391
1.559047578356273
1.5615476546525469
1.5621726737266153
1.5639227271340068
1.5659227881710258
1.5686728720969267
1.5715479598376416
1.5734230170598467
1.5762981048005615
1.57929819635609
1.5830483108005005
1.5867984252449112
1.5915485702078311
1.595173680837428
1.6004238410596028
1.6062990203558458
1.611424176763207
1.6171743522446362
1.6227995239112523
1.6297997375408186
1.6356749168370617
1.6423001190221869
1.6496753440961944
1.6561755424665061
1.6643007904293954
1.6710509964293345
1.6781762138737144
1.6854264351329082
1.6913016144291515
1.6985518356883451
1.704177007354961
1.710052186651204
1.7156773583178198
1.7209275185399944
1.7254276558732873
1.7288027588732566
1.7319278542435987
1.7344279305398724
1.7350529496139409
1.7366779992065189
1.7361779839472642
1.7356779686880093
1.734302926725059
1.7331778923917356
1.7300527970213935
1.7265526902066104
1.7223025605029452
1.7180524307992797
1.7119272438734092
1.706927091280862
1.7006769005401776
1.6948017212439344
1.687051484725486
1.6800512710959197
1.6733010650959808
1.6661758476516009
1.6590506302072208
1.651800408948027
1.6441751762443924
1.637549974059267
1.6320498062074649
1.624049562059389
1.6179243751335184
1.6126742149113438
1.6066740318002868
1.6016738792077396
1.596673726615192
1.5917985778374584
1.5874234443189794
1.582923306985687
1.5802982268745993
1.5754230780968657
1.5715479598376416
1.5692978911709952
1.5652977690969574
1.561797662282174
1.55792254402295
1.552672383800775
1.5461721854304635
1.5394219794305246
1.5311717276528216
1.5215464339121678
1.5117961363567003
1.5015458235419783
1.4901704763939327
1.4781701101718194
1.4669197668385876
1.4571694692831203
1.4491692251350443
1.4456691183202612
1.4475441755424665
1.4552944120609148
1.469919858394116
1.4922955412457657
1.522671468245491
1.5616726584673606
1.6087990966521197
1.66480080568865
1.729052766502884
1.8026800134281442
1.8845575121311076
1.967185033722953
2.0454374217963194
2.1171896114993745
2.1769414349803156
2.224567888424329
2.2551938230536823
2.269069246498001
2.2709443037202064
2.245568529313028
2.2024422132023074
2.14419043549913
2.0746883144627217
1.998185979796747
1.9170585039826655
1.8334309518723106
1.7515534531693473
1.6744260994293039
1.6039239478743859
1.5421720633564255
1.4919205298013245
1.451794305246132
1.4210433668019655
1.3996677144688254
1.3874173406170842
1.3825421918393506
1.3847922605059968
1.3930425122837
1.4060429090243234
1.4217933896908477
1.440293954283273
1.4586695150608844
1.475920041505173
1.4920455336161382
1.5072959990234076
1.5192963652455214
1.5307967162083804
1.5404220099490342
1.5480472426526688
1.5545474410229805
1.5585475630970183
1.5616726584673606
1.564297738578448
1.5671728263191627
1.5699229102450638
1.57217297891171
1.5751730704672384
1.5777981505783258
1.5799232154301586
1.5824232917264323
1.5847983642078922
1.587298440504166
1.590298532059694
1.5934236274300364
1.5964237189855648
1.6004238410596028
1.6042989593188268
1.6076740623187964
1.6127992187261575
1.6166743369853815
1.620924466689047
1.6255496078371532
1.6302997528000733
1.6349248939481797
1.6411750846888638
1.6464252449110386
1.651800408948027
1.6583006073183386
1.6645507980590228
1.6710509964293345
1.6766761680959503
1.6828013550218206
1.6901765800958282
1.695426740318003
1.702926969206824
1.7099271828363902
1.7166773888363294
1.723927610095523
1.731427838984344
1.7384280526139104
1.7450532547990356
1.752053468428602
1.7590536820581684
1.7656788842432936
1.771804071169164
1.7790542924283579
1.7854294869838556
1.7918046815393536
1.7980548722800378
1.803180028687399
1.8080551774651326
1.813430341502121
1.818180486465041
1.82255561998352
1.8256807153538621
1.8305558641315958
1.8334309518723106
1.836431043427839
1.8386811120944853
1.840806176946318
1.8425562303537095
1.8438062685018464
1.8439312723166599
1.8445562913907285
1.8440562761314738
1.8435562608722191
1.842431226538896
1.8400561540574358
1.838431104464858
1.8358060243537706
1.83205590990936
1.8284307992797633
1.8244306772057253
1.8203055513168738
1.8151803949095127
1.8101802423169653
1.805180089724418
1.8000549333170568
1.7938047425763726
1.7878045594653156
1.7809293496505632
1.774179143650624
1.7685539719840082
1.7611787469100009
1.7543035370952484
1.7473033234656818
1.740553117465743
1.7333028962065493
1.7268026978362376
1.719552476577044
1.7123022553178504
1.704927030243843
1.6971767937253945
1.6909266029847103
1.6835513779107028
1.6766761680959503
1.6704259773552659
1.6639257789849544
1.6576755882442702
1.651425397503586
1.6453002105777155
1.639550035096286
1.633549851985229
1.628049684133427
1.6226745200964385
1.6175493636890774
1.6127992187261575
1.6085490890224923
1.6040489516891996
1.6004238410596028
1.5964237189855648
1.5920485854670858
1.5885484786523028
1.5857983947264016
1.5821732840968048
1.5790481887264625
1.5766731162450025
1.5741730399487288
1.57217297891171
1.5700479140598773
1.568172856837672
1.566172795800653
1.5636727195043794
1.5621726737266153
1.5607976317636647
1.5595475936155279
1.5581725516525773
1.5576725363933226
1.555922482985931
1.5556724753563036
1.555172460097049
1.5540474257637258
1.5537974181340983
1.552672383800775
1.5524223761711478
1.551547349467452
1.5511723380230111
1.5514223456526384
1.5509223303933837
1.5510473342081972
1.5511723380230111
1.55079732657857
1.5506723227637564
1.5505473189489425
1.5505473189489425
1.5501723075045015
1.5509223303933837
1.5506723227637564
1.5506723227637564
1.5509223303933837
1.5510473342081972
1.5517973570970793
1.5511723380230111
1.5511723380230111
1.5520473647267068
1.5516723532822658
1.5521723685415205
1.5530473952452162
1.5532974028748436
1.5542974333933532
1.5549224524674214
1.5556724753563036
1.5565475020599995
1.5570475173192542
1.5584225592822047
1.5594225898007141
1.5604226203192237
1.5624226813562427
1.564172734763634
1.566172795800653
1.568172856837672
1.5710479445783867
1.5732980132450332
1.5759230933561206
1.5794232001709037
1.5822982879116183
1.586048402356029
1.5912985625782037
1.5956736960966826
1.6001738334299753
1.6059240089114046
1.6119241920224616
1.6170493484298227
1.6227995239112523
1.629299722281564
1.635549913022248
1.6421751152073734
1.649425336466567
1.6568005615405743
1.6639257789849544
1.6714260078737755
1.6784262215033416
1.684676412244026
1.6915516220587787
1.697801812799463
1.704052003540147
1.7099271828363902
1.7154273506881925
1.7203024994659262
1.7255526596881008
1.7285527512436292
1.7320528580584125
1.7340529190954315
1.7355529648731955
1.7361779839472642
1.7366779992065189
1.735802972502823
1.7348029419843134
1.73230286568804
1.7301778008362072
1.7260526749473555
1.7228025757621999
1.7181774346140937
1.712427259132664
1.7071770989104893
1.7006769005401776
1.6939266945402387
1.687051484725486
1.680676290169988
1.6733010650959808
1.6666758629108556
1.6601756645405439
1.6523004242072816
1.645050202948088
1.6377999816888944
1.6310497756889553
1.6254246040223395
1.6184243903927733
1.6130492263557847
1.6069240394299142
1.6017988830225531
1.596673726615192
1.591923581652272
1.5871734366893522
1.582923306985687
1.5791731925412764
1.5751730704672384
1.5717979674672689
1.5687978759117405
1.5655477767265848
1.561797662282174
1.5575475325785089
1.552672383800775
1.546422193060091
1.5391719718008974
1.5311717276528216
1.52229645680105
1.511921140171514
1.5017958311716058
1.4902954802087467
1.477920102542192
1.4674197820978425
1.4574194769127478
1.449669240394299
1.4461691335795162
1.447294167912839
1.454919400616474
1.4690448316904203
1.4914205145420698
1.5214214300973539
1.559797601245155
1.6072990508743554
1.6634257637256997
1.7273027130954923
1.8014299752800074
1.8818074282052064
1.9636849269081698
2.043187353129673
2.1146895352031008
2.175941404461806
2.2234428540910063
2.2544438001648
2.268819238868374
2.2709443037202064
2.2466935636463514
2.2031922360911893
2.1464405041657764
2.07768840601825
2.000811059907834
1.9199335917233802
1.8365560472426528
1.754428540910062
1.6773011871700187
1.6062990203558458
1.5446721396526994
1.49379558702353
1.452544328135014
1.4219183935056612
1.4000427259132666
1.3872923368022707
1.3826671956541643
1.3845422528763696
1.3927925046540726
1.4060429090243234
1.4221684011352886
1.4391689199499496
1.4579194921720025
1.475920041505173
1.4915455183568835
1.5066709799493394
1.5190463576158941
1.530671712393567
1.539671987060152
1.5477972350230413
1.55317239906003
1.558297555467391
1.561922666096988
1.563797723319193
1.5669228186895352
1.569422894985809
1.57217297891171
1.57454805139317
1.5774231391338847
1.579673207800531
1.582048280281991
1.5845483565782648
1.587298440504166
1.5901735282448806
1.5931736198004092
1.5969237342448195
1.5999238258003479
1.6037989440595721
1.6077990661336101
1.611799188207648
1.6161743217261269
1.6205494552446058
1.625174596392712
1.6301747489852596
1.6346748863185523
1.6404250617999818
1.6460502334665976
1.651800408948027
1.6574255806146427
1.6638007751701407
1.6695509506515702
1.6763011566515091
1.6825513473921934
1.6886765343180639
1.695426740318003
1.7020519425031282
1.7093021637623218
1.7166773888363294
1.7233025910214546
1.7305528122806482
1.7376780297250283
1.7448032471694084
1.7514284493545336
1.7586786706137274
1.7654288766136663
1.7719290749839778
1.778179265724662
1.7850544755394149
1.79167967772454
1.7973048493911556
1.8024300057985168
1.807805169835505
1.8129303262428662
1.8178054750206
1.8219306009094518
1.8260557267983033
1.8299308450575276
1.8343059785760063
1.8363060396130253
1.8386811120944853
1.8411811883907592
1.8426812341685233
1.8431812494277782
1.844306283761101
1.8441812799462873
1.8431812494277782
1.8436812646870329
1.842806237983337
1.840431165501877
1.8385561082796718
1.8355560167241434
1.8326809289834285
1.8291808221686454
1.82493069246498
1.8203055513168738
1.8159304177983948
1.81068025757622
1.8058051087984863
1.7999299295022433
1.794429761650441
1.7886795861690117
1.7821793877986998
1.775804193243202
1.7694289986877043
1.7621787774285103
1.755178563798944
1.7481783501693777
1.7420531632435072
1.734302926725059
1.727052705465865
1.7200524918362987
1.7130522782067326
1.706052064577166
1.6986768395031586
1.6916766258735922
1.6841763969847714
1.6780512100589007
1.671301004058962
1.6646758018738366
1.6580505996887114
1.652550431836909
1.6460502334665976
1.6400500503555409
1.6337998596148564
1.628424695577868
1.6237995544297616
1.6182993865779596
1.6136742454298534
1.609049104281747
1.6046739707632678
1.60067384868923
1.596673726615192
1.5931736198004092
1.5892985015411847
1.5861734061708426
1.5822982879116183
1.5794232001709037
1.5772981353190711
1.574923062837611
1.5727979979857785
1.5704229255043185
1.5679228492080448
1.5665478072450942
1.5644227423932615
1.5629226966154972
1.5604226203192237
1.5592975859859004
1.5580475478377636
1.5575475325785089
1.5564224982451857
1.5554224677266761
1.5552974639118626
1.5544224372081668
1.5537974181340983
1.552672383800775
1.5521723685415205
1.551547349467452
1.5521723685415205
1.5511723380230111
1.5511723380230111
1.5505473189489425
1.5514223456526384
1.55079732657857
1.5506723227637564
1.5506723227637564
1.5501723075045015
1.5501723075045015
1.5501723075045015
1.5511723380230111
1.550422315134129
1.55079732657857
1.5514223456526384
1.551547349467452
1.5511723380230111
1.5516723532822658
1.5516723532822658
1.5516723532822658
1.5525473799859615
1.552797387615589
1.5536724143192846
1.5541724295785393
1.5549224524674214
1.5552974639118626
1.5560474868007448
1.556797509689627
1.5584225592822047
1.5587975707266457
1.560672627948851
1.561797662282174
1.563797723319193
1.5659227881710258
1.5680478530228583
1.5706729331339457
1.5731730094302194
1.5759230933561206
1.5791731925412764
1.5825482955412458
1.5862984099856563
1.5901735282448806
1.594298654133732
1.5997988219855341
1.6042989593188268
1.6110491653187657
1.6157993102816859
1.62204950102237
1.628424695577868
1.635174901577807
1.6411750846888638
1.6484253059480574
1.6563005462813196
1.6625507370220038
1.6705509811700798
1.6770511795403913
1.6841763969847714
1.6909266029847103
1.697301797540208
1.703676992095706
1.7089271523178808
1.7141773125400557
1.7198024842066715
1.7245526291695914
1.7276777245399335
1.7319278542435987
1.7338029114658042
1.735302957243568
1.7361779839472642
1.736552995391705
1.735802972502823
1.7349279457991271
1.7329278847621081
1.7300527970213935
1.7268026978362376
1.7233025910214546
1.7188024536881619
1.7133022858363598
1.7083021332438124
1.701801934873501
1.6949267250587483
1.6881765190588092
1.6814263130588702
1.6744260994293039
1.66717587817011
1.6601756645405439
1.6535504623554185
1.6456752220221567
1.6388000122074038
1.632299813837092
1.624924588763085
1.6187994018372145
1.613424237800226
1.607424054689169
1.6024239020966218
1.5977987609485154
1.592298593096713
1.588048463393048
1.583298318430128
1.580048219244972
1.5760480971709343
1.5720479750968963
1.5691728873561817
1.5659227881710258
1.5625476851710562
1.558297555467391
1.5534224066896571
1.5479222388378553
1.540922025208289
1.5327967772453994
1.5234214911343729
1.5136711935789056
1.5032958769493698
1.4921705374309517
1.4804201788384654
1.4687948240607929
1.4586695150608844
1.449794244209113
1.4464191412091434
1.4467941526535844
1.453669362468337
1.4669197668385876
1.4871703848384046
1.5165462813196202
1.5532974028748436
1.5989237952818385
1.6536754661702324
1.7166773888363294
1.7885545823541977
1.8688070314645835
1.950934537797174
2.03018695638905
2.1040642109439376
2.1668161259804073
2.2165676442762536
2.2506936857203894
2.2678192083498643
2.27344438001648
2.2521937314981537
2.2114424878688923
2.1568158207953125
2.0893137607959225
2.0140614642780847
1.9328089846491896
1.8498064516129031
1.7676789452803126
1.689051545762505
1.6166743369853815
1.5540474257637258
1.5010458082827236
1.4584195074312571
1.4259185155796992
1.4030428174687948
1.3887923825800348
1.3829172032837918
1.3839172338023011
1.3915424665059357
1.4031678212836085
1.4190433057649465
1.4377938779869992
1.4550444044312876
1.4726699423200171
1.4887954344309824
1.5047959227271341
1.5170462965788751
1.528671651356548
1.5384219489120152
1.5461721854304635
1.5522973723563342
1.5569225135044404
1.5609226355784784
1.563797723319193
1.5669228186895352
1.5691728873561817
1.57217297891171
1.5741730399487288
1.5764231086153753
1.57929819635609
1.5817982726523636
1.5842983489486373
1.5867984252449112
1.5895485091708121
1.5925486007263405
1.5959237037263099
1.598798791467025
1.6036739402447586
1.6072990508743554
1.6115491805780204
1.6157993102816859
1.6197994323557239
1.6245495773186438
1.6294247260963775
1.6339248634296701
1.6398000427259134
1.645050202948088
1.6503003631702629
1.6566755577257606
1.662800744651631
1.6689259315775018
1.6750511185033723
1.681551316873684
1.6880515152439954
1.6939266945402387
1.7014269234290598
1.708052125614185
1.7150523392437513
1.7224275643177587
1.729427777947325
1.7369280068361461
1.7435532090212715
1.7505534226508377
1.757553636280404
1.7643038422803432
1.7705540330210272
1.7774292428357799
1.7840544450209053
1.789679616687521
1.79642982268746
1.8018049867244483
1.806805139316996
1.8126803186132388
1.8169304483169042
1.8215555894650106
1.8254307077242347
1.8290558183538315
1.833305948057497
1.8359310281685843
1.838431104464858
1.8409311807611317
1.8418062074648274
1.8431812494277782
1.844306283761101
1.844306283761101
1.8440562761314738
1.8436812646870329
1.8425562303537095
1.8405561693166905
1.838806115909299
1.836431043427839
1.8336809595019379
1.8295558336130864
1.8253057039094212
1.8210555742057557
1.8160554216132085
1.811180272835475
1.8061801202429273
1.8009299600207527
1.7945547654652547
1.7895546128727073
1.7826794030579547
1.7768042237617114
1.7696790063173315
1.7631788079470199
1.7559285866878263
1.7493033845027008
1.7423031708731347
1.735427961058382
1.7281777397991884
1.7213025299844356
1.7139273049104282
1.7066770836512346
1.6991768547624133
1.6930516678365428
1.6856764427625355
1.6784262215033416
1.6718010193182167
1.6659258400219734
1.6590506302072208
1.6530504470961638
1.6466752525406658
1.64105008087405
1.6350498977629933
1.6295497299111912
1.624049562059389
1.6186743980224005
1.6140492568742943
1.6091741080965607
1.6055489974669637
1.601048860133671
1.5976737571337016
1.5932986236152227
1.589923520615253
1.5867984252449112
1.583298318430128
1.580048219244972
1.5774231391338847
1.5741730399487288
1.5722979827265235
1.5702979216895046
1.5682978606524856
1.567047822504349
1.5647977538377027
1.5627976928006837
1.5615476546525469
1.5595475936155279
1.5581725516525773
1.55792254402295
1.5565475020599995
1.555922482985931
1.555172460097049
1.5541724295785393
1.5532974028748436
1.5529223914304024
1.552672383800775
1.551547349467452
1.5512973418378246
1.5512973418378246
1.5512973418378246
1.5514223456526384
1.5511723380230111
1.5516723532822658
1.5506723227637564
1.5514223456526384
1.5502973113193153
1.5499222998748743
1.5505473189489425
1.550422315134129
1.5509223303933837
1.5510473342081972
1.5512973418378246
1.5517973570970793
1.5516723532822658
1.5517973570970793
1.5514223456526384
1.5517973570970793
1.5524223761711478
1.5529223914304024
1.55317239906003
1.5540474257637258
1.554797448652608
1.55554747154149
1.5561724906155583
1.556797509689627
1.55792254402295
1.559047578356273
1.5601726126895963
1.561797662282174
1.5635477156895659
1.5651727652821437
1.568547868282113
1.5704229255043185
1.5726729941709647
1.5751730704672384
1.5780481582079533
1.5819232764671776
1.5850483718375195
1.5894235053559984
1.5944236579485458
1.5985487838373975
1.6040489516891996
1.609799127170629
1.6152992950224312
1.621299478133488
1.6274246650593585
1.6340498672444839
1.6405500656147955
1.647425275429548
1.6544254890591144
1.6616757103183082
1.668800927762688
1.6764261604663229
1.6829263588366346
1.6906765953550829
1.6963017670216987
1.7028019653920103
1.7084271370586261
1.7146773277993104
1.7188024536881619
1.723927610095523
1.7275527207251198
1.7311778313547166
1.7335529038361768
1.735302957243568
1.7359279763176367
1.7366779992065189
1.7359279763176367
1.7349279457991271
1.733427900021363
1.7309278237250891
1.7278027283547472
1.7236776024658955
1.7193024689474166
1.7140523087252417
1.708802148503067
1.702551957762383
1.6959267555772577
1.689426557206946
1.682676351207007
1.6753011261329998
1.6684259163182469
1.6611756950590533
1.6541754814294871
1.6468002563554796
1.6400500503555409
1.6332998443556017
1.6262996307260353
1.6199244361705374
1.6142992645039216
1.6085490890224923
1.6025489059114353
1.5977987609485154
1.5935486312448501
1.588423474837489
1.58404834131901
1.5802982268745993
1.5762981048005615
1.5729230018005922
1.5691728873561817
1.5665478072450942
1.5632977080599384
1.559047578356273
1.5544224372081668
1.5485472579119235
1.542047059541612
1.5339218115787225
1.52467152928251
1.5152962431714836
1.5047959227271341
1.4946706137272256
1.482295236060671
1.4702948698385572
1.4599195532090212
1.4514192938016908
1.4469191564683983
1.4462941373943297
1.4520443128757592
1.4641696829126867
1.4837952818384352
1.511546128727073
1.5470472121341592
1.5916735740226449
1.645050202948088
1.7065520798364209
1.7763042085024567
1.8559316385387736
1.9380591448713644
2.0188116092410047
2.0933138828699605
2.158065858943449
2.2099424420911284
2.246568559831538
2.2660691549424725
2.27344438001648
2.256693868831446
2.218942716757714
2.166066103091525
2.0991890621662037
2.0256868190557578
1.9453093661305583
1.862556840723899
1.780179326761681
1.7008019043549913
1.627674672688986
1.563047700430311
1.5085460371715445
1.4646696981719414
1.430668660542619
1.4061679128391371
1.3911674550614948
1.3826671956541643
1.3832922147282327
1.3892923978392897
1.4011677602465895
1.416418225653859
1.4340437635425884
1.452169316690573
1.4702948698385572
1.486545365764336
1.5016708273567918
1.5160462660603655
1.5271716055787836
1.5367968993194372
1.5454221625415814
1.551547349467452
1.5562974944303722
1.5604226203192237
1.5636727195043794
1.5660477919858395
1.5691728873561817
1.5714229560228279
1.5736730246894741
1.5760480971709343
1.5790481887264625
1.581298257393109
1.5837983336893826
1.5861734061708426
1.5889234900967437
1.592298593096713
1.5954236884670552
1.5989237952818385
1.6025489059114353
1.6064240241706595
1.6106741538743248
1.6151742912076175
1.6192994170964692
1.6235495468001342
1.6281746879482406
1.6332998443556017
1.6384250007629628
1.6443001800592059
1.6496753440961944
1.655800531022065
1.6618007141331217
1.6679259010589922
1.6740510879848627
1.6801762749107334
1.6865514694662314
1.6929266640217293
1.6995518662068545
1.7074271065401168
1.7140523087252417
1.7210525223548083
1.7284277474288157
1.7359279763176367
1.7430531937620168
1.7490533768730736
1.756428601947081
1.7629288003173924
1.7695540025025178
1.7763042085024567
1.7828044068727684
1.7890545976134526
1.7951797845393231
1.8006799523911254
1.8063051240577412
1.8114302804651021
1.8160554216132085
1.8206805627613147
1.824555681020539
1.8280557878353223
1.8324309213538013
1.8351810052797022
1.8374310739463484
1.8413061922055727
1.8420562150944548
1.8431812494277782
1.8439312723166599
1.844306283761101
1.8436812646870329
1.8434312570574054
1.8430562456129642
1.8415561998352001
1.8398061464278084
1.8371810663167212
1.8336809595019379
1.8304308603167823
1.8261807306131168
1.8234306466872157
1.8171804559465317
1.811930295724357
1.8073051545762506
1.8016799829096348
1.7961798150578325
1.7905546433912167
1.7841794488357188
1.7780542619098483
1.7710540482802821
1.7645538499099704
1.7576786400952178
1.7506784264656514
1.7430531937620168
1.737303018280587
1.7298027893917662
1.7224275643177587
1.7160523697622607
1.7083021332438124
1.700926908169805
1.6940516983550522
1.687051484725486
1.6804262825403606
1.6734260689107945
1.6670508743552965
1.660925687429426
1.6543004852443006
1.6485503097628713
1.6425501266518143
1.63629993591113
1.630799768059328
1.6254246040223395
1.6199244361705374
1.6146742759483628
1.610549150059511
1.6062990203558458
1.6017988830225531
1.5980487685781428
1.5944236579485458
1.5909235511337627
1.587298440504166
1.5837983336893826
1.5806732383190405
1.5779231543931396
1.5750480666524247
1.5731730094302194
1.5707979369487595
1.5692978911709952
1.567047822504349
1.5652977690969574
1.563047700430311
1.5616726584673606
1.559922605059969
1.558672566911832
1.5580475478377636
1.5562974944303722
1.5556724753563036
1.55554747154149
1.554797448652608
1.5537974181340983
1.552797387615589
1.5529223914304024
1.5516723532822658
1.5516723532822658
1.5512973418378246
1.551547349467452
1.551547349467452
1.5512973418378246
1.55079732657857
1.550422315134129
1.5501723075045015
1.5502973113193153
1.5505473189489425
1.5499222998748743
1.5509223303933837
1.5506723227637564
1.5510473342081972
1.5510473342081972
1.5516723532822658
1.5512973418378246
1.5512973418378246
1.5517973570970793
1.5520473647267068
1.5520473647267068
1.552672383800775
1.5534224066896571
1.5537974181340983
1.5550474562822352
1.5561724906155583
1.555922482985931
1.5561724906155583
1.557797540208136
1.5587975707266457
1.5595475936155279
1.5614226508377331
1.5629226966154972
1.5649227576525162
1.5676728415784174
1.5700479140598773
1.5719229712820828
1.5750480666524247
1.5784231696523943
1.58167326883755
1.5847983642078922
1.58879848628193
1.5930486159855952
1.5981737723929563
1.6036739402447586
1.6096741233558154
1.6142992645039216
1.6200494399853511
1.6270496536149175
1.6329248329111608
1.6396750389110997
1.647050263985107
1.6533004547257912
1.660550675984985
1.6674258857997375
1.6748011108737448
1.6814263130588702
1.6885515305032504
1.6949267250587483
1.7015519272438735
1.707677114169744
1.712427259132664
1.7180524307992797
1.7230525833918273
1.7269277016510514
1.730677816095462
1.7335529038361768
1.735302957243568
1.7364279915768914
1.736552995391705
1.7360529801324502
1.7351779534287546
1.7335529038361768
1.731427838984344
1.7284277474288157
1.7245526291695914
1.719927488021485
1.7149273354289376
1.7098021790215767
1.7038019959105197
1.6971767937253945
1.6900515762810144
1.6838013855403302
1.6769261757255778
1.6699259620960112
1.6618007141331217
1.655425519577624
1.6479252906888027
1.6411750846888638
1.6347998901333658
1.6267996459852903
1.6210494705038605
1.6150492873928037
1.609049104281747
1.6040489516891996
1.5992988067262794
1.5941736503189183
1.5892985015411847
1.5846733603930783
1.580923245948668
1.5767981200598165
1.5731730094302194
1.5700479140598773
1.567047822504349
1.5635477156895659
1.5595475936155279
1.5556724753563036
1.550422315134129
1.5429220862453077
1.5350468459120459
1.526671590319529
1.516296273689993
1.5074210028382216
1.495670644245735
1.4837952818384352
1.4721699270607624
1.4612945951719718
1.4526693319498276
1.447794183172094
1.4459191259498887
1.4511692861720633
1.4621696218756677
1.4805451826532792
1.5072959990234076
1.542422070986053
1.586048402356029
1.6371749626148258
1.698176824243904
1.7676789452803126
1.8458063295388654
1.9276838282418287
2.00881130405591
2.084438612018189
2.1505656300546283
2.204442274239326
2.242193426313059
2.264444105349895
2.272944364757225
2.260818994720298
2.224567888424329
2.1730663167210915
2.1080643330179756
2.034812097537156
1.9551846675008393
1.8728071535386213
1.7899296243171485
1.7101771904660177
1.6360499282815029
1.5704229255043185
1.5146712240974152
1.4692948393200476
1.4340437635425884
1.4081679738761559
1.391917477950377
1.383667226172674
1.3834172185430464
1.3885423749504076
1.3997927182836392
1.4142931608020264
1.431543687246315
1.4499192480239265
1.4682948088015382
1.485295327616199
1.4995457625049593
1.5142962126529742
1.5264215826899015
1.5357968688009278
1.5445471358378857
1.5511723380230111
1.5561724906155583
1.5600476088747826
1.563422711874752
1.565797784356212
1.5684228644672995
1.5710479445783867
1.5734230170598467
1.5761731009857478
1.5785481734672078
1.5810482497634815
1.5830483108005005
1.5856733909115879
1.5891734977263712
1.5920485854670858
1.595173680837428
1.5981737723929563
1.6021738944669943
1.606174016541032
1.6102991424298836
1.6144242683187355
1.618549394207587
1.6235495468001342
1.6282996917630543
1.6325498214667196
1.637924985503708
1.6436751609851377
1.6485503097628713
1.6551755119479965
1.6610506912442398
1.667675893429365
1.6730510574663533
1.6804262825403606
1.6861764580217904
1.6928016602069156
1.6991768547624133
1.7064270760216071
1.7136772972808008
1.7205525070955536
1.7278027283547472
1.7348029419843134
1.7419281594286935
1.7485533616138187
1.7560535905026398
1.7625537888729514
1.7690539872432631
1.7763042085024567
1.7823043916135137
1.7886795861690117
1.7950547807245094
1.800804956205939
1.8063051240577412
1.8115552842799159
1.8156804101687674
1.8209305703909422
1.8240556657612843
1.8283057954649493
1.8319309060945466
1.8351810052797022
1.8375560777611624
1.8405561693166905
1.8418062074648274
1.842306222724082
1.8450563066499832
1.8445562913907285
1.8441812799462873
1.8433062532425917
1.8430562456129642
1.8410561845759452
1.8396811426129949
1.8371810663167212
1.8350560014648885
1.8306808679464095
1.8264307382427443
1.8220556047242653
1.8179304788354138
1.8129303262428662
1.8080551774651326
1.8026800134281442
1.7970548417615282
1.7908046510208442
1.7848044679097874
1.778679280983917
1.771804071169164
1.76555388042848
1.7576786400952178
1.7513034455397198
1.7440532242805262
1.737303018280587
1.7300527970213935
1.7236776024658955
1.716427381206702
1.708802148503067
1.7014269234290598
1.6945517136143071
1.6874264961699272
1.680676290169988
1.6739260841700492
1.6669258705404828
1.660925687429426
1.654550492873928
1.6489253212073123
1.6428001342814416
1.6372999664296397
1.631174779503769
1.6255496078371532
1.6200494399853511
1.6162993255409406
1.6104241462446975
1.6062990203558458
1.6022988982818078
1.5994238105410932
1.5945486617633595
1.5900485244300668
1.5870484328745385
1.5841733451338236
1.580923245948668
1.5784231696523943
1.5754230780968657
1.5732980132450332
1.5710479445783867
1.5689228797265542
1.567047822504349
1.5655477767265848
1.563797723319193
1.5616726584673606
1.5600476088747826
1.5589225745414594
1.557797540208136
1.5570475173192542
1.555922482985931
1.555172460097049
1.5549224524674214
1.5540474257637258
1.5534224066896571
1.5525473799859615
1.5522973723563342
1.5514223456526384
1.5509223303933837
1.5511723380230111
1.551547349467452
1.5512973418378246
1.5510473342081972
1.5512973418378246
1.551547349467452
1.5509223303933837
1.5499222998748743
1.5499222998748743
1.5505473189489425
1.5511723380230111
1.5514223456526384
1.5511723380230111
1.551547349467452
1.5512973418378246
1.551547349467452
1.5511723380230111
1.5519223609118933
1.5519223609118933
1.5529223914304024
1.5530473952452162
1.5532974028748436
1.5545474410229805
1.5552974639118626
1.5565475020599995
1.55554747154149
1.5574225287636951
1.5585475630970183
1.5595475936155279
1.5612976470229194
1.5632977080599384
1.56504776146733
1.5664228034302805
1.5697979064302499
1.5719229712820828
1.57454805139317
1.5776731467635121
1.5810482497634815
1.584423352763451
1.5886734824671163
1.5931736198004092
1.5977987609485154
1.6027989135410627
1.6085490890224923
1.614174260689108
1.6196744285409101
1.6257996154667806
1.632299813837092
1.6389250160222175
1.6460502334665976
1.6523004242072816
1.6601756645405439
1.66717587817011
1.6741760917996766
1.6813013092440567
1.6881765190588092
1.6944267097994934
1.7008019043549913
1.706927091280862
1.712427259132664
1.7174274117252115
1.7216775414288765
1.7266776940214241
1.730302804651021
1.7331778923917356
1.7349279457991271
1.736552995391705
1.7368030030213324
1.7366779992065189
1.735427961058382
1.7335529038361768
1.731427838984344
1.7280527359843745
1.7244276253547777
1.7209275185399944
1.7154273506881925
1.710052186651204
1.7044270149845882
1.697801812799463
1.6911766106143375
1.6840513931699574
1.677176183355205
1.6701759697256386
1.6630507522812585
1.6560505386516924
1.6493003326517535
1.6414250923184912
1.6346748863185523
1.6282996917630543
1.6214244819483017
1.6159243140964994
1.6100491348002564
1.6042989593188268
1.598798791467025
1.594673665578173
1.5900485244300668
1.5857983947264016
1.581298257393109
1.5771731315042574
1.5736730246894741
1.5704229255043185
1.56742283394879
1.5639227271340068
1.5604226203192237
1.5565475020599995
1.5499222998748743
1.5435471053193763
1.535671864986114
1.52704660176397
1.5175463118381298
1.5076710104678488
1.4966706747642446
1.485420331431013
1.4731699575792718
1.4626696371349224
1.4530443433942688
1.4475441755424665
1.4465441450239571
1.449669240394299
1.4606695760979034
1.478295113986633
1.504045899838252
1.5374219183935056
1.5801732230597858
1.6302997528000733
1.690301583910642
1.7583036591692862
1.8358060243537706
1.9175585192419202
1.9991860103152563
2.075188329721976
2.1433154087954347
2.1986920987578964
2.2388183233130894
2.262444044312876
2.2724443494979707
2.2634440748313853
2.2308180791650134
2.180441541795099
2.117439619129002
2.0451874141666924
1.966435010834071
1.88430750450148
1.800804956205939
1.7201774956511124
1.6455502182073427
1.5785481734672078
1.5214214300973539
1.475045014801477
1.439043916135136
1.4121680959501939
1.3941675466170234
1.384292245246742
1.382417188024537
1.3870423291726433
1.3979176610614337
1.4121680959501939
1.4294186223944823
1.4476691793572802
1.4659197363200782
1.4824202398754844
1.4979207129123815
1.5124211554307687
1.524296517838069
1.5346718344676047
1.5431720938749351
1.550422315134129
1.5560474868007448
1.5596725974303416
1.5631727042451247
1.5655477767265848
1.568547868282113
1.5707979369487595
1.5734230170598467
1.5757980895413068
1.5777981505783258
1.5801732230597858
1.5827983031708732
1.5862984099856563
1.5881734672078616
1.5914235663930174
1.5945486617633595
1.5981737723929563
1.6025489059114353
1.6056740012817774
1.6095491195410014
1.613799249244667
1.6181743827631458
1.6224245124668113
1.6275496688741722
1.6321748100222786
1.6369249549851985
1.6425501266518143
1.6481752983184301
1.6540504776146734
1.659800653096103
1.6665508590960418
1.6726760460219123
1.6785512253181556
1.6853014313180945
1.6916766258735922
1.6984268318735312
1.705677053132725
1.712052247688223
1.7190524613177893
1.7266776940214241
1.734302926725059
1.740928128910184
1.7478033387249368
1.7546785485396894
1.7613037507248146
1.7680539567247535
1.7749291665395062
1.7815543687246316
1.7874295480208746
1.7936797387615588
1.8000549333170568
1.805180089724418
1.8095552232428969
1.8151803949095127
1.8203055513168738
1.8235556505020296
1.8274307687612537
1.8315558946501054
1.83443098239082
1.8371810663167212
1.8400561540574358
1.8416812036500139
1.8434312570574054
1.8441812799462873
1.8445562913907285
1.8441812799462873
1.8435562608722191
1.8429312417981507
1.8411811883907592
1.8396811426129949
1.8375560777611624
1.8346809900204473
1.831305887020478
1.8274307687612537
1.8226806237983337
1.8178054750206
1.81305533005768
1.8080551774651326
1.802805017242958
1.7973048493911556
1.7919296853541673
1.7863045136875517
1.7793043000579851
1.7725540940580462
1.7653038727988526
1.7590536820581684
1.752053468428602
1.7450532547990356
1.7383030487990967
1.7313028351695303
1.723552598651082
1.717177404095584
1.710052186651204
1.7024269539475692
1.6955517441328165
1.6889265419476913
1.6821763359477524
1.6750511185033723
1.6685509201330608
1.6625507370220038
1.655425519577624
1.6493003326517535
1.6433001495406965
1.6374249702444532
1.6320498062074649
1.6265496383556628
1.6206744590594195
1.6159243140964994
1.6119241920224616
1.6072990508743554
1.6025489059114353
1.599173802911466
1.5950486770226142
1.5914235663930174
1.5877984557634206
1.5845483565782648
1.580923245948668
1.5784231696523943
1.5764231086153753
1.5739230323191016
1.5711729483932007
1.569422894985809
1.568547868282113
1.56504776146733
1.5632977080599384
1.5621726737266153
1.5600476088747826
1.559047578356273
1.5576725363933226
1.5569225135044404
1.5561724906155583
1.5550474562822352
1.554797448652608
1.553922421948912
1.5536724143192846
1.5524223761711478
1.5524223761711478
1.5522973723563342
1.5512973418378246
1.5511723380230111
1.55079732657857
1.5510473342081972
1.5505473189489425
1.5511723380230111
1.5506723227637564
1.55079732657857
1.5505473189489425
1.5502973113193153
1.5511723380230111
1.5511723380230111
1.5509223303933837
1.5511723380230111
1.551547349467452
1.5520473647267068
1.5514223456526384
1.5522973723563342
1.5517973570970793
1.5516723532822658
1.552672383800775
1.552797387615589
1.5536724143192846
1.5544224372081668
1.555172460097049
1.55554747154149
1.5562974944303722
1.5574225287636951
1.5589225745414594
1.559172582171087
1.5607976317636647
1.5626726889858698
1.5646727500228887
1.5667978148747217
1.5699229102450638
1.5717979674672689
1.5742980437635425
1.5775481429486986
1.5804232306894133
1.5841733451338236
1.5875484481337934
1.5920485854670858
1.596673726615192
1.6019238868373669
1.6075490585039827
1.6132992339854122
1.6190494094668417
1.6250495925778985
1.6312997833185827
1.63867500839259
1.6443001800592059
1.651425397503586
1.6588006225775933
1.6656758323923462
1.6729260536515398
1.6800512710959197
1.6868014770958586
1.693426679280984
1.700176885280923
1.70617706839198
1.7115522324289683
1.7173024079103976
1.7214275337992493
1.7258026673177282
1.729427777947325
1.7333028962065493
1.7346779381694999
1.7359279763176367
1.736552995391705
1.7368030030213324
1.7351779534287546
1.7339279152806177
1.7316778466139713
1.7289277626880704
1.7256776635029145
1.7211775261696218
1.7166773888363294
1.7110522171697136
1.7048020264290291
1.6988018433179723
1.6919266335032197
1.685051423688467
1.6781762138737144
1.671301004058962
1.6644257942442091
1.656925565355388
1.6499253517258217
1.6421751152073734
1.6354249092074344
1.62917471846675
1.6225495162816248
1.616549333170568
1.6107991576891385
1.6052989898373364
1.599173802911466
1.595173680837428
1.5906735435041353
1.5862984099856563
1.5817982726523636
1.5776731467635121
1.5741730399487288
1.5709229407635732
1.5676728415784174
1.5651727652821437
1.561047639393292
1.5564224982451857
1.5512973418378246
1.5445471358378857
1.53654689168981
1.5284216437269205
1.5194213690603353
1.5090460524307994
1.498045716727195
1.4867953733939634
1.4747950071718496
1.4634196600238045
1.4544193853572192
1.4480441908017212
1.4456691183202612
1.4490442213202308
1.4584195074312571
1.4752950224311043
1.500045777764214
1.5327967772453994
1.5731730094302194
1.623299539170507
1.6821763359477524
1.7488033692434461
1.8254307077242347
1.9070581987975708
1.989310708944975
2.0663130588702048
2.1354401684621727
2.1919418927579577
2.2346931974242374
2.260443983275857
2.2720693380535297
2.2663191625721
2.235818231757561
2.1876917630542927
2.12618988616596
2.0543126926480912
1.9761853083895384
1.8936827906125067
1.8105552537614062
1.7299277932065797
1.6543004852443006
1.586048402356029
1.5276716208380383
1.4797951597643972
1.4422940153202919
1.4139181493575854
1.3951675771355327
1.3854172795800654
1.3830422070986053
1.3867923215430158
1.3962926114688559
1.4104180425428021
1.4272935575426497
1.445794122135075
1.4640446790978727
1.480670186468093
1.4964206671346172
1.510796105838191
1.5227964720603047
1.5339218115787225
1.542047059541612
1.5497972960600603
1.554797448652608
1.559172582171087
1.5625476851710562
1.565422772911771
1.5676728415784174
1.5706729331339457
1.5734230170598467
1.5752980742820522
1.5775481429486986
1.5805482345042268
1.5827983031708732
1.5847983642078922
1.588423474837489
1.5912985625782037
1.5934236274300364
1.5977987609485154
1.6009238563188575
1.6047989745780817
1.6095491195410014
1.613799249244667
1.6177993713187049
1.62204950102237
1.6267996459852903
1.6317997985778374
1.6364249397259438
1.6420501113925596
1.6476752830591754
1.6535504623554185
1.6595506454664755
1.6654258247627187
1.6720510269478437
1.6781762138737144
1.684301400799585
1.6911766106143375
1.6975518051698355
1.7048020264290291
1.7118022400585957
1.7189274575029754
1.725927671132542
1.7325528733176672
1.7399280983916745
1.7466783043916136
1.7538035218359938
1.7613037507248146
1.7670539262062441
1.773804132206183
1.7810543534653769
1.7868045289468062
1.7930547196874904
1.7986798913541064
1.8045550706503495
1.809805230872524
1.8148053834650717
1.819430524613178
1.8233056428724022
1.8271807611316264
1.8311808832056644
1.834055970946379
1.8370560625019074
1.8395561387981811
1.8418062074648274
1.842806237983337
1.8435562608722191
1.8445562913907285
1.8441812799462873
1.8436812646870329
1.8426812341685233
