1.8049300820947904
1.8053050935392316
1.8030550248725852
1.8010549638355662
1.7981798760948515
1.7938047425763726
1.7890545976134526
1.7833044221320231
1.776179204687643
1.7703040253914
1.7618037659840693
1.7529284951322976
1.7444282357249672
1.734302926725059
1.7258026673177282
1.7156773583178198
1.7055520493179113
1.6959267555772577
1.6854264351329082
1.6750511185033723
1.6643007904293954
1.6550505081331828
1.6451752067629017
1.6361749320963164
1.627674672688986
1.6197994323557239
1.6120491958372754
1.6049239783928952
1.5984237800225838
1.592798608355968
1.587923459578234
1.5834233222449416
1.580923245948668
1.5786731772820215
1.5780481582079533
1.5785481734672078
1.5795482039857174
1.5822982879116183
1.5854233832819604
1.5896735129856259
1.594798669392987
1.6005488448744163
1.6072990508743554
1.6147992797631765
1.6235495468001342
1.631674794763024
1.6400500503555409
1.6491753288369395
1.656925565355388
1.66480080568865
1.6719260231330302
1.6778012024292734
1.6821763359477524
1.6864264656514176
1.6891765495773186
1.691051606799524
1.6904265877254554
1.6889265419476913
1.685926450392163
1.6808012939848018
1.6741760917996766
1.668050904873806
1.6595506454664755
1.6513003936887722
1.6414250923184912
1.632299813837092
1.6224245124668113
1.6127992187261575
1.6019238868373669
1.5915485702078311
1.5806732383190405
1.5715479598376416
1.5614226508377331
1.5511723380230111
1.5405470137638477
1.5277966246528518
1.5130461745048374
1.4966706747642446
1.4787951292458876
1.4599195532090212
1.4400439466536454
1.4221684011352886
1.4074179509872737
1.3997927182836392
1.405417889950255
1.4240434583574937
1.459169530320139
1.5121711478011413
1.582923306985687
1.6703009735404524
1.7729291055024872
1.887932615131077
2.000936063722648
2.1026891689809872
2.1809415570543536
2.2284430066835537
2.2444434949797056
2.2178176824243905
2.1510656453138832
2.0539376812036503
1.9386841639454329
1.8199305398724328
1.7015519272438735
1.5956736960966826
1.5065459761345255
1.4367938474684896
1.3894174016541032
1.3639166234321116
1.3549163487655262
1.3589164708395642
1.3725418866542558
1.3931675160985137
1.4170432447279275
1.4424190191351054
1.4679197973570972
1.4907954954680014
1.510796105838191
1.526671590319529
1.53892196417127
1.548797265541551
1.556797509689627
1.5645477462080752
1.5716729636524553
1.5781731620227668
1.5859233985412151
1.5931736198004092
1.6012988677632984
1.6099241309854426
1.6190494094668417
1.6281746879482406
1.6372999664296397
1.6469252601702933
1.6574255806146427
1.6665508590960418
1.6765511642811366
1.6868014770958586
1.6979268166142767
1.707677114169744
1.7176774193548388
1.7273027130954923
1.7369280068361461
1.7469283120212409
1.7549285561693166
1.7629288003173924
1.7708040406506547
1.7769292275765252
1.783679433576464
1.7901796319467758
1.7945547654652547
1.7993049104281746
1.8026800134281442
1.8038050477614673
1.804805078279977
1.8054300973540451
1.8033050325022126
1.8024300057985168
1.8000549333170568
1.79642982268746
1.790929654835658
1.7863045136875517
1.7803043305764947
1.7739291360209968
1.765928891872921
1.7584286629841
1.7489283730582599
1.7400531022064882
1.7300527970213935
1.7214275337992493
1.7113022247993408
1.701801934873501
1.6906765953550829
1.6804262825403606
1.6706759849848933
1.6608006836146123
1.6506753746147038
1.6415500961333047
1.6326748252815333
1.6237995544297616
1.6157993102816859
1.6085490890224923
1.6020488906521806
1.5959237037263099
1.5897985168004394
1.5854233832819604
1.5819232764671776
1.579673207800531
1.5782981658375803
1.5785481734672078
1.5786731772820215
1.580048219244972
1.5830483108005005
1.58642341380047
1.5911735587633902
1.5969237342448195
1.6036739402447586
1.6104241462446975
1.6181743827631458
1.6267996459852903
1.6352999053926207
1.6435501571703237
1.6521754203924681
1.6604256721701711
1.6675508896145512
1.6746761070589313
1.6798012634662924
1.6845514084292124
1.6878015076143682
1.6899265724662007
1.6905515915402693
1.6904265877254554
1.6879265114291817
1.6840513931699574
1.678676229132969
1.6724260383922849
1.665300820947905
1.6560505386516924
1.647425275429548
1.6385500045777766
1.6282996917630543
1.6181743827631458
1.6082990813928648
1.5979237647633289
1.5871734366893522
1.5774231391338847
1.5671728263191627
1.5569225135044404
1.5472972197637866
1.5352968535416731
1.5212964262825404
1.5065459761345255
1.489420453505051
1.4707948850978119
1.450919278542436
1.4320437025055697
1.4154181951353497
1.403417828913236
1.4000427259132666
1.410918057802057
1.4372938627277445
1.4801701712088382
1.5406720175786617
1.6192994170964692
1.7129272743919186
1.8210555742057557
1.9373091219824825
2.047562486648152
2.139940305795465
2.2059423200170905
2.2385683156834624
2.2384433118686484
2.192941923276467
2.1115644398327587
2.0058112125003813
1.8873075960570087
1.7675539414654988
1.6543004852443006
1.5549224524674214
1.473544969023713
1.4131681264687033
1.376792016357921
1.3582914517654958
1.355416364024781
1.3640416272469253
1.3806671346171453
1.4032928250984222
1.4280435804315317
1.4534193548387098
1.4775450910977508
1.4999207739494005
1.517921323282571
1.5319217505417035
1.5435471053193763
1.5521723685415205
1.5600476088747826
1.56742283394879
1.57454805139317
1.5810482497634815
1.5889234900967437
1.5964237189855648
1.6052989898373364
1.6136742454298534
1.6230495315408795
1.632424817651906
1.6416750999481187
1.6511753898739585
1.6610506912442398
1.670800988799707
1.680676290169988
1.6916766258735922
1.701676931058687
1.7119272438734092
1.721927549058504
1.7321778618732262
1.7411781365398113
1.750053407391583
1.7583036591692862
1.7664289071321757
1.7733041169469284
1.780679342020936
1.7870545365764336
1.7921796929837945
1.7971798455763421
1.8001799371318705
1.8030550248725852
1.8044300668355358
1.8050550859096042
1.8049300820947904
1.8033050325022126
1.8016799829096348
1.7990549027985472
1.7945547654652547
1.789679616687521
1.7843044526505327
1.7774292428357799
1.7713040559099094
1.7625537888729514
1.7541785332804345
1.7446782433545946
1.7359279763176367
1.7265526902066104
1.7165523850215156
1.706927091280862
1.6966767784661398
1.6868014770958586
1.6760511490218817
1.666800866725669
1.6560505386516924
1.6464252449110386
1.6374249702444532
1.62917471846675
1.6205494552446058
1.6126742149113438
1.6056740012817774
1.5994238105410932
1.5932986236152227
1.5885484786523028
1.5847983642078922
1.5810482497634815
1.5794232001709037
1.5779231543931396
1.5777981505783258
1.5791731925412764
1.5819232764671776
1.5847983642078922
1.5889234900967437
1.5937986388744774
1.5997988219855341
1.6066740318002868
1.6135492416150394
1.6221745048371838
1.6302997528000733
1.6390500198370312
1.6479252906888027
1.6563005462813196
1.6638007751701407
1.671176000244148
1.6769261757255778
1.681926328318125
1.685926450392163
1.689051545762505
1.6901765800958282
1.6904265877254554
1.689051545762505
1.6868014770958586
1.6818013245033114
1.6760511490218817
1.6686759239478743
1.6608006836146123
1.6519254127628407
1.6431751457258827
1.633674855800043
1.6237995544297616
1.6136742454298534
1.6035489364299447
1.5931736198004092
1.582923306985687
1.57217297891171
1.5626726889858698
1.552672383800775
1.5414220404675436
1.5295466780602436
1.5154212469862973
1.4986707358012636
1.4807951902829066
1.4616696066164128
1.4419190038758507
1.423668446913053
1.408542985320597
1.4000427259132666
1.4040428479873044
1.420793359172338
1.4550444044312876
1.5056709494308298
1.5737980285042878
1.6596756492812892
1.7606787316507462
1.8741821955015718
1.9891857051301616
2.092563859981079
2.1736913357951595
2.224567888424329
2.2441934873500777
2.2225678273873104
2.160065919980468
2.065938047425764
1.9526845912045656
1.83205590990936
1.7145523239844966
1.607049043244728
1.5154212469862973
1.4436690572832422
1.393917538987396
1.3660416882839443
1.355416364024781
1.3580414441358686
1.3706668294320505
1.3904174321726128
1.4145431684316538
1.4392939237647635
1.4646696981719414
1.4879204077272867
1.5089210486159856
1.5249215369121372
1.5374219183935056
1.5477972350230413
1.5556724753563036
1.5635477156895659
1.5706729331339457
1.5776731467635121
1.5846733603930783
1.5921735892818996
1.6001738334299753
1.6096741233558154
1.6177993713187049
1.6274246650593585
1.6372999664296397
1.6460502334665976
1.6555505233924375
1.6659258400219734
1.6754261299478135
1.6856764427625355
1.6961767632068852
1.7065520798364209
1.716427381206702
1.7266776940214241
1.735802972502823
1.7451782586138493
1.7536785180211798
1.7618037659840693
1.7690539872432631
1.7768042237617114
1.783679433576464
1.7894296090578936
1.7945547654652547
1.7989298989837337
1.8018049867244483
1.8036800439466536
1.8046800744651632
1.8050550859096042
1.8043050630207222
1.802805017242958
1.8001799371318705
1.7966798303170874
1.7928047120578632
1.787679555650502
1.7814293649098176
1.7744291512802515
1.7673039338358714
1.7586786706137274
1.7501784112063965
1.7414281441694388
1.7320528580584125
1.721927549058504
1.7121772515030367
1.702551957762383
1.6921766411328472
1.6820513321329387
1.6720510269478437
1.6616757103183082
1.651425397503586
1.6421751152073734
1.633174840540788
1.625174596392712
1.6164243293557543
1.609799127170629
1.6035489364299447
1.5960487075411238
1.5916735740226449
1.5862984099856563
1.582923306985687
1.5801732230597858
1.5786731772820215
1.5777981505783258
1.5786731772820215
1.5801732230597858
1.5830483108005005
1.5862984099856563
1.5912985625782037
1.5969237342448195
1.602673909726249
1.6096741233558154
1.6176743675038912
1.6262996307260353
1.634424878688925
1.6429251380962555
1.6519254127628407
1.6593006378368482
1.6669258705404828
1.6739260841700492
1.6796762596514787
1.6833013702810755
1.6874264961699272
1.6895515610217597
1.6908015991698966
1.6899265724662007
1.6884265266884364
1.6849264198736535
1.6791762443922238
1.6726760460219123
1.6656758323923462
1.6573005767998292
1.6479252906888027
1.6390500198370312
1.6290497146519365
1.6194244209112827
1.609799127170629
1.598798791467025
1.5890484939115572
1.5779231543931396
1.5679228492080448
1.5584225592822047
1.54842225409711
1.5371719107638784
1.5230464796899321
1.508796044801172
1.491295510727256
1.4729199499496444
1.452919339579455
1.433918759727775
1.4169182409131138
1.4042928556169316
1.4000427259132666
1.4087929929502243
1.4331687368388928
1.473544969023713
1.531671742912076
1.607424054689169
1.699301858577227
1.8064301278725547
1.9218086489455857
2.0331870479445784
2.1285649586474196
2.198567094943083
2.2355682241279338
2.24156840723899
2.201942197943053
2.1249398480178225
2.021436689352092
1.9040581072420424
1.7841794488357188
1.669675954466384
1.567797845393231
1.4839202856532487
1.4202933439130834
1.3799171117282631
1.35979149754326
1.3549163487655262
1.36216657002472
1.3781670583208716
1.3996677144688254
1.4252934965056308
1.4500442518387402
1.475045014801477
1.4974206976531268
1.5156712546159246
1.5307967162083804
1.5421720633564255
1.5510473342081972
1.5594225898007141
1.5667978148747217
1.5736730246894741
1.5802982268745993
1.5876734519486069
1.5955486922818691
1.6037989440595721
1.6124242072817165
1.6214244819483017
1.6309247718741418
1.6400500503555409
1.6498003479110082
1.6596756492812892
1.6701759697256386
1.6796762596514787
1.6893015533921325
1.7006769005401776
1.710052186651204
1.7203024994659262
1.730302804651021
1.73942808313242
1.7488033692434461
1.7570536210211494
1.7653038727988526
1.772179082613605
1.7794293038727989
1.7863045136875517
1.790929654835658
1.796054811243019
1.7998049256874293
1.8025550096133305
1.8045550706503495
1.8049300820947904
1.8054300973540451
1.8036800439466536
1.8018049867244483
1.79880489516892
1.7953047883541369
1.7905546433912167
1.7851794793542284
1.7789292886135442
1.771804071169164
1.7640538346507157
1.7559285866878263
1.7469283120212409
1.7376780297250283
1.7280527359843745
1.7185524460585346
1.7085521408734399
1.6988018433179723
1.6881765190588092
1.677926206244087
1.6678008972441787
1.657800592059084
1.6480502945036166
1.6389250160222175
1.6297997375408186
1.6217994933927427
1.6140492568742943
1.6067990356151007
1.6002988372447888
1.5945486617633595
1.5891734977263712
1.5845483565782648
1.5811732535782954
1.579673207800531
1.5780481582079533
1.5784231696523943
1.5790481887264625
1.5814232612079226
1.5841733451338236
1.587923459578234
1.5930486159855952
1.598798791467025
1.6057990050965911
1.61254921109653
1.6207994628742333
1.6289247108371228
1.637549974059267
1.6463002410962249
1.6551755119479965
1.6625507370220038
1.6701759697256386
1.6760511490218817
1.681551316873684
1.6858014465773492
1.6885515305032504
1.6905515915402693
1.6906765953550829
1.6895515610217597
1.6871764885402998
1.682676351207007
1.6770511795403913
1.6704259773552659
1.6630507522812585
1.6539254737998597
1.6444251838740198
1.6356749168370617
1.625299600207526
1.6150492873928037
1.6046739707632678
1.594673665578173
1.5841733451338236
1.5740480361339153
1.564297738578448
1.5542974333933532
1.544047120578631
1.5317967467268898
1.517921323282571
1.5017958311716058
1.484545304727317
1.4652947172460096
1.4456691183202612
1.4269185460982088
1.4107930539872433
1.4009177526169623
1.4020427869502854
1.417168248542741
1.4475441755424665
1.4951706289864803
1.5605476241340372
1.6435501571703237
1.741678151799066
1.8534315622425002
1.9693100985747856
2.075688344981231
2.161440961943419
2.2181926938688314
2.2431934568315683
2.228818018127995
2.1738163396099734
2.084063600573748
1.9731852168340098
1.853556566057314
1.7348029419843134
1.6246745811334575
1.5297966856898708
1.4542943815424054
1.4007927488021485
1.3692917874691002
1.3559163792840356
1.3569164098025452
1.3677917416913359
1.386667317728202
1.409793023468734
1.4352938016907255
1.4606695760979034
1.4844203009125034
1.505545945616016
1.5227964720603047
1.5351718497268594
1.5462971892452775
1.5552974639118626
1.5625476851710562
1.5696729026154363
1.5761731009857478
1.582923306985687
1.5915485702078311
1.5990487990966522
1.607424054689169
1.6162993255409406
1.6254246040223395
1.6346748863185523
1.6441751762443924
1.6540504776146734
1.6639257789849544
1.673551072725608
1.684301400799585
1.6948017212439344
1.7050520340586566
1.714427320169683
1.7248026367992186
1.734302926725059
1.7439282204657125
1.7519284646137883
1.7609287392803734
1.768303964354381
1.7756791894283883
1.7826794030579547
1.7884295785393842
1.7936797387615588
1.7981798760948515
1.8011799676503801
1.8038050477614673
1.8050550859096042
1.805180089724418
1.8044300668355358
1.8034300363170261
1.800429944761498
1.7976798608355968
1.7931797235023041
1.788054567094943
1.782929410687582
1.7763042085024567
1.7685539719840082
1.760428724021119
1.752053468428602
1.7426781823175757
1.7336779076509903
1.7241776177251504
1.7139273049104282
1.7038019959105197
1.6943017059846797
1.683926389355144
1.673551072725608
1.6635507675405132
1.6536754661702324
1.6438001647999512
1.6350498977629933
1.6261746269112216
1.6181743827631458
1.610549150059511
1.6041739555040133
1.5975487533188881
1.5921735892818996
1.5867984252449112
1.5834233222449416
1.580923245948668
1.5786731772820215
1.5781731620227668
1.5782981658375803
1.579673207800531
1.5826732993560595
1.585298379467147
1.5901735282448806
1.5955486922818691
1.6022988982818078
1.6084240852076785
1.6160493179113133
1.6246745811334575
1.6329248329111608
1.6416750999481187
1.6506753746147038
1.6581756035035249
1.6658008362071597
1.6721760307626576
1.6783012176885281
1.6828013550218206
1.687051484725486
1.689426557206946
1.6906765953550829
1.6901765800958282
1.6886765343180639
1.6854264351329082
1.6803012787255471
1.6743010956144901
1.6675508896145512
1.6586756187627796
1.6493003326517535
1.6404250617999818
1.630799768059328
1.6211744743186742
1.6107991576891385
1.6009238563188575
1.5906735435041353
1.5799232154301586
1.5700479140598773
1.56029761650441
1.5500473036896878
1.5390469679860834
1.5260465712454605
1.5112961210974456
1.494545609912412
1.4767950682088686
1.4567944578386791
1.4376688741721853
1.4197933286538287
1.4059179052095097
1.3996677144688254
1.4064179204687641
1.427543565172277
1.4652947172460096
1.5201713919492172
1.5931736198004092
1.6821763359477524
1.7866795251319927
1.901808038575396
2.0153115024262216
2.1140645161290323
2.1888167973876156
2.2319431134983367
2.2438184759056368
2.2110674764244513
2.140815332499161
2.040562273018586
1.9249337443159278
1.8040550553910948
1.6880515152439954
1.5831733146153144
1.4962956633198035
1.4296686300241095
1.3864173100985748
1.3619165623950926
1.3547913449507127
1.3604165166173285
1.3744169438764613
1.3965426190984833
1.420043336283456
1.44529410687582
1.4704198736533707
1.493670583208716
1.5130461745048374
1.5276716208380383
1.5399219946897795
1.5497972960600603
1.5580475478377636
1.5655477767265848
1.5726729941709647
1.5790481887264625
1.58642341380047
1.5945486617633595
1.6014238715781122
1.6110491653187657
1.6200494399853511
1.6286747032074953
1.638299996948149
1.6473002716147345
1.6579255958738974
1.6678008972441787
1.6778012024292734
1.6876765037995543
1.698176824243904
1.7090521561326946
1.7185524460585346
1.7286777550584431
1.7383030487990967
1.7470533158360546
1.7559285866878263
1.763928830835902
1.771429059724723
1.778679280983917
1.7851794793542284
1.7905546433912167
1.7953047883541369
1.7993049104281746
1.8021799981688895
1.8044300668355358
1.8043050630207222
1.8053050935392316
1.8038050477614673
1.8023050019837032
1.7991799066133611
1.7959298074282053
1.7911796624652854
1.786554521317179
1.7791792962431716
1.7725540940580462
1.7651788689840389
1.7566786095767084
1.7485533616138187
1.7390530716879788
1.7295527817621388
1.719552476577044
1.7095521713919493
1.7000518814661092
1.6898015686513872
1.6794262520218513
1.669175939207129
1.658925626392407
1.6493003326517535
1.6401750541703544
1.631174779503769
1.6227995239112523
1.6147992797631765
1.6079240699484236
1.601048860133671
1.5950486770226142
1.5897985168004394
1.5861734061708426
1.582048280281991
1.5794232001709037
1.5781731620227668
1.5786731772820215
1.5786731772820215
1.5807982421338542
1.5835483260597554
1.5875484481337934
1.592298593096713
1.5980487685781428
1.6044239631336406
1.611424176763207
1.6194244209112827
1.627674672688986
1.6364249397259438
1.6449251991332745
1.653800469985046
1.6615507065034945
1.6684259163182469
1.675176122318186
1.6805512863551746
1.684676412244026
1.688301522873623
1.6900515762810144
1.6905515915402693
1.6895515610217597
1.6874264961699272
1.683051362651448
1.6778012024292734
1.671176000244148
1.6635507675405132
1.6550505081331828
1.6463002410962249
1.636674947355571
1.6266746421704763
1.6170493484298227
1.6062990203558458
1.5965487228003785
1.586048402356029
1.5756730857264931
1.5660477919858395
1.5557974791711173
1.5452971587267679
1.5337968077639088
1.5200463881344035
1.504045899838252
1.4871703848384046
1.4680448011719107
1.4482941984313487
1.4294186223944823
1.412918118839076
1.4019177831354717
1.401042756431776
1.4139181493575854
1.441043977172155
1.4861703543198952
1.5491722769859921
1.6287997070223093
1.7249276406140324
1.83443098239082
1.950934537797174
2.0593128452406386
2.149190588091678
2.2111924802392653
2.2408183843501086
2.2346931974242374
2.1856917020172735
2.100939115573595
1.9923108005005037
1.872932157353435
1.7530534989471116
1.6416750999481187
1.544047120578631
1.4652947172460096
1.4080429700613422
1.3735419171727652
1.358166447950682
1.3560413830988496
1.3652916653950622
1.383167210913419
1.4060429090243234
1.431918698690756
1.4564194463942381
1.480670186468093
1.5022958464308604
1.520296395764031
1.5335468001342816
1.544422132023072
1.5532974028748436
1.5612976470229194
1.5684228644672995
1.5757980895413068
1.5821732840968048
1.5900485244300668
1.5976737571337016
1.6059240089114046
1.614549272133549
1.6241745658742028
1.6332998443556017
1.6428001342814416
1.652550431836909
1.6623007293923764
1.6720510269478437
1.6823013397625661
1.6925516525772883
1.7024269539475692
1.7138023010956145
1.7229275795770134
1.7329278847621081
1.741678151799066
1.750053407391583
1.7598037049470505
1.7670539262062441
1.774304147465438
1.7808043458357494
1.7870545365764336
1.7925547044282357
1.7970548417615282
1.8005549485763115
1.8030550248725852
1.8045550706503495
1.8054300973540451
1.8046800744651632
1.8034300363170261
1.8006799523911254
1.7978048646504103
1.7941797540208135
1.788929593798639
1.7835544297616506
1.7769292275765252
1.7696790063173315
1.7618037659840693
1.7533035065767388
1.743678212836085
1.735427961058382
1.7254276558732873
1.7160523697622607
1.7055520493179113
1.695426740318003
1.685926450392163
1.6750511185033723
1.665300820947905
1.6555505233924375
1.6454252143925292
1.6361749320963164
1.6266746421704763
1.6195494247260964
1.6120491958372754
1.6046739707632678
1.5984237800225838
1.5930486159855952
1.5877984557634206
1.5842983489486373
1.5810482497634815
1.5785481734672078
1.5777981505783258
1.5784231696523943
1.5794232001709037
1.5817982726523636
1.5850483718375195
1.5889234900967437
1.5952986846522417
1.6009238563188575
1.6075490585039827
1.6144242683187355
1.6234245429853207
1.631674794763024
1.6401750541703544
1.6483003021332439
1.6568005615405743
1.66480080568865
1.6709259926145208
1.6773011871700187
1.682676351207007
1.6861764580217904
1.689051545762505
1.6900515762810144
1.6898015686513872
1.6888015381328776
1.6855514389477217
1.6810513016144293
1.6741760917996766
1.668050904873806
1.6601756645405439
1.651425397503586
1.6424251228370008
1.6326748252815333
1.6235495468001342
1.6122992034669026
1.6024239020966218
1.5920485854670858
1.5810482497634815
1.5712979522080142
1.5624226813562427
1.5510473342081972
1.5407970213934752
1.5289216589861752
1.5136711935789056
1.4965456709494307
1.4789201330607014
1.4595445417645803
1.4396689352092042
1.4225434125797296
1.4074179509872737
1.3999177220984527
1.4042928556169316
1.423543443098239
1.4584195074312571
1.5117961363567003
1.5822982879116183
1.6698009582811977
1.7710540482802821
1.8856825464644307
2.000436048463393
2.101939146092105
2.180566545609912
2.2280679952391127
2.2440684835352642
2.2181926938688314
2.1520656758323926
2.0551877193517867
1.9405592211676383
1.8199305398724328
1.7030519730216378
1.5964237189855648
1.5069209875789666
1.4369188512833035
1.389917416913358
1.363791619617298
1.35504135258034
1.3589164708395642
1.3721668752098148
1.3927925046540726
1.4174182561723685
1.4429190343943603
1.4674197820978425
1.4920455336161382
1.5105460982085634
1.5262965788750877
1.5381719412823878
1.548797265541551
1.557172521134068
1.5647977538377027
1.5715479598376416
1.5780481582079533
1.5854233832819604
1.5932986236152227
1.601048860133671
1.6099241309854426
1.6186743980224005
1.6279246803186131
1.6374249702444532
1.6468002563554796
1.6566755577257606
1.666800866725669
1.6764261604663229
1.686676473281045
1.6976768089846492
1.707677114169744
1.7180524307992797
1.727927732169561
1.737303018280587
1.7459282815027315
1.7549285561693166
1.7629288003173924
1.7704290292062137
1.778179265724662
1.7848044679097874
1.790054628131962
1.7948047730948822
1.7991799066133611
1.8023050019837032
1.8049300820947904
1.804805078279977
1.8050550859096042
1.8041800592059083
1.8025550096133305
1.7998049256874293
1.79642982268746
1.7919296853541673
1.7871795403912474
1.780679342020936
1.773429120761742
1.7651788689840389
1.7583036591692862
1.7491783806878873
1.7400531022064882
1.7308028199102756
1.7208025147251809
1.7113022247993408
1.7010519119846188
1.6909266029847103
1.6805512863551746
1.670050965910825
1.6603006683553576
1.6500503555406356
1.6405500656147955
1.6320498062074649
1.623299539170507
1.6157993102816859
1.6085490890224923
1.6021738944669943
1.5955486922818691
1.589923520615253
1.586048402356029
1.5827983031708732
1.579673207800531
1.5782981658375803
1.5785481734672078
1.578923184911649
1.580923245948668
1.5834233222449416
1.5870484328745385
1.5916735740226449
1.5972987456892607
1.6035489364299447
1.6109241615039522
1.6186743980224005
1.6275496688741722
1.6354249092074344
1.643925168614765
1.6528004394665363
1.6604256721701711
1.6683009125034334
1.6750511185033723
1.6800512710959197
1.6840513931699574
1.6874264961699272
1.6901765800958282
1.6905515915402693
1.6899265724662007
1.6875514999847407
1.6838013855403302
1.6785512253181556
1.6725510422070986
1.6646758018738366
1.6559255348368787
1.6471752677999205
1.6380499893185219
1.628424695577868
1.6181743827631458
1.6077990661336101
1.5974237495040742
1.5871734366893522
1.5766731162450025
1.5671728263191627
1.5574225287636951
1.5467972045045322
1.5352968535416731
1.5209214148380994
1.506420972319712
1.489295449690237
1.469919858394116
1.4506692709128086
1.4322937101351971
1.414918179876095
1.4027928098391673
1.3999177220984527
1.4112930692464982
1.437043855098117
1.4800451673940245
1.5406720175786617
1.6191744132816552
1.7130522782067326
1.8211805780205697
1.9373091219824825
2.047562486648152
2.139940305795465
2.2054423047578355
2.2389433271279033
2.2383183080538345
2.1931919309060945
2.1128144779808955
2.0061862239448223
1.8871825922421948
1.7680539567247535
1.654550492873928
1.5550474562822352
1.4736699728385265
1.4139181493575854
1.3761669972838526
1.3582914517654958
1.3555413678395947
1.363791619617298
1.3805421308023316
1.4031678212836085
1.4277935728019044
1.4531693472090823
1.4785451216162602
1.499670766319773
1.5181713309121982
1.5317967467268898
1.5430470900601214
1.5525473799859615
1.5600476088747826
1.5675478377636038
1.5744230475783563
1.5810482497634815
1.588423474837489
1.596673726615192
1.6047989745780817
1.6130492263557847
1.6227995239112523
1.632424817651906
1.6413000885036775
1.6509253822443313
1.6614257026886807
1.6706759849848933
1.6809262977996156
1.6918016296884062
1.702176946317942
1.7121772515030367
1.7218025452436905
1.731427838984344
1.7406781212805567
1.749678395947142
1.7579286477248453
1.766303903317362
1.7731791131321146
1.7808043458357494
1.7870545365764336
1.7921796929837945
1.7968048341319012
1.800429944761498
1.8029300210577714
1.8050550859096042
1.8053050935392316
1.8049300820947904
1.8036800439466536
1.8013049714651936
1.7979298684652243
1.7955547959837643
1.790054628131962
1.7843044526505327
1.7779292580950348
1.7706790368358412
1.762803796502579
1.7548035523545031
1.7453032624286628
1.7360529801324502
1.7269277016510514
1.7170524002807703
1.706927091280862
1.6975518051698355
1.6871764885402998
1.6760511490218817
1.666050843836787
1.6564255500961331
1.6466752525406658
1.6371749626148258
1.629299722281564
1.620924466689047
1.6126742149113438
1.6060490127262186
1.6000488296151616
1.5932986236152227
1.5886734824671163
1.584423352763451
1.580923245948668
1.5794232001709037
1.5774231391338847
1.5784231696523943
1.57929819635609
1.5822982879116183
1.5851733756523332
1.5881734672078616
1.5936736350596639
1.599548814355907
1.6065490279854733
1.6136742454298534
1.6216744895779291
1.630049745170446
1.6385500045777766
1.647425275429548
1.6560505386516924
1.6636757713553272
1.6704259773552659
1.6764261604663229
1.681551316873684
1.6855514389477217
1.6888015381328776
1.6904265877254554
1.6905515915402693
1.6891765495773186
1.6868014770958586
1.6820513321329387
1.6760511490218817
1.6694259468367565
1.6615507065034945
1.6519254127628407
1.6436751609851377
1.633674855800043
1.6239245582445754
1.614174260689108
1.6045489669484543
1.5941736503189183
1.5825482955412458
1.5731730094302194
1.563047700430311
1.552797387615589
1.5425470748008667
1.5297966856898708
1.515546250801111
1.4999207739494005
1.4820452284310435
1.4625446333201089
1.4429190343943603
1.4252934965056308
1.4090430005798518
1.4004177373577074
1.4031678212836085
1.4199183324686422
1.4522943205053866
1.5022958464308604
1.5695478988006226
1.654550492873928
1.7548035523545031
1.8668069704275645
1.98268550675985
2.0878137150181586
2.1703162327951904
2.222942838831752
2.2428184453871274
2.224567888424329
2.1643160496841336
2.071438215277566
1.958809778130436
1.8395561387981811
1.7211775261696218
1.6124242072817165
1.51992138431959
1.4462941373943297
1.3952925809503465
1.3666667073580125
1.3552913602099674
1.358166447950682
1.3699168065431684
1.3890423902096622
1.412793115024262
1.4389189123203223
1.4637946714682455
1.4870453810235909
1.507546006653035
1.5240465102084415
1.5367968993194372
1.5474222235786004
1.5561724906155583
1.563422711874752
1.5711729483932007
1.5774231391338847
1.5841733451338236
1.5920485854670858
1.6000488296151616
1.6085490890224923
1.6172993560594502
1.6267996459852903
1.6364249397259438
1.6451752067629017
1.655800531022065
1.6654258247627187
1.6749261146885588
1.6851764275032808
1.6955517441328165
1.7064270760216071
1.7158023621326335
1.7260526749473555
1.7355529648731955
1.7441782280953397
1.7535535142063663
1.7613037507248146
1.769804010132145
1.7768042237617114
1.7834294259468366
1.7895546128727073
1.7941797540208135
1.798429883724479
1.801554979094821
1.8033050325022126
1.8054300973540451
1.8050550859096042
1.8046800744651632
1.802805017242958
1.8000549333170568
1.7973048493911556
1.7923046967986085
1.787679555650502
1.781679372539445
1.775429181798761
1.7671789300210579
1.7594286935026096
1.751178441724906
1.7414281441694388
1.7321778618732262
1.7228025757621999
1.713177282021546
1.702551957762383
1.6928016602069156
1.6825513473921934
1.673176061281167
1.6623007293923764
1.6524254280220954
1.6429251380962555
1.6341748710592976
1.624924588763085
1.6171743522446362
1.609049104281747
1.6027989135410627
1.596298715170751
1.5910485549485762
1.5867984252449112
1.582923306985687
1.5804232306894133
1.5787981810968352
1.5782981658375803
1.5785481734672078
1.5801732230597858
1.582923306985687
1.58642341380047
1.590423535874508
1.596298715170751
1.6027989135410627
1.6096741233558154
1.6172993560594502
1.6255496078371532
1.6339248634296701
1.6429251380962555
1.6511753898739585
1.6591756340220343
1.666800866725669
1.6738010803552354
1.6793012482070377
1.6833013702810755
1.6869264809106725
1.690301583910642
1.6901765800958282
1.6901765800958282
1.6879265114291817
1.685051423688467
1.6798012634662924
1.673176061281167
1.6659258400219734
1.6581756035035249
1.6488003173924985
1.6394250312814722
1.6295497299111912
1.6196744285409101
1.6095491195410014
1.599173802911466
1.5885484786523028
1.5790481887264625
1.5682978606524856
1.5589225745414594
1.54842225409711
1.5370469069490644
1.5236714987640003
1.509171056245613
1.4915455183568835
1.4740449842829677
1.453669362468337
1.4341687673574024
1.4167932370983
1.404542863246559
1.4000427259132666
1.4092930082094792
1.4321687063203834
1.4736699728385265
1.5309217200231942
1.6069240394299142
1.6986768395031586
1.804805078279977
1.920808618427076
2.0331870479445784
2.1290649739066745
2.198192083498642
2.23544322031312
2.2419434186834315
2.202067201757866
2.1255648670918914
2.0216866969817198
1.9053081453901792
1.7841794488357188
1.6701759697256386
1.5687978759117405
1.483420270393994
1.4210433668019655
1.3797921079134496
1.3595414899136324
1.3549163487655262
1.3622915738395336
1.3779170506912441
1.3991676992095705
1.4245434736167486
1.449794244209113
1.4746700033570361
1.4962956633198035
1.515796258430738
1.530671712393567
1.5421720633564255
1.551547349467452
1.5596725974303416
1.567047822504349
1.5740480361339153
1.5805482345042268
1.5876734519486069
1.5955486922818691
1.6039239478743859
1.6129242225409712
1.6216744895779291
1.6305497604297006
1.6408000732444226
1.6500503555406356
1.659800653096103
1.669675954466384
1.6790512405774103
1.6899265724662007
1.7004268929105502
1.7105522019104589
1.7201774956511124
1.7301778008362072
1.73942808313242
1.748053346354564
1.7574286324655906
1.765803888058107
1.7725540940580462
1.7793043000579851
1.7855544907986696
1.7915546739097263
1.7961798150578325
1.8003049409466843
1.8025550096133305
1.8045550706503495
1.805180089724418
1.8050550859096042
1.80355504013184
1.8014299752800074
1.79880489516892
1.7954297921689504
1.7904296395764032
1.784929471724601
1.7789292886135442
1.7711790520950956
1.7638038270210883
1.755553575243385
1.7466783043916136
1.7369280068361461
1.7284277474288157
1.7176774193548388
1.7085521408734399
1.6986768395031586
1.6888015381328776
1.6776761986144597
1.6674258857997375
1.6575505844294565
1.6479252906888027
1.638299996948149
1.630049745170446
1.6217994933927427
1.6131742301705987
1.6064240241706595
1.60067384868923
1.5940486465041048
1.5894235053559984
1.5849233680227057
1.581298257393109
1.5790481887264625
1.5785481734672078
1.5779231543931396
1.57929819635609
1.5810482497634815
1.5855483870967744
1.5886734824671163
1.5935486312448501
1.598798791467025
1.6057990050965911
1.6129242225409712
1.620924466689047
1.6287997070223093
1.63867500839259
1.6464252449110386
1.654550492873928
1.6625507370220038
1.6709259926145208
1.6764261604663229
1.6814263130588702
1.6851764275032808
1.6886765343180639
1.6904265877254554
1.6906765953550829
1.6893015533921325
1.6865514694662314
1.6824263435773796
1.6768011719107638
1.670050965910825
1.6624257332071901
1.6528004394665363
1.6443001800592059
1.6352999053926207
1.625174596392712
1.6147992797631765
1.6045489669484543
1.594798669392987
1.5836733298745689
1.5742980437635425
1.5644227423932615
1.5540474257637258
1.5431720938749351
1.5310467238380079
1.5172963042085024
1.5012958159123508
1.4837952818384352
1.464419690542314
1.4445440839869381
1.4261685232093266
1.410543046357616
1.4011677602465895
1.4022927945799126
1.417293252357555
1.4485442060609761
1.4966706747642446
1.563047700430311
1.6464252449110386
1.7449282509842219
1.8568066652424697
1.9728102053895689
2.078438428907132
2.1638160344248787
2.2194427320169683
2.2428184453871274
2.228693014313181
2.170191228980377
2.0811885128330334
1.969560106204413
1.8499314554277169
1.7313028351695303
1.6217994933927427
1.5275466170232246
1.4524193243202002
1.399417706839198
1.3690417798394727
1.355416364024781
1.3569164098025452
1.3692917874691002
1.3880423596911529
1.4107930539872433
1.436293832209235
1.461169591357158
1.485295327616199
1.5059209570604573
1.5230464796899321
1.5359218726157415
1.5465471968749047
1.5550474562822352
1.5625476851710562
1.5696729026154363
1.5775481429486986
1.5831733146153144
1.5906735435041353
1.5996738181707206
1.6075490585039827
1.6167993408001955
1.6255496078371532
1.6349248939481797
1.644675191503647
1.653800469985046
1.6641757866145819
1.6741760917996766
1.6838013855403302
1.6946767174291208
1.7048020264290291
1.7148023316141239
1.7253026520584733
1.7349279457991271
1.7439282204657125
1.7525534836878567
1.7609287392803734
1.7686789757988222
1.7759291970580158
1.7828044068727684
1.7884295785393842
1.7939297463911863
1.7978048646504103
1.8016799829096348
1.80355504013184
1.8043050630207222
1.8050550859096042
1.8044300668355358
1.8025550096133305
1.8006799523911254
1.797554857020783
1.7930547196874904
1.788054567094943
1.7826794030579547
1.7759291970580158
1.7681789605395672
1.7603037202063052
1.752053468428602
1.7424281746879482
1.7333028962065493
1.7240526139103367
1.7135522934659873
1.7034269844660788
1.693801690725425
1.683051362651448
1.6738010803552354
1.6630507522812585
1.6531754509109775
1.6435501571703237
1.6346748863185523
1.6261746269112216
1.6179243751335184
1.6104241462446975
1.6039239478743859
1.5972987456892607
1.5916735740226449
1.5866734214300973
1.5830483108005005
1.5802982268745993
1.5785481734672078
1.5784231696523943
1.5782981658375803
1.5797982116153446
1.5826732993560595
1.5859233985412151
1.590298532059694
1.5959237037263099
1.6017988830225531
1.6089241004669332
1.6159243140964994
1.6246745811334575
1.633174840540788
1.6418001037629322
1.6505503707998903
1.6588006225775933
1.666425855281228
1.6730510574663533
1.6784262215033416
1.6834263740958892
1.6876765037995543
1.6896765648365732
1.6909266029847103
1.6896765648365732
1.6884265266884364
1.6851764275032808
1.6800512710959197
1.673676076540422
1.6666758629108556
1.6583006073183386
1.649425336466567
1.6400500503555409
1.6305497604297006
1.6205494552446058
1.6100491348002564
1.6002988372447888
1.589923520615253
1.5790481887264625
1.5686728720969267
1.5601726126895963
1.549547288430433
1.5377969298379466
1.5252965483565784
1.5102960905789362
1.4931705679494613
1.4749200109866634
1.4555444196905423
1.4355438093203527
1.418793298135319
1.4050428785058138
1.3997927182836392
1.4071679433576463
1.4292936185796687
1.4681698049867247
1.5249215369121372
1.599173802911466
1.6895515610217597
1.7943047578356275
1.909808282723472
2.0223117160557877
2.120064699240089
2.192941923276467
2.233443159276101
2.241818414868618
2.2075673696096683
2.1339401226844084
2.0329370403149514
1.9165584887234108
1.7961798150578325
1.681551316873684
1.5777981505783258
1.491795525986511
1.4261685232093266
1.3834172185430464
1.36216657002472
1.3547913449507127
1.3611665395062105
1.37641700491348
1.3976676534318064
1.4219183935056612
1.4471691640980255
1.4722949308755762
1.4950456251716666
1.5136711935789056
1.5295466780602436
1.540922025208289
1.5505473189489425
1.5585475630970183
1.5656727805413984
1.5729230018005922
1.5797982116153446
1.5871734366893522
1.594673665578173
1.6024239020966218
1.611424176763207
1.6204244514297923
1.6299247413556321
1.639550035096286
1.6485503097628713
1.6593006378368482
1.6681759086886196
1.6785512253181556
1.6889265419476913
1.6991768547624133
1.7090521561326946
1.7193024689474166
1.7296777855769523
1.738553056428724
1.7485533616138187
1.7563035981322672
1.7640538346507157
1.771804071169164
1.778554277169103
1.7850544755394149
1.7911796624652854
1.7955547959837643
1.7994299142429884
1.8019299905392623
1.8040550553910948
1.8053050935392316
1.8056801049836726
1.803930051576281
1.8014299752800074
1.7990549027985472
1.7950547807245094
1.7908046510208442
1.7855544907986696
1.7795543076876126
1.7725540940580462
1.7649288613544114
1.756428601947081
1.7478033387249368
1.7379280373546557
1.7286777550584431
1.719552476577044
1.7093021637623218
1.6991768547624133
1.6893015533921325
1.678676229132969
1.668050904873806
1.657800592059084
1.6489253212073123
1.6394250312814722
1.6301747489852596
1.621299478133488
1.6142992645039216
1.6071740470595417
1.60067384868923
1.5944236579485458
1.5894235053559984
1.585298379467147
1.582048280281991
1.5790481887264625
1.5776731467635121
1.5779231543931396
1.5786731772820215
1.580923245948668
1.5842983489486373
1.587923459578234
1.5929236121707817
1.5980487685781428
1.6051739860225227
1.6120491958372754
1.6202994476149783
1.6285496993926818
1.6374249702444532
1.6458002258369702
1.654550492873928
1.6624257332071901
1.6695509506515702
1.6758011413922544
1.6810513016144293
1.6848014160588396
1.6880515152439954
1.6904265877254554
1.6908015991698966
1.689426557206946
1.6873014923551135
1.6831763664662618
1.6768011719107638
1.6705509811700798
1.662800744651631
1.6543004852443006
1.6454252143925292
1.6360499282815029
1.6259246192815942
1.6159243140964994
1.6056740012817774
1.5954236884670552
1.5846733603930783
1.57454805139317
1.56504776146733
1.5550474562822352
1.5446721396526994
1.5331717886898404
1.5190463576158941
1.5026708578753014
1.4849203161717581
1.4654197210608235
1.4469191564683983
1.4269185460982088
1.410543046357616
1.4021677907650991
1.4021677907650991
1.4155431989501632
1.4466691488387708
1.4927955565050204
1.557172521134068
1.6394250312814722
1.7366779992065189
1.8476813867610706
1.964434949797052
2.071063203833125
2.158065858943449
2.216067629016999
2.241818414868618
2.231818109683523
2.1765664235358746
2.088563737907041
1.978310373241371
1.8585567186498613
1.7396780907620473
1.6294247260963775
1.5327967772453994
1.4569194616534928
1.4022927945799126
1.3701668141727958
1.356166386913663
1.3564163945432905
1.3676667378765222
1.3856672872096927
1.4087929929502243
1.4336687520981475
1.4594195379497665
1.483420270393994
1.5046709189123204
1.5215464339121678
1.5346718344676047
1.5456721701712088
1.554797448652608
1.562297677541429
1.5691728873561817
1.5759230933561206
1.5834233222449416
1.590798547318949
1.598798791467025
1.6072990508743554
1.6160493179113133
1.625174596392712
1.6345498825037386
1.6438001647999512
1.653800469985046
1.6635507675405132
1.6730510574663533
1.6836763817255165
1.6939266945402387
1.704052003540147
1.7140523087252417
1.7241776177251504
1.7339279152806177
1.7430531937620168
1.7514284493545336
1.7600537125766778
1.7684289681691947
1.7751791741691336
1.7819293801690725
1.7885545823541977
1.7934297311319314
1.7974298532059694
1.8011799676503801
1.8034300363170261
1.8049300820947904
1.8058051087984863
1.8045550706503495
1.8025550096133305
1.800804956205939
1.7969298379467147
1.7934297311319314
1.7881795709097568
1.7828044068727684
1.7753041779839474
1.768303964354381
1.7605537278359324
1.7518034607989748
1.7426781823175757
1.733052888576922
1.7238026062807095
1.7141773125400557
1.704177007354961
1.6941767021698662
1.6836763817255165
1.6738010803552354
1.663300759910886
1.6540504776146734
1.643925168614765
1.6347998901333658
1.6259246192815942
1.6180493789483323
1.61017413861507
1.6037989440595721
1.5975487533188881
1.5920485854670858
1.5865484176152838
1.5841733451338236
1.5804232306894133
1.5786731772820215
1.5786731772820215
1.5784231696523943
1.5797982116153446
1.5824232917264323
1.586048402356029
1.5900485244300668
1.5950486770226142
1.6017988830225531
1.6084240852076785
1.616549333170568
1.6241745658742028
1.6327998290963468
1.6408000732444226
1.6501753593554491
1.6584256111331521
1.6663008514664144
1.6726760460219123
1.6781762138737144
1.6834263740958892
1.6868014770958586
1.689426557206946
1.6909266029847103
1.6900515762810144
1.688301522873623
1.6854264351329082
1.6804262825403606
1.6744260994293039
1.666800866725669
1.6584256111331521
1.6496753440961944
1.640675069429609
1.631174779503769
1.620924466689047
1.610549150059511
1.601173863948485
1.5901735282448806
1.580048219244972
1.5697979064302499
1.5600476088747826
1.5499222998748743
1.5385469527268287
1.5260465712454605
1.5110461134678184
1.49379558702353
1.4761700491348004
1.4562944425794244
1.437043855098117
1.4195433210242012
1.4061679128391371
1.3997927182836392
1.4067929319132053
1.427918576616718
1.4659197363200782
1.5216714377269813
1.5955486922818691
1.685051423688467
1.790054628131962
1.9049331339457383
2.018561601611377
2.1168146000549335
2.19031684316538
2.232193121127964
2.2433184606463823
2.2090674153874326
2.1374402294991914
2.0371871700186164
1.920808618427076
1.8000549333170568
1.6845514084292124
1.5810482497634815
1.4940455946531572
1.4281685842463454
1.3846672566911833
1.3607915280617695
1.3549163487655262
1.3609165318765832
1.3754169743949705
1.3969176305429243
1.421293374431593
1.4469191564683983
1.471544907986694
1.4941705984679707
1.513546189764092
1.5282966399121067
1.5404220099490342
1.5502973113193153
1.558297555467391
1.5649227576525162
1.5726729941709647
1.579673207800531
1.5865484176152838
1.5945486617633595
1.6035489364299447
1.611424176763207
1.6196744285409101
1.6297997375408186
1.63867500839259
1.6483003021332439
1.6581756035035249
1.6684259163182469
1.677926206244087
1.6884265266884364
1.6991768547624133
1.7086771446882534
1.7186774498733484
1.7288027588732566
1.7386780602435379
1.748053346354564
1.7556785790581988
1.7646788537247842
1.7719290749839778
1.7790542924283579
1.7855544907986696
1.7905546433912167
1.7955547959837643
1.7998049256874293
1.8019299905392623
1.8046800744651632
1.8050550859096042
1.8059301126133
1.8036800439466536
1.8020549943540758
1.799554918057802
1.7959298074282053
1.7906796472060307
1.7860545060579243
1.7795543076876126
1.7729291055024872
1.7646788537247842
1.756803613391522
1.7474283272804958
1.7384280526139104
1.729052766502884
1.7189274575029754
1.7090521561326946
1.6991768547624133
1.6898015686513872
1.6793012482070377
1.6684259163182469
1.658925626392407
1.6493003326517535
1.6400500503555409
1.6309247718741418
1.62204950102237
1.614549272133549
1.6075490585039827
1.601173863948485
1.594798669392987
1.589923520615253
1.5851733756523332
1.5819232764671776
1.57929819635609
1.5781731620227668
1.5784231696523943
1.5784231696523943
1.5806732383190405
1.58404834131901
1.5875484481337934
1.5925486007263405
1.5984237800225838
1.6049239783928952
1.6119241920224616
1.6197994323557239
1.628424695577868
1.6371749626148258
1.6453002105777155
1.6546754966887418
1.6623007293923764
1.6690509353923155
1.6764261604663229
1.6810513016144293
1.684676412244026
1.6881765190588092
1.691426618243965
1.6899265724662007
1.6896765648365732
1.687051484725486
1.6831763664662618
1.677551194799646
1.6705509811700798
1.663300759910886
1.6544254890591144
1.6455502182073427
1.6360499282815029
1.626424634540849
1.6162993255409406
1.6056740012817774
1.5956736960966826
1.5850483718375195
1.574923062837611
1.56504776146733
1.5554224677266761
1.5445471358378857
1.5326717734305857
1.5187963499862667
1.5030458693197426
1.485295327616199
1.466419751579333
1.4467941526535844
1.427918576616718
1.4117930845057527
1.4016677755058444
1.4015427716910305
1.4155431989501632
1.4442940763573107
1.491295510727256
1.5556724753563036
1.6369249549851985
1.734552934354686
1.8455563219092381
1.9613098544267098
2.0693131504257334
2.1565658131656846
2.2155676137577442
2.241693411053804
2.231818109683523
2.177566454054384
2.0908138065736868
1.9808104495376446
1.8604317758720665
1.7420531632435072
1.6309247718741418
1.5354218573564866
1.4586695150608844
1.4032928250984222
1.3706668294320505
1.3566664021729178
1.3562913907284768
1.3670417188024537
1.3849172643208107
1.4081679738761559
1.4335437482833338
1.4589195226905116
1.4832952665791803
1.504420911282693
1.5209214148380994
1.5355468611713006
1.5456721701712088
1.5545474410229805
1.5616726584673606
1.5687978759117405
1.5767981200598165
1.5834233222449416
1.590423535874508
1.59829877620777
1.607424054689169
1.6160493179113133
1.624924588763085
1.6340498672444839
1.6443001800592059
1.6529254432813503
1.663300759910886
1.673176061281167
1.6834263740958892
1.6939266945402387
1.704052003540147
1.7139273049104282
1.7241776177251504
1.7340529190954315
1.743803216650899
1.7519284646137883
1.76080373546556
1.7691789910580769
1.775804193243202
1.7819293801690725
1.788929593798639
1.7934297311319314
1.7981798760948515
1.8011799676503801
1.8034300363170261
1.8046800744651632
1.8053050935392316
1.8046800744651632
1.803180028687399
1.800804956205939
1.7976798608355968
1.7931797235023041
1.7883045747245705
1.7826794030579547
1.7760542008728295
1.7684289681691947
1.76080373546556
1.7523034760582294
1.7443032319101537
1.7340529190954315
1.724302621539964
1.714427320169683
1.7043020111697744
1.6943017059846797
1.6844264046143986
1.673551072725608
1.663300759910886
1.6541754814294871
1.6445501876888333
1.635174901577807
1.6262996307260353
1.618549394207587
1.6107991576891385
1.6040489516891996
1.59829877620777
1.592423596911527
1.5870484328745385
1.5835483260597554
1.5806732383190405
1.578923184911649
1.5777981505783258
1.5782981658375803
1.579673207800531
1.5822982879116183
1.5857983947264016
1.589923520615253
1.5952986846522417
1.6019238868373669
1.6089241004669332
1.6156743064668722
1.6239245582445754
1.6334248481704154
1.6418001037629322
1.6498003479110082
1.6583006073183386
1.666050843836787
1.6724260383922849
1.6781762138737144
1.683051362651448
1.6869264809106725
1.6896765648365732
1.6913016144291515
1.690301583910642
1.688301522873623
1.6861764580217904
1.6803012787255471
1.6746761070589313
1.6674258857997375
1.658925626392407
1.6501753593554491
1.6405500656147955
1.6317997985778374
1.621299478133488
1.6111741691335797
1.6007988525040437
1.590298532059694
1.5801732230597858
1.570172917874691
1.5605476241340372
1.5502973113193153
1.5386719565416427
1.5264215826899015
1.5109211096530044
1.4947956175420394
1.476295052949614
1.4575444807275613
1.4381688894314402
1.4201683400982696
1.4064179204687641
1.3999177220984527
1.4059179052095097
1.427543565172277
1.4645446943571276
1.5192963652455214
1.5920485854670858
1.681926328318125
1.785679494613483
1.9003079927976319
2.0134364452040163
2.1128144779808955
2.1878167668691058
2.231443098239082
2.2444434949797056
2.2118174993133333
2.141065340128788
2.0418123111667223
1.9261837824640646
1.805180089724418
1.689051545762505
1.5851733756523332
1.4971706900234993
1.4300436414685507
1.385542283394879
1.3620415662099064
1.3549163487655262
1.3600415051728874
1.3750419629505295
1.3956675923947877
1.4199183324686422
1.4451691030610065
1.4705448774681846
1.492920560319834
1.5126711630603962
1.5277966246528518
1.540046998504593
1.5499222998748743
1.55792254402295
1.56504776146733
1.5722979827265235
1.5794232001709037
1.58642341380047
1.5939236426892909
1.6017988830225531
1.6104241462446975
1.6200494399853511
1.629299722281564
1.63867500839259
1.6481752983184301
1.6583006073183386
1.6679259010589922
1.677551194799646
1.688301522873623
1.6984268318735312
1.7086771446882534
1.7179274269844662
1.729052766502884
1.7380530411694692
1.7479283425397505
1.7558035828730125
1.7641788384655293
1.7711790520950956
1.7789292886135442
1.7844294564653462
1.7905546433912167
1.7956797997985778
1.799554918057802
1.8025550096133305
1.8040550553910948
1.804805078279977
1.805180089724418
1.8043050630207222
1.8018049867244483
1.7991799066133611
1.7958048036133916
1.790929654835658
1.7859295022431105
1.7794293038727989
1.7730541093173011
1.765928891872921
1.7573036286507766
1.7484283577990052
1.7389280678731651
1.7298027893917662
1.7201774956511124
1.7101771904660177
1.700176885280923
1.6909266029847103
1.6798012634662924
1.6694259468367565
1.659800653096103
1.6496753440961944
1.639925046540727
1.63154979094821
1.6231745353556932
1.6154242988372447
1.6076740623187964
1.6012988677632984
1.5957986999114964
1.5896735129856259
1.5856733909115879
1.582048280281991
1.579673207800531
1.5780481582079533
1.5779231543931396
1.5786731772820215
1.5806732383190405
1.58404834131901
1.5874234443189794
1.591923581652272
1.5980487685781428
1.6046739707632678
1.6111741691335797
1.6197994323557239
1.6277996765037996
1.6357999206518754
1.6453002105777155
1.6531754509109775
1.6615507065034945
1.6684259163182469
1.675176122318186
1.680676290169988
1.6851764275032808
1.6885515305032504
1.690301583910642
1.6905515915402693
1.689426557206946
1.6873014923551135
1.6833013702810755
1.6776761986144597
1.671301004058962
1.6636757713553272
1.6553005157628102
1.6463002410962249
1.6367999511703848
1.6269246498001038
1.6170493484298227
1.6071740470595417
1.596298715170751
1.5867984252449112
1.5757980895413068
1.5660477919858395
1.5560474868007448
1.5454221625415814
1.5337968077639088
1.5204213995788447
1.5042959074678794
1.4866703695791499
1.468419812616352
1.449294228949858
1.429918637653737
1.413293130283517
1.4027928098391673
1.4005427411725213
1.4137931455427717
1.4415439924314097
1.4862953581347087
1.5494222846156194
1.6295497299111912
1.725052644428846
1.835306009094516
1.951684560686056
2.060312875759148
2.149565599536119
2.2114424878688923
2.2403183690908537
2.2351932126834924
2.184941679128391
2.0998140812402726
1.9915607776116215
1.872057130649739
1.7528034913174841
1.6411750846888638
1.5439221167638173
1.4645446943571276
1.4076679586169012
1.3730419019135105
1.357041413617359
1.356166386913663
1.3659166844691304
1.383167210913419
1.4066679280983916
1.431543687246315
1.4567944578386791
1.481045197912534
1.502420850245674
1.5195463728751488
1.533671803949095
1.5445471358378857
1.5536724143192846
1.561797662282174
1.5686728720969267
1.5754230780968657
1.5826732993560595
1.5894235053559984
1.5977987609485154
1.6064240241706595
1.61492428357799
1.6239245582445754
1.633549851985229
1.6434251533555102
1.6521754203924681
1.6626757408368176
1.6723010345774711
1.6820513321329387
1.6929266640217293
1.7026769615771966
1.7129272743919186
1.7229275795770134
1.7328028809472946
1.7419281594286935
1.7510534379100926
1.759553697317423
1.7671789300210579
1.7745541550950652
1.7813043610950041
1.7879295632801295
1.7929297158726767
1.7968048341319012
1.801554979094821
1.8029300210577714
1.8043050630207222
1.804805078279977
1.8049300820947904
1.803180028687399
1.8009299600207527
1.7976798608355968
1.7941797540208135
1.7893046052430799
1.7830544145023959
1.7769292275765252
1.7691789910580769
1.7613037507248146
1.7534285103915526
1.7443032319101537
1.7349279457991271
1.7254276558732873
1.715177343058565
1.7055520493179113
1.6945517136143071
1.6854264351329082
1.6748011108737448
1.664925809503464
1.6550505081331828
1.6460502334665976
1.635924924466689
1.6274246650593585
1.6191744132816552
1.611424176763207
1.605048982207709
1.5984237800225838
1.5930486159855952
1.5875484481337934
1.5835483260597554
1.5807982421338542
1.5786731772820215
1.5781731620227668
1.5785481734672078
1.5791731925412764
1.5819232764671776
1.5854233832819604
1.5896735129856259
1.594298654133732
1.601173863948485
1.6080490737632376
1.6150492873928037
1.622924527726066
1.6319248023926511
1.6405500656147955
1.649050325022126
1.6571755729850153
1.6650508133182775
1.6710509964293345
1.6773011871700187
1.6833013702810755
1.6865514694662314
1.6891765495773186
1.690301583910642
1.6904265877254554
1.6884265266884364
1.6858014465773492
1.6814263130588702
1.6744260994293039
1.6683009125034334
1.6600506607257304
1.6513003936887722
1.6418001037629322
1.6320498062074649
1.6222995086519973
1.6119241920224616
1.6017988830225531
1.5916735740226449
1.581298257393109
1.5714229560228279
1.5614226508377331
1.5511723380230111
1.5404220099490342
1.5277966246528518
1.5130461745048374
1.4962956633198035
1.4780451063570055
1.4592945341349528
1.439418927579577
1.421293374431593
1.4071679433576463
1.4002927335428939
1.4051678823206275
1.4247934812463758
1.4599195532090212
1.5137961973937193
1.5847983642078922
1.6730510574663533
1.775804193243202
1.8896826685384687
2.00406115909299
2.105314249092074
2.1825666066469314
2.228943021942808
2.2450685140537736
2.215942625202185
2.1480655537583546
2.050687582018494
1.9354340647602772
1.8148053834650717
1.6985518356883451
1.5930486159855952
1.5036708883938108
1.4345437788018434
1.3885423749504076
1.3626665852839748
1.3547913449507127
1.35979149754326
1.373291909543138
1.3935425275429547
1.417293252357555
1.4441690725424972
1.4685448164311656
1.491295510727256
1.5125461592455824
1.5274216132084109
1.539671987060152
1.5491722769859921
1.5576725363933226
1.5656727805413984
1.5720479750968963
1.579673207800531
1.5856733909115879
1.5932986236152227
1.6014238715781122
1.61017413861507
1.6190494094668417
1.629299722281564
1.6377999816888944
1.6473002716147345
1.6570505691702018
1.6670508743552965
1.6770511795403913
1.6871764885402998
1.697801812799463
1.7075521103549303
1.7179274269844662
1.7278027283547472
1.7376780297250283
1.7465533005767997
1.7549285561693166
1.7631788079470199
1.771429059724723
1.778554277169103
1.7846794640949737
1.789679616687521
1.7953047883541369
1.7994299142429884
1.8024300057985168
1.803930051576281
1.805180089724418
1.8053050935392316
1.8041800592059083
1.8014299752800074
1.799554918057802
1.7959298074282053
1.7918046815393536
1.7861795098727378
1.7804293343913085
1.7735541245765558
1.76555388042848
1.7570536210211494
1.7484283577990052
1.7395530869472335
1.7301778008362072
1.7205525070955536
1.7105522019104589
1.7008019043549913
1.6906765953550829
1.6803012787255471
1.670050965910825
1.6603006683553576
1.6503003631702629
1.640300057985168
1.631674794763024
1.6235495468001342
1.6155493026520584
1.6084240852076785
1.6019238868373669
1.5956736960966826
1.590423535874508
1.5861734061708426
1.5827983031708732
1.5797982116153446
1.5785481734672078
1.5777981505783258
1.5794232001709037
1.5801732230597858
1.5836733298745689
1.5881734672078616
1.592798608355968
1.5977987609485154
1.6044239631336406
1.6110491653187657
1.6187994018372145
1.6275496688741722
1.635924924466689
1.6441751762443924
1.6529254432813503
1.6611756950590533
1.6686759239478743
1.6759261452070682
1.6804262825403606
1.6849264198736535
1.6878015076143682
1.6898015686513872
1.6908015991698966
1.6899265724662007
1.6869264809106725
1.683926389355144
1.6784262215033416
1.6715510116885892
1.6641757866145819
1.655800531022065
1.6464252449110386
1.636674947355571
1.6274246650593585
1.6172993560594502
1.607049043244728
1.5970487380596332
1.5871734366893522
1.5761731009857478
1.566297799615467
1.5565475020599995
1.5459221778008363
1.5341718192083498
1.5207964110232857
1.5046709189123204
1.4870453810235909
1.4687948240607929
1.4491692251350443
1.4300436414685507
1.4137931455427717
1.4015427716910305
1.401042756431776
1.4126681112094486
1.440293954283273
1.484545304727317
1.5465471968749047
1.6265496383556628
1.721927549058504
1.8314308908352916
1.9483094576860867
2.0574377880184334
2.1466905117954043
2.210192449720756
2.2403183690908537
2.2359432355723747
2.1865667287209694
2.1023141575365463
1.99456086916715
1.875307229834895
1.7565536057618945
1.6438001647999512
1.5455471663563953
1.4659197363200782
1.4086679891354106
1.3739169286172064
1.3571664174321727
1.3557913754692221
1.3652916653950622
1.383167210913419
1.4059179052095097
1.4304186529129916
1.4559194311349835
1.480295175023652
1.502045838801233
1.5195463728751488
1.5332967925046541
1.5441721243934445
1.5532974028748436
1.5609226355784784
1.5692978911709952
1.5752980742820522
1.5825482955412458
1.5896735129856259
1.5975487533188881
1.6059240089114046
1.614549272133549
1.6242995696890163
1.6345498825037386
1.6424251228370008
1.6521754203924681
1.6620507217627492
1.6721760307626576
1.6820513321329387
1.6920516373180334
1.7026769615771966
1.7133022858363598
1.7226775719473861
1.7331778923917356
1.7420531632435072
1.7510534379100926
1.759178685872982
1.7673039338358714
1.7745541550950652
1.7811793572801906
1.7870545365764336
1.792429700613422
1.7969298379467147
1.8010549638355662
1.8033050325022126
1.8044300668355358
1.805180089724418
1.804805078279977
1.8033050325022126
1.8010549638355662
1.7980548722800378
1.7934297311319314
1.7891796014282664
1.7833044221320231
1.7769292275765252
1.7691789910580769
1.7620537736136967
1.7533035065767388
1.7443032319101537
1.7351779534287546
1.7253026520584733
1.7150523392437513
1.705677053132725
1.695801751762444
1.685926450392163
1.6753011261329998
1.665300820947905
1.6550505081331828
1.6461752372814111
1.6360499282815029
1.627674672688986
1.6194244209112827
1.611799188207648
1.6047989745780817
1.598798791467025
1.592798608355968
1.5877984557634206
1.5842983489486373
1.5814232612079226
1.5787981810968352
1.5787981810968352
1.5790481887264625
1.5791731925412764
1.5824232917264323
1.585298379467147
1.5894235053559984
1.5944236579485458
1.6007988525040437
1.607424054689169
1.61492428357799
1.6227995239112523
1.6314247871333964
1.639925046540727
1.6484253059480574
1.6570505691702018
1.6650508133182775
1.6719260231330302
1.6774261909848323
1.682676351207007
1.685926450392163
1.6891765495773186
1.6906765953550829
1.6900515762810144
1.6888015381328776
1.6858014465773492
1.6811763054292428
1.6753011261329998
1.668050904873806
1.6601756645405439
1.651050386059145
1.6420501113925596
1.6321748100222786
1.6227995239112523
1.6122992034669026
1.6022988982818078
1.591923581652272
1.5815482650227364
1.5717979674672689
1.5612976470229194
1.5516723532822658
1.5405470137638477
1.5279216284676658
1.5134211859492783
1.4966706747642446
1.4787951292458876
1.4601695608386487
1.4397939390240182
1.4214183782464065
1.4076679586169012
1.4005427411725213
1.4044178594317454
1.4246684774315623
1.458794518875698
1.5121711478011413
1.5817982726523636
1.669300943021943
1.7720540787987915
1.885932554094058
2.000561052278207
2.1023141575365463
2.1800665303506577
2.2280679952391127
2.2446935026093326
2.2176926786095765
2.151440656758324
2.0548127079073457
1.9405592211676383
1.8208055665761285
1.7035519882808923
1.597173741874447
1.5072959990234076
1.4371688589129308
1.3896674092837307
1.3640416272469253
1.3547913449507127
1.3591664784691917
1.3726668904690695
1.3929175084688865
1.4174182561723685
1.4426690267647329
1.4674197820978425
1.490545487838374
1.51042109439375
1.5262965788750877
1.5386719565416427
1.5482972502822963
1.5572975249488816
1.5644227423932615
1.5714229560228279
1.578923184911649
1.5854233832819604
1.5931736198004092
1.601173863948485
1.6100491348002564
1.6186743980224005
1.628049684133427
1.6370499588000123
1.6469252601702933
1.6568005615405743
1.6665508590960418
1.6764261604663229
1.6865514694662314
1.697301797540208
1.706927091280862
1.7174274117252115
1.727052705465865
1.7371780144657736
1.7463032929471725
1.754053529465621
1.7629288003173924
1.7705540330210272
1.7775542466505936
1.7835544297616506
1.790054628131962
1.7946797692800684
1.7981798760948515
1.8023050019837032
1.803930051576281
1.8053050935392316
1.805180089724418
1.8043050630207222
1.8021799981688895
1.799554918057802
1.79642982268746
1.7919296853541673
1.786554521317179
1.7811793572801906
1.774679158909879
1.765928891872921
1.7578036439100315
1.7494283883175148
1.739303079317606
1.730677816095462
1.7211775261696218
1.7110522171697136
1.701676931058687
1.6919266335032197
1.680676290169988
1.6705509811700798
1.660925687429426
1.6501753593554491
1.6411750846888638
1.6320498062074649
1.6236745506149481
1.6159243140964994
1.6084240852076785
1.6021738944669943
1.5960487075411238
1.590423535874508
1.586048402356029
1.5824232917264323
1.579673207800531
1.5786731772820215
1.5780481582079533
1.5787981810968352
1.5802982268745993
1.5831733146153144
1.5871734366893522
1.5916735740226449
1.5974237495040742
1.6034239326151312
1.6106741538743248
1.6184243903927733
1.6261746269112216
1.635174901577807
1.6440501724295786
1.6521754203924681
1.6608006836146123
1.6679259010589922
1.6740510879848627
1.679926267281106
1.6845514084292124
1.6879265114291817
1.6895515610217597
1.6899265724662007
1.6900515762810144
1.6873014923551135
1.6840513931699574
1.6788012329477828
1.6724260383922849
1.6645507980590228
1.6564255500961331
1.6468002563554796
1.6374249702444532
1.6279246803186131
1.6175493636890774
1.6076740623187964
1.5977987609485154
1.5871734366893522
1.5772981353190711
1.5669228186895352
1.5569225135044404
1.5466722006897184
1.5351718497268594
1.521796441541795
1.5060459608752708
1.4889204382457961
1.4701698660237434
1.4510442823572498
1.431543687246315
1.414793176061281
1.4032928250984222
1.4002927335428939
1.4110430616168708
1.4372938627277445
1.4804201788384654
1.5406720175786617
1.6184243903927733
1.7133022858363598
1.8213055818353832
1.9379341410565507
2.0474374828333386
2.1396902981658377
2.205317300943022
2.2380683004242075
2.238193304239021
2.19269191564684
2.111689443647572
2.0055612048707543
1.886807580797754
1.76792895290994
1.6544254890591144
1.555172460097049
1.4734199652088993
1.413293130283517
1.376041993469039
1.3575414288766137
1.3547913449507127
1.3640416272469253
1.3811671498764
1.4029178136539813
1.4281685842463454
1.453669362468337
1.4784201178014467
1.4999207739494005
1.5176713156529436
1.5319217505417035
1.5436721091341898
1.552672383800775
1.561047639393292
1.5676728415784174
1.5751730704672384
1.5814232612079226
1.588423474837489
1.5964237189855648
1.6049239783928952
1.6136742454298534
1.6224245124668113
1.632299813837092
1.6416750999481187
1.651425397503586
1.6606756797997986
1.6709259926145208
1.6808012939848018
1.6921766411328472
1.701801934873501
1.7125522629474779
1.7216775414288765
1.7318028504287852
1.740928128910184
1.750053407391583
1.7579286477248453
1.7665539109469892
1.7736791283913693
1.7803043305764947
1.786554521317179
1.792054689168981
1.7968048341319012
1.8000549333170568
1.8030550248725852
1.8046800744651632
1.8046800744651632
1.8043050630207222
1.80355504013184
1.8010549638355662
1.7978048646504103
1.7946797692800684
1.789679616687521
1.7839294412060915
1.7780542619098483
1.7701790215765862
1.7630538041322064
1.7545535447248757
1.7459282815027315
1.7363029877620777
1.7265526902066104
1.7168023926511429
1.706927091280862
1.6965517746513261
1.6869264809106725
1.6759261452070682
1.6661758476516009
1.6564255500961331
1.6463002410962249
1.6369249549851985
1.6286747032074953
1.6201744438001648
1.6124242072817165
1.6057990050965911
1.599548814355907
1.5934236274300364
1.58879848628193
1.5846733603930783
1.58167326883755
1.5791731925412764
1.5785481734672078
1.578923184911649
1.5791731925412764
1.58167326883755
1.5846733603930783
1.5891734977263712
1.5929236121707817
1.6001738334299753
1.6066740318002868
1.614549272133549
1.6226745200964385
1.6305497604297006
1.63867500839259
1.6475502792443617
1.6563005462813196
1.6640507827997681
1.6709259926145208
1.6765511642811366
1.681926328318125
1.685926450392163
1.6888015381328776
1.6895515610217597
1.691051606799524
1.6891765495773186
1.6860514542069764
1.681926328318125
1.6761761528366956
1.6686759239478743
1.660925687429426
1.6529254432813503
1.6433001495406965
1.6332998443556017
1.6237995544297616
1.6136742454298534
1.60304892117069
1.5929236121707817
1.5827983031708732
1.5716729636524553
1.5631727042451247
1.553547410504471
1.5421720633564255
1.5299216895046848
1.5152962431714836
1.499670766319773
1.4807951902829066
1.462044618060854
1.4426690267647329
1.4239184545426802
1.408917996765038
1.4007927488021485
1.403417828913236
1.4202933439130834
1.4537943662831507
1.5037958922086248
1.5714229560228279
1.6573005767998292
1.7576786400952178
1.871307107760857
1.9859356059450057
2.0899387798699913
2.1714412671285133
2.2236928617206337
2.2441934873500777
2.224317880794702
2.162190984832301
2.0688131351664785
1.9559346903897215
1.836056031983398
1.7173024079103976
1.6099241309854426
1.5174213080233163
1.4451691030610065
1.3949175695059055
1.3660416882839443
1.3551663563951537
1.3577914365062411
1.3711668446913052
1.3897924130985444
1.4135431379131442
1.4392939237647635
1.464419690542314
1.4880454115421002
1.5081710257271035
1.524296517838069
1.5370469069490644
1.5472972197637866
1.5562974944303722
1.564297738578448
1.570172917874691
1.5775481429486986
1.5846733603930783
1.5921735892818996
1.6000488296151616
1.6089241004669332
1.6172993560594502
1.6266746421704763
1.6360499282815029
1.6455502182073427
1.6555505233924375
1.66480080568865
1.6753011261329998
1.6851764275032808
1.6960517593920712
1.7066770836512346
1.7161773735770747
1.725927671132542
1.7356779686880093
1.7458032776879178
1.753178502761925
1.7620537736136967
1.769804010132145
1.777054231391339
1.7839294412060915
1.788929593798639
1.794054750206
1.7981798760948515
1.8016799829096348
1.8038050477614673
1.804805078279977
1.8053050935392316
1.8044300668355358
1.803180028687399
1.8000549333170568
1.7969298379467147
1.792429700613422
1.7874295480208746
1.7819293801690725
1.775429181798761
1.7670539262062441
1.7593036896877956
1.7508034302804651
1.742178167058321
1.7320528580584125
1.7223025605029452
1.712802270577105
1.702176946317942
1.6925516525772883
1.6821763359477524
1.6723010345774711
1.6624257332071901
1.6524254280220954
1.6424251228370008
1.6339248634296701
1.6246745811334575
1.6167993408001955
1.6096741233558154
1.602673909726249
1.5969237342448195
1.5912985625782037
1.587298440504166
1.5834233222449416
1.5804232306894133
1.5785481734672078
1.5784231696523943
1.5781731620227668
1.5804232306894133
1.5824232917264323
1.58642341380047
1.5909235511337627
1.596798730430006
1.6025489059114353
1.6099241309854426
1.6170493484298227
1.6255496078371532
1.6340498672444839
1.6423001190221869
1.6511753898739585
1.6594256416516617
1.6670508743552965
1.6733010650959808
1.6793012482070377
1.6840513931699574
1.6875514999847407
1.6896765648365732
1.6904265877254554
1.690301583910642
1.6880515152439954
1.684676412244026
1.679926267281106
1.6729260536515398
1.6661758476516009
1.6575505844294565
1.6486753135776848
1.6390500198370312
1.6297997375408186
1.6194244209112827
1.6092991119113744
1.5994238105410932
1.5885484786523028
1.5777981505783258
1.5682978606524856
1.558297555467391
1.5480472426526688
1.5366718955046237
1.5235464949491868
1.508796044801172
1.4910455030976288
1.4727949461348309
1.4530443433942688
1.4344187749870296
1.417168248542741
1.4041678518021181
1.4002927335428939
1.4086679891354106
1.4324187139500106
1.4736699728385265
1.5320467543565173
1.6077990661336101
1.6999268776512955
1.8069301431318094
1.9228086794640948
2.0345620899075287
2.129689992980743
2.198567094943083
2.235818231757561
2.241693411053804
2.2008171636097296
2.124439832758568
2.0204366588335825
1.902558061464278
1.7821793877986998
1.6678008972441787
1.566172795800653
1.4821702322458572
1.419293313394574
1.3790420850245675
1.3591664784691917
1.3546663411358988
1.3626665852839748
1.37879207739494
1.399417706839198
1.425168492690817
1.4502942594683677
1.4749200109866634
1.497670705282754
1.515921262245552
1.530171697134312
1.5417970519119846
1.5512973418378246
1.5592975859859004
1.56742283394879
1.5737980285042878
1.5805482345042268
1.587923459578234
1.5954236884670552
1.6040489516891996
1.613424237800226
1.6215494857631152
1.63154979094821
1.640675069429609
1.6496753440961944
1.6604256721701711
1.669675954466384
1.679926267281106
1.6899265724662007
1.7006769005401776
1.710802209540086
1.7208025147251809
1.7304278084658344
1.7399280983916745
1.7494283883175148
1.757553636280404
1.7656788842432936
1.7729291055024872
1.7798043153172398
1.7854294869838556
1.7925547044282357
1.7959298074282053
1.8001799371318705
1.8026800134281442
1.8044300668355358
1.8053050935392316
1.805180089724418
1.8038050477614673
1.8016799829096348
1.799554918057802
1.7954297921689504
1.790054628131962
1.7843044526505327
1.778179265724662
1.771429059724723
1.7633038117618336
1.7554285714285716
1.7465533005767997
1.7361779839472642
1.7280527359843745
1.7173024079103976
1.7079271217993715
1.6971767937253945
1.6874264961699272
1.677176183355205
1.6669258705404828
1.6573005767998292
1.6479252906888027
1.637924985503708
1.629299722281564
1.6204244514297923
1.613424237800226
1.6060490127262186
1.5996738181707206
1.5941736503189183
1.5889234900967437
1.5849233680227057
1.582048280281991
1.5791731925412764
1.5780481582079533
1.5775481429486986
1.57929819635609
1.5810482497634815
1.5842983489486373
1.5889234900967437
1.5937986388744774
1.599173802911466
1.606174016541032
1.613424237800226
1.6207994628742333
1.6295497299111912
1.6384250007629628
1.647050263985107
1.6555505233924375
1.6638007751701407
1.6704259773552659
1.6768011719107638
1.6818013245033114
1.685926450392163
1.6880515152439954
1.690301583910642
1.6904265877254554
1.6889265419476913
1.6865514694662314
1.682676351207007
1.6765511642811366
1.6694259468367565
1.6621757255775629
1.6526754356517228
1.6436751609851377
1.6341748710592976
1.6242995696890163
1.614549272133549
1.6042989593188268
1.5939236426892909
1.5825482955412458
1.5731730094302194
1.5635477156895659
1.5534224066896571
1.5427970824304942
1.5297966856898708
1.5166712851344342
1.4997957701345868
1.4819202246162297
1.4634196600238045
1.443794061098056
1.425168492690817
1.4091680043946653
1.4007927488021485
1.4029178136539813
1.4190433057649465
1.4515442976165045
1.5010458082827236
1.568172856837672
1.6528004394665363
1.7533035065767388
1.864931913205359
1.9813104647968993
2.086063661610767
2.1689411908322396
2.2220678121280555
2.2436934720908233
2.226817957090976
2.165816095461898
2.0729382610553304
1.960809839167455
1.8406811731315043
1.7224275643177587
1.6139242530594806
1.5204213995788447
1.4470441602832118
1.3962926114688559
1.366541703543199
1.355416364024781
1.3576664326914274
1.3704168218024233
1.3894174016541032
1.4126681112094486
1.4381688894314402
1.4635446638386183
1.4870453810235909
1.5074210028382216
1.5235464949491868
1.5364218878749962
1.5469222083193457
1.555922482985931
1.563797723319193
1.5702979216895046
1.5771731315042574
1.5846733603930783
1.5910485549485762
1.5999238258003479
1.6087990966521197
1.616924344615009
1.6259246192815942
1.63629993591113
1.6456752220221567
1.6550505081331828
1.6654258247627187
1.675176122318186
1.6851764275032808
1.6953017365031893
1.705677053132725
1.7159273659474472
1.7261776787621694
1.735427961058382
1.7449282509842219
1.7533035065767388
1.7623037812433242
1.7696790063173315
1.7771792352061526
1.782929410687582
1.7888045899838252
1.7945547654652547
1.7981798760948515
1.8013049714651936
1.8041800592059083
1.805180089724418
1.8050550859096042
1.8044300668355358
1.802805017242958
1.8000549333170568
1.7965548265022737
1.792429700613422
1.7875545518356883
1.7814293649098176
1.7751791741691336
1.7673039338358714
1.7593036896877956
1.7506784264656514
1.7415531479842525
1.7315528427991578
1.7221775566881314
1.7126772667622914
1.702551957762383
1.6933016754661703
1.6828013550218206
1.671676015503403
1.6616757103183082
1.6523004242072816
1.6428001342814416
1.6327998290963468
1.6250495925778985
1.616924344615009
1.6099241309854426
1.6027989135410627
1.596673726615192
1.5910485549485762
1.5871734366893522
1.5827983031708732
1.5802982268745993
1.5779231543931396
1.5779231543931396
1.5786731772820215
1.5799232154301586
1.583298318430128
1.5867984252449112
1.5911735587633902
1.5965487228003785
1.6029239173558765
1.6100491348002564
1.6174243598742637
1.6255496078371532
1.6345498825037386
1.6428001342814416
1.6516754051332134
1.6590506302072208
1.66717587817011
1.6738010803552354
1.6794262520218513
1.684676412244026
1.6876765037995543
1.6898015686513872
1.6904265877254554
1.6900515762810144
1.6873014923551135
1.6854264351329082
1.679551255836665
1.6734260689107945
1.6659258400219734
1.6575505844294565
1.6485503097628713
1.6391750236518448
1.628424695577868
1.6187994018372145
1.6092991119113744
1.599173802911466
1.58879848628193
1.5781731620227668
1.5679228492080448
1.5587975707266457
1.5482972502822963
1.5366718955046237
1.5240465102084415
1.5085460371715445
1.4910455030976288
1.4727949461348309
1.4535443586535233
1.4340437635425884
1.4167932370983
1.403792840357677
1.4004177373577074
1.4090430005798518
1.433043733024079
1.4737949766533405
1.5321717581713308
1.608174077578051
1.7003018890957367
1.8080551774651326
1.9228086794640948
2.03493710135197
2.1298149967955564
2.1988171025727103
2.2353182164983063
2.2411933957945496
2.2001921445356607
2.1230647907956177
2.019436628315073
1.901433027130955
1.7813043610950041
1.66717587817011
1.565797784356212
1.4816702169866023
1.41916830957976
1.3795421002838222
1.3591664784691917
1.355416364024781
1.3624165776543475
1.3782920621356853
1.4004177373577074
1.4252934965056308
1.4511692861720633
1.4755450300607318
1.4970456862086856
1.515921262245552
1.5304217047639395
1.5412970366527299
1.5514223456526384
1.5601726126895963
1.5669228186895352
1.5736730246894741
1.5810482497634815
1.587923459578234
1.5952986846522417
1.6040489516891996
1.611799188207648
1.6215494857631152
1.6309247718741418
1.640675069429609
1.6504253669850764
1.6601756645405439
1.670050965910825
1.6800512710959197
1.6900515762810144
1.7004268929105502
1.7101771904660177
1.7209275185399944
1.730677816095462
1.7400531022064882
1.7491783806878873
1.7583036591692862
1.7646788537247842
1.7731791131321146
1.7798043153172398
1.7861795098727378
1.7915546739097263
1.7961798150578325
1.7998049256874293
1.8029300210577714
1.8044300668355358
1.8044300668355358
1.8046800744651632
1.8036800439466536
1.8014299752800074
1.79880489516892
1.7949297769096957
1.7901796319467758
1.7844294564653462
1.7784292733542895
1.7710540482802821
1.7634288155766473
1.7549285561693166
1.7461782891323587
1.7368030030213324
1.7278027283547472
1.7180524307992797
1.7075521103549303
1.6976768089846492
1.6878015076143682
1.6780512100589007
1.66717587817011
1.6574255806146427
1.6475502792443617
1.638299996948149
1.6290497146519365
1.6210494705038605
1.6129242225409712
1.6059240089114046
1.5997988219855341
1.5937986388744774
1.5889234900967437
1.5849233680227057
1.5815482650227364
1.5791731925412764
1.5781731620227668
1.5779231543931396
1.5794232001709037
1.5811732535782954
1.5845483565782648
1.5886734824671163
1.5931736198004092
1.5990487990966522
1.6064240241706595
1.6131742301705987
1.6211744743186742
1.6299247413556321
1.6388000122074038
1.6464252449110386
1.655800531022065
1.6634257637256997
1.6701759697256386
1.6769261757255778
1.6825513473921934
1.6854264351329082
1.6888015381328776
1.6904265877254554
1.6900515762810144
1.6891765495773186
1.686301461836604
1.6825513473921934
1.6766761680959503
1.6695509506515702
1.6616757103183082
1.6531754509109775
1.6433001495406965
1.6349248939481797
1.6245495773186438
1.614174260689108
1.6036739402447586
1.5936736350596639
1.5835483260597554
1.5734230170598467
1.5631727042451247
1.553547410504471
1.5425470748008667
1.530171697134312
1.5165462813196202
1.4999207739494005
1.4819202246162297
1.462794640949736
1.4436690572832422
1.4250434888760033
1.4095430158391065
1.4001677297280801
1.4030428174687948
1.4201683400982696
1.451669301431318
1.502045838801233
1.5691728873561817
1.6540504776146734
1.754428540910062
1.8673069856868192
1.982310495315409
2.0873136997589037
2.169691213721122
2.222817835016938
2.2441934873500777
2.224692892239143
2.163941038239692
2.071313211462752
1.958809778130436
1.838431104464858
1.7203024994659262
1.6130492263557847
1.51992138431959
1.4470441602832118
1.3956675923947877
1.3662916959135716
1.3549163487655262
1.3575414288766137
1.3700418103579821
1.3896674092837307
1.413293130283517
1.4385439008758814
1.4640446790978727
1.4870453810235909
1.5074210028382216
1.524171514023255
1.5367968993194372
1.5469222083193457
1.5561724906155583
1.5635477156895659
1.5702979216895046
1.5775481429486986
1.584423352763451
1.5917985778374584
1.6001738334299753
1.609049104281747
1.6174243598742637
1.626424634540849
1.635924924466689
1.6454252143925292
1.6553005157628102
1.6654258247627187
1.675551133762627
1.6851764275032808
1.6960517593920712
1.706052064577166
1.7161773735770747
1.7265526902066104
1.7359279763176367
1.7455532700582903
1.7534285103915526
1.7616787621692556
1.769929013946959
1.7771792352061526
1.7834294259468366
1.7890545976134526
1.7946797692800684
1.7978048646504103
1.801554979094821
1.803930051576281
1.805555101168859
1.8044300668355358
1.8041800592059083
1.8020549943540758
1.8000549333170568
1.7966798303170874
1.7923046967986085
1.7875545518356883
1.7810543534653769
1.7745541550950652
1.7673039338358714
1.7589286782433546
1.7506784264656514
1.741303140354625
1.7316778466139713
1.7218025452436905
1.7118022400585957
1.7023019501327556
1.6923016449476609
1.6818013245033114
1.6719260231330302
1.6618007141331217
1.6519254127628407
1.6425501266518143
1.633174840540788
1.6244245735038303
1.6171743522446362
1.6096741233558154
1.602673909726249
1.596673726615192
1.5912985625782037
1.5865484176152838
1.5830483108005005
1.5802982268745993
1.5785481734672078
1.5777981505783258
1.5790481887264625
1.5801732230597858
1.5824232917264323
1.586048402356029
1.5911735587633902
1.596798730430006
1.6036739402447586
1.6102991424298836
