1.603173924985504
1.601173863948485
1.5997988219855341
1.5976737571337016
1.5955486922818691
1.5944236579485458
1.5930486159855952
1.5915485702078311
1.5906735435041353
1.5892985015411847
1.588423474837489
1.5874234443189794
1.58642341380047
1.5846733603930783
1.5836733298745689
1.5835483260597554
1.5826732993560595
1.5821732840968048
1.581298257393109
1.5807982421338542
1.5805482345042268
1.5799232154301586
1.57929819635609
1.578923184911649
1.5781731620227668
1.5780481582079533
1.5784231696523943
1.5777981505783258
1.5775481429486986
1.5776731467635121
1.5775481429486986
1.5771731315042574
1.5764231086153753
1.57692312387463
1.5767981200598165
1.576548112430189
1.5760480971709343
1.5761731009857478
1.57692312387463
1.5767981200598165
1.5772981353190711
1.5772981353190711
1.5771731315042574
1.5770481276894437
1.5771731315042574
1.5770481276894437
1.5770481276894437
1.5777981505783258
1.5774231391338847
1.5775481429486986
1.5780481582079533
1.5779231543931396
1.5777981505783258
1.5781731620227668
1.5784231696523943
1.5776731467635121
1.5785481734672078
1.5785481734672078
1.5787981810968352
1.5794232001709037
1.5797982116153446
1.5797982116153446
1.580048219244972
1.5791731925412764
1.5799232154301586
1.5795482039857174
1.5801732230597858
1.580923245948668
1.580923245948668
1.5805482345042268
1.5815482650227364
1.5817982726523636
1.5814232612079226
1.5810482497634815
1.582048280281991
1.5817982726523636
1.582048280281991
1.5825482955412458
1.5821732840968048
1.5830483108005005
1.583298318430128
1.5837983336893826
1.5834233222449416
1.5837983336893826
1.58404834131901
1.58404834131901
1.5836733298745689
1.5842983489486373
1.5846733603930783
1.5845483565782648
1.5851733756523332
1.586048402356029
1.5855483870967744
1.5862984099856563
1.585298379467147
1.5859233985412151
1.5859233985412151
1.5861734061708426
1.58642341380047
1.5869234290597247
1.5867984252449112
1.5874234443189794
1.5875484481337934
1.588048463393048
1.5877984557634206
1.587923459578234
1.588048463393048
1.5876734519486069
1.5882984710226753
1.5885484786523028
1.5890484939115572
1.5895485091708121
1.5889234900967437
1.5901735282448806
1.5895485091708121
1.5891734977263712
1.5894235053559984
1.5896735129856259
1.5901735282448806
1.590423535874508
1.5905485396893215
1.5910485549485762
1.5911735587633902
1.5911735587633902
1.5916735740226449
1.5910485549485762
1.5911735587633902
1.5915485702078311
1.591923581652272
1.5916735740226449
1.5921735892818996
1.5925486007263405
1.5925486007263405
1.592423596911527
1.592798608355968
1.5932986236152227
1.5926736045411543
1.5930486159855952
1.5940486465041048
1.5935486312448501
1.5940486465041048
1.594298654133732
1.594673665578173
1.5944236579485458
1.5944236579485458
1.595173680837428
1.594298654133732
1.5941736503189183
1.595173680837428
1.5955486922818691
1.5960487075411238
1.5952986846522417
1.596298715170751
1.596298715170751
1.596298715170751
1.596298715170751
1.596298715170751
1.5956736960966826
1.5964237189855648
1.596673726615192
1.596798730430006
1.5970487380596332
1.5976737571337016
1.5977987609485154
1.5969237342448195
1.5979237647633289
1.5976737571337016
1.5974237495040742
1.5977987609485154
1.5977987609485154
1.59829877620777
1.59829877620777
1.5990487990966522
1.5990487990966522
1.5984237800225838
1.598673787652211
1.599173802911466
1.5989237952818385
1.599548814355907
1.5990487990966522
1.5994238105410932
1.5997988219855341
1.6001738334299753
1.6005488448744163
1.601173863948485
1.6007988525040437
1.6009238563188575
1.6005488448744163
1.6004238410596028
1.60067384868923
1.6014238715781122
1.6019238868373669
1.6024239020966218
1.6027989135410627
1.6029239173558765
1.6034239326151312
1.60304892117069
1.603173924985504
1.603173924985504
1.6037989440595721
1.6041739555040133
1.60542399365215
1.6055489974669637
1.6062990203558458
1.6071740470595417
1.608174077578051
1.6085490890224923
1.6092991119113744
1.6110491653187657
1.6107991576891385
1.6129242225409712
1.6140492568742943
1.6156743064668722
1.6175493636890774
1.6187994018372145
1.6205494552446058
1.6222995086519973
1.6242995696890163
1.6266746421704763
1.628424695577868
1.6312997833185827
1.6337998596148564
1.6365499435407576
1.6394250312814722
1.6421751152073734
1.6449251991332745
1.6484253059480574
1.6516754051332134
1.6546754966887418
1.6584256111331521
1.6623007293923764
1.666050843836787
1.6703009735404524
1.6750511185033723
1.6793012482070377
1.6833013702810755
1.689051545762505
1.6929266640217293
1.6976768089846492
1.7026769615771966
1.7085521408734399
1.7129272743919186
1.7180524307992797
1.7231775872066408
1.727927732169561
1.7321778618732262
1.7363029877620777
1.7414281441694388
1.7455532700582903
1.749678395947142
1.754053529465621
1.7576786400952178
1.7606787316507462
1.7641788384655293
1.7674289376506853
1.769804010132145
1.771429059724723
1.773429120761742
1.7748041627246927
1.7760542008728295
1.7774292428357799
1.7774292428357799
1.7784292733542895
1.7789292886135442
1.7783042695394757
1.7771792352061526
1.7755541856135748
1.774304147465438
1.77267909787286
1.7700540177617725
1.7680539567247535
1.7656788842432936
1.7624287850581377
1.759178685872982
1.7569286172063356
1.7521784722434155
1.7481783501693777
1.7440532242805262
1.739303079317606
1.7344279305398724
1.7299277932065797
1.7256776635029145
1.7205525070955536
1.7158023621326335
1.7109272133548998
1.70617706839198
1.7010519119846188
1.6959267555772577
1.6908015991698966
1.6856764427625355
1.6813013092440567
1.6770511795403913
1.6714260078737755
1.6674258857997375
1.662800744651631
1.658550614947966
1.6546754966887418
1.6496753440961944
1.6461752372814111
1.6423001190221869
1.6389250160222175
1.635174901577807
1.6319248023926511
1.629299722281564
1.6266746421704763
1.6242995696890163
1.621299478133488
1.6190494094668417
1.6170493484298227
1.6147992797631765
1.61254921109653
1.6116741843928344
1.6104241462446975
1.6085490890224923
1.607049043244728
1.6060490127262186
1.6047989745780817
1.6044239631336406
1.6029239173558765
1.6019238868373669
1.6007988525040437
1.6005488448744163
1.5997988219855341
1.599173802911466
1.598673787652211
1.5981737723929563
1.5970487380596332
1.596673726615192
1.5957986999114964
1.594798669392987
1.5935486312448501
1.5916735740226449
1.5905485396893215
1.5882984710226753
1.5861734061708426
1.5836733298745689
1.5801732230597858
1.5755480819116796
1.5709229407635732
1.5655477767265848
1.559172582171087
1.552797387615589
1.5465471968749047
1.5385469527268287
1.5311717276528216
1.5240465102084415
1.5170462965788751
1.5105460982085634
1.5041709036530655
1.4995457625049593
1.4962956633198035
1.495670644245735
1.4965456709494307
1.5005457930234687
1.507546006653035
1.5175463118381298
1.5311717276528216
1.5482972502822963
1.570172917874691
1.5964237189855648
1.6270496536149175
1.6623007293923764
1.702551957762383
1.7469283120212409
1.7938047425763726
1.844306283761101
1.8971828974272895
1.950184514908292
2.004811181981872
2.0578127994628743
2.1084393444624165
2.1553157750175482
2.19744206060976
2.232693136387219
2.2611940061647386
2.28056959746086
2.2915699331644643
2.276819483016449
2.2618190252388075
2.2435684682760093
2.2170676595355086
2.181066560869167
2.1383152562028873
2.0899387798699913
2.036937162388989
1.9808104495376446
1.9233086947233498
1.8648069093905455
1.8070551469466232
1.7514284493545336
1.6980518204290902
1.6471752677999205
1.6016738792077396
1.559922605059969
1.5234214911343729
1.4907954954680014
1.4640446790978727
1.4422940153202919
1.4246684774315623
1.4117930845057527
1.4036678365428634
1.3992927030243845
1.3992927030243845
1.4024177983947264
1.407792962431715
1.4165432294686728
1.4259185155796992
1.4365438398388624
1.4479191869869077
1.4597945493942077
1.4722949308755762
1.4832952665791803
1.4947956175420394
1.5057959532456433
1.5151712393566699
1.52467152928251
1.5327967772453994
1.5390469679860834
1.5452971587267679
1.550422315134129
1.5549224524674214
1.558297555467391
1.561047639393292
1.563797723319193
1.5666728110599077
1.568547868282113
1.570547929319132
1.5716729636524553
1.5722979827265235
1.5742980437635425
1.57454805139317
1.574923062837611
1.5750480666524247
1.5756730857264931
1.5762981048005615
1.57692312387463
1.57692312387463
1.5775481429486986
1.5786731772820215
1.5785481734672078
1.5787981810968352
1.5795482039857174
1.5804232306894133
1.5804232306894133
1.5811732535782954
1.5822982879116183
1.583298318430128
1.5846733603930783
1.5856733909115879
1.5865484176152838
1.587923459578234
1.5889234900967437
1.5896735129856259
1.5910485549485762
1.5925486007263405
1.5939236426892909
1.5954236884670552
1.597173741874447
1.598673787652211
1.6001738334299753
1.6016738792077396
1.6036739402447586
1.6046739707632678
1.6066740318002868
1.6087990966521197
1.6116741843928344
1.6132992339854122
1.6164243293557543
1.6177993713187049
1.6204244514297923
1.622924527726066
1.625299600207526
1.628049684133427
1.6306747642445143
1.6337998596148564
1.6364249397259438
1.6396750389110997
1.6431751457258827
1.6464252449110386
1.6500503555406356
1.653425458540605
1.6563005462813196
1.6593006378368482
1.6634257637256997
1.667675893429365
1.671301004058962
1.6754261299478135
1.6801762749107334
1.683926389355144
1.688301522873623
1.6923016449476609
1.6964267708365124
1.700926908169805
1.7050520340586566
1.7099271828363902
1.7149273354289376
1.719552476577044
1.7245526291695914
1.729052766502884
1.7338029114658042
1.7379280373546557
1.7426781823175757
1.7478033387249368
1.7523034760582294
1.7573036286507766
1.7624287850581377
1.7669289223914304
1.7710540482802821
1.776679219946898
1.7808043458357494
1.7851794793542284
1.7898046205023346
1.7938047425763726
1.7978048646504103
1.8025550096133305
1.8069301431318094
1.8109302652058474
1.815055391094699
1.8189305093539232
1.8226806237983337
1.8256807153538621
1.8290558183538315
1.8326809289834285
1.835306009094516
1.8378060853907896
1.8415561998352001
1.8444312875759148
1.8464313486129338
1.8479313943906979
1.85105648976104
1.8521815240943633
1.8534315622425002
1.8546816003906368
1.8556816309091464
1.8564316537980285
1.8569316690572832
1.8571816766869107
1.8580567033906066
1.8580567033906066
1.8579316995757926
1.8575566881313517
1.8564316537980285
1.8549316080202642
1.8543065889461958
1.852681539353618
1.850681478316599
1.8494314401684622
1.8476813867610706
1.8455563219092381
1.8439312723166599
1.8405561693166905
1.8378060853907896
1.8348059938352612
1.831305887020478
1.8276807763908811
1.8251807000946074
1.8213055818353832
1.8176804712057864
1.8136803491317484
1.8100552385021516
1.8054300973540451
1.8009299600207527
1.79642982268746
1.79167967772454
1.7864295175023652
1.7823043916135137
1.7778042542802208
1.77267909787286
1.7681789605395672
1.7636788232062746
1.7586786706137274
1.7533035065767388
1.7484283577990052
1.743303201391644
1.7380530411694692
1.7328028809472946
1.7285527512436292
1.7236776024658955
1.7186774498733484
1.7139273049104282
1.7094271675771355
1.704052003540147
1.6994268623920408
1.6948017212439344
1.6898015686513872
1.6856764427625355
1.6814263130588702
1.6765511642811366
1.6726760460219123
1.6684259163182469
1.6640507827997681
1.660550675984985
1.6561755424665061
1.653425458540605
1.6484253059480574
1.6448001953184606
1.6414250923184912
1.6384250007629628
1.6349248939481797
1.6319248023926511
1.629299722281564
1.6259246192815942
1.6227995239112523
1.6202994476149783
1.6175493636890774
1.6147992797631765
1.6124242072817165
1.6104241462446975
1.6084240852076785
1.6060490127262186
1.6041739555040133
1.6022988982818078
1.6005488448744163
1.5985487838373975
1.596798730430006
1.5949236732078005
1.5932986236152227
1.5925486007263405
1.5911735587633902
1.5900485244300668
1.5890484939115572
1.587298440504166
1.5862984099856563
1.586048402356029
1.5846733603930783
1.5836733298745689
1.5830483108005005
1.5822982879116183
1.5819232764671776
1.5814232612079226
1.5810482497634815
1.5795482039857174
1.579673207800531
1.5791731925412764
1.5787981810968352
1.5780481582079533
1.5779231543931396
1.5781731620227668
1.5775481429486986
1.5770481276894437
1.5776731467635121
1.5772981353190711
1.57692312387463
1.5767981200598165
1.5766731162450025
1.5764231086153753
1.5762981048005615
1.5764231086153753
1.576548112430189
1.5770481276894437
1.5766731162450025
1.5767981200598165
1.5766731162450025
1.5756730857264931
1.5772981353190711
1.5771731315042574
1.57692312387463
1.5770481276894437
1.5782981658375803
1.5777981505783258
1.5782981658375803
1.5782981658375803
1.5782981658375803
1.5794232001709037
1.5784231696523943
1.5781731620227668
1.5782981658375803
1.5785481734672078
1.5780481582079533
1.578923184911649
1.5795482039857174
1.580048219244972
1.580048219244972
1.58167326883755
1.579673207800531
1.5801732230597858
1.5797982116153446
1.5804232306894133
1.580048219244972
1.5810482497634815
1.5811732535782954
1.58167326883755
1.582048280281991
1.5805482345042268
1.581298257393109
1.5817982726523636
1.58167326883755
1.5817982726523636
1.582923306985687
1.5827983031708732
1.5831733146153144
1.5834233222449416
1.5837983336893826
1.5827983031708732
1.5835483260597554
1.5836733298745689
1.5841733451338236
1.5837983336893826
1.5847983642078922
1.585298379467147
1.5850483718375195
1.5855483870967744
1.5862984099856563
1.5855483870967744
1.585298379467147
1.5855483870967744
1.586048402356029
1.5865484176152838
1.58642341380047
1.5874234443189794
1.5869234290597247
1.5869234290597247
1.5875484481337934
1.587923459578234
1.58642341380047
1.588048463393048
1.587298440504166
1.587923459578234
1.588048463393048
1.588423474837489
1.58879848628193
1.5890484939115572
1.5894235053559984
1.5894235053559984
1.5910485549485762
1.5894235053559984
1.5894235053559984
1.5895485091708121
1.589923520615253
1.590423535874508
1.590298532059694
1.590298532059694
1.5911735587633902
1.5911735587633902
1.5911735587633902
1.5915485702078311
1.5916735740226449
1.5912985625782037
1.5915485702078311
1.5917985778374584
1.592423596911527
1.592798608355968
1.592798608355968
1.5930486159855952
1.5932986236152227
1.5929236121707817
1.5929236121707817
1.5929236121707817
1.5932986236152227
1.5935486312448501
1.5939236426892909
1.5939236426892909
1.5941736503189183
1.595173680837428
1.5945486617633595
1.5939236426892909
1.595173680837428
1.5944236579485458
1.5945486617633595
1.5952986846522417
1.5950486770226142
1.5952986846522417
1.5954236884670552
1.5960487075411238
1.5961737113559373
1.5960487075411238
1.597173741874447
1.5965487228003785
1.596298715170751
1.5964237189855648
1.5970487380596332
1.5969237342448195
1.5972987456892607
1.5976737571337016
1.5976737571337016
1.5976737571337016
1.5976737571337016
1.5977987609485154
1.5977987609485154
1.5980487685781428
1.5984237800225838
1.5984237800225838
1.598673787652211
1.599173802911466
1.5989237952818385
1.5990487990966522
1.599548814355907
1.5994238105410932
1.599173802911466
1.5990487990966522
1.599548814355907
1.5996738181707206
1.6001738334299753
1.6009238563188575
1.6004238410596028
1.5996738181707206
1.6009238563188575
1.6007988525040437
1.6007988525040437
1.601173863948485
1.6020488906521806
1.6025489059114353
1.6020488906521806
1.602673909726249
1.6022988982818078
1.6034239326151312
1.6029239173558765
1.6037989440595721
1.603173924985504
1.6036739402447586
1.6041739555040133
1.6039239478743859
1.6055489974669637
1.6064240241706595
1.6076740623187964
1.6072990508743554
1.6084240852076785
1.6096741233558154
1.6100491348002564
1.6110491653187657
1.6124242072817165
1.613424237800226
1.6154242988372447
1.6171743522446362
1.6190494094668417
1.6197994323557239
1.6214244819483017
1.6239245582445754
1.6254246040223395
1.627674672688986
1.6305497604297006
1.6332998443556017
1.6352999053926207
1.6384250007629628
1.6416750999481187
1.6443001800592059
1.6473002716147345
1.6505503707998903
1.6541754814294871
1.6568005615405743
1.6604256721701711
1.664925809503464
1.669300943021943
1.673176061281167
1.6780512100589007
1.6824263435773796
1.6860514542069764
1.6916766258735922
1.6966767784661398
1.7010519119846188
1.7064270760216071
1.7118022400585957
1.7166773888363294
1.721552537614063
1.7265526902066104
1.731427838984344
1.7360529801324502
1.7404281136509292
1.744553239539781
1.7484283577990052
1.7523034760582294
1.7573036286507766
1.7596787011322368
1.7634288155766473
1.7664289071321757
1.7684289681691947
1.7715540635395368
1.7728041016876737
1.7748041627246927
1.7759291970580158
1.776679219946898
1.7780542619098483
1.778179265724662
1.7779292580950348
1.778679280983917
1.7774292428357799
1.776179204687643
1.7749291665395062
1.7733041169469284
1.7709290444654684
1.7686789757988222
1.7660538956877345
1.7634288155766473
1.760428724021119
1.757178624835963
1.7534285103915526
1.7493033845027008
1.7449282509842219
1.740553117465743
1.7356779686880093
1.7309278237250891
1.7265526902066104
1.721552537614063
1.7170524002807703
1.7119272438734092
1.706927091280862
1.7028019653920103
1.6961767632068852
1.6919266335032197
1.6864264656514176
1.6813013092440567
1.677551194799646
1.6730510574663533
1.6684259163182469
1.6631757560960723
1.6604256721701711
1.655425519577624
1.651425397503586
1.6468002563554796
1.6436751609851377
1.639550035096286
1.6364249397259438
1.6332998443556017
1.6310497756889553
1.627674672688986
1.6250495925778985
1.6222995086519973
1.6192994170964692
1.6171743522446362
1.6150492873928037
1.6132992339854122
1.6116741843928344
1.6095491195410014
1.6085490890224923
1.607424054689169
1.6065490279854733
1.60542399365215
1.6036739402447586
1.6027989135410627
1.6021738944669943
1.6009238563188575
1.6016738792077396
1.6001738334299753
1.5985487838373975
1.5989237952818385
1.5981737723929563
1.5972987456892607
1.5965487228003785
1.5965487228003785
1.5950486770226142
1.5935486312448501
1.5917985778374584
1.590423535874508
1.5890484939115572
1.5866734214300973
1.5836733298745689
1.5802982268745993
1.576548112430189
1.5727979979857785
1.5671728263191627
1.5605476241340372
1.553922421948912
1.5477972350230413
1.540046998504593
1.532546769615772
1.5255465559862058
1.5190463576158941
1.5112961210974456
1.5060459608752708
1.5005457930234687
1.4977957090975678
1.4950456251716666
1.4962956633198035
1.499670766319773
1.5054209418012026
1.5149212317270424
1.5276716208380383
1.5441721243934445
1.5646727500228887
1.5906735435041353
1.6199244361705374
1.6544254890591144
1.693426679280984
1.7369280068361461
1.7839294412060915
1.8331809442426834
1.8861825617236854
1.9401842097231972
1.9926858119449447
2.0461874446852018
2.0978140202032534
2.1453154698324535
2.1884417859431746
2.226692953276162
2.2555688344981233
2.277069490646077
2.2903198950163275
2.2826946623126925
2.2641940977202673
2.2473185827204203
2.223192846461379
2.189066805017243
2.1480655537583546
2.100689107943968
2.0490625324259164
1.9923108005005037
1.9355590685750907
1.8769322794274728
1.8193055207983642
1.7634288155766473
1.7093021637623218
1.657800592059084
1.6111741691335797
1.5686728720969267
1.530671712393567
1.4974206976531268
1.4694198431348613
1.4464191412091434
1.4282935880611591
1.414918179876095
1.4052928861354412
1.4000427259132666
1.3986676839503158
1.401042756431776
1.4067929319132053
1.414043153172399
1.4237934507278664
1.4341687673574024
1.4455441145054475
1.4566694540238656
1.4692948393200476
1.4811702017273476
1.4921705374309517
1.5030458693197426
1.5130461745048374
1.5227964720603047
1.530671712393567
1.5384219489120152
1.5445471358378857
1.5489222693563647
1.5537974181340983
1.5576725363933226
1.5607976317636647
1.5635477156895659
1.5669228186895352
1.568172856837672
1.5699229102450638
1.5717979674672689
1.5726729941709647
1.5732980132450332
1.5742980437635425
1.5747980590227975
1.574923062837611
1.5756730857264931
1.5760480971709343
1.5757980895413068
1.57692312387463
1.5775481429486986
1.5779231543931396
1.5780481582079533
1.5787981810968352
1.5784231696523943
1.579673207800531
1.5805482345042268
1.5807982421338542
1.5814232612079226
1.583298318430128
1.5847983642078922
1.5847983642078922
1.586048402356029
1.5874234443189794
1.5885484786523028
1.5900485244300668
1.5905485396893215
1.592423596911527
1.5934236274300364
1.5949236732078005
1.5965487228003785
1.59829877620777
1.5999238258003479
1.601048860133671
1.60304892117069
1.6046739707632678
1.6066740318002868
1.6084240852076785
1.6109241615039522
1.6132992339854122
1.6150492873928037
1.6177993713187049
1.6199244361705374
1.6222995086519973
1.6247995849482713
1.627674672688986
1.6302997528000733
1.6325498214667196
1.6357999206518754
1.6391750236518448
1.6425501266518143
1.6460502334665976
1.6485503097628713
1.6519254127628407
1.6556755272072514
1.6591756340220343
1.6624257332071901
1.6665508590960418
1.6705509811700798
1.6750511185033723
1.678676229132969
1.683051362651448
1.6876765037995543
1.6916766258735922
1.6955517441328165
1.6999268776512955
1.703676992095706
1.708802148503067
1.7135522934659873
1.7183024384289072
1.7231775872066408
1.728302743614002
1.7325528733176672
1.7379280373546557
1.7420531632435072
1.7463032929471725
1.7513034455397198
1.7559285866878263
1.7605537278359324
1.765928891872921
1.7705540330210272
1.7751791741691336
1.7796793115024263
1.7848044679097874
1.7888045899838252
1.7931797235023041
1.7971798455763421
1.8014299752800074
1.8059301126133
1.809930234687338
1.813430341502121
1.8180554826502273
1.8218055970946379
1.8251807000946074
1.8278057802056948
1.831680898464919
1.8348059938352612
1.8375560777611624
1.840306161687063
1.844306283761101
1.8459313333536789
1.8479313943906979
1.8501814630573443
1.851181493575854
1.853181554612873
1.8543065889461958
1.8556816309091464
1.8563066499832148
1.8573066805017244
1.8566816614276558
1.8578066957609791
1.8575566881313517
1.8584317148350475
1.8573066805017244
1.857056672872097
1.8558066347239601
1.8546816003906368
1.8533065584276864
1.8516815088351086
1.8504314706869718
1.848806421094394
1.8461813409833063
1.844806299020356
1.8418062074648274
1.8386811120944853
1.8358060243537706
1.8324309213538013
1.8291808221686454
1.8258057191686758
1.8226806237983337
1.818180486465041
1.815055391094699
1.8108052613910337
1.8066801355021822
1.8024300057985168
1.797554857020783
1.7931797235023041
1.787679555650502
1.7834294259468366
1.7793043000579851
1.7740541398358105
1.7691789910580769
1.764803857539598
1.7600537125766778
1.7545535447248757
1.7499284035767695
1.7449282509842219
1.739803094576861
1.7344279305398724
1.729427777947325
1.7249276406140324
1.7203024994659262
1.7150523392437513
1.7105522019104589
1.705677053132725
1.7008019043549913
1.6961767632068852
1.6913016144291515
1.6865514694662314
1.6824263435773796
1.6780512100589007
1.6743010956144901
1.669175939207129
1.6655508285775322
1.6615507065034945
1.6576755882442702
1.653425458540605
1.6500503555406356
1.6456752220221567
1.6423001190221869
1.6391750236518448
1.6354249092074344
1.6326748252815333
1.6297997375408186
1.6267996459852903
1.6235495468001342
1.620924466689047
1.6181743827631458
1.6154242988372447
1.6131742301705987
1.6107991576891385
1.6091741080965607
1.6065490279854733
1.6044239631336406
1.6027989135410627
1.6007988525040437
1.599173802911466
1.5974237495040742
1.5954236884670552
1.5940486465041048
1.5925486007263405
1.5920485854670858
1.590298532059694
1.58879848628193
1.5881734672078616
1.5866734214300973
1.5859233985412151
1.5851733756523332
1.5841733451338236
1.5825482955412458
1.5826732993560595
1.582048280281991
1.581298257393109
1.5806732383190405
1.5806732383190405
1.5799232154301586
1.5795482039857174
1.5785481734672078
1.5787981810968352
1.5781731620227668
1.5780481582079533
1.5774231391338847
1.5772981353190711
1.5784231696523943
1.5771731315042574
1.5770481276894437
1.576548112430189
1.5766731162450025
1.5761731009857478
1.576548112430189
1.5764231086153753
1.5762981048005615
1.5767981200598165
1.5766731162450025
1.57692312387463
1.5771731315042574
1.5771731315042574
1.57692312387463
1.5767981200598165
1.576548112430189
1.5771731315042574
1.5771731315042574
1.5775481429486986
1.5776731467635121
1.5780481582079533
1.5779231543931396
1.5779231543931396
1.5777981505783258
1.5784231696523943
1.5780481582079533
1.5784231696523943
1.5782981658375803
1.5787981810968352
1.5786731772820215
1.5794232001709037
1.5802982268745993
1.580048219244972
1.5801732230597858
1.5802982268745993
1.5795482039857174
1.580048219244972
1.5811732535782954
1.5807982421338542
1.5807982421338542
1.581298257393109
1.5819232764671776
1.5817982726523636
1.581298257393109
1.58167326883755
1.582048280281991
1.5817982726523636
1.5822982879116183
1.5830483108005005
1.582923306985687
1.5834233222449416
1.5839233375041963
1.5836733298745689
1.58404834131901
1.5839233375041963
1.5839233375041963
1.58404834131901
1.5842983489486373
1.5839233375041963
1.5850483718375195
1.5857983947264016
1.5857983947264016
1.586048402356029
1.5854233832819604
1.5856733909115879
1.586048402356029
1.5857983947264016
1.58642341380047
1.5866734214300973
1.5867984252449112
1.5874234443189794
1.5870484328745385
1.5875484481337934
1.588048463393048
1.5876734519486069
1.5877984557634206
1.5875484481337934
1.5881734672078616
1.588423474837489
1.5890484939115572
1.5889234900967437
1.5891734977263712
1.5897985168004394
1.5896735129856259
1.5900485244300668
1.590423535874508
1.5896735129856259
1.589923520615253
1.5900485244300668
1.5905485396893215
1.5905485396893215
1.590798547318949
1.5914235663930174
1.5912985625782037
1.5900485244300668
1.5917985778374584
1.5914235663930174
1.590798547318949
1.5917985778374584
1.5920485854670858
1.592298593096713
1.5934236274300364
1.5932986236152227
1.5932986236152227
1.592423596911527
1.592798608355968
1.5932986236152227
1.5930486159855952
1.5932986236152227
1.5937986388744774
1.5940486465041048
1.5949236732078005
1.594298654133732
1.5940486465041048
1.5950486770226142
1.594673665578173
1.595173680837428
1.594298654133732
1.5949236732078005
1.594298654133732
1.5952986846522417
1.5957986999114964
1.596673726615192
1.5959237037263099
1.596298715170751
1.596798730430006
1.5964237189855648
1.5960487075411238
1.596298715170751
1.5976737571337016
1.596798730430006
1.5976737571337016
1.5977987609485154
1.5972987456892607
1.5970487380596332
1.5976737571337016
1.5975487533188881
1.5975487533188881
1.5976737571337016
1.599173802911466
1.5984237800225838
1.598673787652211
1.598798791467025
1.598798791467025
1.5989237952818385
1.5989237952818385
1.599173802911466
1.5984237800225838
1.5992988067262794
1.5994238105410932
1.5997988219855341
1.6004238410596028
1.60067384868923
1.6007988525040437
1.601173863948485
1.5999238258003479
1.6007988525040437
1.601048860133671
1.60067384868923
1.6014238715781122
1.6019238868373669
1.6021738944669943
1.6024239020966218
1.6024239020966218
1.6025489059114353
1.6029239173558765
1.6032989288003174
1.6034239326151312
1.6040489516891996
1.6040489516891996
1.6049239783928952
1.6052989898373364
1.6060490127262186
1.6064240241706595
1.6071740470595417
1.6077990661336101
1.609049104281747
1.609799127170629
1.6106741538743248
1.6116741843928344
1.613424237800226
1.6146742759483628
1.6162993255409406
1.6180493789483323
1.6195494247260964
1.6214244819483017
1.6231745353556932
1.625174596392712
1.6267996459852903
1.6294247260963775
1.6321748100222786
1.6347998901333658
1.6374249702444532
1.6405500656147955
1.643050141911069
1.6471752677999205
1.6496753440961944
1.652550431836909
1.6559255348368787
1.6599256569109164
1.6640507827997681
1.6675508896145512
1.6718010193182167
1.6766761680959503
1.6809262977996156
1.685051423688467
1.6904265877254554
1.6944267097994934
1.699301858577227
1.7044270149845882
1.709177159947508
1.7150523392437513
1.7198024842066715
1.7248026367992186
1.7296777855769523
1.7346779381694999
1.7388030640583514
1.7434282052064578
1.7468033082064272
1.7510534379100926
1.755178563798944
1.758803674428541
1.7623037812433242
1.7654288766136663
1.7680539567247535
1.7705540330210272
1.771804071169164
1.774304147465438
1.7756791894283883
1.776554216132084
1.7780542619098483
1.7780542619098483
1.7784292733542895
1.7784292733542895
1.7780542619098483
1.7771792352061526
1.7751791741691336
1.7735541245765558
1.7715540635395368
1.7694289986877043
1.7665539109469892
1.7643038422803432
1.7614287545396283
1.7580536515396588
1.7550535599841306
1.7514284493545336
1.7459282815027315
1.742178167058321
1.7379280373546557
1.7328028809472946
1.7280527359843745
1.7233025910214546
1.7190524613177893
1.7138023010956145
1.7090521561326946
1.7044270149845882
1.6988018433179723
1.6946767174291208
1.6891765495773186
1.6835513779107028
1.6790512405774103
1.6748011108737448
1.6698009582811977
1.6654258247627187
1.6614257026886807
1.656925565355388
1.6533004547257912
1.6486753135776848
1.6449251991332745
1.6413000885036775
1.6367999511703848
1.634299874874111
1.631174779503769
1.628424695577868
1.6259246192815942
1.6231745353556932
1.6211744743186742
1.618549394207587
1.6162993255409406
1.614174260689108
1.6116741843928344
1.610549150059511
1.6092991119113744
1.6075490585039827
1.6066740318002868
1.6060490127262186
1.6045489669484543
1.6036739402447586
1.602673909726249
1.6016738792077396
1.6009238563188575
1.6001738334299753
1.5996738181707206
1.5990487990966522
1.59829877620777
1.5976737571337016
1.597173741874447
1.5965487228003785
1.5955486922818691
1.594298654133732
1.5921735892818996
1.5912985625782037
1.5901735282448806
1.5885484786523028
1.5854233832819604
1.5822982879116183
1.5784231696523943
1.5734230170598467
1.5697979064302499
1.563422711874752
1.5564224982451857
1.5500473036896878
1.5426720786156805
1.5351718497268594
1.5280466322824793
1.5207964110232857
1.5146712240974152
1.507546006653035
1.502045838801233
1.4979207129123815
1.4959206518753625
1.4955456404309213
1.4977957090975678
1.5030458693197426
1.5111711172826319
1.5230464796899321
1.5381719412823878
1.5570475173192542
1.5805482345042268
1.6087990966521197
1.641925107577746
1.6785512253181556
1.7208025147251809
1.765928891872921
1.8148053834650717
1.866556962797937
1.919308572649312
1.9741852473525194
2.027186864833521
2.079563463240455
2.1286899624622335
2.1736913357951595
2.2131925412762845
2.245568529313028
2.2704442884609515
2.2863197729422895
2.290569902645955
2.267944212164678
2.254818811609241
2.23306814783166
2.2026922208319344
2.1634410229804373
2.118314645832698
2.0671880855739007
2.013311441389203
1.956059694204535
1.8983079317606129
1.8400561540574358
1.7835544297616506
1.728302743614002
1.6761761528366956
1.6274246650593585
1.5834233222449416
1.5432970976897489
1.5085460371715445
1.4791701406903288
1.4544193853572192
1.4341687673574024
1.4190433057649465
1.4081679738761559
1.4012927640614032
1.3991676992095705
1.4012927640614032
1.4042928556169316
1.4114180730613117
1.4201683400982696
1.4304186529129916
1.441418988616596
1.4530443433942688
1.4646696981719414
1.4767950682088686
1.4887954344309824
1.4995457625049593
1.5105460982085634
1.5195463728751488
1.5282966399121067
1.5359218726157415
1.5426720786156805
1.5479222388378553
1.5529223914304024
1.5565475020599995
1.5600476088747826
1.5627976928006837
1.5656727805413984
1.5682978606524856
1.569422894985809
1.5710479445783867
1.5726729941709647
1.5730480056154057
1.5737980285042878
1.5746730552079835
1.5747980590227975
1.5746730552079835
1.5757980895413068
1.57692312387463
1.5766731162450025
1.5771731315042574
1.5780481582079533
1.5781731620227668
1.5790481887264625
1.5791731925412764
1.57929819635609
1.579673207800531
1.5814232612079226
1.5814232612079226
1.5836733298745689
1.5836733298745689
1.5855483870967744
1.5861734061708426
1.5861734061708426
1.587923459578234
1.5895485091708121
1.590298532059694
1.5916735740226449
1.5931736198004092
1.5949236732078005
1.5961737113559373
1.5976737571337016
1.5994238105410932
1.6002988372447888
1.6021738944669943
1.6041739555040133
1.6057990050965911
1.6080490737632376
1.609799127170629
1.6120491958372754
1.6142992645039216
1.6167993408001955
1.618924405652028
1.6207994628742333
1.6236745506149481
1.6265496383556628
1.6287997070223093
1.6321748100222786
1.6349248939481797
1.6381749931333354
1.64105008087405
1.6453002105777155
1.6479252906888027
1.651425397503586
1.6549255043183693
1.6584256111331521
1.660925687429426
1.6651758171330913
1.669300943021943
1.6730510574663533
1.6770511795403913
1.6813013092440567
1.685926450392163
1.6895515610217597
1.6939266945402387
1.698926847132786
1.7028019653920103
1.7070520950956756
1.7119272438734092
1.7166773888363294
1.7216775414288765
1.7261776787621694
1.7313028351695303
1.7360529801324502
1.740178106021302
1.7453032624286628
1.7498033997619558
1.7543035370952484
1.7590536820581684
1.7645538499099704
1.7686789757988222
1.7736791283913693
1.7784292733542895
1.7828044068727684
1.7873045442060609
1.7919296853541673
1.7953047883541369
1.8000549333170568
1.8046800744651632
1.8089302041688284
1.8128053224280527
1.8168054445020907
1.8208055665761285
1.8241806695760978
1.8276807763908811
1.830930875576037
1.834055970946379
1.8368060548722802
1.8391811273537402
1.8421812189092686
1.8450563066499832
1.847181371501816
1.8494314401684622
1.851181493575854
1.8533065584276864
1.8539315775017549
1.8553066194647054
1.8560566423535876
1.8566816614276558
1.8578066957609791
1.8576816919461654
1.8576816919461654
1.85818170720542
1.8576816919461654
1.8576816919461654
1.8559316385387736
1.8543065889461958
1.8536815698721276
1.8523065279091768
1.850681478316599
1.8480563982055118
1.846806360057375
1.844306283761101
1.8421812189092686
1.8398061464278084
1.8370560625019074
1.8331809442426834
1.8301808526871548
1.8266807458723715
1.8229306314279612
1.8193055207983642
1.815805413983581
1.8121803033539843
1.8074301583910641
1.803180028687399
1.7989298989837337
1.7945547654652547
1.7899296243171485
1.7846794640949737
1.7800543229468673
1.7751791741691336
1.7705540330210272
1.765928891872921
1.7610537430951874
1.756428601947081
1.7516784569841608
1.7463032929471725
1.7410531327249978
1.7355529648731955
1.7305528122806482
1.7268026978362376
1.7211775261696218
1.7163023773918882
1.7118022400585957
1.7073021027253028
1.701801934873501
1.6976768089846492
1.6925516525772883
1.6881765190588092
1.683051362651448
1.6788012329477828
1.6745511032441176
1.670800988799707
1.6666758629108556
1.6626757408368176
1.6588006225775933
1.6548005005035553
1.6509253822443313
1.6468002563554796
1.6433001495406965
1.640300057985168
1.636674947355571
1.633549851985229
1.630799768059328
1.627674672688986
1.624924588763085
1.6224245124668113
1.6197994323557239
1.6162993255409406
1.6139242530594806
1.6115491805780204
1.609424115726188
1.6071740470595417
1.6051739860225227
1.60304892117069
1.6016738792077396
1.5992988067262794
1.5979237647633289
1.5959237037263099
1.5944236579485458
1.5929236121707817
1.5914235663930174
1.5901735282448806
1.5892985015411847
1.58879848628193
1.587298440504166
1.58642341380047
1.5854233832819604
1.5845483565782648
1.583298318430128
1.5821732840968048
1.5817982726523636
1.58167326883755
1.5811732535782954
1.58167326883755
1.5810482497634815
1.5791731925412764
1.5790481887264625
1.5791731925412764
1.5777981505783258
1.5777981505783258
1.5776731467635121
1.5774231391338847
1.5774231391338847
1.5775481429486986
1.5767981200598165
1.5771731315042574
1.57692312387463
1.57692312387463
1.5762981048005615
1.5761731009857478
1.576548112430189
1.5766731162450025
1.5766731162450025
1.5767981200598165
1.5767981200598165
1.5771731315042574
1.57692312387463
1.5771731315042574
1.5767981200598165
1.5770481276894437
1.5767981200598165
1.5775481429486986
1.5775481429486986
1.5782981658375803
1.5784231696523943
1.5779231543931396
1.5781731620227668
1.5782981658375803
1.5784231696523943
1.5781731620227668
1.5786731772820215
1.5790481887264625
1.578923184911649
1.5794232001709037
1.5797982116153446
1.5797982116153446
1.5791731925412764
1.5801732230597858
1.5802982268745993
1.5801732230597858
1.5806732383190405
1.5810482497634815
1.5814232612079226
1.5811732535782954
1.5817982726523636
1.5817982726523636
1.58167326883755
1.5821732840968048
1.582048280281991
1.582048280281991
1.5824232917264323
1.582923306985687
1.582923306985687
1.5835483260597554
1.5836733298745689
1.5836733298745689
1.5834233222449416
1.5841733451338236
1.584423352763451
1.5835483260597554
1.584423352763451
1.5845483565782648
1.5846733603930783
1.5851733756523332
1.5856733909115879
1.5855483870967744
1.5855483870967744
1.5856733909115879
1.5859233985412151
1.586048402356029
1.5862984099856563
1.5874234443189794
1.5867984252449112
1.5869234290597247
1.587298440504166
1.5877984557634206
1.5871734366893522
1.5877984557634206
1.587923459578234
1.5876734519486069
1.588048463393048
1.5882984710226753
1.5882984710226753
1.5889234900967437
1.5889234900967437
1.5894235053559984
1.5891734977263712
1.589923520615253
1.5894235053559984
1.5896735129856259
1.5910485549485762
1.589923520615253
1.590298532059694
1.5906735435041353
1.5906735435041353
1.5910485549485762
1.5915485702078311
1.5910485549485762
1.5912985625782037
1.5914235663930174
1.5915485702078311
1.5920485854670858
1.5916735740226449
1.5921735892818996
1.592298593096713
1.5929236121707817
1.5930486159855952
1.5925486007263405
1.592798608355968
1.5929236121707817
1.5929236121707817
1.5932986236152227
1.5929236121707817
1.5941736503189183
1.5941736503189183
1.594798669392987
1.5949236732078005
1.5941736503189183
1.5949236732078005
1.594798669392987
1.594798669392987
1.5952986846522417
1.5952986846522417
1.5960487075411238
1.5955486922818691
1.5955486922818691
1.596298715170751
1.5964237189855648
1.5957986999114964
1.5965487228003785
1.5961737113559373
1.5961737113559373
1.597173741874447
1.5969237342448195
1.597173741874447
1.596673726615192
1.5974237495040742
1.5979237647633289
1.5976737571337016
1.5976737571337016
1.5976737571337016
1.5975487533188881
1.59829877620777
1.5984237800225838
1.5984237800225838
1.5980487685781428
1.598798791467025
1.5989237952818385
1.5989237952818385
1.599173802911466
1.5994238105410932
1.5990487990966522
1.5996738181707206
1.599548814355907
1.5997988219855341
1.5999238258003479
1.6007988525040437
1.6005488448744163
1.6005488448744163
1.601048860133671
1.6014238715781122
1.601048860133671
1.6012988677632984
1.6015488753929257
1.6020488906521806
1.6022988982818078
1.602673909726249
1.6027989135410627
1.6027989135410627
1.6032989288003174
1.6035489364299447
1.6035489364299447
1.6039239478743859
1.6045489669484543
1.6055489974669637
1.6067990356151007
1.6065490279854733
1.607049043244728
1.6079240699484236
1.609049104281747
1.6096741233558154
1.6104241462446975
1.611799188207648
1.6131742301705987
1.614174260689108
1.6157993102816859
1.6177993713187049
1.6197994323557239
1.6219244972075564
1.6226745200964385
1.6245495773186438
1.6269246498001038
1.6287997070223093
1.6314247871333964
1.634424878688925
1.6370499588000123
1.6400500503555409
1.6429251380962555
1.6455502182073427
1.649050325022126
1.652550431836909
1.6560505386516924
1.6591756340220343
1.6631757560960723
1.667300881984924
1.6719260231330302
1.675676137577441
1.6803012787255471
1.6849264198736535
1.6889265419476913
1.6936766869106112
1.6988018433179723
1.7038019959105197
1.7089271523178808
1.7143023163548692
1.7190524613177893
1.724302621539964
1.7288027588732566
1.7340529190954315
1.7384280526139104
1.7429281899472029
1.7469283120212409
1.7501784112063965
1.7546785485396894
1.7585536667989135
1.761553758354442
1.7650538651692254
1.7676789452803126
1.7700540177617725
1.771804071169164
1.7736791283913693
1.775429181798761
1.7764292123172705
1.7775542466505936
1.7778042542802208
1.778554277169103
1.778179265724662
1.778179265724662
1.7773042390209661
1.7759291970580158
1.7740541398358105
1.7715540635395368
1.769804010132145
1.7676789452803126
1.7651788689840389
1.7610537430951874
1.7584286629841
1.7550535599841306
1.7513034455397198
1.7473033234656818
1.7424281746879482
1.7383030487990967
1.7335529038361768
1.7293027741325113
1.7236776024658955
1.719552476577044
1.714427320169683
1.709177159947508
1.7043020111697744
1.700551896725364
1.6940516983550522
1.6893015533921325
1.684676412244026
1.679926267281106
1.675176122318186
1.6704259773552659
1.6666758629108556
1.6613006988738672
1.6574255806146427
1.6529254432813503
1.649425336466567
1.6451752067629017
1.6416750999481187
1.6376749778740807
1.6345498825037386
1.6312997833185827
1.6287997070223093
1.6257996154667806
1.6235495468001342
1.6207994628742333
1.618924405652028
1.6167993408001955
1.614174260689108
1.612174199652089
1.610549150059511
1.6087990966521197
1.609424115726188
1.6075490585039827
1.6064240241706595
1.6046739707632678
1.6037989440595721
1.6029239173558765
1.6009238563188575
1.6004238410596028
1.60067384868923
1.5994238105410932
1.5989237952818385
1.598673787652211
1.5981737723929563
1.5965487228003785
1.5964237189855648
1.5959237037263099
1.5935486312448501
1.5929236121707817
1.5912985625782037
1.590298532059694
1.587923459578234
1.5850483718375195
1.5822982879116183
1.5779231543931396
1.5739230323191016
1.5696729026154363
1.5639227271340068
1.5575475325785089
1.550422315134129
1.5437971129490036
1.5364218878749962
1.528546647541734
1.5215464339121678
1.5145462202826014
1.5082960295419172
1.502420850245674
1.4985457319864497
1.4959206518753625
1.4952956328012939
1.4985457319864497
1.5015458235419783
1.5099210791344952
1.5206714072084722
1.5366718955046237
1.555922482985931
1.5779231543931396
1.606174016541032
1.6385500045777766
1.6753011261329998
1.7163023773918882
1.761553758354442
1.8104302499465927
1.8611817987609487
1.914933439130833
1.9691850947599718
2.0224367198706017
2.0748133182775352
2.124189825128941
2.169691213721122
2.2098174382763145
2.2435684682760093
2.26869423505356
2.2845697195348977
2.291819940794092
2.269444257942442
2.2565688650166327
2.23544322031312
2.2054423047578355
2.16656611835078
2.122564775536363
2.0723132419812615
2.017561571092868
1.9610598467970826
1.9039331034272287
1.8441812799462873
1.7875545518356883
1.732677877132481
1.6804262825403606
1.6310497756889553
1.5866734214300973
1.5462971892452775
1.5106711020233772
1.4807951902829066
1.4557944273201697
1.435043794061098
1.4194183172093875
1.4084179815057831
1.4020427869502854
1.3987926877651295
1.4002927335428939
1.404542863246559
1.410543046357616
1.4194183172093875
1.429918637653737
1.441043977172155
1.4526693319498276
1.4634196600238045
1.4760450453199865
1.4871703848384046
1.4986707358012636
1.5090460524307994
1.5190463576158941
1.5277966246528518
1.5352968535416731
1.5417970519119846
1.5474222235786004
1.5521723685415205
1.5562974944303722
1.559922605059969
1.5621726737266153
1.5647977538377027
1.5671728263191627
1.5690478835413677
1.5709229407635732
1.5724229865413375
1.5735480208746606
1.5736730246894741
1.57454805139317
1.57454805139317
1.5755480819116796
1.5756730857264931
1.5770481276894437
1.57692312387463
1.5771731315042574
1.5782981658375803
1.5782981658375803
1.5781731620227668
1.5787981810968352
1.579673207800531
1.5797982116153446
1.5806732383190405
1.5822982879116183
1.5825482955412458
1.5842983489486373
1.5850483718375195
1.5862984099856563
1.5865484176152838
1.5881734672078616
1.5891734977263712
1.590423535874508
1.5915485702078311
1.5930486159855952
1.5944236579485458
1.5957986999114964
1.5976737571337016
1.5997988219855341
1.6014238715781122
1.6022988982818078
1.6034239326151312
1.6056740012817774
1.6075490585039827
1.6095491195410014
1.6122992034669026
1.6144242683187355
1.6164243293557543
1.6195494247260964
1.6216744895779291
1.6237995544297616
1.6262996307260353
1.6286747032074953
1.6319248023926511
1.6345498825037386
1.6376749778740807
1.6409250770592365
1.6440501724295786
1.647425275429548
1.6511753898739585
1.6544254890591144
1.6584256111331521
1.6621757255775629
1.66480080568865
1.6685509201330608
1.6726760460219123
1.6769261757255778
1.6809262977996156
1.6856764427625355
1.6896765648365732
1.6936766869106112
1.6983018280587177
1.7026769615771966
1.7070520950956756
1.7115522324289683
1.7166773888363294
1.7209275185399944
1.7258026673177282
1.7309278237250891
1.735802972502823
1.739803094576861
1.7446782433545946
1.7494283883175148
1.7539285256508073
1.7585536667989135
1.7636788232062746
1.7685539719840082
1.7736791283913693
1.7776792504654073
1.782929410687582
1.78692953276162
1.7913046662800989
1.7959298074282053
1.7998049256874293
1.8034300363170261
1.8080551774651326
1.8115552842799159
1.8160554216132085
1.82018054750206
1.8238056581316568
1.8274307687612537
1.8306808679464095
1.8343059785760063
1.8369310586870937
1.8390561235389262
1.8421812189092686
1.8449313028351695
1.846681356242561
1.8493064363536484
1.8513064973906674
1.8523065279091768
1.853556566057314
1.8549316080202642
1.8559316385387736
1.8563066499832148
1.8571816766869107
1.857431684316538
1.8580567033906066
1.8583067110202338
1.8580567033906066
1.8573066805017244
1.8564316537980285
1.8553066194647054
1.8541815851313823
1.8521815240943633
1.850681478316599
1.849556443983276
1.8475563829462571
1.844681295205542
1.8426812341685233
1.8400561540574358
1.8368060548722802
1.8335559556871244
1.8303058565019683
1.8256807153538621
1.8240556657612843
1.8199305398724328
1.8160554216132085
1.8120552995391705
1.809180211798456
1.8038050477614673
1.7990549027985472
1.7951797845393231
1.7904296395764032
1.7853044831690421
1.780554338206122
1.775429181798761
1.7713040559099094
1.7668039185766167
1.7618037659840693
1.756803613391522
1.7513034455397198
1.7461782891323587
1.7414281441694388
1.7364279915768914
1.731427838984344
1.7264276863917967
1.7220525528733177
1.7170524002807703
1.712802270577105
1.707677114169744
1.702551957762383
1.6979268166142767
1.6929266640217293
1.688301522873623
1.6838013855403302
1.679551255836665
1.6754261299478135
1.671301004058962
1.6669258705404828
1.6634257637256997
1.6594256416516617
1.655425519577624
1.6516754051332134
1.6480502945036166
1.6435501571703237
1.640675069429609
1.6370499588000123
1.634299874874111
1.6305497604297006
1.6275496688741722
1.6250495925778985
1.6221745048371838
1.6192994170964692
1.6166743369853815
1.614174260689108
1.611799188207648
1.6095491195410014
1.6072990508743554
1.6052989898373364
1.6039239478743859
1.6016738792077396
1.5994238105410932
1.5985487838373975
1.596298715170751
1.5950486770226142
1.5934236274300364
1.5916735740226449
1.5906735435041353
1.5897985168004394
1.5881734672078616
1.587923459578234
1.5861734061708426
1.5851733756523332
1.5845483565782648
1.5831733146153144
1.5825482955412458
1.582048280281991
1.581298257393109
1.5810482497634815
1.5805482345042268
1.580048219244972
1.579673207800531
1.578923184911649
1.5786731772820215
1.5786731772820215
1.5780481582079533
1.5771731315042574
1.5777981505783258
1.5771731315042574
1.5774231391338847
1.5771731315042574
1.5771731315042574
1.5767981200598165
1.5774231391338847
1.576548112430189
1.5762981048005615
1.5762981048005615
1.5767981200598165
1.5767981200598165
1.5771731315042574
1.5775481429486986
1.5770481276894437
1.5767981200598165
1.5771731315042574
1.5770481276894437
1.5777981505783258
1.57692312387463
1.5772981353190711
1.5781731620227668
1.5780481582079533
1.5785481734672078
1.5784231696523943
1.5782981658375803
1.5784231696523943
1.5787981810968352
1.5782981658375803
1.5784231696523943
1.5791731925412764
1.578923184911649
1.5794232001709037
1.579673207800531
1.5799232154301586
1.579673207800531
1.579673207800531
1.5801732230597858
1.5804232306894133
1.5806732383190405
1.580923245948668
1.580923245948668
1.5810482497634815
1.5819232764671776
1.58167326883755
1.582923306985687
1.5819232764671776
1.5819232764671776
1.582048280281991
1.5821732840968048
1.5824232917264323
1.5824232917264323
1.58404834131901
1.5836733298745689
1.5835483260597554
1.583298318430128
1.5842983489486373
1.58404834131901
1.5845483565782648
1.5836733298745689
1.5841733451338236
1.584423352763451
1.5850483718375195
1.5854233832819604
1.5859233985412151
1.58642341380047
1.5856733909115879
1.5859233985412151
1.5867984252449112
1.586048402356029
1.5866734214300973
1.5867984252449112
1.5865484176152838
1.5871734366893522
1.5876734519486069
1.5877984557634206
1.588423474837489
1.5876734519486069
1.5875484481337934
1.5882984710226753
1.588048463393048
1.5886734824671163
1.5885484786523028
1.5890484939115572
1.5895485091708121
1.5896735129856259
1.589923520615253
1.5895485091708121
1.5905485396893215
1.5894235053559984
1.589923520615253
1.5905485396893215
1.590798547318949
1.5914235663930174
1.5912985625782037
1.5912985625782037
1.5914235663930174
1.5917985778374584
1.5911735587633902
1.5911735587633902
1.5915485702078311
1.591923581652272
1.5925486007263405
1.5925486007263405
1.5929236121707817
1.5932986236152227
1.592798608355968
1.592798608355968
1.5932986236152227
1.5931736198004092
1.5930486159855952
1.5936736350596639
1.5939236426892909
1.5936736350596639
1.5944236579485458
1.594673665578173
1.5945486617633595
1.5944236579485458
1.594798669392987
1.594798669392987
1.595173680837428
1.5949236732078005
1.5957986999114964
1.5956736960966826
1.5959237037263099
1.5961737113559373
1.5964237189855648
1.596298715170751
1.5964237189855648
1.5961737113559373
1.5964237189855648
1.5972987456892607
1.5976737571337016
1.597173741874447
1.5976737571337016
1.5976737571337016
1.5984237800225838
1.5979237647633289
1.5980487685781428
1.5977987609485154
1.5980487685781428
1.5979237647633289
1.59829877620777
1.5980487685781428
1.5984237800225838
1.5989237952818385
1.598798791467025
1.5989237952818385
1.5989237952818385
1.5992988067262794
1.5990487990966522
1.5992988067262794
1.6000488296151616
1.6001738334299753
1.6000488296151616
1.60067384868923
1.6005488448744163
1.6005488448744163
1.6002988372447888
1.6005488448744163
1.6007988525040437
1.6012988677632984
1.6012988677632984
1.6017988830225531
1.6021738944669943
1.6027989135410627
1.602673909726249
1.6020488906521806
1.6036739402447586
1.6034239326151312
1.6034239326151312
1.6037989440595721
1.6042989593188268
1.6051739860225227
1.6059240089114046
1.6062990203558458
1.6067990356151007
1.6082990813928648
1.6080490737632376
1.6095491195410014
1.6102991424298836
1.6111741691335797
1.6124242072817165
1.6140492568742943
1.6156743064668722
1.6175493636890774
1.6191744132816552
1.6202994476149783
1.6227995239112523
1.6241745658742028
1.6262996307260353
1.628049684133427
1.6302997528000733
1.633549851985229
1.63629993591113
1.6390500198370312
1.6423001190221869
1.6453002105777155
1.6480502945036166
1.6516754051332134
1.6548005005035553
1.6584256111331521
1.6620507217627492
1.6656758323923462
1.6704259773552659
1.6745511032441176
1.6803012787255471
1.683051362651448
1.6878015076143682
1.6925516525772883
1.6979268166142767
1.7023019501327556
1.7075521103549303
1.7133022858363598
1.7176774193548388
1.7229275795770134
1.728302743614002
1.732677877132481
1.7370530106509599
1.74180315561388
1.7454282662434768
1.7499284035767695
1.7538035218359938
1.757553636280404
1.7609287392803734
1.7641788384655293
1.7673039338358714
1.7696790063173315
1.771804071169164
1.774179143650624
1.7753041779839474
1.7763042085024567
1.7774292428357799
1.7780542619098483
1.7783042695394757
1.7783042695394757
1.7779292580950348
1.7773042390209661
1.7753041779839474
1.774304147465438
1.77267909787286
1.7708040406506547
1.768303964354381
1.7653038727988526
1.7625537888729514
1.7593036896877956
1.755553575243385
1.7530534989471116
1.7483033539841915
1.7444282357249672
1.739303079317606
1.7348029419843134
1.7305528122806482
1.7254276558732873
1.7208025147251809
1.7160523697622607
1.711177220984527
1.7059270607623525
1.7014269234290598
1.6960517593920712
1.691051606799524
1.6864264656514176
1.680676290169988
1.6765511642811366
1.6726760460219123
1.667675893429365
1.6626757408368176
1.658925626392407
1.654550492873928
1.6506753746147038
1.6465502487258523
1.6424251228370008
1.6388000122074038
1.6354249092074344
1.6321748100222786
1.6297997375408186
1.6266746421704763
1.6246745811334575
1.6216744895779291
1.6196744285409101
1.616924344615009
1.61492428357799
1.61254921109653
1.6107991576891385
1.6099241309854426
1.6085490890224923
1.6069240394299142
1.6064240241706595
1.60542399365215
1.6041739555040133
1.60304892117069
1.6022988982818078
1.601048860133671
1.6004238410596028
1.599548814355907
1.6005488448744163
1.5984237800225838
1.59829877620777
1.5979237647633289
1.5964237189855648
1.5955486922818691
1.594673665578173
1.5934236274300364
1.5912985625782037
1.590798547318949
1.588423474837489
1.5862984099856563
1.5830483108005005
1.5799232154301586
1.5760480971709343
1.5711729483932007
1.566172795800653
1.559797601245155
1.5530473952452162
1.5459221778008363
1.5390469679860834
1.5311717276528216
1.5239215063936278
1.5174213080233163
1.5105460982085634
1.5049209265419476
1.4999207739494005
1.4969206823938719
1.4959206518753625
1.4964206671346172
1.4997957701345868
1.5069209875789666
1.5166712851344342
1.530171697134312
1.547547227393414
1.5690478835413677
1.5954236884670552
1.6259246192815942
1.660925687429426
1.7008019043549913
1.7453032624286628
1.792054689168981
1.8421812189092686
1.8951828363902707
1.9479344462416457
2.002811120944853
2.05631275368511
2.1068142948698383
2.153815729239784
2.1958170110171817
2.232193121127964
2.260068971831416
2.279819574571978
2.290944914090396
2.277694509720145
2.2620690328684345
2.2448185064241466
2.2175676747947635
2.1820665913876764
2.1396902981658377
2.0916888332773826
2.0386872157963807
1.98268550675985
1.9245587328714866
1.8668069704275645
1.8089302041688284
1.7536785180211798
1.6999268776512955
1.6495503402813807
1.602673909726249
1.5607976317636647
1.524296517838069
1.4921705374309517
1.4645446943571276
1.4425440229499193
1.4256685079500717
1.4122930997650074
1.4040428479873044
1.3996677144688254
1.399042695394757
1.4021677907650991
1.4079179662465284
1.4162932218390454
1.4254185003204445
1.4369188512833035
1.4475441755424665
1.4594195379497665
1.471544907986694
1.483420270393994
1.494545609912412
1.5050459303567616
1.5145462202826014
1.5245465254676962
1.5324217658009582
1.5395469832453383
1.5457971739860226
1.5502973113193153
1.5545474410229805
1.5584225592822047
1.5612976470229194
1.5639227271340068
1.5667978148747217
1.5686728720969267
1.570172917874691
1.5719229712820828
1.5726729941709647
1.5736730246894741
1.5742980437635425
1.5747980590227975
1.5750480666524247
1.5755480819116796
1.5761731009857478
1.5761731009857478
1.5770481276894437
1.5777981505783258
1.5787981810968352
1.5781731620227668
1.5787981810968352
1.5787981810968352
1.5797982116153446
1.5804232306894133
1.5811732535782954
1.5826732993560595
1.583298318430128
1.5841733451338236
1.5856733909115879
1.58642341380047
1.5875484481337934
1.5890484939115572
1.5896735129856259
1.590798547318949
1.5925486007263405
1.5937986388744774
1.5952986846522417
1.5972987456892607
1.598673787652211
1.6000488296151616
1.6014238715781122
1.6040489516891996
1.6049239783928952
1.6065490279854733
1.609049104281747
1.611799188207648
1.6135492416150394
1.6151742912076175
1.6182993865779596
1.6205494552446058
1.6226745200964385
1.6250495925778985
1.6289247108371228
1.630424756614887
1.6337998596148564
1.6365499435407576
1.6396750389110997
1.6428001342814416
1.6465502487258523
1.6495503402813807
1.6529254432813503
1.6559255348368787
1.659800653096103
1.662925748466445
1.6674258857997375
1.671676015503403
1.6749261146885588
1.6791762443922238
1.6833013702810755
1.687051484725486
1.6919266335032197
1.6960517593920712
1.7003018890957367
1.704927030243843
1.7099271828363902
1.7141773125400557
1.7191774651326028
1.7236776024658955
1.7284277474288157
1.7336779076509903
1.7380530411694692
1.742178167058321
1.7473033234656818
1.752428479873043
1.7563035981322672
1.761553758354442
1.7656788842432936
1.7711790520950956
1.7760542008728295
1.780554338206122
1.7851794793542284
1.7886795861690117
1.7936797387615588
1.7980548722800378
1.8016799829096348
1.8060551164281138
1.8113052766502884
1.8148053834650717
1.818180486465041
1.8228056276131475
1.8259307229834896
1.8294308297982727
1.8323059175389873
1.835306009094516
1.8378060853907896
1.840806176946318
1.8434312570574054
1.8460563371684928
1.8480563982055118
1.8501814630573443
1.8521815240943633
1.8536815698721276
1.8548066042054507
1.8555566270943329
1.8564316537980285
1.857431684316538
1.857431684316538
1.8579316995757926
1.8580567033906066
1.85818170720542
1.8575566881313517
1.8565566576128423
1.8559316385387736
1.8546816003906368
1.853181554612873
1.8514315012054812
1.8496814477980896
1.8485564134647665
1.8459313333536789
1.8433062532425917
1.8406811731315043
1.838056093020417
1.835306009094516
1.8325559251686148
1.8285558030945768
1.82493069246498
1.8214305856501969
1.8178054750206
1.8139303567613758
1.809930234687338
1.8058051087984863
1.8019299905392623
1.7968048341319012
1.7925547044282357
1.7878045594653156
1.7826794030579547
1.7784292733542895
1.7744291512802515
1.7686789757988222
1.7640538346507157
1.759178685872982
1.7539285256508073
1.7491783806878873
1.7443032319101537
1.7390530716879788
1.733427900021363
1.7288027588732566
1.7236776024658955
1.7193024689474166
1.7145523239844966
1.7098021790215767
1.704927030243843
1.699801873836482
1.695426740318003
1.6908015991698966
1.685926450392163
1.681551316873684
1.6774261909848323
1.6734260689107945
1.6690509353923155
1.665300820947905
1.6614257026886807
1.6575505844294565
1.652550431836909
1.6496753440961944
1.6455502182073427
1.641925107577746
1.6388000122074038
1.635549913022248
1.6320498062074649
1.629674733726005
1.6269246498001038
1.6230495315408795
1.6214244819483017
1.6175493636890774
1.6150492873928037
1.6132992339854122
1.610549150059511
1.6079240699484236
1.6064240241706595
1.6046739707632678
1.6024239020966218
1.6009238563188575
1.5994238105410932
1.5970487380596332
1.5960487075411238
1.5941736503189183
1.592423596911527
1.5911735587633902
1.5901735282448806
1.5889234900967437
1.5882984710226753
1.5876734519486069
1.5855483870967744
1.5850483718375195
1.5837983336893826
1.5827983031708732
1.5825482955412458
1.5819232764671776
1.5821732840968048
1.5806732383190405
1.5805482345042268
1.5797982116153446
1.5795482039857174
1.5785481734672078
1.5782981658375803
1.5779231543931396
1.5775481429486986
1.5776731467635121
1.5775481429486986
1.5772981353190711
1.5775481429486986
1.5771731315042574
1.5767981200598165
1.5767981200598165
1.57692312387463
1.5760480971709343
1.5764231086153753
1.5770481276894437
1.5766731162450025
1.57692312387463
1.5774231391338847
1.5767981200598165
1.5774231391338847
1.57692312387463
1.5775481429486986
1.5770481276894437
1.57692312387463
1.5767981200598165
1.5771731315042574
1.5776731467635121
1.5780481582079533
1.5780481582079533
1.5780481582079533
1.5782981658375803
1.5785481734672078
1.5782981658375803
1.578923184911649
1.57929819635609
1.579673207800531
1.5791731925412764
1.5801732230597858
1.579673207800531
1.5795482039857174
1.5799232154301586
1.5802982268745993
1.5801732230597858
1.5804232306894133
1.5804232306894133
1.5810482497634815
1.5810482497634815
1.5811732535782954
1.5817982726523636
1.5815482650227364
1.58167326883755
1.5822982879116183
1.5824232917264323
1.582048280281991
1.5825482955412458
1.5834233222449416
1.583298318430128
1.583298318430128
1.5836733298745689
1.5834233222449416
1.5839233375041963
1.58404834131901
1.5841733451338236
1.5839233375041963
1.5841733451338236
1.5851733756523332
1.5849233680227057
1.5859233985412151
1.5857983947264016
1.586048402356029
1.585298379467147
1.5857983947264016
1.5859233985412151
1.5857983947264016
1.586048402356029
1.5866734214300973
1.5870484328745385
1.5867984252449112
1.5877984557634206
1.5877984557634206
1.5877984557634206
1.587923459578234
1.587923459578234
1.5875484481337934
1.5885484786523028
1.5886734824671163
1.5889234900967437
1.5896735129856259
1.5891734977263712
1.5897985168004394
1.5894235053559984
1.5890484939115572
1.5900485244300668
1.5900485244300668
1.5900485244300668
1.5895485091708121
1.5906735435041353
1.5906735435041353
1.5909235511337627
1.5914235663930174
1.5916735740226449
1.5910485549485762
1.5915485702078311
1.5915485702078311
1.5909235511337627
1.5915485702078311
1.5921735892818996
1.5920485854670858
1.5925486007263405
1.5931736198004092
1.5930486159855952
1.592798608355968
1.592798608355968
1.5934236274300364
1.5929236121707817
1.5934236274300364
1.594298654133732
1.5937986388744774
1.594673665578173
1.5945486617633595
1.594798669392987
1.5949236732078005
1.5945486617633595
1.5949236732078005
1.594798669392987
1.595173680837428
1.595173680837428
1.5956736960966826
1.5956736960966826
1.5961737113559373
1.5961737113559373
1.5964237189855648
1.596298715170751
1.5965487228003785
1.5959237037263099
1.596298715170751
1.5970487380596332
1.5975487533188881
1.597173741874447
1.5974237495040742
1.5972987456892607
1.5972987456892607
1.5976737571337016
1.5979237647633289
1.5976737571337016
1.59829877620777
1.5977987609485154
1.5979237647633289
1.5984237800225838
1.5989237952818385
1.599173802911466
1.5985487838373975
1.5990487990966522
1.5989237952818385
1.598673787652211
1.5990487990966522
1.5997988219855341
1.5994238105410932
1.6001738334299753
1.6004238410596028
1.6009238563188575
1.6001738334299753
1.6007988525040437
1.60067384868923
1.6005488448744163
1.601048860133671
1.6007988525040437
1.6017988830225531
1.6019238868373669
1.6024239020966218
1.6027989135410627
1.6029239173558765
1.603173924985504
1.6039239478743859
1.6036739402447586
1.6037989440595721
1.6041739555040133
1.6047989745780817
1.6051739860225227
1.6059240089114046
1.607049043244728
1.6071740470595417
1.6077990661336101
1.6089241004669332
1.6096741233558154
1.6104241462446975
1.6119241920224616
1.6129242225409712
1.6144242683187355
1.6162993255409406
1.6182993865779596
1.6200494399853511
1.6216744895779291
1.623299539170507
1.625299600207526
1.627299661244545
1.629674733726005
1.6320498062074649
1.6349248939481797
1.6376749778740807
1.640675069429609
1.6440501724295786
1.6464252449110386
1.6488003173924985
1.6530504470961638
1.6568005615405743
1.6603006683553576
1.6641757866145819
1.6686759239478743
1.6724260383922849
1.6765511642811366
1.6814263130588702
1.6858014465773492
1.6904265877254554
1.6950517288735618
1.699801873836482
1.7048020264290291
1.7094271675771355
1.7150523392437513
1.7200524918362987
1.7248026367992186
1.7301778008362072
1.7348029419843134
1.7389280678731651
1.7435532090212715
1.7474283272804958
1.7516784569841608
1.7554285714285716
1.759178685872982
1.7625537888729514
1.7656788842432936
1.7685539719840082
1.7708040406506547
1.77267909787286
1.7744291512802515
1.775429181798761
1.775804193243202
1.7778042542802208
1.7783042695394757
1.7783042695394757
1.778179265724662
1.7783042695394757
1.776679219946898
1.7749291665395062
1.773804132206183
1.7715540635395368
1.7689289834284494
1.7675539414654988
1.7645538499099704
1.7609287392803734
1.7580536515396588
1.7541785332804345
1.7505534226508377
1.746053285317545
1.7420531632435072
1.7380530411694692
1.7325528733176672
1.7278027283547472
1.7231775872066408
1.7176774193548388
1.7134272896511735
1.7085521408734399
1.704052003540147
1.6991768547624133
1.6941767021698662
1.6886765343180639
1.6834263740958892
1.6784262215033416
1.6744260994293039
1.6694259468367565
1.664925809503464
1.660550675984985
1.656925565355388
1.652550431836909
1.6486753135776848
1.644675191503647
1.6409250770592365
1.637549974059267
1.634299874874111
1.6312997833185827
1.6281746879482406
1.6254246040223395
1.6234245429853207
1.6206744590594195
1.6182993865779596
1.6161743217261269
1.6142992645039216
1.611799188207648
1.610549150059511
1.6091741080965607
1.6079240699484236
1.6066740318002868
1.6055489974669637
1.6049239783928952
1.6034239326151312
1.6024239020966218
1.6015488753929257
1.6007988525040437
1.6000488296151616
1.599548814355907
1.599173802911466
1.598673787652211
1.5975487533188881
1.596798730430006
1.5961737113559373
1.595173680837428
1.594298654133732
1.5926736045411543
1.5910485549485762
1.5889234900967437
1.5875484481337934
1.5847983642078922
1.58167326883755
1.5780481582079533
1.5736730246894741
1.5687978759117405
1.5629226966154972
1.5564224982451857
1.5496722922452468
1.5425470748008667
1.5354218573564866
1.5277966246528518
1.5210464186529131
1.5136711935789056
1.506795983764153
1.5017958311716058
1.4981707205420087
1.4959206518753625
1.4952956328012939
1.498045716727195
1.503170873134556
1.511546128727073
1.5234214911343729
1.5385469527268287
1.5587975707266457
1.582048280281991
1.609799127170629
1.6425501266518143
1.6803012787255471
1.7221775566881314
1.7676789452803126
1.8165554368724632
1.8683070162053286
1.921308633686331
1.9755602893154698
2.029436933500168
2.0815635242774744
2.1306900234992523
2.1756913968321787
2.214567583239235
2.246443556016724
2.270319284646138
2.286194769127476
2.2908199102755824
2.2681942197943052
2.254193792535173
2.232568132572405
2.201442182683798
2.162315988647115
2.1175646229438154
2.0660630512405773
2.010811365092929
1.9543096407971434
1.8960578630939666
1.8385561082796718
1.7813043610950041
1.7265526902066104
1.6746761070589313
1.6255496078371532
1.58167326883755
1.5425470748008667
1.507546006653035
1.4777950987273782
1.452919339579455
1.4335437482833338
1.4182932828760644
1.4076679586169012
1.4011677602465895
1.3986676839503158
1.4000427259132666
1.404542863246559
1.4117930845057527
1.4199183324686422
1.4301686452833644
1.4421690115054782
1.454169377727592
1.4662947477645192
1.4771700796533098
1.4886704306161689
1.499670766319773
1.5100460829493088
1.5190463576158941
1.5277966246528518
1.5357968688009278
1.5430470900601214
1.5477972350230413
1.5524223761711478
1.556797509689627
1.5604226203192237
1.5631727042451247
1.565422772911771
1.5671728263191627
1.5692978911709952
1.5709229407635732
1.5717979674672689
1.5735480208746606
1.5744230475783563
1.5747980590227975
1.5754230780968657
1.5752980742820522
1.5757980895413068
1.5762981048005615
1.57692312387463
1.5771731315042574
1.5775481429486986
1.5777981505783258
1.5779231543931396
1.5790481887264625
1.57929819635609
1.5797982116153446
1.5802982268745993
1.5817982726523636
1.582923306985687
1.5836733298745689
1.5850483718375195
1.5857983947264016
1.5875484481337934
1.588048463393048
1.5894235053559984
1.590798547318949
1.5916735740226449
1.5931736198004092
1.594798669392987
1.5959237037263099
1.5980487685781428
1.599173802911466
1.6004238410596028
1.6025489059114353
1.6040489516891996
1.6057990050965911
1.607424054689169
1.6099241309854426
1.6126742149113438
1.614549272133549
1.6166743369853815
1.6190494094668417
1.6216744895779291
1.6242995696890163
1.6269246498001038
1.6290497146519365
1.6320498062074649
1.6349248939481797
1.637924985503708
1.6411750846888638
1.6445501876888333
1.6478002868739892
1.651050386059145
1.6544254890591144
1.6579255958738974
1.6615507065034945
1.6650508133182775
1.669175939207129
1.6733010650959808
1.6773011871700187
1.6811763054292428
1.6855514389477217
1.6899265724662007
1.6945517136143071
1.6985518356883451
1.7028019653920103
1.7071770989104893
1.7119272438734092
1.7168023926511429
1.7214275337992493
1.7258026673177282
1.730677816095462
1.7355529648731955
1.7400531022064882
1.7463032929471725
1.749678395947142
1.754428540910062
1.7593036896877956
1.763928830835902
1.7689289834284494
1.7733041169469284
1.7783042695394757
1.782554399243141
1.7874295480208746
1.7913046662800989
1.7956797997985778
1.7999299295022433
1.8043050630207222
1.808680196539201
1.8128053224280527
1.8160554216132085
1.8200555436872463
1.8243056733909115
1.8271807611316264
1.8306808679464095
1.83443098239082
1.8368060548722802
1.8395561387981811
1.842306222724082
1.8445562913907285
1.8473063753166297
1.849181432538835
1.8513064973906674
1.8521815240943633
1.8544315927610096
1.855056611835078
1.8563066499832148
1.8571816766869107
1.8575566881313517
1.8578066957609791
1.85818170720542
1.8576816919461654
1.8579316995757926
1.8569316690572832
1.8559316385387736
1.8551816156498917
1.853556566057314
1.8520565202795496
1.8504314706869718
1.849181432538835
1.846806360057375
1.844681295205542
1.842306222724082
1.8399311502426223
1.8365560472426528
1.8336809595019379
1.8299308450575276
1.826555742057558
1.8230556352427747
1.82018054750206
1.8159304177983948
1.8120552995391705
1.8080551774651326
1.8038050477614673
1.7991799066133611
1.7945547654652547
1.7901796319467758
1.7848044679097874
1.7808043458357494
1.7756791894283883
1.7710540482802821
1.7660538956877345
1.761928769798883
1.7569286172063356
1.752053468428602
1.7461782891323587
1.7414281441694388
1.7363029877620777
1.731427838984344
1.7264276863917967
1.7213025299844356
1.7165523850215156
1.7121772515030367
1.708052125614185
1.702176946317942
1.697426801355022
1.6936766869106112
1.6884265266884364
1.683926389355144
1.6793012482070377
1.675676137577441
1.671176000244148
1.667300881984924
1.6635507675405132
1.6591756340220343
1.655425519577624
1.651050386059145
1.6475502792443617
1.643050141911069
1.640300057985168
1.6365499435407576
1.6339248634296701
1.6310497756889553
1.627674672688986
1.6257996154667806
1.62204950102237
1.6192994170964692
1.6166743369853815
1.6136742454298534
1.6110491653187657
1.6095491195410014
1.6071740470595417
1.6057990050965911
1.6034239326151312
1.6017988830225531
1.599548814355907
1.5979237647633289
1.5965487228003785
1.594298654133732
1.5931736198004092
1.5917985778374584
1.590423535874508
1.5894235053559984
1.5886734824671163
1.587298440504166
1.5862984099856563
1.5856733909115879
1.5846733603930783
1.5831733146153144
1.5830483108005005
1.5834233222449416
1.58167326883755
1.5807982421338542
1.5804232306894133
1.580048219244972
1.579673207800531
1.5795482039857174
1.5787981810968352
1.5785481734672078
1.5775481429486986
1.5776731467635121
1.5777981505783258
1.5775481429486986
1.5772981353190711
1.5776731467635121
1.5779231543931396
1.5767981200598165
1.5774231391338847
1.5766731162450025
1.5762981048005615
1.5766731162450025
1.576548112430189
1.576548112430189
1.5767981200598165
1.5772981353190711
1.5766731162450025
1.57692312387463
1.5770481276894437
1.5770481276894437
1.5771731315042574
1.5771731315042574
1.5771731315042574
1.5776731467635121
1.5779231543931396
1.5779231543931396
1.5785481734672078
1.5785481734672078
1.5781731620227668
1.5784231696523943
1.5782981658375803
1.5787981810968352
1.5787981810968352
1.5790481887264625
1.5797982116153446
1.5799232154301586
1.5799232154301586
1.5804232306894133
1.5801732230597858
1.5801732230597858
1.580048219244972
1.580048219244972
1.580923245948668
1.580923245948668
1.580923245948668
1.582048280281991
1.5814232612079226
1.5817982726523636
1.58167326883755
1.5821732840968048
1.5819232764671776
1.5824232917264323
1.582048280281991
1.5830483108005005
1.5830483108005005
1.5836733298745689
1.584423352763451
1.5839233375041963
1.5834233222449416
1.5839233375041963
1.5841733451338236
1.5841733451338236
1.58404834131901
1.5842983489486373
1.5850483718375195
1.5854233832819604
1.5857983947264016
1.5862984099856563
1.5857983947264016
1.5862984099856563
1.5859233985412151
1.5857983947264016
1.5865484176152838
1.587298440504166
1.5870484328745385
1.5869234290597247
1.587923459578234
1.5877984557634206
1.587923459578234
1.5877984557634206
1.5881734672078616
1.5881734672078616
1.5876734519486069
1.5881734672078616
1.5889234900967437
1.5889234900967437
1.5889234900967437
1.5890484939115572
1.5891734977263712
1.5906735435041353
1.5900485244300668
1.589923520615253
1.590298532059694
1.590298532059694
1.5901735282448806
1.590798547318949
1.5912985625782037
1.5914235663930174
1.5915485702078311
1.5915485702078311
1.5914235663930174
1.5911735587633902
1.5912985625782037
1.592298593096713
1.5920485854670858
1.592798608355968
1.5926736045411543
1.5931736198004092
1.5921735892818996
1.5929236121707817
1.5935486312448501
1.5932986236152227
1.5932986236152227
1.5935486312448501
1.5939236426892909
1.5940486465041048
1.5952986846522417
1.5944236579485458
1.594298654133732
1.5949236732078005
1.594798669392987
1.5950486770226142
1.5945486617633595
1.5952986846522417
1.5956736960966826
1.5956736960966826
1.5954236884670552
1.5955486922818691
1.5960487075411238
1.5964237189855648
1.596673726615192
1.5964237189855648
1.5961737113559373
1.5965487228003785
1.597173741874447
1.5970487380596332
1.5977987609485154
1.5972987456892607
1.5974237495040742
1.5974237495040742
1.5976737571337016
1.5977987609485154
1.5972987456892607
1.5975487533188881
1.598798791467025
1.5984237800225838
1.5990487990966522
1.599548814355907
1.5990487990966522
1.599173802911466
1.5994238105410932
1.598798791467025
1.598798791467025
1.5992988067262794
1.6000488296151616
1.5996738181707206
1.6000488296151616
1.6012988677632984
1.6004238410596028
1.6001738334299753
1.6004238410596028
1.6001738334299753
1.6007988525040437
1.601048860133671
1.6012988677632984
1.6017988830225531
1.6019238868373669
1.6025489059114353
1.603173924985504
1.602673909726249
1.60304892117069
1.6032989288003174
1.6032989288003174
1.6036739402447586
1.6046739707632678
1.6049239783928952
1.6052989898373364
1.606174016541032
1.6069240394299142
1.608174077578051
1.6079240699484236
1.6095491195410014
1.6100491348002564
1.6112991729483932
1.6126742149113438
1.6142992645039216
1.6156743064668722
1.6167993408001955
1.6184243903927733
1.6201744438001648
1.6219244972075564
1.6245495773186438
1.6262996307260353
1.6281746879482406
1.6310497756889553
1.6339248634296701
1.635924924466689
1.6393000274666587
1.6424251228370008
1.6448001953184606
1.6480502945036166
1.651800408948027
1.6550505081331828
1.657800592059084
1.6623007293923764
1.6659258400219734
1.670800988799707
1.6749261146885588
1.6793012482070377
1.6838013855403302
1.6879265114291817
1.6925516525772883
1.6980518204290902
1.702551957762383
1.707677114169744
1.7121772515030367
1.718427442243721
1.7230525833918273
1.7286777550584431
1.732677877132481
1.7370530106509599
1.7414281441694388
1.7461782891323587
1.750053407391583
1.7538035218359938
1.7565536057618945
1.7610537430951874
1.7643038422803432
1.7671789300210579
1.7695540025025178
1.7725540940580462
1.7733041169469284
1.7760542008728295
1.7759291970580158
1.777054231391339
1.778179265724662
1.7783042695394757
1.7784292733542895
1.7780542619098483
1.778179265724662
1.7760542008728295
1.7748041627246927
1.7728041016876737
1.7704290292062137
1.76792895290994
1.765928891872921
1.7621787774285103
1.7590536820581684
1.755553575243385
1.752053468428602
1.748053346354564
1.7439282204657125
1.73942808313242
1.7348029419843134
1.7300527970213935
1.7254276558732873
1.7203024994659262
1.715552354503006
1.710427198095645
1.706052064577166
1.7008019043549913
1.6956767479476302
1.691426618243965
1.6854264351329082
1.6803012787255471
1.6758011413922544
1.671301004058962
1.666425855281228
1.662800744651631
1.6588006225775933
1.6546754966887418
1.6508003784295175
1.6455502182073427
1.642675130466628
1.6385500045777766
1.6352999053926207
1.631674794763024
1.62917471846675
1.626424634540849
1.6242995696890163
1.6214244819483017
1.618549394207587
1.6166743369853815
1.6156743064668722
1.61254921109653
1.6112991729483932
1.609799127170629
1.6084240852076785
1.6080490737632376
1.606174016541032
1.605048982207709
1.603173924985504
1.6027989135410627
1.6020488906521806
1.601048860133671
1.6004238410596028
1.5997988219855341
1.598798791467025
1.5984237800225838
1.5977987609485154
1.5974237495040742
1.5965487228003785
1.5959237037263099
1.5945486617633595
1.5935486312448501
1.5914235663930174
1.590798547318949
1.5882984710226753
1.5855483870967744
1.5825482955412458
1.5795482039857174
1.5757980895413068
1.5706729331339457
1.5652977690969574
1.559172582171087
1.5519223609118933
1.5449221472823267
1.5386719565416427
1.530671712393567
1.5229214758751182
1.5160462660603655
1.5099210791344952
1.504420911282693
1.4987957396160771
1.4961706595049897
1.4954206366161078
1.4969206823938719
1.501170812097537
1.5079210180974763
1.5181713309121982
1.5321717581713308
1.550422315134129
1.5730480056154057
1.5989237952818385
1.630799768059328
1.6674258857997375
1.706927091280862
1.7515534531693473
1.79880489516892
1.8496814477980896
1.903433088167974
1.9565597094637899
2.010811365092929
2.0636879787591176
2.1140645161290323
2.1604409314249096
2.2015671864986115
2.2359432355723747
2.263694082461013
2.281569627979369
2.2916949369792783
2.273069368572039
2.2598189642017883
2.240943388164922
2.2131925412762845
2.176816431165502
2.1330650959807125
2.084313608203375
2.03018695638905
1.973935239722892
1.9160584734641561
1.8588067262794887
1.800429944761498
1.7450532547990356
1.6921766411328472
1.6424251228370008
1.596298715170751
1.555172460097049
1.5194213690603353
1.487420392468032
1.4609195837275306
1.4400439466536454
1.4227934202093568
1.4115430768761255
1.4029178136539813
1.399042695394757
1.3989176915799433
1.4026678060243538
1.408917996765038
1.4167932370983
1.4266685384685813
1.438293893246254
1.4491692251350443
1.4606695760979034
1.4730449537644583
1.484545304727317
1.495670644245735
1.5065459761345255
1.515796258430738
1.5252965483565784
1.5334217963194676
1.5405470137638477
1.546422193060091
1.5509223303933837
1.5556724753563036
1.5587975707266457
1.5614226508377331
1.564172734763634
1.5666728110599077
1.5687978759117405
1.5704229255043185
1.5720479750968963
1.5729230018005922
1.5739230323191016
1.5746730552079835
1.57454805139317
1.5757980895413068
1.5755480819116796
1.5759230933561206
1.5767981200598165
1.5776731467635121
1.5771731315042574
1.5775481429486986
1.5784231696523943
1.578923184911649
1.5790481887264625
1.5797982116153446
1.5805482345042268
1.5811732535782954
1.5827983031708732
1.5835483260597554
1.5842983489486373
1.5861734061708426
1.5867984252449112
1.5877984557634206
1.5889234900967437
1.590298532059694
1.5914235663930174
1.5926736045411543
1.5940486465041048
1.5955486922818691
1.5970487380596332
1.598798791467025
1.6001738334299753
1.6022988982818078
1.6037989440595721
1.6055489974669637
1.607424054689169
1.6092991119113744
1.6116741843928344
1.6135492416150394
1.6159243140964994
1.6187994018372145
1.6205494552446058
1.6230495315408795
1.625674611651967
1.6282996917630543
1.6306747642445143
1.6337998596148564
1.6369249549851985
1.639925046540727
