1.782929410687582
1.7791792962431716
1.7751791741691336
1.7688039796136357
1.7626787926877652
1.7545535447248757
1.7461782891323587
1.737303018280587
1.7276777245399335
1.7178024231696525
1.7093021637623218
1.6986768395031586
1.6891765495773186
1.6796762596514787
1.670050965910825
1.663300759910886
1.655425519577624
1.6481752983184301
1.6423001190221869
1.638299996948149
1.6341748710592976
1.6327998290963468
1.6326748252815333
1.634299874874111
1.6360499282815029
1.6394250312814722
1.6424251228370008
1.6471752677999205
1.6523004242072816
1.6579255958738974
1.6631757560960723
1.6685509201330608
1.6730510574663533
1.6780512100589007
1.6809262977996156
1.6835513779107028
1.6841763969847714
1.683051362651448
1.679926267281106
1.6750511185033723
1.6690509353923155
1.6624257332071901
1.6543004852443006
1.6456752220221567
1.6345498825037386
1.624049562059389
1.61254921109653
1.601173863948485
1.5891734977263712
1.5762981048005615
1.5632977080599384
1.5501723075045015
1.5360468764305553
1.5207964110232857
1.502045838801233
1.4805451826532792
1.4571694692831203
1.4334187444685202
1.4124181035798211
1.3969176305429243
1.3911674550614948
1.3981676686910611
1.4247934812463758
1.4741699880977814
1.5467972045045322
1.641925107577746
1.7545535447248757
1.880057374797815
2.006686239204077
2.117814630573443
2.193566942350536
2.226317941831721
2.211942503128147
2.1479405499435407
2.043562364574114
1.914933439130833
1.7808043458357494
1.6526754356517228
1.5411720328379164
1.451794305246132
1.3890423902096622
1.351041230506302
1.336415784173101
1.3415409405804621
1.3612915433210242
1.3881673635059664
1.4184182866908779
1.4495442365794855
1.4767950682088686
1.5009208044679097
1.5205464033936582
1.5360468764305553
1.5491722769859921
1.5595475936155279
1.5695478988006226
1.5787981810968352
1.5871734366893522
1.597173741874447
1.6069240394299142
1.6171743522446362
1.6282996917630543
1.6396750389110997
1.6509253822443313
1.6626757408368176
1.6741760917996766
1.6855514389477217
1.6961767632068852
1.7075521103549303
1.7181774346140937
1.728302743614002
1.738553056428724
1.7475533310953093
1.7559285866878263
1.7631788079470199
1.7696790063173315
1.775429181798761
1.7795543076876126
1.7824293954283272
1.7854294869838556
1.7861795098727378
1.785679494613483
1.7859295022431105
1.7820543839838863
1.7791792962431716
1.774679158909879
1.7689289834284494
1.7618037659840693
1.7545535447248757
1.7463032929471725
1.7375530259102145
1.7280527359843745
1.7191774651326028
1.7105522019104589
1.6990518509475998
1.689051545762505
1.6798012634662924
1.6710509964293345
1.6620507217627492
1.6550505081331828
1.6481752983184301
1.6418001037629322
1.637924985503708
1.634299874874111
1.6326748252815333
1.6325498214667196
1.6332998443556017
1.635549913022248
1.63867500839259
1.6429251380962555
1.6476752830591754
1.6520504165776544
1.6570505691702018
1.6634257637256997
1.6685509201330608
1.6734260689107945
1.677551194799646
1.6808012939848018
1.6829263588366346
1.6835513779107028
1.6833013702810755
1.6800512710959197
1.6754261299478135
1.6695509506515702
1.6624257332071901
1.6540504776146734
1.6453002105777155
1.6354249092074344
1.6237995544297616
1.6132992339854122
1.6009238563188575
1.588423474837489
1.5762981048005615
1.563422711874752
1.5501723075045015
1.5362968840601827
1.5207964110232857
1.5029208655049286
1.4809201940977201
1.4585445112460709
1.4336687520981475
1.412793115024262
1.3964176152836694
1.3916674703207497
1.3997927182836392
1.4254185003204445
1.4746700033570361
1.5471722159489731
1.6423001190221869
1.7550535599841306
1.880807397686697
2.008061281167028
2.117314615314188
2.193691946165349
2.225567918942839
2.2114424878688923
2.1476905423139137
2.0421873226111638
1.914433423871578
1.7794293038727989
1.6519254127628407
1.5406720175786617
1.451294289986877
1.38829236732078
1.3507912228766747
1.3365407879879148
1.3420409558397168
1.361416547135838
1.3881673635059664
1.41916830957976
1.4495442365794855
1.4766700643940551
1.501170812097537
1.5207964110232857
1.536921903134251
1.5486722617267374
1.5595475936155279
1.569422894985809
1.5786731772820215
1.5877984557634206
1.5972987456892607
1.606174016541032
1.6167993408001955
1.6277996765037996
1.6398000427259134
1.651050386059145
1.6624257332071901
1.6744260994293039
1.6854264351329082
1.6970517899105808
1.7079271217993715
1.7180524307992797
1.7284277474288157
1.7376780297250283
1.7479283425397505
1.755553575243385
1.7626787926877652
1.7703040253914
1.7751791741691336
1.7798043153172398
1.7838044373912778
1.7854294869838556
1.7863045136875517
1.7864295175023652
1.7851794793542284
1.7833044221320231
1.7795543076876126
1.7750541703543201
1.7690539872432631
1.7618037659840693
1.7546785485396894
1.7461782891323587
1.737428022095401
1.7286777550584431
1.7183024384289072
1.7096771752067628
1.6985518356883451
1.689426557206946
1.679926267281106
1.6709259926145208
1.6626757408368176
1.6549255043183693
1.6479252906888027
1.641925107577746
1.6377999816888944
1.6356749168370617
1.632299813837092
1.6329248329111608
1.6339248634296701
1.6354249092074344
1.6388000122074038
1.6431751457258827
1.6471752677999205
1.651425397503586
1.6580505996887114
1.6635507675405132
1.6684259163182469
1.6734260689107945
1.6773011871700187
1.681551316873684
1.6834263740958892
1.6840513931699574
1.683051362651448
1.6801762749107334
1.6754261299478135
1.669300943021943
1.662800744651631
1.653800469985046
1.6451752067629017
1.6346748863185523
1.6244245735038303
1.6129242225409712
1.6007988525040437
1.587923459578234
1.5759230933561206
1.563047700430311
1.5494222846156194
1.5352968535416731
1.520296395764031
1.5015458235419783
1.4804201788384654
1.4574194769127478
1.4329187292092656
1.4116680806909392
1.3961676076540421
1.3909174474318675
1.3987926877651295
1.4262935270241401
1.476295052949614
1.5486722617267374
1.6441751762443924
1.7580536515396588
1.8839324930570391
2.0101863460188603
2.1203147068697166
2.1949419843134863
2.2260679342020935
2.2110674764244513
2.1461904965361494
2.0408122806482134
1.912808374279
1.7778042542802208
1.6503003631702629
1.5386719565416427
1.4504192632831812
1.387542344431898
1.3497911923581651
1.3361657765434736
1.342790978728599
1.361791558580279
1.3891673940244758
1.4194183172093875
1.449794244209113
1.4785451216162602
1.5017958311716058
1.5209214148380994
1.5362968840601827
1.5486722617267374
1.559922605059969
1.5697979064302499
1.5790481887264625
1.5875484481337934
1.597173741874447
1.6069240394299142
1.6170493484298227
1.628049684133427
1.6396750389110997
1.651425397503586
1.6624257332071901
1.6746761070589313
1.686301461836604
1.6969267860957673
1.7079271217993715
1.718427442243721
1.7284277474288157
1.7380530411694692
1.7473033234656818
1.755553575243385
1.7638038270210883
1.7700540177617725
1.7751791741691336
1.7799293191320538
1.7835544297616506
1.7863045136875517
1.7861795098727378
1.7863045136875517
1.7855544907986696
1.7820543839838863
1.7796793115024263
1.7744291512802515
1.7688039796136357
1.7620537736136967
1.7545535447248757
1.7464282967619862
1.7375530259102145
1.7278027283547472
1.7181774346140937
1.7089271523178808
1.6988018433179723
1.6895515610217597
1.6801762749107334
1.6705509811700798
1.6631757560960723
1.6546754966887418
1.6483003021332439
1.6414250923184912
1.6376749778740807
1.6339248634296701
1.6329248329111608
1.632299813837092
1.6334248481704154
1.6354249092074344
1.63867500839259
1.6423001190221869
1.647425275429548
1.6523004242072816
1.6575505844294565
1.663300759910886
1.669300943021943
1.673176061281167
1.6781762138737144
1.6813013092440567
1.6831763664662618
1.6840513931699574
1.6835513779107028
1.6800512710959197
1.6753011261329998
1.669675954466384
1.6621757255775629
1.654550492873928
1.6454252143925292
1.6349248939481797
1.6234245429853207
1.6129242225409712
1.601173863948485
1.5885484786523028
1.5764231086153753
1.5629226966154972
1.5505473189489425
1.5359218726157415
1.5204213995788447
1.5021708426160465
1.4801701712088382
1.4566694540238656
1.4334187444685202
1.4116680806909392
1.3960426038392286
1.3912924588763085
1.3980426648762476
1.4256685079500717
1.475920041505173
1.5482972502822963
1.6441751762443924
1.7574286324655906
1.8825574510940886
2.010436353648488
2.119314676351207
2.1945669728690453
2.2256929227576525
2.210442457350383
2.1461904965361494
2.0403122653889585
1.9125583666493728
1.7774292428357799
1.6499253517258217
1.5387969603564562
1.4495442365794855
1.3877923520615254
1.349166173284097
1.3365407879879148
1.3416659443952759
1.3615415509506514
1.3889173863948485
1.4195433210242012
1.4499192480239265
1.4786701254310741
1.5017958311716058
1.5209214148380994
1.5366718955046237
1.5491722769859921
1.559922605059969
1.5700479140598773
1.5790481887264625
1.5874234443189794
1.5970487380596332
1.6066740318002868
1.6174243598742637
1.6282996917630543
1.6398000427259134
1.6511753898739585
1.6625507370220038
1.6746761070589313
1.6858014465773492
1.6969267860957673
1.708177129428999
1.7189274575029754
1.7286777550584431
1.7383030487990967
1.7479283425397505
1.7563035981322672
1.7631788079470199
1.7703040253914
1.7764292123172705
1.7794293038727989
1.7830544145023959
1.7854294869838556
1.7859295022431105
1.7861795098727378
1.7848044679097874
1.7828044068727684
1.7790542924283579
1.7745541550950652
1.768303964354381
1.7621787774285103
1.754428540910062
1.746053285317545
1.7369280068361461
1.727052705465865
1.7179274269844662
1.7083021332438124
1.698926847132786
1.6885515305032504
1.6794262520218513
1.670800988799707
1.6621757255775629
1.6546754966887418
1.6476752830591754
1.6421751152073734
1.6376749778740807
1.635549913022248
1.6329248329111608
1.632424817651906
1.633549851985229
1.6360499282815029
1.6394250312814722
1.6431751457258827
1.6476752830591754
1.6521754203924681
1.6584256111331521
1.6630507522812585
1.6685509201330608
1.673676076540422
1.6780512100589007
1.6814263130588702
1.6829263588366346
1.6838013855403302
1.6828013550218206
1.6801762749107334
1.675551133762627
1.6695509506515702
1.6610506912442398
1.653800469985046
1.6448001953184606
1.6346748863185523
1.623299539170507
1.612174199652089
1.6004238410596028
1.588048463393048
1.5752980742820522
1.5629226966154972
1.5494222846156194
1.5354218573564866
1.5200463881344035
1.5010458082827236
1.479045136875515
1.4559194311349835
1.4325437177648244
1.4111680654316843
1.3961676076540421
1.3907924436170536
1.399417706839198
1.4270435499130223
1.4775450910977508
1.5509223303933837
1.6471752677999205
1.7605537278359324
1.886307565538499
2.0139364604632712
2.122064760277108
2.1968170415356916
2.2256929227576525
2.209692434461501
2.14419043549913
2.0374371776482434
1.9086832483901486
1.7736791283913693
1.6463002410962249
1.5357968688009278
1.4475441755424665
1.3860422986541339
1.3489161656544695
1.3361657765434736
1.3421659596545306
1.362541581469161
1.3896674092837307
1.4204183477278969
1.4507942747276223
1.4786701254310741
1.502045838801233
1.5209214148380994
1.5370469069490644
1.548797265541551
1.56029761650441
1.570172917874691
1.578923184911649
1.587923459578234
1.5977987609485154
1.6069240394299142
1.6176743675038912
1.6289247108371228
1.6409250770592365
1.651800408948027
1.663300759910886
1.6746761070589313
1.686301461836604
1.6975518051698355
1.7083021332438124
1.7188024536881619
1.7286777550584431
1.7383030487990967
1.7475533310953093
1.7559285866878263
1.7634288155766473
1.7703040253914
1.7759291970580158
1.7799293191320538
1.7831794183172094
1.7851794793542284
1.7866795251319927
1.78692953276162
1.7854294869838556
1.7834294259468366
1.7789292886135442
1.7745541550950652
1.7689289834284494
1.7620537736136967
1.754053529465621
1.7461782891323587
1.7371780144657736
1.7275527207251198
1.7178024231696525
1.707677114169744
1.6984268318735312
1.689051545762505
1.6796762596514787
1.671176000244148
1.6615507065034945
1.6548005005035553
1.6478002868739892
1.6421751152073734
1.6376749778740807
1.6345498825037386
1.6329248329111608
1.6326748252815333
1.634299874874111
1.6356749168370617
1.6388000122074038
1.642675130466628
1.647425275429548
1.652550431836909
1.6579255958738974
1.6634257637256997
1.6684259163182469
1.6740510879848627
1.6774261909848323
1.6813013092440567
1.6834263740958892
1.6836763817255165
1.6831763664662618
1.6800512710959197
1.6754261299478135
1.6694259468367565
1.6621757255775629
1.6539254737998597
1.6448001953184606
1.6345498825037386
1.6239245582445754
1.6127992187261575
1.60067384868923
1.587923459578234
1.5760480971709343
1.5632977080599384
1.5494222846156194
1.5354218573564866
1.51992138431959
1.5015458235419783
1.4801701712088382
1.4566694540238656
1.433043733024079
1.4116680806909392
1.3962926114688559
1.3914174626911222
1.3992927030243845
1.4261685232093266
1.4760450453199865
1.5490472731711782
1.6443001800592059
1.757553636280404
1.8833074739829707
2.010436353648488
2.120064699240089
2.1950669881283
2.2256929227576525
2.2110674764244513
2.1460654927213354
2.0408122806482134
1.9126833704641866
1.7778042542802208
1.6504253669850764
1.5387969603564562
1.450169255653554
1.387542344431898
1.3509162266914885
1.3365407879879148
1.3420409558397168
1.361791558580279
1.3884173711355938
1.4195433210242012
1.4495442365794855
1.4780451063570055
1.5014208197271646
1.5209214148380994
1.5362968840601827
1.5494222846156194
1.5595475936155279
1.5697979064302499
1.5785481734672078
1.5877984557634206
1.5972987456892607
1.6066740318002868
1.6170493484298227
1.6282996917630543
1.639925046540727
1.6513003936887722
1.6620507217627492
1.6744260994293039
1.6856764427625355
1.6969267860957673
1.7079271217993715
1.7185524460585346
1.7284277474288157
1.7381780449842832
1.7473033234656818
1.755553575243385
1.7633038117618336
1.769929013946959
1.7755541856135748
1.7799293191320538
1.7833044221320231
1.785679494613483
1.7864295175023652
1.7861795098727378
1.7860545060579243
1.7826794030579547
1.7789292886135442
1.7744291512802515
1.7686789757988222
1.7621787774285103
1.7546785485396894
1.7459282815027315
1.737303018280587
1.7275527207251198
1.718427442243721
1.7085521408734399
1.6986768395031586
1.689426557206946
1.6804262825403606
1.671676015503403
1.6626757408368176
1.6544254890591144
1.6475502792443617
1.641925107577746
1.637924985503708
1.6347998901333658
1.6329248329111608
1.6321748100222786
1.6337998596148564
1.6354249092074344
1.63867500839259
1.6423001190221869
1.6473002716147345
1.6524254280220954
1.6574255806146427
1.6635507675405132
1.6685509201330608
1.6734260689107945
1.6780512100589007
1.6816763206884975
1.6828013550218206
1.6838013855403302
1.683051362651448
1.679551255836665
1.6750511185033723
1.6695509506515702
1.6623007293923764
1.653800469985046
1.6454252143925292
1.634299874874111
1.6241745658742028
1.61254921109653
1.6009238563188575
1.5882984710226753
1.5760480971709343
1.5632977080599384
1.5499222998748743
1.5360468764305553
1.5201713919492172
1.502045838801233
1.4800451673940245
1.4567944578386791
1.4335437482833338
1.4119180883205664
1.3962926114688559
1.391042451246681
1.3986676839503158
1.425543504135258
1.4747950071718496
1.5474222235786004
1.642675130466628
1.7559285866878263
1.881557420575579
2.008561296426283
2.118564653462325
2.194191961424604
2.22494289986877
2.2115674916837063
2.1469405194250313
2.0420623187963503
1.9138084047975097
1.7795543076876126
1.651425397503586
1.5401720023194068
1.4506692709128086
1.38829236732078
1.3499161961729789
1.33604077272866
1.342290963469344
1.3615415509506514
1.3885423749504076
1.4185432905056918
1.4495442365794855
1.4774200872829373
1.5010458082827236
1.5209214148380994
1.536921903134251
1.5489222693563647
1.5592975859859004
1.5697979064302499
1.5787981810968352
1.587298440504166
1.5975487533188881
1.6069240394299142
1.6174243598742637
1.628049684133427
1.6396750389110997
1.651425397503586
1.6626757408368176
1.6743010956144901
1.6853014313180945
1.6966767784661398
1.708177129428999
1.7185524460585346
1.7281777397991884
1.737803033539842
1.7470533158360546
1.7559285866878263
1.7629288003173924
1.769929013946959
1.7755541856135748
1.7798043153172398
1.7841794488357188
1.785679494613483
1.7864295175023652
1.7863045136875517
1.7850544755394149
1.7831794183172094
1.7795543076876126
1.7745541550950652
1.7690539872432631
1.7624287850581377
1.7545535447248757
1.7465533005767997
1.7371780144657736
1.7278027283547472
1.7178024231696525
1.7086771446882534
1.6988018433179723
1.6886765343180639
1.6803012787255471
1.6709259926145208
1.6623007293923764
1.6551755119479965
1.6480502945036166
1.6418001037629322
1.638299996948149
1.6350498977629933
1.6330498367259743
1.6326748252815333
1.6337998596148564
1.635549913022248
1.6389250160222175
1.6425501266518143
1.6466752525406658
1.6521754203924681
1.6571755729850153
1.6634257637256997
1.6686759239478743
1.6733010650959808
1.6778012024292734
1.6816763206884975
1.6831763664662618
1.683926389355144
1.6831763664662618
1.6800512710959197
1.6758011413922544
1.669175939207129
1.6625507370220038
1.6541754814294871
1.6453002105777155
1.635174901577807
1.6239245582445754
1.6126742149113438
1.601048860133671
1.5886734824671163
1.5756730857264931
1.5627976928006837
1.5501723075045015
1.5360468764305553
1.5205464033936582
1.5015458235419783
1.4797951597643972
1.4571694692831203
1.4335437482833338
1.41204309213538
1.3967926267281106
1.3907924436170536
1.399042695394757
1.425543504135258
1.4747950071718496
1.5479222388378553
1.6434251533555102
1.7565536057618945
1.881557420575579
2.009686330759606
2.118564653462325
2.1946919766838584
2.2259429303872795
2.2115674916837063
2.1468155156102173
2.0419373149815363
1.9136834009826962
1.7788042847987304
1.6509253822443313
1.539671987060152
1.4507942747276223
1.3877923520615254
1.3499161961729789
1.3361657765434736
1.342415967284158
1.3616665547654654
1.3889173863948485
1.4190433057649465
1.4507942747276223
1.4777950987273782
1.5010458082827236
1.5209214148380994
1.5362968840601827
1.5490472731711782
1.559797601245155
1.570172917874691
1.5785481734672078
1.5874234443189794
1.5969237342448195
1.6067990356151007
1.6180493789483323
1.628424695577868
1.6401750541703544
1.6511753898739585
1.6626757408368176
1.6745511032441176
1.6858014465773492
1.6965517746513261
1.7078021179845577
1.718427442243721
1.7284277474288157
1.7380530411694692
1.747678334910123
1.7558035828730125
1.763553819391461
1.769929013946959
1.775429181798761
1.7800543229468673
1.783679433576464
1.7855544907986696
1.7863045136875517
1.7863045136875517
1.7855544907986696
1.782929410687582
1.778679280983917
1.7755541856135748
1.7691789910580769
1.7624287850581377
1.754428540910062
1.7464282967619862
1.737303018280587
1.7281777397991884
1.7191774651326028
1.7084271370586261
1.6986768395031586
1.6891765495773186
1.6796762596514787
1.671301004058962
1.662800744651631
1.654550492873928
1.6476752830591754
1.641925107577746
1.6376749778740807
1.634424878688925
1.632299813837092
1.633174840540788
1.633674855800043
1.6357999206518754
1.63867500839259
1.642675130466628
1.6473002716147345
1.6521754203924681
1.6576755882442702
1.6630507522812585
1.6683009125034334
1.6733010650959808
1.6776761986144597
1.6816763206884975
1.683051362651448
1.683926389355144
1.683051362651448
1.679926267281106
1.6754261299478135
1.668800927762688
1.6625507370220038
1.6541754814294871
1.6449251991332745
1.6345498825037386
1.623299539170507
1.6129242225409712
1.6009238563188575
1.5882984710226753
1.5759230933561206
1.563422711874752
1.5499222998748743
1.5359218726157415
1.51992138431959
1.5025458540604877
1.4796701559495833
1.4570444654683066
1.4334187444685202
1.4117930845057527
1.3965426190984833
1.3916674703207497
1.399417706839198
1.4260435193945127
1.4756700338755455
1.5486722617267374
1.6433001495406965
1.7569286172063356
1.8826824549089023
2.009686330759606
2.119564683980834
2.1949419843134863
2.226317941831721
2.210942472609638
2.146315500350963
2.0406872768333995
1.9123083590197454
1.7774292428357799
1.6500503555406356
1.5386719565416427
1.4499192480239265
1.3877923520615254
1.3497911923581651
1.336415784173101
1.3420409558397168
1.361791558580279
1.3889173863948485
1.4195433210242012
1.449669240394299
1.4780451063570055
1.5014208197271646
1.5210464186529131
1.5366718955046237
1.5491722769859921
1.5601726126895963
1.5696729026154363
1.5787981810968352
1.588048463393048
1.5970487380596332
1.6067990356151007
1.6172993560594502
1.628424695577868
1.6400500503555409
1.651425397503586
1.662925748466445
1.6748011108737448
1.685926450392163
1.6966767784661398
1.708177129428999
1.7186774498733484
1.7286777550584431
1.7384280526139104
1.7481783501693777
1.7556785790581988
1.7634288155766473
1.7701790215765862
1.7759291970580158
1.7798043153172398
1.7828044068727684
1.7854294869838556
1.7860545060579243
1.7863045136875517
1.7850544755394149
1.7826794030579547
1.7790542924283579
1.774304147465438
1.7685539719840082
1.761928769798883
1.755178563798944
1.7463032929471725
1.7366779992065189
1.7275527207251198
1.7183024384289072
1.7089271523178808
1.698176824243904
1.6888015381328776
1.679551255836665
1.6705509811700798
1.6615507065034945
1.654550492873928
1.6479252906888027
1.6420501113925596
1.6371749626148258
1.634299874874111
1.6327998290963468
1.6325498214667196
1.6337998596148564
1.6361749320963164
1.6389250160222175
1.6428001342814416
1.647425275429548
1.6526754356517228
1.6579255958738974
1.662925748466445
1.6681759086886196
1.673676076540422
1.6783012176885281
1.6814263130588702
1.6833013702810755
1.684301400799585
1.6828013550218206
1.6800512710959197
1.6754261299478135
1.669175939207129
1.6625507370220038
1.653800469985046
1.6444251838740198
1.634299874874111
1.6236745506149481
1.611799188207648
1.6000488296151616
1.5881734672078616
1.5759230933561206
1.563047700430311
1.549547288430433
1.5351718497268594
1.5196713766899625
1.5015458235419783
1.4792951445051423
1.4554194158757288
1.4320437025055697
1.410918057802057
1.395917600024415
1.391042451246681
1.4000427259132666
1.4276685689870905
1.478295113986633
1.5524223761711478
1.6489253212073123
1.763553819391461
1.889557664723655
2.0155615100558486
2.123939817499313
2.197817072054201
2.2264429456465344
2.2091924192022465
2.1421903744621114
2.035312112796411
1.9068081911679433
1.771804071169164
1.6445501876888333
1.5340468153935363
1.4465441450239571
1.3852922757652517
1.3489161656544695
1.3359157689138461
1.3426659749137853
1.3626665852839748
1.389917416913358
1.4206683553575243
1.450919278542436
1.479045136875515
1.5027958616901151
1.5220464491714225
1.536921903134251
1.549547288430433
1.5604226203192237
1.5695478988006226
1.5790481887264625
1.5881734672078616
1.5976737571337016
1.6075490585039827
1.6176743675038912
1.6285496993926818
1.640675069429609
1.651800408948027
1.6634257637256997
1.6750511185033723
1.6864264656514176
1.6975518051698355
1.708802148503067
1.7188024536881619
1.7288027588732566
1.7386780602435379
1.7478033387249368
1.7559285866878263
1.7633038117618336
1.7703040253914
1.775804193243202
1.7800543229468673
1.783679433576464
1.7858044984282968
1.7863045136875517
1.786554521317179
1.7846794640949737
1.7828044068727684
1.7788042847987304
1.7745541550950652
1.7684289681691947
1.7618037659840693
1.754428540910062
1.7455532700582903
1.7368030030213324
1.7275527207251198
1.7178024231696525
1.708177129428999
1.698176824243904
1.688301522873623
1.6789262367625966
1.6703009735404524
1.6621757255775629
1.6543004852443006
1.6475502792443617
1.6414250923184912
1.6372999664296397
1.6346748863185523
1.6327998290963468
1.6325498214667196
1.634424878688925
1.635174901577807
1.6391750236518448
1.6424251228370008
1.647425275429548
1.6521754203924681
1.6575505844294565
1.6638007751701407
1.6689259315775018
1.673551072725608
1.6780512100589007
1.6813013092440567
1.6834263740958892
1.6838013855403302
1.6834263740958892
1.679551255836665
1.6748011108737448
1.6690509353923155
1.6620507217627492
1.653425458540605
1.6440501724295786
1.6339248634296701
1.6235495468001342
1.6122992034669026
1.6002988372447888
1.588048463393048
1.5752980742820522
1.5625476851710562
1.5490472731711782
1.5352968535416731
1.5192963652455214
1.5001707815790275
1.4786701254310741
1.4550444044312876
1.431918698690756
1.4104180425428021
1.3964176152836694
1.391042451246681
1.4004177373577074
1.4287936033204138
1.4789201330607014
1.55317239906003
1.6499253517258217
1.7646788537247842
1.889557664723655
2.016311532944731
2.1249398480178225
2.197817072054201
2.2260679342020935
2.208442396313364
2.141190343943602
2.033812067018647
1.9046831263161108
1.7708040406506547
1.643050141911069
1.5330467848750269
1.4456691183202612
1.384417249061556
1.3485411542100285
1.3362907803582873
1.3429159825434127
1.3629165929136022
1.3904174321726128
1.4209183629871518
1.4515442976165045
1.479420148319956
1.5021708426160465
1.521796441541795
1.5371719107638784
1.5501723075045015
1.5605476241340372
1.5704229255043185
1.579673207800531
1.5881734672078616
1.5977987609485154
1.607424054689169
1.6176743675038912
1.6289247108371228
1.640675069429609
1.6519254127628407
1.6634257637256997
1.6750511185033723
1.6865514694662314
1.697426801355022
1.7086771446882534
1.7193024689474166
1.7289277626880704
1.739303079317606
1.7481783501693777
1.756803613391522
1.763553819391461
1.7705540330210272
1.7760542008728295
1.7800543229468673
1.7831794183172094
1.7859295022431105
1.7859295022431105
1.7864295175023652
1.78455446028016
1.7820543839838863
1.7790542924283579
1.773804132206183
1.7686789757988222
1.7616787621692556
1.754428540910062
1.7461782891323587
1.7368030030213324
1.7275527207251198
1.7178024231696525
1.7078021179845577
1.6979268166142767
1.6884265266884364
1.6794262520218513
1.670050965910825
1.6619257179479354
1.6543004852443006
1.647425275429548
1.641925107577746
1.6377999816888944
1.635174901577807
1.6330498367259743
1.632424817651906
1.6345498825037386
1.6357999206518754
1.6390500198370312
1.643050141911069
1.6475502792443617
1.6526754356517228
1.6574255806146427
1.6638007751701407
1.668800927762688
1.6740510879848627
1.6783012176885281
1.6814263130588702
1.6836763817255165
1.684301400799585
1.6828013550218206
1.6798012634662924
1.675176122318186
1.6695509506515702
1.6615507065034945
1.6533004547257912
1.6443001800592059
1.6346748863185523
1.6231745353556932
1.6126742149113438
1.6000488296151616
1.588048463393048
1.5746730552079835
1.5627976928006837
1.5489222693563647
1.5346718344676047
1.5190463576158941
1.5012958159123508
1.4787951292458876
1.4551694082461013
1.431543687246315
1.4099180272835474
1.3956675923947877
1.391042451246681
1.4005427411725213
1.4284185918759726
1.4796701559495833
1.5541724295785393
1.651425397503586
1.7660538956877345
1.8921827448347424
2.018561601611377
2.1258148747215184
2.1989421063875243
2.226317941831721
2.2079423810541092
2.140315317239906
2.0323120212408825
1.903433088167974
1.7685539719840082
1.64105008087405
1.531671742912076
1.4446690878017519
1.3840422376171149
1.3490411694692832
1.3367907956175422
1.3434159978026674
1.3635416119876704
1.3905424359874266
1.4206683553575243
1.451669301431318
1.4797951597643972
1.503170873134556
1.5220464491714225
1.536921903134251
1.5500473036896878
1.560672627948851
1.5696729026154363
1.57929819635609
1.588423474837489
1.5977987609485154
1.6076740623187964
1.6186743980224005
1.628424695577868
1.64105008087405
1.6519254127628407
1.6635507675405132
1.6754261299478135
1.6865514694662314
1.6975518051698355
1.708802148503067
1.7194274727622303
1.729052766502884
1.7388030640583514
1.7481783501693777
1.756428601947081
1.763553819391461
1.7705540330210272
1.776179204687643
1.7808043458357494
1.783679433576464
1.7858044984282968
1.7863045136875517
1.7859295022431105
1.7848044679097874
1.7831794183172094
1.7791792962431716
1.7744291512802515
1.7684289681691947
1.7618037659840693
1.754053529465621
1.7459282815027315
1.736552995391705
1.7265526902066104
1.7174274117252115
1.7078021179845577
1.6980518204290902
1.6888015381328776
1.6801762749107334
1.6703009735404524
1.6621757255775629
1.6541754814294871
1.6475502792443617
1.6416750999481187
1.6374249702444532
1.6345498825037386
1.6327998290963468
1.6325498214667196
1.634424878688925
1.6365499435407576
1.63867500839259
1.643050141911069
1.6476752830591754
1.6526754356517228
1.6579255958738974
1.6634257637256997
1.6690509353923155
1.6739260841700492
1.6780512100589007
1.6813013092440567
1.683051362651448
1.6835513779107028
1.682676351207007
1.679926267281106
1.675176122318186
1.669175939207129
1.6620507217627492
1.653425458540605
1.6444251838740198
1.6337998596148564
1.6225495162816248
1.6116741843928344
1.5996738181707206
1.5871734366893522
1.5750480666524247
1.561922666096988
1.5486722617267374
1.5347968382824184
1.5189213538010804
1.5005457930234687
1.4786701254310741
1.4552944120609148
1.431543687246315
1.4110430616168708
1.3961676076540421
1.391042451246681
1.3991676992095705
1.4287936033204138
1.4801701712088382
1.554797448652608
1.651800408948027
1.7670539262062441
1.893057771538438
2.019061616870632
2.1266899014252147
2.198192083498642
2.2264429456465344
2.208067384868923
2.1395652943510237
2.032187017426069
1.9026830652790918
1.7680539567247535
1.6413000885036775
1.5324217658009582
1.4442940763573107
1.3837922299874874
1.3489161656544695
1.3359157689138461
1.3429159825434127
1.3635416119876704
1.3912924588763085
1.4209183629871518
1.4519193090609455
1.4796701559495833
1.5032958769493698
1.5227964720603047
1.5374219183935056
1.5496722922452468
1.560672627948851
1.570547929319132
1.5794232001709037
1.587923459578234
1.5977987609485154
1.6077990661336101
1.6177993713187049
1.6289247108371228
1.6409250770592365
1.6520504165776544
1.6634257637256997
1.6754261299478135
1.6869264809106725
1.6979268166142767
1.7086771446882534
1.7188024536881619
1.7286777550584431
1.7386780602435379
1.748053346354564
1.7561785943174535
1.763928830835902
1.7704290292062137
1.7764292123172705
1.7800543229468673
1.7831794183172094
1.7859295022431105
1.7860545060579243
1.7866795251319927
1.784929471724601
1.7828044068727684
1.7788042847987304
1.7744291512802515
1.768303964354381
1.761553758354442
1.7541785332804345
1.7453032624286628
1.736552995391705
1.7269277016510514
1.717552415540025
1.708052125614185
1.697801812799463
1.6885515305032504
1.679551255836665
1.670050965910825
1.6619257179479354
1.6544254890591144
1.6475502792443617
1.6415500961333047
1.6376749778740807
1.633674855800043
1.6321748100222786
1.6325498214667196
1.6340498672444839
1.6361749320963164
1.6391750236518448
1.643050141911069
1.647425275429548
1.6524254280220954
1.658550614947966
1.6635507675405132
1.668800927762688
1.6738010803552354
1.6784262215033416
1.6813013092440567
1.6834263740958892
1.683926389355144
1.6828013550218206
1.6794262520218513
1.6750511185033723
1.6690509353923155
1.6615507065034945
1.6530504470961638
1.6443001800592059
1.6337998596148564
1.6227995239112523
1.611799188207648
1.5996738181707206
1.5870484328745385
1.5746730552079835
1.561922666096988
1.5486722617267374
1.5341718192083498
1.5185463423566392
1.4999207739494005
1.4774200872829373
1.4539193700979645
1.4311686758018738
1.409793023468734
1.3951675771355327
1.3914174626911222
1.4002927335428939
1.4296686300241095
1.4811702017273476
1.5561724906155583
1.6536754661702324
1.7684289681691947
1.8948078249458296
2.021186681722465
2.1281899472029786
2.2001921445356607
2.2276929837946717
2.2074423657948543
2.138815271462142
2.0306869716483047
1.9009330118717003
1.7661788995025482
1.639925046540727
1.530671712393567
1.4436690572832422
1.3826671956541643
1.3490411694692832
1.3362907803582873
1.3430409863582262
1.363416608172857
1.3912924588763085
1.4219183935056612
1.4520443128757592
1.4800451673940245
1.5034208807641836
1.5220464491714225
1.538046937467574
1.5500473036896878
1.5607976317636647
1.5707979369487595
1.579673207800531
1.5877984557634206
1.5977987609485154
1.6079240699484236
1.6181743827631458
1.62917471846675
1.6404250617999818
1.6524254280220954
1.6635507675405132
1.675551133762627
1.6868014770958586
1.698176824243904
1.708802148503067
1.7204275032807397
1.7291777703176978
1.739303079317606
1.7479283425397505
1.7563035981322672
1.763553819391461
1.7701790215765862
1.776179204687643
1.7804293343913085
1.7843044526505327
1.7861795098727378
1.7861795098727378
1.786554521317179
1.7850544755394149
1.7833044221320231
1.7788042847987304
1.7745541550950652
1.7680539567247535
1.761928769798883
1.7541785332804345
1.7450532547990356
1.736552995391705
1.727052705465865
1.7168023926511429
1.708052125614185
1.6979268166142767
1.6880515152439954
1.6793012482070377
1.6704259773552659
1.6610506912442398
1.6546754966887418
1.6476752830591754
1.6416750999481187
1.6374249702444532
1.6345498825037386
1.6329248329111608
1.6325498214667196
1.633674855800043
1.6361749320963164
1.639550035096286
1.6429251380962555
1.6479252906888027
1.6529254432813503
1.6583006073183386
1.6635507675405132
1.6694259468367565
1.673551072725608
1.6785512253181556
1.681551316873684
1.6831763664662618
1.683926389355144
1.6828013550218206
1.6801762749107334
1.675176122318186
1.669175939207129
1.6614257026886807
1.653425458540605
1.6444251838740198
1.634424878688925
1.6226745200964385
1.6116741843928344
1.6002988372447888
1.587298440504166
1.5746730552079835
1.5615476546525469
1.549547288430433
1.5350468459120459
1.5190463576158941
1.4999207739494005
1.4780451063570055
1.4554194158757288
1.4322937101351971
1.4102930387279886
1.3954175847651602
1.390292428357799
1.3997927182836392
1.4285435956907866
1.4801701712088382
1.5549224524674214
1.651800408948027
1.7668039185766167
1.893057771538438
2.0193116245002596
2.1259398785363324
2.1989421063875243
2.226317941831721
2.2071923581652273
2.1393152867213967
2.031687002166814
1.9023080538346506
1.76792895290994
1.64105008087405
1.5317967467268898
1.4439190649128697
1.3834172185430464
1.3481661427655873
1.33604077272866
1.3437910092471084
1.3636666158024844
1.391042451246681
1.4215433820612202
1.452169316690573
1.4804201788384654
1.5037958922086248
1.5225464644306772
1.5371719107638784
1.5501723075045015
1.5607976317636647
1.5702979216895046
1.579673207800531
1.588423474837489
1.5977987609485154
1.6076740623187964
1.6179243751335184
1.6295497299111912
1.640300057985168
1.6523004242072816
1.6641757866145819
1.6758011413922544
1.6864264656514176
1.697801812799463
1.708802148503067
1.7194274727622303
1.7291777703176978
1.739303079317606
1.7479283425397505
1.7559285866878263
1.7644288460951567
1.7709290444654684
1.7759291970580158
1.7800543229468673
1.7833044221320231
1.7858044984282968
1.7863045136875517
1.7861795098727378
1.7848044679097874
1.7834294259468366
1.7789292886135442
1.7744291512802515
1.7689289834284494
1.7611787469100009
1.7539285256508073
1.7455532700582903
1.736552995391705
1.7276777245399335
1.7168023926511429
1.707677114169744
1.697426801355022
1.689051545762505
1.6791762443922238
1.670050965910825
1.6614257026886807
1.6543004852443006
1.647425275429548
1.6416750999481187
1.637549974059267
1.6340498672444839
1.6330498367259743
1.6326748252815333
1.6339248634296701
1.6364249397259438
1.6391750236518448
1.6434251533555102
1.6478002868739892
1.652550431836909
1.6583006073183386
1.6634257637256997
1.6689259315775018
1.673551072725608
1.6781762138737144
1.6818013245033114
1.6829263588366346
1.683926389355144
1.682676351207007
1.6791762443922238
1.6753011261329998
1.6686759239478743
1.6615507065034945
1.6531754509109775
1.645050202948088
1.6334248481704154
1.6231745353556932
1.612174199652089
1.5996738181707206
1.5870484328745385
1.5752980742820522
1.5629226966154972
1.5480472426526688
1.5342968230231637
1.5191713614307079
1.5007958006530961
1.4781701101718194
1.454044373912778
1.4312936796166877
1.4106680501724296
1.3954175847651602
1.3909174474318675
1.4001677297280801
1.4297936338389234
1.4805451826532792
1.5564224982451857
1.6531754509109775
1.7685539719840082
1.8938077944273202
2.020311655018769
2.1274399243140967
2.1995671254615923
2.226692953276162
2.2069423505356
2.138440260017701
2.031186986907559
1.901433027130955
1.7668039185766167
1.6409250770592365
1.530671712393567
1.4442940763573107
1.3829172032837918
1.3477911313211464
1.3366657918027283
1.3437910092471084
1.363791619617298
1.3912924588763085
1.4219183935056612
1.4526693319498276
1.4801701712088382
1.5035458845789973
1.5225464644306772
1.5372969145786919
1.5499222998748743
1.560672627948851
1.570547929319132
1.5795482039857174
1.5895485091708121
1.5981737723929563
1.6080490737632376
1.6182993865779596
1.62917471846675
1.6404250617999818
1.6519254127628407
1.6638007751701407
1.6753011261329998
1.686676473281045
1.6971767937253945
1.708802148503067
1.7196774803918575
1.729052766502884
1.7388030640583514
1.7475533310953093
1.7563035981322672
1.7643038422803432
1.7701790215765862
1.7759291970580158
1.7800543229468673
1.7831794183172094
1.7854294869838556
1.786554521317179
1.7858044984282968
1.7851794793542284
1.7821793877986998
1.7789292886135442
1.7751791741691336
1.7681789605395672
1.7614287545396283
1.7534285103915526
1.7455532700582903
1.7363029877620777
1.7271777092806788
1.717552415540025
1.7074271065401168
1.6979268166142767
1.6888015381328776
1.6790512405774103
1.6704259773552659
1.6619257179479354
1.6541754814294871
1.647425275429548
1.6434251533555102
1.6377999816888944
1.6349248939481797
1.6325498214667196
1.632424817651906
1.6340498672444839
1.6356749168370617
1.638299996948149
1.6431751457258827
1.6483003021332439
1.652550431836909
1.6584256111331521
1.6638007751701407
1.6689259315775018
1.6745511032441176
1.6783012176885281
1.6816763206884975
1.6834263740958892
1.6840513931699574
1.6828013550218206
1.6796762596514787
1.6753011261329998
1.669300943021943
1.6614257026886807
1.6533004547257912
1.6444251838740198
1.6341748710592976
1.6226745200964385
1.6116741843928344
1.5999238258003479
1.588048463393048
1.574923062837611
1.561172643208106
1.5481722464674825
1.5347968382824184
1.5181713309121982
1.500045777764214
1.4777950987273782
1.4547943968016601
1.431543687246315
1.4102930387279886
1.3954175847651602
1.390292428357799
1.3999177220984527
1.4286685995056
1.4800451673940245
1.554672444837794
1.651800408948027
1.7664289071321757
1.8918077333903012
2.0193116245002596
2.126564897610401
2.198567094943083
2.2265679494613484
2.2078173772392957
2.1398153019806516
2.0329370403149514
1.903433088167974
1.7690539872432631
1.6423001190221869
1.5321717581713308
1.44529410687582
1.384417249061556
1.348291146580401
1.3365407879879148
1.3431659901730402
1.3630415967284157
1.3904174321726128
1.4210433668019655
1.4519193090609455
1.4799201635792107
1.5025458540604877
1.5216714377269813
1.5371719107638784
1.5497972960600603
1.5605476241340372
1.5702979216895046
1.57929819635609
1.5886734824671163
1.5977987609485154
1.607424054689169
1.6176743675038912
1.629299722281564
1.6404250617999818
1.6528004394665363
1.6638007751701407
1.6754261299478135
1.6861764580217904
1.6980518204290902
1.708802148503067
1.7196774803918575
1.729052766502884
1.738553056428724
1.7481783501693777
1.7553035676137578
1.7636788232062746
1.7705540330210272
1.7764292123172705
1.7800543229468673
1.7840544450209053
1.785679494613483
1.7861795098727378
1.7864295175023652
1.7853044831690421
1.7828044068727684
1.7789292886135442
1.7748041627246927
1.7688039796136357
1.7614287545396283
1.7539285256508073
1.7458032776879178
1.7368030030213324
1.7274277169103063
1.7180524307992797
1.7074271065401168
1.6984268318735312
1.6886765343180639
1.6804262825403606
1.671301004058962
1.6610506912442398
1.6543004852443006
1.647425275429548
1.642675130466628
1.6370499588000123
1.6346748863185523
1.6325498214667196
1.6325498214667196
1.6337998596148564
1.6364249397259438
1.6390500198370312
1.6429251380962555
1.6481752983184301
1.6526754356517228
1.6581756035035249
1.662925748466445
1.669175939207129
1.6734260689107945
1.6780512100589007
1.6814263130588702
1.6834263740958892
1.6838013855403302
1.6831763664662618
1.680676290169988
1.675551133762627
1.6695509506515702
1.6619257179479354
1.6539254737998597
1.6444251838740198
1.6346748863185523
1.6237995544297616
1.6124242072817165
1.6000488296151616
1.588423474837489
1.5760480971709343
1.5629226966154972
1.5491722769859921
1.5355468611713006
1.5192963652455214
1.501170812097537
1.4792951445051423
1.4565444502090519
1.4320437025055697
1.4110430616168708
1.3961676076540421
1.3909174474318675
1.3996677144688254
1.4272935575426497
1.4776700949125645
1.5516723532822658
1.6473002716147345
1.761928769798883
1.8870575884273812
2.0139364604632712
2.1228147831659903
2.1968170415356916
2.2259429303872795
2.2099424420911284
2.1433154087954347
2.0368121585741754
1.9084332407605211
1.7728041016876737
1.6464252449110386
1.5355468611713006
1.4471691640980255
1.3860422986541339
1.3489161656544695
1.3361657765434736
1.3420409558397168
1.361416547135838
1.3891673940244758
1.4195433210242012
1.4511692861720633
1.4787951292458876
1.5021708426160465
1.5216714377269813
1.5371719107638784
1.5494222846156194
1.56029761650441
1.570172917874691
1.5794232001709037
1.5876734519486069
1.5976737571337016
1.607424054689169
1.6176743675038912
1.6282996917630543
1.6401750541703544
1.6523004242072816
1.662800744651631
1.6749261146885588
1.6868014770958586
1.697301797540208
1.7083021332438124
1.7189274575029754
1.7284277474288157
1.7383030487990967
1.7479283425397505
1.7560535905026398
1.7638038270210883
1.7700540177617725
1.775804193243202
1.7799293191320538
1.7828044068727684
1.7855544907986696
1.7866795251319927
1.786554521317179
1.7848044679097874
1.7824293954283272
1.7791792962431716
1.7745541550950652
1.7690539872432631
1.7618037659840693
1.7541785332804345
1.7458032776879178
1.7370530106509599
1.7275527207251198
1.7180524307992797
1.708177129428999
1.6986768395031586
1.689426557206946
1.6801762749107334
1.6709259926145208
1.6619257179479354
1.6548005005035553
1.6480502945036166
1.641925107577746
1.6377999816888944
1.6340498672444839
1.6326748252815333
1.6320498062074649
1.633549851985229
1.63629993591113
1.6380499893185219
1.6429251380962555
1.6475502792443617
1.6526754356517228
1.6584256111331521
1.662800744651631
1.6686759239478743
1.673551072725608
1.677926206244087
1.6813013092440567
1.6825513473921934
1.6836763817255165
1.6831763664662618
1.6803012787255471
1.675551133762627
1.6698009582811977
1.6620507217627492
1.6540504776146734
1.645050202948088
1.6347998901333658
1.6237995544297616
1.6122992034669026
1.601173863948485
1.5885484786523028
1.5761731009857478
1.563422711874752
1.5492972808008056
1.5357968688009278
1.5204213995788447
1.5015458235419783
1.4799201635792107
1.456169438764611
1.433043733024079
1.4121680959501939
1.395917600024415
1.3907924436170536
1.3992927030243845
1.4254185003204445
1.475045014801477
1.5485472579119235
1.6441751762443924
1.7573036286507766
1.8825574510940886
2.009311319315165
2.1191896725363932
2.1944419690542314
2.22494289986877
2.2114424878688923
2.1470655232398452
2.0426873378704187
1.914433423871578
1.7798043153172398
1.651800408948027
1.5401720023194068
1.4510442823572498
1.3889173863948485
1.3505412152470473
1.3362907803582873
1.3415409405804621
1.3610415356913967
1.3876673482467117
1.4185432905056918
1.448919217505417
1.4772950834681233
1.5016708273567918
1.520296395764031
1.5362968840601827
1.5489222693563647
1.5594225898007141
1.5697979064302499
1.5784231696523943
1.587298440504166
1.596673726615192
1.6066740318002868
1.616924344615009
1.6282996917630543
1.6390500198370312
1.6513003936887722
1.6625507370220038
1.6744260994293039
1.6849264198736535
1.6966767784661398
1.708177129428999
1.718427442243721
1.7284277474288157
1.7380530411694692
1.7466783043916136
1.7561785943174535
1.7630538041322064
1.7690539872432631
1.776179204687643
1.7796793115024263
1.7833044221320231
1.7855544907986696
1.7855544907986696
1.7864295175023652
1.7854294869838556
1.782554399243141
1.7798043153172398
1.7748041627246927
1.7694289986877043
1.7623037812433242
1.7548035523545031
1.7468033082064272
1.7375530259102145
1.7281777397991884
1.7190524613177893
1.7093021637623218
1.6994268623920408
1.6896765648365732
1.6800512710959197
1.6718010193182167
1.6625507370220038
1.6549255043183693
1.6485503097628713
1.6431751457258827
1.6380499893185219
1.634299874874111
1.6326748252815333
1.632424817651906
1.6340498672444839
1.635924924466689
1.6381749931333354
1.6429251380962555
1.6469252601702933
1.6520504165776544
1.6576755882442702
1.662800744651631
1.6679259010589922
1.6730510574663533
1.6776761986144597
1.6808012939848018
1.6825513473921934
1.6836763817255165
1.6829263588366346
1.6801762749107334
1.675676137577441
1.6699259620960112
1.6630507522812585
1.654550492873928
1.6460502334665976
1.6356749168370617
1.6247995849482713
1.6136742454298534
1.6016738792077396
1.5894235053559984
1.57692312387463
1.563797723319193
1.5505473189489425
1.5370469069490644
1.5220464491714225
1.5034208807641836
1.4821702322458572
1.4584195074312571
1.4354188055055392
1.4135431379131442
1.397417645802179
1.39066743980224
1.3976676534318064
1.4229184240241708
1.4706698812829981
1.541672048097171
1.6352999053926207
1.7469283120212409
1.8728071535386213
1.9999360332041385
2.1115644398327587
2.1904418469801934
2.224817896053957
2.214317575609607
2.15369072542497
2.0508125858333077
1.9240587176122317
1.7894296090578936
1.660925687429426
1.5476722312082278
1.4570444654683066
1.3915424665059357
1.3519162572099979
1.3366657918027283
1.3409159215063937
1.3592914822840054
1.3852922757652517
1.4169182409131138
1.447294167912839
1.475920041505173
1.4995457625049593
1.5192963652455214
1.5354218573564866
1.5476722312082278
1.559172582171087
1.5690478835413677
1.5780481582079533
1.5867984252449112
1.5960487075411238
1.6059240089114046
1.6161743217261269
1.6270496536149175
1.6385500045777766
1.6499253517258217
1.6619257179479354
1.673176061281167
1.6849264198736535
1.6960517593920712
1.7070520950956756
1.7170524002807703
1.7276777245399335
1.737428022095401
1.7469283120212409
1.7549285561693166
1.7624287850581377
1.7693039948728904
1.775429181798761
1.7798043153172398
1.7831794183172094
1.7855544907986696
1.7864295175023652
1.7859295022431105
1.7853044831690421
1.782929410687582
1.7800543229468673
1.7748041627246927
1.769804010132145
1.763553819391461
1.755553575243385
1.7473033234656818
1.7383030487990967
1.7288027588732566
1.7188024536881619
1.7103021942808314
1.6994268623920408
1.6898015686513872
1.680676290169988
1.671676015503403
1.662800744651631
1.6549255043183693
1.6485503097628713
1.6428001342814416
1.6381749931333354
1.6347998901333658
1.6330498367259743
1.6319248023926511
1.6334248481704154
1.6354249092074344
1.6385500045777766
1.6423001190221869
1.6469252601702933
1.651800408948027
1.6573005767998292
1.6625507370220038
1.6679259010589922
1.6729260536515398
1.6776761986144597
1.6809262977996156
1.6825513473921934
1.6840513931699574
1.683926389355144
1.6804262825403606
1.6760511490218817
1.6704259773552659
1.663300759910886
1.6549255043183693
1.645925229651784
1.635924924466689
1.6246745811334575
1.6139242530594806
1.6019238868373669
1.589923520615253
1.5770481276894437
1.5644227423932615
1.5516723532822658
1.5370469069490644
1.5214214300973539
1.5045459150975067
1.4821702322458572
1.4586695150608844
1.4356688131351665
1.413293130283517
1.3977926572466202
1.3907924436170536
1.3975426496169927
1.4221684011352886
1.4692948393200476
1.5401720023194068
1.633174840540788
1.7444282357249672
1.8690570390942107
1.9971859492782373
2.108939359721671
2.189191808832057
2.225567918942839
2.215317606128117
2.1553157750175482
2.053687673574023
1.9274338206122013
1.7925547044282357
1.6635507675405132
1.5501723075045015
1.4586695150608844
1.3931675160985137
1.3534163029877622
1.3365407879879148
1.340290902432325
1.3585414593951233
1.3854172795800654
1.416043214209418
1.4465441450239571
1.475045014801477
1.4987957396160771
1.5186713461714532
1.5347968382824184
1.5482972502822963
1.559047578356273
1.568547868282113
1.5779231543931396
1.5871734366893522
1.5959237037263099
1.6060490127262186
1.6159243140964994
1.626424634540849
1.6384250007629628
1.6503003631702629
1.6613006988738672
1.6730510574663533
1.6845514084292124
1.695801751762444
1.7065520798364209
1.717177404095584
1.7271777092806788
1.737303018280587
1.7458032776879178
1.754053529465621
1.7626787926877652
1.7688039796136357
1.7745541550950652
1.7793043000579851
1.7830544145023959
1.7854294869838556
1.7861795098727378
1.7860545060579243
1.7860545060579243
1.782554399243141
1.7793043000579851
1.7749291665395062
1.769929013946959
1.7630538041322064
1.7550535599841306
1.7474283272804958
1.7389280678731651
1.7295527817621388
1.7196774803918575
1.710427198095645
1.700176885280923
1.6904265877254554
1.6813013092440567
1.6718010193182167
1.6631757560960723
1.6555505233924375
1.6495503402813807
1.6431751457258827
1.6384250007629628
1.635174901577807
1.6329248329111608
1.6325498214667196
1.633549851985229
1.635174901577807
1.6381749931333354
1.6423001190221869
1.6466752525406658
1.651050386059145
1.6568005615405743
1.6625507370220038
1.6678008972441787
1.6729260536515398
1.677551194799646
1.6809262977996156
1.6828013550218206
1.6833013702810755
1.683051362651448
1.6801762749107334
1.6760511490218817
1.6710509964293345
1.6631757560960723
1.6556755272072514
1.6463002410962249
1.6367999511703848
1.6261746269112216
1.614174260689108
1.6029239173558765
1.5901735282448806
1.5782981658375803
1.5649227576525162
1.5522973723563342
1.538046937467574
1.5224214606158635
1.5045459150975067
1.4835452742088078
1.4605445722830899
1.4364188360240486
1.414793176061281
1.3980426648762476
1.3907924436170536
1.3972926419873655
1.4202933439130834
1.4661697439497057
1.5361718802453688
1.628049684133427
1.7390530716879788
1.862556840723899
1.990560747093112
2.1039392071291236
2.1853166905728325
2.2240678731650747
2.2170676595355086
2.1598159123508407
2.0598128604998935
1.9340590227973264
1.8001799371318705
1.6706759849848933
1.5561724906155583
1.4630446485793636
1.3957925962096012
1.3544163335062716
1.3374158146916104
1.3400408948026978
1.3577914365062411
1.3839172338023011
1.4139181493575854
1.4449190954313793
1.4732949613940856
1.4977957090975678
1.5180463270973845
1.5342968230231637
1.5471722159489731
1.5587975707266457
1.5684228644672995
1.5772981353190711
1.586048402356029
1.5954236884670552
1.6052989898373364
1.6154242988372447
1.626424634540849
1.6380499893185219
1.6499253517258217
1.6608006836146123
1.6724260383922849
1.683926389355144
1.695426740318003
1.705677053132725
1.7169273964659566
1.7268026978362376
1.736552995391705
1.7464282967619862
1.7541785332804345
1.7620537736136967
1.7686789757988222
1.774679158909879
1.7793043000579851
1.7831794183172094
1.784929471724601
1.7864295175023652
1.7859295022431105
1.7854294869838556
1.7834294259468366
1.7796793115024263
1.7750541703543201
1.769804010132145
1.7633038117618336
1.755553575243385
1.7479283425397505
1.73942808313242
1.7295527817621388
1.7203024994659262
1.7103021942808314
1.700176885280923
1.6908015991698966
1.681926328318125
1.6725510422070986
1.6640507827997681
1.6559255348368787
1.6496753440961944
1.6424251228370008
1.6384250007629628
1.634424878688925
1.6330498367259743
1.6329248329111608
1.633674855800043
1.635174901577807
1.6374249702444532
1.6418001037629322
1.6468002563554796
1.6511753898739585
1.6568005615405743
1.662800744651631
1.6679259010589922
1.6720510269478437
1.6769261757255778
1.6809262977996156
1.6828013550218206
1.6840513931699574
1.6833013702810755
1.6808012939848018
1.6760511490218817
1.6709259926145208
1.6643007904293954
1.6551755119479965
1.6469252601702933
1.6365499435407576
1.626049623096408
1.6151742912076175
1.6032989288003174
1.590798547318949
1.5781731620227668
1.5659227881710258
1.5524223761711478
1.538046937467574
1.523796502578814
1.505545945616016
1.4856703390606403
1.4612945951719718
1.4379188818018127
1.4155431989501632
1.3986676839503158
1.39066743980224
1.3956675923947877
1.418793298135319
1.4635446638386183
1.5326717734305857
1.6227995239112523
1.732677877132481
1.8565566576128423
1.9848105716116824
2.0993140659810177
2.1826916104617453
2.2236928617206337
2.218442701498459
2.1635660267952512
2.065938047425764
1.9406842249824519
1.8059301126133
1.6758011413922544
1.561172643208106
1.467169774468215
1.3985426801355023
1.356166386913663
1.3375408185064244
1.3395408795434431
1.3562913907284768
1.3825421918393506
1.4126681112094486
1.4435440534684285
1.4724199346903897
1.4967956785790582
1.5172963042085024
1.5334217963194676
1.546422193060091
1.557797540208136
1.5671728263191627
1.5767981200598165
1.586048402356029
1.5944236579485458
1.605048982207709
1.6147992797631765
1.6254246040223395
1.6369249549851985
1.6485503097628713
1.660925687429426
1.6720510269478437
1.6836763817255165
1.6940516983550522
1.7055520493179113
1.7163023773918882
1.7264276863917967
1.7368030030213324
1.7461782891323587
1.7543035370952484
1.7616787621692556
1.7681789605395672
1.7748041627246927
1.7790542924283579
1.782554399243141
1.7846794640949737
1.7859295022431105
1.786554521317179
1.7851794793542284
1.7846794640949737
1.780179326761681
1.7755541856135748
1.7704290292062137
1.7634288155766473
1.7561785943174535
1.748053346354564
1.73942808313242
1.7298027893917662
1.7203024994659262
1.710052186651204
1.7011769157994323
1.6906765953550829
1.681926328318125
1.6724260383922849
1.662925748466445
1.6563005462813196
1.6491753288369395
1.6431751457258827
1.6385500045777766
1.6349248939481797
1.6329248329111608
1.632424817651906
1.633549851985229
1.6350498977629933
1.6385500045777766
1.6415500961333047
1.6460502334665976
1.6509253822443313
1.656550553910947
1.6620507217627492
1.6670508743552965
1.6720510269478437
1.6768011719107638
1.680676290169988
1.6823013397625661
1.6836763817255165
1.6834263740958892
1.680676290169988
1.6758011413922544
1.671176000244148
1.6634257637256997
1.655800531022065
1.647050263985107
1.6370499588000123
1.626424634540849
1.6146742759483628
1.6027989135410627
1.5911735587633902
1.5785481734672078
1.5660477919858395
1.552797387615589
1.53892196417127
1.5245465254676962
1.506420972319712
1.4849203161717581
1.4619196142460402
1.4377938779869992
1.416043214209418
1.3987926877651295
1.3909174474318675
1.3969176305429243
1.4182932828760644
1.4626696371349224
1.5310467238380079
1.6214244819483017
1.7324278695028534
1.8548066042054507
1.983435529648732
2.098439039277322
2.181566576128422
2.2236928617206337
2.218692709128086
2.164441053498947
2.0668130741294592
1.9424342783898434
1.8074301583910641
1.6778012024292734
1.5620476699118016
1.4676697897274698
1.3992927030243845
1.356166386913663
1.3374158146916104
1.3394158757286294
1.3565413983581043
1.3819171727652821
1.4111680654316843
1.4430440382091738
1.4720449232459487
1.4969206823938719
1.5166712851344342
1.5326717734305857
1.5469222083193457
1.5576725363933226
1.5676728415784174
1.5767981200598165
1.5856733909115879
1.5949236732078005
1.6046739707632678
1.6151742912076175
1.6259246192815942
1.6367999511703848
1.6496753440961944
1.6596756492812892
1.671676015503403
1.683926389355144
1.6940516983550522
1.7050520340586566
1.7159273659474472
1.7258026673177282
1.7360529801324502
1.7454282662434768
1.7548035523545031
1.7611787469100009
1.7684289681691947
1.7744291512802515
1.7788042847987304
1.7824293954283272
1.7851794793542284
1.7864295175023652
1.7866795251319927
1.7855544907986696
1.7834294259468366
1.7800543229468673
1.775804193243202
1.7705540330210272
1.764803857539598
1.7566786095767084
1.7483033539841915
1.7396780907620473
1.7301778008362072
1.7204275032807397
1.7115522324289683
1.7008019043549913
1.6915516220587787
1.6823013397625661
1.6728010498367258
1.6641757866145819
1.6566755577257606
1.6496753440961944
1.6433001495406965
1.6390500198370312
1.6357999206518754
1.6330498367259743
1.6321748100222786
1.633174840540788
1.6349248939481797
1.6380499893185219
1.6416750999481187
1.6464252449110386
1.6506753746147038
1.6561755424665061
1.6614257026886807
1.6669258705404828
1.6723010345774711
1.677176183355205
1.6805512863551746
1.6835513779107028
1.6840513931699574
1.6834263740958892
1.680676290169988
1.6768011719107638
1.671301004058962
1.6644257942442091
1.6564255500961331
1.6475502792443617
1.637549974059267
1.626424634540849
1.6152992950224312
1.6037989440595721
1.5917985778374584
1.5787981810968352
1.5666728110599077
1.5540474257637258
1.5390469679860834
1.5245465254676962
1.5069209875789666
1.485795342875454
1.4635446638386183
1.439043916135136
1.417168248542741
1.399417706839198
1.3912924588763085
1.3957925962096012
1.4169182409131138
1.4599195532090212
1.5269215979491562
1.616924344615009
1.7260526749473555
1.8489314249092075
1.9775603503524888
2.093188879055147
2.179191503646962
2.221067781609546
2.220317758720664
2.1691911984618675
2.0723132419812615
1.9479344462416457
1.8160554216132085
1.6835513779107028
1.567047822504349
1.4717949156163215
1.4016677755058444
1.3577914365062411
1.3375408185064244
1.3386658528397473
1.35504135258034
1.3809171422467728
1.4110430616168708
1.4412939848017823
1.4707948850978119
1.4955456404309213
1.515546250801111
1.5326717734305857
1.5449221472823267
1.557172521134068
1.567047822504349
1.5759230933561206
1.5849233680227057
1.5956736960966826
1.6045489669484543
1.614174260689108
1.6247995849482713
1.6361749320963164
1.649050325022126
1.6601756645405439
1.6709259926145208
1.6820513321329387
1.693801690725425
1.7053020416882838
1.7154273506881925
1.7255526596881008
1.735302957243568
1.7459282815027315
1.753178502761925
1.7613037507248146
1.768303964354381
1.7744291512802515
1.7790542924283579
1.7826794030579547
1.7850544755394149
1.7859295022431105
1.7866795251319927
1.7853044831690421
1.7834294259468366
1.7803043305764947
1.7756791894283883
1.7708040406506547
1.7643038422803432
1.756803613391522
1.7485533616138187
1.7399280983916745
1.7304278084658344
1.7210525223548083
1.7110522171697136
1.7014269234290598
1.6923016449476609
1.6821763359477524
1.6730510574663533
1.664925809503464
1.6568005615405743
1.6495503402813807
1.6434251533555102
1.6390500198370312
1.6352999053926207
1.6332998443556017
1.632299813837092
1.6332998443556017
1.635174901577807
1.6377999816888944
1.6415500961333047
1.645925229651784
1.6508003784295175
1.6560505386516924
1.6616757103183082
1.667300881984924
1.671676015503403
1.6763011566515091
1.6803012787255471
1.6833013702810755
1.683926389355144
1.6835513779107028
1.6808012939848018
1.6770511795403913
1.671176000244148
1.6656758323923462
1.6561755424665061
1.6475502792443617
1.6374249702444532
1.6269246498001038
1.6159243140964994
1.6042989593188268
1.5929236121707817
1.5795482039857174
1.5672978301339764
1.5530473952452162
1.5395469832453383
1.52467152928251
1.507170995208594
1.4864203619495224
1.4636696676534318
1.4392939237647635
1.4175432599871822
1.3999177220984527
1.3907924436170536
1.3949175695059055
1.4165432294686728
1.4595445417645803
1.5259215674306468
1.6154242988372447
1.7241776177251504
1.847181371501816
1.9755602893154698
2.092063844721824
2.1778164616840114
2.2220678121280555
2.2209427777947326
2.1691911984618675
2.0735632801293984
1.949809503463851
1.8156804101687674
1.6848014160588396
1.567797845393231
1.4721699270607624
1.4029178136539813
1.3579164403210546
1.337915829950865
1.3386658528397473
1.3552913602099674
1.3802921231727043
1.4104180425428021
1.4415439924314097
1.4701698660237434
1.4951706289864803
1.5160462660603655
1.5317967467268898
1.5447971434675132
1.556797509689627
1.5671728263191627
1.5770481276894437
1.5859233985412151
1.5940486465041048
1.6040489516891996
1.6142992645039216
1.6255496078371532
1.6364249397259438
1.6476752830591754
1.6591756340220343
1.6715510116885892
1.6829263588366346
1.6940516983550522
1.7051770378734703
1.7153023468733786
1.7258026673177282
1.7359279763176367
1.7450532547990356
1.7529284951322976
1.7609287392803734
1.7685539719840082
1.7740541398358105
1.7789292886135442
1.782929410687582
1.7841794488357188
1.7863045136875517
1.7860545060579243
1.7855544907986696
1.7840544450209053
1.780179326761681
1.7760542008728295
1.7706790368358412
1.7636788232062746
1.756803613391522
1.7485533616138187
1.740178106021302
1.7300527970213935
1.7205525070955536
1.7113022247993408
1.7015519272438735
1.6918016296884062
1.682676351207007
1.6733010650959808
1.6644257942442091
1.6568005615405743
1.6496753440961944
1.6438001647999512
1.6389250160222175
1.635549913022248
1.6339248634296701
1.632299813837092
1.6334248481704154
1.6354249092074344
1.637549974059267
1.6413000885036775
1.6458002258369702
1.6503003631702629
1.6556755272072514
1.6619257179479354
1.6669258705404828
1.6723010345774711
1.6765511642811366
1.6804262825403606
1.682676351207007
1.6829263588366346
1.6834263740958892
1.6811763054292428
1.677176183355205
1.6718010193182167
1.664925809503464
1.656550553910947
1.6478002868739892
1.6376749778740807
1.627299661244545
1.6156743064668722
1.6042989593188268
1.591923581652272
1.579673207800531
1.5671728263191627
1.554672444837794
1.5402970061342205
1.525796563615833
1.5077960142826623
1.4871703848384046
1.4640446790978727
1.4404189580980864
1.418043275246437
1.4004177373577074
1.3911674550614948
1.3951675771355327
1.4150431836909085
1.4569194616534928
1.5227964720603047
1.6109241615039522
1.719927488021485
1.8416812036500139
1.9703101290932952
2.088313730277413
2.1753163853877377
2.2209427777947326
2.2216928006836145
2.172816309091464
2.0790634479812007
1.956059694204535
1.8218055970946379
1.6913016144291515
1.5732980132450332
1.4767950682088686
1.4052928861354412
1.3600415051728874
1.3382908413953063
1.3381658375804926
1.3539163182470169
1.3789170812097538
1.4084179815057831
1.4401689504684592
1.4686698202459794
1.4940455946531572
1.5151712393566699
1.5312967314676351
1.5452971587267679
1.5564224982451857
1.5664228034302805
1.5757980895413068
1.5846733603930783
1.5939236426892909
1.6035489364299447
1.6132992339854122
1.6241745658742028
1.63629993591113
1.6468002563554796
1.658550614947966
1.670050965910825
1.6821763359477524
1.6928016602069156
1.704052003540147
1.7146773277993104
1.7249276406140324
1.7350529496139409
1.7444282357249672
1.7534285103915526
1.760428724021119
1.7676789452803126
1.773804132206183
1.778554277169103
1.7819293801690725
1.7846794640949737
1.7861795098727378
1.7861795098727378
1.7854294869838556
1.7844294564653462
1.780679342020936
1.776679219946898
1.7715540635395368
1.7645538499099704
1.7574286324655906
1.7493033845027008
1.740553117465743
1.7309278237250891
1.7218025452436905
1.7129272743919186
1.7026769615771966
1.6920516373180334
1.6835513779107028
1.6740510879848627
1.6650508133182775
1.6570505691702018
1.6508003784295175
1.6444251838740198
1.6394250312814722
1.6360499282815029
1.6329248329111608
1.632424817651906
1.633549851985229
1.6349248939481797
1.6376749778740807
1.64105008087405
1.6458002258369702
1.6499253517258217
1.655425519577624
1.6608006836146123
1.666800866725669
1.671301004058962
1.6763011566515091
1.6800512710959197
1.6825513473921934
1.6841763969847714
1.6835513779107028
1.6813013092440567
1.677176183355205
1.6718010193182167
1.6650508133182775
1.6575505844294565
1.6488003173924985
1.6391750236518448
1.6286747032074953
1.6174243598742637
1.6059240089114046
1.5935486312448501
1.581298257393109
1.567797845393231
1.5564224982451857
1.542047059541612
1.52704660176397
1.5096710715048678
1.4901704763939327
1.4666697592089604
1.4435440534684285
1.420043336283456
1.4011677602465895
1.3916674703207497
1.3935425275429547
1.4119180883205664
1.451794305246132
1.513921201208533
1.6009238563188575
1.706927091280862
1.8283057954649493
1.9566847132786036
2.075688344981231
2.167566148869289
2.2174426709799495
2.223942869350261
2.181066560869167
2.0906888027588733
1.9706851405377361
1.836056031983398
1.7045520187994019
1.5855483870967744
1.4859203466902677
1.4116680806909392
1.3639166234321116
1.3396658833582569
1.3371658070619832
1.3521662648396253
1.375666982024598
1.4056678975798824
1.436668843653676
1.4659197363200782
1.4915455183568835
1.5122961516159552
1.5304217047639395
1.5447971434675132
1.5549224524674214
1.5655477767265848
1.5744230475783563
1.5837983336893826
1.5935486312448501
1.602673909726249
1.6126742149113438
1.6234245429853207
1.6340498672444839
1.6455502182073427
1.6575505844294565
1.669175939207129
1.6805512863551746
1.6920516373180334
1.7024269539475692
1.7139273049104282
1.7240526139103367
1.7339279152806177
1.7431781975768303
1.7534285103915526
1.7596787011322368
1.7669289223914304
1.773429120761742
1.7780542619098483
1.7815543687246316
1.7846794640949737
1.7863045136875517
1.786554521317179
1.785679494613483
1.7848044679097874
1.7811793572801906
1.776554216132084
1.772179082613605
1.76555388042848
1.7585536667989135
1.750428418836024
1.7419281594286935
1.73230286568804
1.7233025910214546
1.7133022858363598
1.703676992095706
1.693801690725425
1.684676412244026
1.6749261146885588
1.666800866725669
1.6581756035035249
1.651425397503586
1.643925168614765
1.6394250312814722
1.635549913022248
1.6341748710592976
1.632424817651906
1.633174840540788
1.6349248939481797
1.6372999664296397
1.6396750389110997
1.6448001953184606
1.6499253517258217
1.6546754966887418
1.6608006836146123
1.6654258247627187
1.6710509964293345
1.675676137577441
1.6796762596514787
1.6831763664662618
1.6833013702810755
1.6836763817255165
1.6818013245033114
1.6773011871700187
1.6730510574663533
1.6661758476516009
1.6580505996887114
1.649050325022126
1.6396750389110997
1.6290497146519365
1.6172993560594502
1.6060490127262186
1.5944236579485458
1.58167326883755
1.5696729026154363
1.5572975249488816
1.542422070986053
1.5277966246528518
1.5109211096530044
1.4914205145420698
1.4679197973570972
1.4439190649128697
1.421668385876034
1.4026678060243538
1.3922924893948179
1.3935425275429547
1.4100430310983612
1.448169194616535
1.5100460829493088
1.5952986846522417
1.7003018890957367
1.8209305703909422
1.9494344920194098
2.069438154240547
2.1634410229804373
2.2165676442762536
2.224567888424329
2.1836916409802547
2.096438978240303
1.9768103274636066
1.842806237983337
1.7101771904660177
1.590423535874508
1.4895454573198645
1.414793176061281
1.3657916806543169
1.3397908871730704
1.337290810876797
1.351041230506302
1.3745419476912748
1.4036678365428634
1.4356688131351665
1.4647947019867549
1.4911705069124424
1.5121711478011413
1.528546647541734
1.5436721091341898
1.5541724295785393
1.5649227576525162
1.5744230475783563
1.5830483108005005
1.5925486007263405
1.6021738944669943
1.6124242072817165
1.6236745506149481
1.6340498672444839
1.6461752372814111
1.6570505691702018
1.6685509201330608
1.6804262825403606
1.6918016296884062
1.7028019653920103
1.7134272896511735
1.723927610095523
1.7333028962065493
1.7430531937620168
1.7525534836878567
1.759553697317423
1.7668039185766167
1.7731791131321146
1.7778042542802208
1.7815543687246316
1.7841794488357188
1.7864295175023652
1.7861795098727378
1.7859295022431105
1.7834294259468366
1.7809293496505632
1.7768042237617114
1.7715540635395368
1.7646788537247842
1.757553636280404
1.7501784112063965
1.741678151799066
1.73230286568804
1.7229275795770134
1.712802270577105
1.7031769768364513
1.693801690725425
1.6844264046143986
1.6741760917996766
1.6661758476516009
1.6584256111331521
1.6509253822443313
1.6444251838740198
1.6394250312814722
1.6354249092074344
1.633549851985229
1.6327998290963468
1.633174840540788
1.6346748863185523
1.6369249549851985
1.6415500961333047
1.6451752067629017
1.6489253212073123
1.6550505081331828
1.6603006683553576
1.666050843836787
1.671176000244148
1.675676137577441
1.6793012482070377
1.6820513321329387
1.6841763969847714
1.6836763817255165
1.6816763206884975
1.6776761986144597
1.6723010345774711
1.666425855281228
1.658550614947966
1.6496753440961944
1.6396750389110997
1.62917471846675
1.6180493789483323
1.6064240241706595
1.594673665578173
1.5819232764671776
1.5696729026154363
1.555922482985931
1.5426720786156805
1.5284216437269205
1.5114211249122593
1.4907954954680014
1.4681698049867247
1.4444190801721244
1.4215433820612202
1.4029178136539813
1.3924174932096316
1.3930425122837
1.410918057802057
1.4485442060609761
1.5106711020233772
1.5949236732078005
1.701676931058687
1.8211805780205697
1.9490594805749688
2.069938169499802
2.163316019165624
2.216692648091067
2.224692892239143
2.1839416486098817
2.096438978240303
1.9761853083895384
1.8436812646870329
1.710802209540086
1.5909235511337627
1.4906704916531877
1.4151681875057223
1.3657916806543169
1.340290902432325
1.3371658070619832
1.351166234321116
1.3742919400616473
1.4031678212836085
1.4347937864314706
1.4650447096163823
1.4904204840235602
1.511921140171514
1.5290466628009889
1.5439221167638173
1.554797448652608
1.5645477462080752
1.5744230475783563
1.5836733298745689
1.5930486159855952
1.6019238868373669
1.6115491805780204
1.6225495162816248
1.6345498825037386
1.6455502182073427
1.6576755882442702
1.6689259315775018
1.679551255836665
1.6918016296884062
1.7024269539475692
1.7130522782067326
1.7236776024658955
1.733427900021363
1.742553178502762
1.7506784264656514
1.759178685872982
1.7666789147618032
1.7731791131321146
1.7776792504654073
1.781679372539445
1.7846794640949737
1.7866795251319927
1.7861795098727378
1.7860545060579243
1.7841794488357188
1.7813043610950041
1.777054231391339
1.772304086428419
1.7656788842432936
1.759178685872982
1.750428418836024
1.7420531632435072
1.7324278695028534
1.7231775872066408
1.7129272743919186
1.703676992095706
1.6941767021698662
1.6849264198736535
1.6750511185033723
1.666800866725669
1.6588006225775933
1.651050386059145
1.644675191503647
1.6396750389110997
1.636674947355571
1.634299874874111
1.6326748252815333
1.6329248329111608
1.634299874874111
1.6380499893185219
1.6408000732444226
1.6454252143925292
1.6499253517258217
1.6549255043183693
1.660550675984985
1.66480080568865
1.670800988799707
1.6758011413922544
1.6796762596514787
1.6821763359477524
1.6838013855403302
1.683926389355144
1.6818013245033114
1.6776761986144597
1.6724260383922849
1.6659258400219734
1.6584256111331521
1.6500503555406356
1.6404250617999818
1.6294247260963775
1.6176743675038912
1.6072990508743554
1.5955486922818691
1.5826732993560595
1.5695478988006226
1.5580475478377636
1.5429220862453077
1.528546647541734
1.511546128727073
1.491670522171697
1.4690448316904203
1.445419110690634
1.4225434125797296
1.4042928556169316
1.3921674855800044
1.3931675160985137
1.4094180120242927
1.4466691488387708
1.507546006653035
1.5917985778374584
1.6963017670216987
1.8156804101687674
1.9443093356120487
2.065438032166509
2.1603159276100956
2.215317606128117
2.2253179113132115
2.185941709646901
2.100814111758782
1.9821854915005952
1.8484314096499528
1.7161773735770747
1.5954236884670552
1.4939205908383435
1.417668263801996
1.3670417188024537
1.3410409253212072
1.3369157994323557
1.3500411999877926
1.3734169133579517
1.4030428174687948
1.434293771172216
1.4632946562089908
1.489420453505051
1.5110461134678184
1.528546647541734
1.5415470442823573
1.5540474257637258
1.5646727500228887
1.5742980437635425
1.582923306985687
1.5915485702078311
1.6015488753929257
1.611424176763207
1.6221745048371838
1.6337998596148564
1.6448001953184606
1.6561755424665061
1.6683009125034334
1.679926267281106
1.6906765953550829
1.702176946317942
1.712802270577105
1.7230525833918273
1.7339279152806177
1.742178167058321
1.7519284646137883
1.7590536820581684
1.7664289071321757
1.7733041169469284
1.7776792504654073
1.7824293954283272
1.7843044526505327
1.7860545060579243
1.7866795251319927
1.7863045136875517
1.7841794488357188
1.7811793572801906
1.777054231391339
1.7720540787987915
1.765803888058107
1.7584286629841
1.7509284340952787
1.7423031708731347
1.733052888576922
1.723552598651082
1.7138023010956145
1.704177007354961
1.6944267097994934
1.6855514389477217
1.675676137577441
1.6669258705404828
1.6591756340220343
1.651800408948027
1.645050202948088
1.639925046540727
1.6369249549851985
1.6339248634296701
1.6329248329111608
1.6334248481704154
1.6345498825037386
1.636674947355571
1.6401750541703544
1.644675191503647
1.6493003326517535
1.6549255043183693
1.6604256721701711
1.6658008362071597
1.6706759849848933
1.675551133762627
1.6803012787255471
1.6820513321329387
1.6834263740958892
1.6835513779107028
1.6816763206884975
1.6781762138737144
1.6728010498367258
1.6663008514664144
1.6588006225775933
1.6495503402813807
1.640675069429609
1.6302997528000733
1.618924405652028
1.607424054689169
1.5956736960966826
1.583298318430128
1.5706729331339457
1.5574225287636951
1.5436721091341898
1.5294216742454299
1.5129211706900234
1.4927955565050204
1.4706698812829981
1.4466691488387708
1.4239184545426802
1.4036678365428634
1.3925424970244453
1.3917924741355632
1.4080429700613422
1.4439190649128697
1.5035458845789973
1.5865484176152838
1.689426557206946
1.809180211798456
1.9385591601306194
2.0593128452406386
2.1561908017212437
2.2129425336466566
2.2259429303872795
2.1896918240913115
2.1064392834253973
1.9888106936857204
1.856181646168401
1.7228025757621999
1.6009238563188575
1.4987957396160771
1.420793359172338
1.3682917569505906
1.3409159215063937
1.3366657918027283
1.3490411694692832
1.3715418561357462
1.4004177373577074
1.4317936948759424
1.4616696066164128
1.488170415356914
1.5105460982085634
1.5275466170232246
1.5419220557267983
1.553547410504471
1.563422711874752
1.5736730246894741
1.5824232917264323
1.5914235663930174
1.6007988525040437
1.6107991576891385
1.6217994933927427
1.6327998290963468
1.6438001647999512
1.6559255348368787
1.667675893429365
1.6791762443922238
1.6901765800958282
1.7014269234290598
1.7123022553178504
1.7225525681325726
1.7324278695028534
1.7420531632435072
1.7498033997619558
1.7590536820581684
1.7661788995025482
1.7725540940580462
1.7774292428357799
1.7819293801690725
1.7844294564653462
1.7860545060579243
1.7868045289468062
1.7860545060579243
1.78455446028016
1.7809293496505632
1.777054231391339
1.7728041016876737
1.7664289071321757
1.759553697317423
1.7516784569841608
1.7426781823175757
1.7338029114658042
1.7244276253547777
1.714427320169683
1.7043020111697744
1.6949267250587483
1.6854264351329082
1.6763011566515091
1.666425855281228
1.6596756492812892
1.6520504165776544
1.6453002105777155
1.6405500656147955
1.6360499282815029
1.634424878688925
1.632424817651906
1.6330498367259743
1.6346748863185523
1.6365499435407576
1.6401750541703544
1.6444251838740198
1.6491753288369395
1.654550492873928
1.659800653096103
1.6656758323923462
1.6706759849848933
1.6750511185033723
1.6798012634662924
1.681926328318125
1.684301400799585
1.6836763817255165
1.6823013397625661
1.6781762138737144
1.6740510879848627
1.667300881984924
1.6588006225775933
1.651050386059145
1.6415500961333047
1.6310497756889553
1.6199244361705374
1.6080490737632376
1.5961737113559373
1.5836733298745689
1.5709229407635732
1.5587975707266457
1.5447971434675132
1.5297966856898708
1.5136711935789056
1.493670583208716
1.4697948545793025
1.4482941984313487
1.4246684774315623
1.4049178746910003
1.3930425122837
1.3916674703207497
1.4070429395428328
1.4421690115054782
1.5009208044679097
1.5827983031708732
1.6855514389477217
1.8043050630207222
1.9323089693899351
2.0551877193517867
2.153065706350902
2.2114424878688923
2.226317941831721
2.1919418927579577
2.109689382610553
1.994185857722709
1.860181768242439
1.7273027130954923
1.6055489974669637
1.5025458540604877
1.4232934354686118
1.3695417950987274
1.3421659596545306
1.3367907956175422
1.348291146580401
1.3710418408764915
1.4007927488021485
1.4317936948759424
1.460794579912717
1.487295388653218
1.5096710715048678
1.5272966093935971
1.5427970824304942
1.5534224066896571
1.563797723319193
1.5727979979857785
1.5830483108005005
1.5897985168004394
1.6007988525040437
1.6109241615039522
1.621299478133488
1.632299813837092
1.6434251533555102
1.6555505233924375
1.6669258705404828
1.6783012176885281
1.6896765648365732
1.7015519272438735
1.7119272438734092
1.7223025605029452
1.7319278542435987
1.741678151799066
1.7503034150212105
1.7586786706137274
1.76555388042848
1.7724290902432325
1.7771792352061526
1.7809293496505632
1.7844294564653462
1.7859295022431105
1.7866795251319927
1.7859295022431105
1.7841794488357188
1.7819293801690725
1.7774292428357799
1.77267909787286
1.7668039185766167
1.7593036896877956
1.7516784569841608
1.7431781975768303
1.7339279152806177
1.7241776177251504
1.7145523239844966
1.7051770378734703
1.6950517288735618
1.6855514389477217
1.6765511642811366
1.6683009125034334
1.6588006225775933
1.6519254127628407
1.6455502182073427
1.64105008087405
1.6371749626148258
1.6334248481704154
1.6320498062074649
1.6332998443556017
1.634299874874111
1.6367999511703848
1.6396750389110997
1.6449251991332745
1.6491753288369395
1.654550492873928
1.659800653096103
1.6656758323923462
1.6706759849848933
1.675176122318186
1.6791762443922238
1.6821763359477524
1.6825513473921934
1.6838013855403302
1.6820513321329387
1.6781762138737144
1.6738010803552354
1.667675893429365
1.6594256416516617
1.6505503707998903
1.6413000885036775
1.6306747642445143
1.6196744285409101
1.6082990813928648
1.5970487380596332
1.58404834131901
1.5710479445783867
1.5576725363933226
1.5450471510971404
1.5299216895046848
1.513546189764092
1.493670583208716
1.4714199041718803
1.4476691793572802
1.4246684774315623
1.4047928708761863
1.3929175084688865
1.3914174626911222
1.4067929319132053
1.4420440076906644
1.5009208044679097
1.5824232917264323
1.6860514542069764
1.8046800744651632
1.9328089846491896
2.0549377117221597
2.153065706350902
2.212067506942961
2.2253179113132115
2.1918168889431437
2.109314371166112
1.9929358195745719
1.8599317606128116
1.7275527207251198
1.60542399365215
1.502045838801233
1.423168431653798
1.3700418103579821
1.3426659749137853
1.3366657918027283
1.3484161503952148
1.3711668446913052
1.3999177220984527
1.4312936796166877
1.4609195837275306
1.4870453810235909
1.509546067690054
1.5269215979491562
1.5417970519119846
1.55317239906003
1.564172734763634
1.5732980132450332
1.5826732993560595
1.5912985625782037
1.6009238563188575
1.6106741538743248
1.621299478133488
1.6325498214667196
1.6434251533555102
1.655800531022065
1.667300881984924
1.6788012329477828
1.6901765800958282
1.7008019043549913
1.7119272438734092
1.7224275643177587
1.7329278847621081
1.7420531632435072
1.7508034302804651
1.758803674428541
1.7656788842432936
1.7724290902432325
1.7774292428357799
1.7818043763542588
1.7840544450209053
1.7863045136875517
1.7858044984282968
1.7860545060579243
1.7850544755394149
1.7821793877986998
1.7776792504654073
1.7729291055024872
1.7668039185766167
1.7586786706137274
1.7516784569841608
1.742178167058321
1.7336779076509903
1.7240526139103367
1.7149273354289376
1.7050520340586566
1.6950517288735618
1.685926450392163
1.6765511642811366
1.6674258857997375
1.6588006225775933
1.6521754203924681
1.6454252143925292
1.6405500656147955
1.6372999664296397
1.6350498977629933
1.6325498214667196
1.6329248329111608
1.6347998901333658
1.6365499435407576
1.6401750541703544
1.6448001953184606
1.6489253212073123
1.6541754814294871
1.6594256416516617
1.6645507980590228
1.6709259926145208
1.6753011261329998
1.6791762443922238
1.6816763206884975
1.6820513321329387
1.684301400799585
1.6821763359477524
1.6783012176885281
1.6733010650959808
1.6665508590960418
1.658925626392407
1.6513003936887722
1.6414250923184912
1.6306747642445143
1.6201744438001648
1.6080490737632376
1.596298715170751
1.5836733298745689
