1.6076740623187964
1.6055489974669637
1.6036739402447586
1.6017988830225531
1.6000488296151616
1.59829877620777
1.5960487075411238
1.5954236884670552
1.5936736350596639
1.591923581652272
1.5909235511337627
1.589923520615253
1.5896735129856259
1.587298440504166
1.5861734061708426
1.5856733909115879
1.5845483565782648
1.5835483260597554
1.5830483108005005
1.582048280281991
1.5814232612079226
1.5811732535782954
1.5807982421338542
1.5805482345042268
1.5799232154301586
1.5791731925412764
1.5782981658375803
1.5779231543931396
1.5782981658375803
1.5781731620227668
1.5775481429486986
1.5779231543931396
1.5779231543931396
1.57692312387463
1.5771731315042574
1.5774231391338847
1.576548112430189
1.5764231086153753
1.5766731162450025
1.5762981048005615
1.57692312387463
1.5771731315042574
1.5772981353190711
1.57692312387463
1.576548112430189
1.5771731315042574
1.5770481276894437
1.5770481276894437
1.5766731162450025
1.5771731315042574
1.5771731315042574
1.5777981505783258
1.5779231543931396
1.5779231543931396
1.5781731620227668
1.5780481582079533
1.5781731620227668
1.5781731620227668
1.5786731772820215
1.578923184911649
1.5785481734672078
1.5790481887264625
1.5797982116153446
1.579673207800531
1.57929819635609
1.5801732230597858
1.580048219244972
1.580048219244972
1.5799232154301586
1.5807982421338542
1.5815482650227364
1.5806732383190405
1.5815482650227364
1.5815482650227364
1.58167326883755
1.5817982726523636
1.58167326883755
1.5815482650227364
1.582048280281991
1.5822982879116183
1.5826732993560595
1.582923306985687
1.5834233222449416
1.5834233222449416
1.5830483108005005
1.582923306985687
1.5836733298745689
1.5837983336893826
1.58404834131901
1.5842983489486373
1.5847983642078922
1.5849233680227057
1.5849233680227057
1.5857983947264016
1.585298379467147
1.5856733909115879
1.5856733909115879
1.5854233832819604
1.5857983947264016
1.5857983947264016
1.5865484176152838
1.5867984252449112
1.5869234290597247
1.5877984557634206
1.5876734519486069
1.587923459578234
1.588048463393048
1.587923459578234
1.588048463393048
1.5881734672078616
1.5886734824671163
1.5892985015411847
1.5882984710226753
1.5890484939115572
1.5892985015411847
1.5895485091708121
1.5895485091708121
1.5895485091708121
1.589923520615253
1.5897985168004394
1.5900485244300668
1.590423535874508
1.5905485396893215
1.5917985778374584
1.5906735435041353
1.5912985625782037
1.5910485549485762
1.590798547318949
1.5909235511337627
1.5912985625782037
1.5920485854670858
1.5914235663930174
1.5925486007263405
1.592798608355968
1.5926736045411543
1.592423596911527
1.5929236121707817
1.5929236121707817
1.5929236121707817
1.592798608355968
1.5935486312448501
1.5945486617633595
1.5934236274300364
1.594298654133732
1.5940486465041048
1.5939236426892909
1.5941736503189183
1.5944236579485458
1.5944236579485458
1.594798669392987
1.5949236732078005
1.594673665578173
1.5955486922818691
1.5960487075411238
1.5961737113559373
1.5961737113559373
1.596298715170751
1.5960487075411238
1.5960487075411238
1.5964237189855648
1.5970487380596332
1.5976737571337016
1.5970487380596332
1.5970487380596332
1.5972987456892607
1.5972987456892607
1.5974237495040742
1.5972987456892607
1.5975487533188881
1.5975487533188881
1.5977987609485154
1.5985487838373975
1.5985487838373975
1.5985487838373975
1.5989237952818385
1.5990487990966522
1.5981737723929563
1.5994238105410932
1.599173802911466
1.598798791467025
1.5999238258003479
1.6000488296151616
1.5996738181707206
1.5999238258003479
1.60067384868923
1.6002988372447888
1.6001738334299753
1.6007988525040437
1.6012988677632984
1.601048860133671
1.601048860133671
1.6015488753929257
1.6016738792077396
1.6019238868373669
1.6029239173558765
1.603173924985504
1.602673909726249
1.602673909726249
1.603173924985504
1.6032989288003174
1.6036739402447586
1.6045489669484543
1.6046739707632678
1.6045489669484543
1.6060490127262186
1.6066740318002868
1.6069240394299142
1.6072990508743554
1.608174077578051
1.6091741080965607
1.6099241309854426
1.6112991729483932
1.6115491805780204
1.6140492568742943
1.6154242988372447
1.6164243293557543
1.6186743980224005
1.6199244361705374
1.6221745048371838
1.6241745658742028
1.6257996154667806
1.6286747032074953
1.6306747642445143
1.633674855800043
1.6361749320963164
1.6390500198370312
1.6418001037629322
1.6449251991332745
1.6481752983184301
1.6511753898739585
1.654550492873928
1.6580505996887114
1.6613006988738672
1.6661758476516009
1.6704259773552659
1.6746761070589313
1.6789262367625966
1.6840513931699574
1.6879265114291817
1.6928016602069156
1.6976768089846492
1.702176946317942
1.7075521103549303
1.7129272743919186
1.7178024231696525
1.7231775872066408
1.727927732169561
1.732677877132481
1.7370530106509599
1.741678151799066
1.745678273873104
1.7498033997619558
1.754053529465621
1.7578036439100315
1.7609287392803734
1.7641788384655293
1.7673039338358714
1.7691789910580769
1.7716790673543503
1.7736791283913693
1.7749291665395062
1.7764292123172705
1.7773042390209661
1.7780542619098483
1.778179265724662
1.778679280983917
1.7780542619098483
1.7769292275765252
1.7759291970580158
1.774304147465438
1.7720540787987915
1.769804010132145
1.768303964354381
1.7653038727988526
1.7620537736136967
1.758803674428541
1.7556785790581988
1.7515534531693473
1.7484283577990052
1.743678212836085
1.7388030640583514
1.7339279152806177
1.7299277932065797
1.7249276406140324
1.7204275032807397
1.715177343058565
1.7103021942808314
1.7055520493179113
1.700176885280923
1.6951767326883755
1.6900515762810144
1.6855514389477217
1.679926267281106
1.6753011261329998
1.6714260078737755
1.6665508590960418
1.6626757408368176
1.6583006073183386
1.6539254737998597
1.6504253669850764
1.6458002258369702
1.641925107577746
1.6384250007629628
1.6354249092074344
1.632299813837092
1.6290497146519365
1.6265496383556628
1.6241745658742028
1.6214244819483017
1.618924405652028
1.6166743369853815
1.613799249244667
1.6126742149113438
1.6112991729483932
1.609799127170629
1.6082990813928648
1.6077990661336101
1.6057990050965911
1.6049239783928952
1.6036739402447586
1.60304892117069
1.6015488753929257
1.6016738792077396
1.6002988372447888
1.5996738181707206
1.5992988067262794
1.598798791467025
1.5979237647633289
1.5976737571337016
1.596673726615192
1.5957986999114964
1.5940486465041048
1.5930486159855952
1.591923581652272
1.5897985168004394
1.588048463393048
1.5855483870967744
1.582923306985687
1.579673207800531
1.5741730399487288
1.5697979064302499
1.564297738578448
1.558297555467391
1.5512973418378246
1.5451721549119541
1.5371719107638784
1.5297966856898708
1.522671468245491
1.5156712546159246
1.5089210486159856
1.5034208807641836
1.4987957396160771
1.4962956633198035
1.4954206366161078
1.4969206823938719
1.5014208197271646
1.5094210638752406
1.520296395764031
1.5346718344676047
1.5525473799859615
1.5756730857264931
1.6027989135410627
1.6345498825037386
1.671176000244148
1.7115522324289683
1.756803613391522
1.805180089724418
1.8563066499832148
1.9094332712790307
1.9635599230933563
2.017311563463241
2.0700631733146153
2.1199396954252756
2.1659410992767114
2.2071923581652273
2.2399433576464127
2.2663191625721
2.283819696646016
2.291819940794092
2.269444257942442
2.257568895535142
2.2371932737205116
2.2078173772392957
2.1713162633136998
2.12618988616596
2.076188360240486
2.0221867122409742
1.9656849879451888
1.9076832178716392
1.8490564287240212
1.79167967772454
1.736552995391705
1.6831763664662618
1.6346748863185523
1.5900485244300668
1.548797265541551
1.513546189764092
1.483045258949553
1.4567944578386791
1.436293832209235
1.4204183477278969
1.4094180120242927
1.4016677755058444
1.3991676992095705
1.399417706839198
1.4031678212836085
1.4102930387279886
1.418793298135319
1.4289186071352276
1.4395439313943907
1.4510442823572498
1.4636696676534318
1.4751700186162908
1.4870453810235909
1.4981707205420087
1.5086710409863584
1.5184213385418257
1.5276716208380383
1.534921842097232
1.5419220557267983
1.5469222083193457
1.5517973570970793
1.5562974944303722
1.5594225898007141
1.5621726737266153
1.5644227423932615
1.5671728263191627
1.5692978911709952
1.5714229560228279
1.5722979827265235
1.5732980132450332
1.5737980285042878
1.5741730399487288
1.57454805139317
1.5750480666524247
1.5767981200598165
1.5764231086153753
1.57692312387463
1.5771731315042574
1.5775481429486986
1.5782981658375803
1.5779231543931396
1.5787981810968352
1.579673207800531
1.5797982116153446
1.5806732383190405
1.581298257393109
1.5825482955412458
1.5836733298745689
1.5849233680227057
1.586048402356029
1.5869234290597247
1.5882984710226753
1.58879848628193
1.5901735282448806
1.5911735587633902
1.5929236121707817
1.5949236732078005
1.5969237342448195
1.5977987609485154
1.599548814355907
1.60067384868923
1.6022988982818078
1.6036739402447586
1.6055489974669637
1.607424054689169
1.6100491348002564
1.611799188207648
1.6144242683187355
1.6167993408001955
1.6191744132816552
1.6206744590594195
1.6235495468001342
1.6261746269112216
1.6290497146519365
1.6321748100222786
1.6354249092074344
1.6381749931333354
1.64105008087405
1.6448001953184606
1.6475502792443617
1.6506753746147038
1.6540504776146734
1.6574255806146427
1.6613006988738672
1.6651758171330913
1.6695509506515702
1.673551072725608
1.677176183355205
1.6816763206884975
1.6851764275032808
1.6898015686513872
1.693801690725425
1.6983018280587177
1.7024269539475692
1.7075521103549303
1.7129272743919186
1.716427381206702
1.7211775261696218
1.7271777092806788
1.731052827539903
1.736552995391705
1.7403031098361157
1.7448032471694084
1.7493033845027008
1.754428540910062
1.759178685872982
1.7638038270210883
1.7685539719840082
1.773429120761742
1.7783042695394757
1.782929410687582
1.78692953276162
1.7913046662800989
1.7955547959837643
1.7999299295022433
1.8046800744651632
1.8084301889095737
1.8129303262428662
1.8164304330576495
1.8200555436872463
1.8241806695760978
1.8271807611316264
1.8310558793908505
1.8331809442426834
1.8366810510574663
1.8389311197241127
1.842306222724082
1.8449313028351695
1.847181371501816
1.8494314401684622
1.8514315012054812
1.8533065584276864
1.8536815698721276
1.855056611835078
1.856181646168401
1.8568066652424697
1.8576816919461654
1.857056672872097
1.8580567033906066
1.8580567033906066
1.8573066805017244
1.8564316537980285
1.8560566423535876
1.855056611835078
1.8533065584276864
1.8519315164647359
1.8508064821314127
1.8490564287240212
1.846806360057375
1.844681295205542
1.841931211279641
1.8389311197241127
1.8361810357982116
1.832930936613056
1.8296808374279
1.8264307382427443
1.8240556657612843
1.8191805169835507
1.8155554063539538
1.8115552842799159
1.8075551622058779
1.80355504013184
1.7985548875392925
1.7943047578356275
1.7893046052430799
1.7844294564653462
1.7804293343913085
1.775429181798761
1.7708040406506547
1.766303903317362
1.7610537430951874
1.756428601947081
1.751178441724906
1.7461782891323587
1.7408031250953704
1.735802972502823
1.7313028351695303
1.7261776787621694
1.7210525223548083
1.716427381206702
1.7115522324289683
1.7066770836512346
1.701801934873501
1.6964267708365124
1.6928016602069156
1.6876765037995543
1.683926389355144
1.6791762443922238
1.6748011108737448
1.6709259926145208
1.666050843836787
1.662925748466445
1.6588006225775933
1.6543004852443006
1.6500503555406356
1.6465502487258523
1.6438001647999512
1.6405500656147955
1.636674947355571
1.6337998596148564
1.630424756614887
1.6277996765037996
1.6244245735038303
1.6215494857631152
1.6187994018372145
1.6159243140964994
1.6140492568742943
1.6111741691335797
1.609424115726188
1.6069240394299142
1.6051739860225227
1.603173924985504
1.6007988525040437
1.5990487990966522
1.5976737571337016
1.5959237037263099
1.5944236579485458
1.5934236274300364
1.591923581652272
1.590798547318949
1.5896735129856259
1.5890484939115572
1.5861734061708426
1.5859233985412151
1.585298379467147
1.5835483260597554
1.5837983336893826
1.5831733146153144
1.582048280281991
1.5815482650227364
1.581298257393109
1.580048219244972
1.5804232306894133
1.5797982116153446
1.5791731925412764
1.5784231696523943
1.5779231543931396
1.5772981353190711
1.5777981505783258
1.5775481429486986
1.5775481429486986
1.5776731467635121
1.576548112430189
1.5770481276894437
1.5766731162450025
1.5764231086153753
1.5764231086153753
1.5770481276894437
1.5771731315042574
1.5767981200598165
1.5767981200598165
1.5771731315042574
1.5770481276894437
1.5770481276894437
1.5770481276894437
1.576548112430189
1.5771731315042574
1.5774231391338847
1.5775481429486986
1.5776731467635121
1.5780481582079533
1.5779231543931396
1.5781731620227668
1.5780481582079533
1.578923184911649
1.5780481582079533
1.5784231696523943
1.5787981810968352
1.578923184911649
1.5790481887264625
1.5794232001709037
1.5801732230597858
1.5799232154301586
1.5794232001709037
1.5794232001709037
1.5797982116153446
1.5801732230597858
1.5799232154301586
1.5801732230597858
1.5807982421338542
1.5810482497634815
1.5814232612079226
1.58167326883755
1.5822982879116183
1.5817982726523636
1.58167326883755
1.5824232917264323
1.5824232917264323
1.5817982726523636
1.5824232917264323
1.5826732993560595
1.583298318430128
1.5845483565782648
1.5836733298745689
1.5841733451338236
1.58404834131901
1.5834233222449416
1.5836733298745689
1.5842983489486373
1.585298379467147
1.5849233680227057
1.5849233680227057
1.5856733909115879
1.5854233832819604
1.5857983947264016
1.5857983947264016
1.5857983947264016
1.5855483870967744
1.5859233985412151
1.5867984252449112
1.5867984252449112
1.5870484328745385
1.5871734366893522
1.5870484328745385
1.5881734672078616
1.5870484328745385
1.5876734519486069
1.587923459578234
1.5882984710226753
1.5890484939115572
1.588423474837489
1.5891734977263712
1.5891734977263712
1.5896735129856259
1.588423474837489
1.5895485091708121
1.5892985015411847
1.589923520615253
1.5901735282448806
1.5906735435041353
1.5905485396893215
1.5905485396893215
1.5911735587633902
1.5915485702078311
1.5901735282448806
1.5911735587633902
1.5909235511337627
1.5910485549485762
1.5914235663930174
1.5917985778374584
1.5921735892818996
1.5925486007263405
1.5929236121707817
1.5925486007263405
1.5920485854670858
1.592298593096713
1.592798608355968
1.5931736198004092
1.5931736198004092
1.5932986236152227
1.5936736350596639
1.5941736503189183
1.5941736503189183
1.594673665578173
1.5936736350596639
1.594673665578173
1.5941736503189183
1.5941736503189183
1.5950486770226142
1.5954236884670552
1.5954236884670552
1.5955486922818691
1.5964237189855648
1.5960487075411238
1.5959237037263099
1.5961737113559373
1.596298715170751
1.5955486922818691
1.5961737113559373
1.596673726615192
1.596798730430006
1.5970487380596332
1.5974237495040742
1.5977987609485154
1.5974237495040742
1.5976737571337016
1.5976737571337016
1.5972987456892607
1.5980487685781428
1.5972987456892607
1.5980487685781428
1.5980487685781428
1.59829877620777
1.5989237952818385
1.5992988067262794
1.5989237952818385
1.5992988067262794
1.5984237800225838
1.5989237952818385
1.6002988372447888
1.6000488296151616
1.5996738181707206
1.6001738334299753
1.6002988372447888
1.5996738181707206
1.5996738181707206
1.6004238410596028
1.60067384868923
1.60067384868923
1.601173863948485
1.6012988677632984
1.6027989135410627
1.6019238868373669
1.6027989135410627
1.6024239020966218
1.60304892117069
1.602673909726249
1.6027989135410627
1.6035489364299447
1.6041739555040133
1.6042989593188268
1.6046739707632678
1.6052989898373364
1.6067990356151007
1.6069240394299142
1.6076740623187964
1.608174077578051
1.6086740928373058
1.6096741233558154
1.6100491348002564
1.6120491958372754
1.613424237800226
1.6146742759483628
1.6162993255409406
1.6177993713187049
1.6191744132816552
1.6211744743186742
1.6227995239112523
1.6244245735038303
1.627174657429731
1.629674733726005
1.6320498062074649
1.6340498672444839
1.6377999816888944
1.6404250617999818
1.6428001342814416
1.6461752372814111
1.6489253212073123
1.6529254432813503
1.655800531022065
1.6595506454664755
1.6644257942442091
1.667300881984924
1.6720510269478437
1.6765511642811366
1.6805512863551746
1.6849264198736535
1.6898015686513872
1.6941767021698662
1.6999268776512955
1.704927030243843
1.7106772057252724
1.714427320169683
1.7200524918362987
1.7254276558732873
1.729052766502884
1.7344279305398724
1.738553056428724
1.7430531937620168
1.748053346354564
1.7519284646137883
1.754428540910062
1.7593036896877956
1.762803796502579
1.765803888058107
1.767803949095126
1.769804010132145
1.77267909787286
1.7736791283913693
1.7750541703543201
1.7763042085024567
1.7776792504654073
1.7779292580950348
1.7783042695394757
1.778679280983917
1.7774292428357799
1.7760542008728295
1.7753041779839474
1.7740541398358105
1.7711790520950956
1.7691789910580769
1.7673039338358714
1.7643038422803432
1.7611787469100009
1.7584286629841
1.755553575243385
1.7513034455397198
1.7461782891323587
1.7419281594286935
1.7371780144657736
1.733052888576922
1.7281777397991884
1.7230525833918273
1.7186774498733484
1.7139273049104282
1.709177159947508
1.703676992095706
1.6984268318735312
1.6933016754661703
1.6881765190588092
1.6831763664662618
1.6790512405774103
1.6745511032441176
1.669675954466384
1.665300820947905
1.6610506912442398
1.6568005615405743
1.6524254280220954
1.6486753135776848
1.6443001800592059
1.640300057985168
1.637924985503708
1.6341748710592976
1.6312997833185827
1.628424695577868
1.6255496078371532
1.6227995239112523
1.6196744285409101
1.6179243751335184
1.6155493026520584
1.613424237800226
1.6129242225409712
1.6107991576891385
1.6086740928373058
1.6080490737632376
1.6071740470595417
1.6051739860225227
1.6040489516891996
1.6039239478743859
1.6022988982818078
1.601173863948485
1.6020488906521806
1.6005488448744163
1.5996738181707206
1.598673787652211
1.598673787652211
1.5977987609485154
1.5969237342448195
1.5955486922818691
1.595173680837428
1.5939236426892909
1.592298593096713
1.5921735892818996
1.5895485091708121
1.5874234443189794
1.585298379467147
1.5817982726523636
1.5777981505783258
1.5739230323191016
1.5691728873561817
1.5627976928006837
1.5561724906155583
1.5494222846156194
1.542047059541612
1.534921842097232
1.5279216284676658
1.520296395764031
1.5132961821344646
1.507170995208594
1.5019208349864193
1.498045716727195
1.4959206518753625
1.4959206518753625
1.4981707205420087
1.5035458845789973
1.5120461439863278
1.5239215063936278
1.53892196417127
1.5585475630970183
1.5826732993560595
1.6111741691335797
1.6445501876888333
1.6824263435773796
1.7244276253547777
1.769804010132145
1.8191805169835507
1.8708070925016023
1.9233086947233498
1.97793536179693
2.031812005981628
2.083313577684866
2.1329400921658985
2.177566454054384
2.21644264046144
2.2481936094241157
2.2716943266090888
2.286944792016358
2.289694875942259
2.266819177831355
2.253693777275918
2.2301930600909454
2.1989421063875243
2.1598159123508407
2.1146895352031008
2.0628129520554213
2.008061281167028
1.9508095339823603
1.8925577562791833
1.8348059938352612
1.7776792504654073
1.7229275795770134
1.6709259926145208
1.6227995239112523
1.578923184911649
1.5404220099490342
1.5057959532456433
1.476295052949614
1.452169316690573
1.4314186834315012
1.4177932676168097
1.4074179509872737
1.4009177526169623
1.3986676839503158
1.3997927182836392
1.4052928861354412
1.4116680806909392
1.4214183782464065
1.431543687246315
1.4421690115054782
1.454169377727592
1.4659197363200782
1.4767950682088686
1.489420453505051
1.5007958006530961
1.5110461134678184
1.5205464033936582
1.5289216589861752
1.5366718955046237
1.5426720786156805
1.5485472579119235
1.5529223914304024
1.5564224982451857
1.5600476088747826
1.5632977080599384
1.5655477767265848
1.567797845393231
1.5699229102450638
1.5710479445783867
1.5722979827265235
1.5730480056154057
1.574923062837611
1.5740480361339153
1.574923062837611
1.5756730857264931
1.5757980895413068
1.5764231086153753
1.5772981353190711
1.5779231543931396
1.5771731315042574
1.5791731925412764
1.5785481734672078
1.578923184911649
1.5790481887264625
1.5797982116153446
1.5806732383190405
1.58167326883755
1.5831733146153144
1.5846733603930783
1.5849233680227057
1.5859233985412151
1.5869234290597247
1.588423474837489
1.5891734977263712
1.5910485549485762
1.5914235663930174
1.5931736198004092
1.5945486617633595
1.596298715170751
1.5976737571337016
1.5994238105410932
1.601173863948485
1.602673909726249
1.6036739402447586
1.6064240241706595
1.607424054689169
1.6109241615039522
1.6124242072817165
1.6151742912076175
1.6172993560594502
1.6199244361705374
1.6216744895779291
1.6246745811334575
1.6266746421704763
1.6297997375408186
1.6321748100222786
1.6354249092074344
1.6388000122074038
1.6414250923184912
1.645050202948088
1.6480502945036166
1.6516754051332134
1.6548005005035553
1.657800592059084
1.6621757255775629
1.6659258400219734
1.6703009735404524
1.673551072725608
1.6778012024292734
1.6818013245033114
1.685926450392163
1.690301583910642
1.6946767174291208
1.6990518509475998
1.7034269844660788
1.7075521103549303
1.7121772515030367
1.7168023926511429
1.7225525681325726
1.7271777092806788
1.7319278542435987
1.7359279763176367
1.740928128910184
1.7449282509842219
1.7501784112063965
1.7549285561693166
1.7598037049470505
1.7643038422803432
1.7695540025025178
1.774304147465438
1.7783042695394757
1.7826794030579547
1.7870545365764336
1.7918046815393536
1.796054811243019
1.8003049409466843
1.8043050630207222
1.8096802270577106
1.8129303262428662
1.817055452131718
1.8210555742057557
1.8236806543168431
1.8274307687612537
1.830930875576037
1.8334309518723106
1.8366810510574663
1.8391811273537402
1.8425562303537095
1.844681295205542
1.8476813867610706
1.849556443983276
1.851556505020295
1.8525565355388043
1.8540565813165686
1.8553066194647054
1.856181646168401
1.8569316690572832
1.8578066957609791
1.8578066957609791
1.8580567033906066
1.8579316995757926
1.8573066805017244
1.8568066652424697
1.8555566270943329
1.8544315927610096
1.8534315622425002
1.8519315164647359
1.8500564592425306
1.84868141727958
1.8465563524277475
1.8444312875759148
1.842306222724082
1.8389311197241127
1.8358060243537706
1.8325559251686148
1.8298058412427136
1.8263057344279305
1.8234306466872157
1.8190555131687367
1.815805413983581
1.8109302652058474
1.8070551469466232
1.8024300057985168
1.7981798760948515
1.7936797387615588
1.7888045899838252
1.7844294564653462
1.7798043153172398
1.7755541856135748
1.7704290292062137
1.765803888058107
1.7603037202063052
1.7554285714285716
1.7505534226508377
1.7451782586138493
1.740178106021302
1.7350529496139409
1.7308028199102756
1.7258026673177282
1.7208025147251809
1.7159273659474472
1.7110522171697136
1.706052064577166
1.701676931058687
1.6963017670216987
1.691426618243965
1.6874264961699272
1.6836763817255165
1.6788012329477828
1.6745511032441176
1.6703009735404524
1.666050843836787
1.6620507217627492
1.6580505996887114
1.6540504776146734
1.6500503555406356
1.6463002410962249
1.642675130466628
1.6398000427259134
1.63629993591113
1.6334248481704154
1.6310497756889553
1.6270496536149175
1.624049562059389
1.6217994933927427
1.6179243751335184
1.6156743064668722
1.6131742301705987
1.6111741691335797
1.6095491195410014
1.607424054689169
1.6051739860225227
1.6025489059114353
1.6009238563188575
1.598798791467025
1.5972987456892607
1.5955486922818691
1.594798669392987
1.5935486312448501
1.5917985778374584
1.590798547318949
1.5896735129856259
1.588048463393048
1.5867984252449112
1.5862984099856563
1.5851733756523332
1.584423352763451
1.583298318430128
1.5830483108005005
1.582048280281991
1.5817982726523636
1.5810482497634815
1.5804232306894133
1.5802982268745993
1.5790481887264625
1.5786731772820215
1.5782981658375803
1.5777981505783258
1.5779231543931396
1.5777981505783258
1.5776731467635121
1.5776731467635121
1.5772981353190711
1.5767981200598165
1.5767981200598165
1.5759230933561206
1.5764231086153753
1.5762981048005615
1.57692312387463
1.5766731162450025
1.5772981353190711
1.5766731162450025
1.5767981200598165
1.5766731162450025
1.5767981200598165
1.5770481276894437
1.5767981200598165
1.5772981353190711
1.5771731315042574
1.5774231391338847
1.5770481276894437
1.5779231543931396
1.5779231543931396
1.5777981505783258
1.5780481582079533
1.5785481734672078
1.5784231696523943
1.5781731620227668
1.5785481734672078
1.5787981810968352
1.5791731925412764
1.57929819635609
1.579673207800531
1.579673207800531
1.579673207800531
1.5797982116153446
1.5795482039857174
1.5801732230597858
1.5802982268745993
1.5804232306894133
1.5811732535782954
1.5817982726523636
1.58167326883755
1.5817982726523636
1.5815482650227364
1.5817982726523636
1.581298257393109
1.5815482650227364
1.582923306985687
1.5824232917264323
1.582923306985687
1.5830483108005005
1.5837983336893826
1.5841733451338236
1.5834233222449416
1.584423352763451
1.5835483260597554
1.5831733146153144
1.5841733451338236
1.5849233680227057
1.584423352763451
1.585298379467147
1.5855483870967744
1.5851733756523332
1.5854233832819604
1.5856733909115879
1.5857983947264016
1.5859233985412151
1.5862984099856563
1.5859233985412151
1.5867984252449112
1.5869234290597247
1.5874234443189794
1.5870484328745385
1.5874234443189794
1.5876734519486069
1.5875484481337934
1.5875484481337934
1.588048463393048
1.587298440504166
1.5892985015411847
1.588423474837489
1.5889234900967437
1.5892985015411847
1.5895485091708121
1.5892985015411847
1.5892985015411847
1.5894235053559984
1.5895485091708121
1.5906735435041353
1.5901735282448806
1.5901735282448806
1.590798547318949
1.5906735435041353
1.590798547318949
1.5910485549485762
1.5914235663930174
1.590798547318949
1.5911735587633902
1.5917985778374584
1.5917985778374584
1.592298593096713
1.592798608355968
1.5929236121707817
1.592798608355968
1.5929236121707817
1.592798608355968
1.5930486159855952
1.5930486159855952
1.5936736350596639
1.5934236274300364
1.5936736350596639
1.5945486617633595
1.5944236579485458
1.595173680837428
1.5939236426892909
1.594298654133732
1.5939236426892909
1.594798669392987
1.595173680837428
1.595173680837428
1.5955486922818691
1.5956736960966826
1.5961737113559373
1.5960487075411238
1.5957986999114964
1.596298715170751
1.5961737113559373
1.596298715170751
1.5965487228003785
1.596673726615192
1.596673726615192
1.597173741874447
1.5977987609485154
1.5979237647633289
1.5977987609485154
1.5974237495040742
1.5972987456892607
1.5972987456892607
1.5976737571337016
1.5974237495040742
1.5980487685781428
1.5980487685781428
1.598673787652211
1.5989237952818385
1.5994238105410932
1.599173802911466
1.598798791467025
1.598673787652211
1.599173802911466
1.599548814355907
1.5994238105410932
1.5997988219855341
1.6005488448744163
1.6004238410596028
1.6004238410596028
1.6002988372447888
1.60067384868923
1.6005488448744163
1.601173863948485
1.6012988677632984
1.6015488753929257
1.6017988830225531
1.6025489059114353
1.6025489059114353
1.6022988982818078
1.6032989288003174
1.6027989135410627
1.6029239173558765
1.6035489364299447
1.6040489516891996
1.6046739707632678
1.6047989745780817
1.6057990050965911
1.606174016541032
1.6067990356151007
1.6071740470595417
1.6079240699484236
1.6086740928373058
1.61017413861507
1.611799188207648
1.6132992339854122
1.6132992339854122
1.6154242988372447
1.6164243293557543
1.6176743675038912
1.6199244361705374
1.6206744590594195
1.623299539170507
1.624924588763085
1.6277996765037996
1.6295497299111912
1.6326748252815333
1.6349248939481797
1.6381749931333354
1.6409250770592365
1.6431751457258827
1.6463002410962249
1.6493003326517535
1.652550431836909
1.656925565355388
1.660925687429426
1.6646758018738366
1.6679259010589922
1.6725510422070986
1.6770511795403913
1.6811763054292428
1.6849264198736535
1.6906765953550829
1.6944267097994934
1.7004268929105502
1.704927030243843
1.7101771904660177
1.715552354503006
1.7209275185399944
1.7255526596881008
1.730302804651021
1.7350529496139409
1.7406781212805567
1.743303201391644
1.7475533310953093
1.7518034607989748
1.7559285866878263
1.7594286935026096
1.7624287850581377
1.76555388042848
1.7680539567247535
1.7708040406506547
1.7724290902432325
1.7739291360209968
1.775804193243202
1.7769292275765252
1.7776792504654073
1.7780542619098483
1.7784292733542895
1.7778042542802208
1.7778042542802208
1.7763042085024567
1.7751791741691336
1.7731791131321146
1.7715540635395368
1.7695540025025178
1.7665539109469892
1.763928830835902
1.7614287545396283
1.7576786400952178
1.7536785180211798
1.7509284340952787
1.7459282815027315
1.741303140354625
1.737303018280587
1.732677877132481
1.7280527359843745
1.7230525833918273
1.7180524307992797
1.7134272896511735
1.708177129428999
1.7033019806512648
1.698176824243904
1.6926766563921019
1.6878015076143682
1.6834263740958892
1.6784262215033416
1.6739260841700492
1.6694259468367565
1.66480080568865
1.660550675984985
1.6560505386516924
1.6521754203924681
1.6481752983184301
1.643925168614765
1.640675069429609
1.6381749931333354
1.6341748710592976
1.630799768059328
1.6281746879482406
1.6254246040223395
1.6226745200964385
1.620924466689047
1.6179243751335184
1.6160493179113133
1.6131742301705987
1.6122992034669026
1.610549150059511
1.6087990966521197
1.6080490737632376
1.6066740318002868
1.60542399365215
1.6044239631336406
1.6032989288003174
1.6020488906521806
1.601048860133671
1.60067384868923
1.6002988372447888
1.5994238105410932
1.5990487990966522
1.5985487838373975
1.5972987456892607
1.5970487380596332
1.5957986999114964
1.5950486770226142
1.5940486465041048
1.5926736045411543
1.5914235663930174
1.5894235053559984
1.5874234443189794
1.5861734061708426
1.5814232612079226
1.5776731467635121
1.5730480056154057
1.5679228492080448
1.5620476699118016
1.5557974791711173
1.5482972502822963
1.5415470442823573
1.534546830652791
1.5271716055787836
1.519796380504776
1.5129211706900234
1.5066709799493394
1.5016708273567918
1.497670705282754
1.4955456404309213
1.4959206518753625
1.4982957243568225
1.504045899838252
1.5130461745048374
1.5252965483565784
1.540922025208289
1.5605476241340372
1.5855483870967744
1.6144242683187355
1.647425275429548
1.685926450392163
1.7281777397991884
1.774304147465438
1.8238056581316568
1.8755572374645222
1.9289338663899656
1.9824354991302224
2.0366871547593615
2.088313730277413
2.13706521805475
2.1816915799432355
2.219567735831782
2.250568681905576
2.2739443952757346
2.2879448225348673
2.2871947996459854
2.2651941282387766
2.2516937162388992
2.2273179723502308
2.1951919919431133
2.1549407635731073
2.1088143559068575
2.056937772759179
2.002061098055971
1.9448093508713034
1.8860575579088719
1.8280557878353223
1.7711790520950956
1.7165523850215156
1.666050843836787
1.6180493789483323
1.5750480666524247
1.5359218726157415
1.5022958464308604
1.4732949613940856
1.448919217505417
1.4301686452833644
1.4161682180242319
1.4062929166539506
1.4006677449873348
1.399042695394757
1.4009177526169623
1.4059179052095097
1.4136681417279582
1.4226684163945433
1.4321687063203834
1.4440440687276832
1.4559194311349835
1.4674197820978425
1.479420148319956
1.490920499282815
1.502045838801233
1.5121711478011413
1.5216714377269813
1.5312967314676351
1.5371719107638784
1.5437971129490036
1.5491722769859921
1.5534224066896571
1.5565475020599995
1.5612976470229194
1.563797723319193
1.566172795800653
1.5676728415784174
1.5700479140598773
1.5715479598376416
1.5722979827265235
1.5737980285042878
1.5739230323191016
1.5747980590227975
1.5751730704672384
1.5759230933561206
1.5757980895413068
1.5762981048005615
1.5767981200598165
1.5767981200598165
1.5774231391338847
1.5777981505783258
1.5782981658375803
1.5787981810968352
1.5787981810968352
1.5799232154301586
1.5811732535782954
1.582048280281991
1.5831733146153144
1.5842983489486373
1.5856733909115879
1.5861734061708426
1.5870484328745385
1.587923459578234
1.5886734824671163
1.5917985778374584
1.5921735892818996
1.5935486312448501
1.5954236884670552
1.5965487228003785
1.5981737723929563
1.5997988219855341
1.601173863948485
1.6025489059114353
1.6042989593188268
1.6069240394299142
1.6087990966521197
1.6104241462446975
1.6130492263557847
1.6151742912076175
1.6172993560594502
1.6192994170964692
1.62204950102237
1.6246745811334575
1.627174657429731
1.6297997375408186
1.6325498214667196
1.6360499282815029
1.6394250312814722
1.6423001190221869
1.6460502334665976
1.6480502945036166
1.6520504165776544
1.6553005157628102
1.658550614947966
1.662800744651631
1.6665508590960418
1.6701759697256386
1.6744260994293039
1.6784262215033416
1.683051362651448
1.6858014465773492
1.6906765953550829
1.6955517441328165
1.698926847132786
1.7038019959105197
1.708802148503067
1.7134272896511735
1.7181774346140937
1.7228025757621999
1.7265526902066104
1.7320528580584125
1.7368030030213324
1.7411781365398113
1.7464282967619862
1.7508034302804651
1.7556785790581988
1.7605537278359324
1.7653038727988526
1.7701790215765862
1.7751791741691336
1.7790542924283579
1.7838044373912778
1.7881795709097568
1.792429700613422
1.7966798303170874
1.8013049714651936
1.8056801049836726
1.8094302194280831
1.8140553605761895
1.8179304788354138
1.8214305856501969
1.8250556962797937
1.8286808069093905
1.8311808832056644
1.8346809900204473
1.837306070131535
1.8409311807611317
1.8429312417981507
1.8456813257240516
1.8479313943906979
1.8494314401684622
1.8518065126499221
1.853056550798059
1.8543065889461958
1.855056611835078
1.8563066499832148
1.8563066499832148
1.8575566881313517
1.8579316995757926
1.8584317148350475
1.8584317148350475
1.8569316690572832
1.8566816614276558
1.8555566270943329
1.8544315927610096
1.853056550798059
1.8519315164647359
1.8501814630573443
1.8479313943906979
1.846681356242561
1.8435562608722191
1.8406811731315043
1.838431104464858
1.8354310129093294
1.83205590990936
1.828930814539018
1.8248056886501665
1.8215555894650106
1.8180554826502273
1.8155554063539538
1.81068025757622
1.8059301126133
1.8016799829096348
1.7978048646504103
1.7928047120578632
1.788054567094943
1.7835544297616506
1.7788042847987304
1.774179143650624
1.7696790063173315
1.7649288613544114
1.7593036896877956
1.7545535447248757
1.7495533921323283
1.7440532242805262
1.7395530869472335
1.734552934354686
1.7298027893917662
1.7246776329844051
1.7198024842066715
1.715177343058565
1.7099271828363902
1.7051770378734703
1.700551896725364
1.6953017365031893
1.6915516220587787
1.6868014770958586
1.6818013245033114
1.6780512100589007
1.6734260689107945
1.6695509506515702
1.66480080568865
1.6615507065034945
1.656550553910947
1.6528004394665363
1.6495503402813807
1.6456752220221567
1.6423001190221869
1.6389250160222175
1.6361749320963164
1.6329248329111608
1.6295497299111912
1.6266746421704763
1.6234245429853207
1.6206744590594195
1.6177993713187049
1.6155493026520584
1.6129242225409712
1.6107991576891385
1.6086740928373058
1.6072990508743554
1.6046739707632678
1.6025489059114353
1.60067384868923
1.5981737723929563
1.5964237189855648
1.5950486770226142
1.594798669392987
1.5926736045411543
1.591923581652272
1.590298532059694
1.5889234900967437
1.5874234443189794
1.5866734214300973
1.58642341380047
1.5842983489486373
1.5837983336893826
1.5831733146153144
1.583298318430128
1.5815482650227364
1.581298257393109
1.5805482345042268
1.5801732230597858
1.5791731925412764
1.5794232001709037
1.5786731772820215
1.5777981505783258
1.5779231543931396
1.5780481582079533
1.5775481429486986
1.5772981353190711
1.5775481429486986
1.5767981200598165
1.57692312387463
1.5766731162450025
1.5767981200598165
1.5764231086153753
1.5767981200598165
1.5766731162450025
1.5760480971709343
1.5771731315042574
1.5770481276894437
1.576548112430189
1.5766731162450025
1.5770481276894437
1.5762981048005615
1.5767981200598165
1.5771731315042574
1.5775481429486986
1.5771731315042574
1.5776731467635121
1.5781731620227668
1.5777981505783258
1.5780481582079533
1.5780481582079533
1.5777981505783258
1.5782981658375803
1.5784231696523943
1.5774231391338847
1.5787981810968352
1.5794232001709037
1.5797982116153446
1.5799232154301586
1.580048219244972
1.5797982116153446
1.5799232154301586
1.5799232154301586
1.5802982268745993
1.5805482345042268
1.580923245948668
1.5811732535782954
1.5815482650227364
1.58167326883755
1.5806732383190405
1.5817982726523636
1.58167326883755
1.58167326883755
1.582048280281991
1.5815482650227364
1.5827983031708732
1.5830483108005005
1.5834233222449416
1.582923306985687
1.5834233222449416
1.5836733298745689
1.5835483260597554
1.5835483260597554
1.5839233375041963
1.5849233680227057
1.5846733603930783
1.585298379467147
1.5851733756523332
1.5851733756523332
1.5847983642078922
1.5856733909115879
1.5854233832819604
1.5854233832819604
1.5859233985412151
1.586048402356029
1.5862984099856563
1.5867984252449112
1.5870484328745385
1.587298440504166
1.5865484176152838
1.5874234443189794
1.5875484481337934
1.5874234443189794
1.5876734519486069
1.5882984710226753
1.5881734672078616
1.5885484786523028
1.5892985015411847
1.5892985015411847
1.5889234900967437
1.5895485091708121
1.5890484939115572
1.5890484939115572
1.5894235053559984
1.5892985015411847
1.590298532059694
1.590423535874508
1.5910485549485762
1.5906735435041353
1.590798547318949
1.5906735435041353
1.5911735587633902
1.5911735587633902
1.5910485549485762
1.5916735740226449
1.5917985778374584
1.5926736045411543
1.592298593096713
1.592798608355968
1.591923581652272
1.592798608355968
1.5929236121707817
1.592798608355968
1.5935486312448501
1.592798608355968
1.5939236426892909
1.5935486312448501
1.5939236426892909
1.5940486465041048
1.594298654133732
1.5941736503189183
1.5945486617633595
1.5941736503189183
1.5944236579485458
1.594298654133732
1.594298654133732
1.595173680837428
1.5952986846522417
1.5960487075411238
1.5961737113559373
1.5952986846522417
1.5960487075411238
1.5960487075411238
1.5957986999114964
1.5959237037263099
1.596673726615192
1.596673726615192
1.5970487380596332
1.5976737571337016
1.5974237495040742
1.5972987456892607
1.5979237647633289
1.5980487685781428
1.5972987456892607
1.5970487380596332
1.5980487685781428
1.5980487685781428
1.598673787652211
1.5990487990966522
1.598798791467025
1.598798791467025
1.598673787652211
1.59829877620777
1.598673787652211
1.598673787652211
1.6000488296151616
1.5990487990966522
1.6000488296151616
1.6001738334299753
1.6001738334299753
1.6001738334299753
1.6012988677632984
1.6001738334299753
1.6009238563188575
1.6002988372447888
1.601173863948485
1.6024239020966218
1.6012988677632984
1.6021738944669943
1.6022988982818078
1.6021738944669943
1.6024239020966218
1.6027989135410627
1.602673909726249
1.6027989135410627
1.6032989288003174
1.6041739555040133
1.6045489669484543
1.6044239631336406
1.6060490127262186
1.6064240241706595
1.6066740318002868
1.6075490585039827
1.609049104281747
1.6089241004669332
1.61017413861507
1.6119241920224616
1.6124242072817165
1.6136742454298534
1.6157993102816859
1.6167993408001955
1.6177993713187049
1.6199244361705374
1.62204950102237
1.6236745506149481
1.6261746269112216
1.6279246803186131
1.6306747642445143
1.6332998443556017
1.63629993591113
1.6388000122074038
1.6413000885036775
1.6445501876888333
1.6476752830591754
1.6504253669850764
1.6544254890591144
1.6581756035035249
1.6618007141331217
1.6655508285775322
1.6703009735404524
1.673676076540422
1.6784262215033416
1.682676351207007
1.687051484725486
1.6918016296884062
1.697301797540208
1.7023019501327556
1.7073021027253028
1.7121772515030367
1.717552415540025
1.7218025452436905
1.7273027130954923
1.7316778466139713
1.7361779839472642
1.7404281136509292
1.7449282509842219
1.7495533921323283
1.7543035370952484
1.757553636280404
1.7603037202063052
1.7638038270210883
1.7668039185766167
1.7684289681691947
1.7711790520950956
1.7733041169469284
1.7745541550950652
1.7760542008728295
1.7764292123172705
1.778179265724662
1.7780542619098483
1.778554277169103
1.7775542466505936
1.7773042390209661
1.7759291970580158
1.774304147465438
1.7730541093173011
1.771429059724723
1.7685539719840082
1.765928891872921
1.7630538041322064
1.7603037202063052
1.7561785943174535
1.7528034913174841
1.7488033692434461
1.7439282204657125
1.7399280983916745
1.7351779534287546
1.7301778008362072
1.7261776787621694
1.7209275185399944
1.7166773888363294
1.7113022247993408
1.7058020569475387
1.700926908169805
1.6963017670216987
1.6905515915402693
1.685926450392163
1.6811763054292428
1.6768011719107638
1.6721760307626576
1.6678008972441787
1.6634257637256997
1.6594256416516617
1.6546754966887418
1.6498003479110082
1.6465502487258523
1.6428001342814416
1.639550035096286
1.635924924466689
1.6329248329111608
1.6301747489852596
1.6266746421704763
1.6237995544297616
1.6216744895779291
1.6187994018372145
1.6167993408001955
1.6156743064668722
1.6139242530594806
1.6119241920224616
1.6099241309854426
1.6089241004669332
1.6075490585039827
1.6065490279854733
1.6055489974669637
1.6039239478743859
1.6027989135410627
1.6016738792077396
1.6012988677632984
1.6009238563188575
1.5997988219855341
1.599548814355907
1.599548814355907
1.5979237647633289
1.5970487380596332
1.5972987456892607
1.5950486770226142
1.5954236884670552
1.5939236426892909
1.591923581652272
1.5905485396893215
1.5892985015411847
1.5865484176152838
1.5836733298745689
1.5797982116153446
1.5761731009857478
1.5710479445783867
1.5652977690969574
1.559922605059969
1.5540474257637258
1.5459221778008363
1.53892196417127
1.5319217505417035
1.524296517838069
1.5166712851344342
1.5100460829493088
1.5045459150975067
1.4990457472457046
1.4964206671346172
1.4959206518753625
1.4967956785790582
1.5005457930234687
1.5079210180974763
1.5175463118381298
1.5312967314676351
1.5479222388378553
1.5697979064302499
1.5957986999114964
1.6270496536149175
1.6634257637256997
1.7028019653920103
1.7468033082064272
1.7941797540208135
1.8450563066499832
1.8971828974272895
1.9510595416119878
2.0051861934263133
2.0578127994628743
2.108689352092044
2.1560657979064306
2.1980670796838284
2.233568163090915
2.2618190252388075
2.280944608905301
2.2908199102755824
2.2753194372386853
2.260693990905484
2.2424434339426864
2.215192602313303
2.1795665150914028
2.137190221869564
2.087688711203345
2.034812097537156
1.9784353770561847
1.9203086031678214
1.8624318369090855
1.8046800744651632
1.7485533616138187
1.6951767326883755
1.6454252143925292
1.599173802911466
1.557797540208136
1.5216714377269813
1.489420453505051
1.462794640949736
1.4405439619129004
1.423668446913053
1.4107930539872433
1.403417828913236
1.3995427106540117
1.399042695394757
1.40254280220954
1.4086679891354106
1.4170432447279275
1.4264185308389539
1.4371688589129308
1.4486692098757896
1.4605445722830899
1.4725449385052034
1.4840452894680625
1.496045655690176
1.5065459761345255
1.516296273689993
1.5256715598010193
1.5335468001342816
1.539671987060152
1.5457971739860226
1.5511723380230111
1.554797448652608
1.5595475936155279
1.561922666096988
1.5646727500228887
1.5671728263191627
1.5691728873561817
1.5706729331339457
1.5714229560228279
1.5729230018005922
1.5735480208746606
1.5737980285042878
1.5746730552079835
1.5754230780968657
1.5760480971709343
1.5766731162450025
1.57692312387463
1.5770481276894437
1.5771731315042574
1.5777981505783258
1.5782981658375803
1.5785481734672078
1.57929819635609
1.5797982116153446
1.5806732383190405
1.58167326883755
1.5827983031708732
1.5834233222449416
1.5842983489486373
1.5855483870967744
1.5865484176152838
1.5875484481337934
1.5891734977263712
1.5901735282448806
1.5912985625782037
1.5929236121707817
1.5944236579485458
1.5956736960966826
1.5972987456892607
1.5990487990966522
1.6002988372447888
1.6015488753929257
1.6034239326151312
1.6055489974669637
1.6077990661336101
1.6095491195410014
1.6116741843928344
1.6139242530594806
1.6172993560594502
1.6184243903927733
1.6204244514297923
1.6227995239112523
1.6246745811334575
1.6281746879482406
1.632424817651906
1.6341748710592976
1.6374249702444532
1.6415500961333047
1.6431751457258827
1.6465502487258523
1.6503003631702629
1.6533004547257912
1.656550553910947
1.6606756797997986
1.6641757866145819
1.668050904873806
1.6728010498367258
1.6759261452070682
1.6803012787255471
1.684301400799585
1.6889265419476913
1.6925516525772883
1.6968017822809534
1.7023019501327556
1.7063020722067934
1.710052186651204
1.715552354503006
1.7205525070955536
1.725052644428846
1.7299277932065797
1.7344279305398724
1.7391780755027926
1.7431781975768303
1.7479283425397505
1.7533035065767388
1.7580536515396588
1.762803796502579
1.76792895290994
1.77267909787286
1.7775542466505936
1.7811793572801906
1.7859295022431105
1.7903046357615895
1.7941797540208135
1.79880489516892
1.8043050630207222
1.8074301583910641
1.811930295724357
1.815805413983581
1.8193055207983642
1.8230556352427747
1.8264307382427443
1.8294308297982727
1.8339309671315653
1.8356810205389569
1.8383061006500443
1.8410561845759452
1.8438062685018464
1.8461813409833063
1.8493064363536484
1.8509314859462265
1.8518065126499221
1.8529315469832455
1.8539315775017549
1.8559316385387736
1.8575566881313517
1.8573066805017244
1.8579316995757926
1.8575566881313517
1.8585567186498613
1.857431684316538
1.8568066652424697
1.8559316385387736
1.8548066042054507
1.8539315775017549
1.8521815240943633
1.851181493575854
1.849556443983276
1.8478063905758844
1.845181310464797
1.8421812189092686
1.8401811578722496
1.8370560625019074
1.8345559862056338
1.8306808679464095
1.8279307840205086
1.8244306772057253
1.82018054750206
1.817055452131718
1.8128053224280527
1.808680196539201
1.8041800592059083
1.7998049256874293
1.7949297769096957
1.7905546433912167
1.78692953276162
1.7810543534653769
1.776554216132084
1.772304086428419
1.7671789300210579
1.7625537888729514
1.7573036286507766
1.7523034760582294
1.7466783043916136
1.742178167058321
1.7376780297250283
1.731052827539903
1.7274277169103063
1.7226775719473861
1.7178024231696525
1.712427259132664
1.7084271370586261
1.7031769768364513
1.697426801355022
1.693426679280984
1.6888015381328776
1.6849264198736535
1.6803012787255471
1.6763011566515091
1.6715510116885892
1.667300881984924
1.6636757713553272
1.659800653096103
1.6551755119479965
1.651425397503586
1.6479252906888027
1.6436751609851377
1.6405500656147955
1.637549974059267
1.6352999053926207
1.631174779503769
1.6275496688741722
1.625174596392712
1.622924527726066
1.618924405652028
1.6167993408001955
1.614549272133549
1.611799188207648
1.6096741233558154
1.6079240699484236
1.6060490127262186
1.6044239631336406
1.601048860133671
1.5996738181707206
1.5976737571337016
1.5957986999114964
1.5950486770226142
1.5940486465041048
1.5914235663930174
1.5906735435041353
1.5897985168004394
1.5881734672078616
1.5874234443189794
1.5859233985412151
1.5851733756523332
1.5842983489486373
1.5841733451338236
1.5830483108005005
1.5821732840968048
1.5821732840968048
1.581298257393109
1.5807982421338542
1.580048219244972
1.5791731925412764
1.5791731925412764
1.5784231696523943
1.5780481582079533
1.5782981658375803
1.5777981505783258
1.5780481582079533
1.5771731315042574
1.5771731315042574
1.57692312387463
1.57692312387463
1.5761731009857478
1.576548112430189
1.5764231086153753
1.57692312387463
1.5766731162450025
1.5767981200598165
1.5770481276894437
1.5771731315042574
1.5767981200598165
1.57692312387463
1.57692312387463
1.5767981200598165
1.5766731162450025
1.5781731620227668
1.5775481429486986
1.5777981505783258
1.5779231543931396
1.5780481582079533
1.5779231543931396
1.5776731467635121
1.5780481582079533
1.5777981505783258
1.5781731620227668
1.5785481734672078
1.578923184911649
1.5787981810968352
1.5795482039857174
1.5795482039857174
1.5801732230597858
1.5795482039857174
1.580048219244972
1.5795482039857174
1.5799232154301586
1.580048219244972
1.5806732383190405
1.5804232306894133
1.5814232612079226
1.5810482497634815
1.5810482497634815
1.5819232764671776
1.5817982726523636
1.5817982726523636
1.58167326883755
1.5824232917264323
1.5825482955412458
1.5831733146153144
1.583298318430128
1.5835483260597554
1.5831733146153144
1.5837983336893826
1.5835483260597554
1.5834233222449416
1.5839233375041963
1.58404834131901
1.5842983489486373
1.5847983642078922
1.5855483870967744
1.5849233680227057
1.5851733756523332
1.5859233985412151
1.5861734061708426
1.5855483870967744
1.5855483870967744
1.5861734061708426
1.5870484328745385
1.5867984252449112
1.5870484328745385
1.5877984557634206
1.587298440504166
1.5866734214300973
1.587923459578234
1.5871734366893522
1.5877984557634206
1.5881734672078616
1.5877984557634206
1.5882984710226753
1.58879848628193
1.5886734824671163
1.5894235053559984
1.5896735129856259
1.5895485091708121
1.5894235053559984
1.5892985015411847
1.5895485091708121
1.5900485244300668
1.5901735282448806
1.5906735435041353
1.590798547318949
1.5911735587633902
1.590798547318949
1.5909235511337627
1.5912985625782037
1.5909235511337627
1.5914235663930174
1.5912985625782037
1.5916735740226449
1.5920485854670858
1.5926736045411543
1.592298593096713
1.5925486007263405
1.592798608355968
1.5921735892818996
1.5926736045411543
1.592798608355968
1.5932986236152227
1.5934236274300364
1.5937986388744774
1.5940486465041048
1.5941736503189183
1.5940486465041048
1.5940486465041048
1.594298654133732
1.594298654133732
1.5945486617633595
1.5952986846522417
1.5950486770226142
1.5952986846522417
1.5955486922818691
1.5957986999114964
1.5955486922818691
1.5957986999114964
1.5959237037263099
1.5955486922818691
1.596298715170751
1.5964237189855648
1.5969237342448195
1.5969237342448195
1.5976737571337016
1.5974237495040742
1.5974237495040742
1.5977987609485154
1.597173741874447
1.5972987456892607
1.5979237647633289
1.5976737571337016
1.598673787652211
1.5980487685781428
1.5985487838373975
1.5984237800225838
1.5985487838373975
1.5984237800225838
1.598798791467025
1.598798791467025
1.5990487990966522
1.5985487838373975
1.5989237952818385
1.5994238105410932
1.5997988219855341
1.5999238258003479
1.6002988372447888
1.5999238258003479
1.6005488448744163
1.6009238563188575
1.6004238410596028
1.6009238563188575
1.6022988982818078
1.6017988830225531
1.6020488906521806
1.6024239020966218
1.6025489059114353
1.6020488906521806
1.6025489059114353
1.6032989288003174
1.6029239173558765
1.6032989288003174
1.6037989440595721
1.6045489669484543
1.6047989745780817
1.6057990050965911
1.6057990050965911
1.6062990203558458
1.607049043244728
1.6080490737632376
1.6082990813928648
1.6092991119113744
1.6109241615039522
1.612174199652089
1.6129242225409712
1.6147992797631765
1.6159243140964994
1.6167993408001955
1.6184243903927733
1.6206744590594195
1.6221745048371838
1.6245495773186438
1.6266746421704763
1.6289247108371228
1.6312997833185827
1.6340498672444839
1.6367999511703848
1.639550035096286
1.6418001037629322
1.6453002105777155
1.6481752983184301
1.651800408948027
1.6550505081331828
1.658925626392407
1.662800744651631
1.666800866725669
1.671176000244148
1.675176122318186
1.6790512405774103
1.683926389355144
1.6885515305032504
1.6933016754661703
1.6985518356883451
1.7038019959105197
1.7085521408734399
1.7139273049104282
1.7188024536881619
1.723552598651082
1.7285527512436292
1.7331778923917356
1.737428022095401
1.742178167058321
1.7465533005767997
1.7505534226508377
1.7545535447248757
1.7581786553544725
1.761553758354442
1.764803857539598
1.7664289071321757
1.7693039948728904
1.771429059724723
1.7733041169469284
1.7751791741691336
1.776554216132084
1.7769292275765252
1.778179265724662
1.778679280983917
1.7788042847987304
1.7778042542802208
1.776554216132084
1.7755541856135748
1.7735541245765558
1.7719290749839778
1.7708040406506547
1.7681789605395672
1.7650538651692254
1.7624287850581377
1.759553697317423
1.7549285561693166
1.7514284493545336
1.747678334910123
1.7426781823175757
1.7380530411694692
1.7336779076509903
1.7291777703176978
1.7248026367992186
1.7204275032807397
1.7149273354289376
1.7096771752067628
1.7045520187994019
1.6999268776512955
1.6946767174291208
1.6895515610217597
1.684301400799585
1.680676290169988
1.6754261299478135
1.6709259926145208
1.666050843836787
1.6619257179479354
1.6573005767998292
1.6533004547257912
1.649050325022126
1.6453002105777155
1.641925107577746
1.6385500045777766
1.635174901577807
1.6325498214667196
1.629299722281564
1.626424634540849
1.6239245582445754
1.6207994628742333
1.6190494094668417
1.6160493179113133
1.6142992645039216
1.6130492263557847
1.6110491653187657
1.6095491195410014
1.6092991119113744
1.607049043244728
1.6052989898373364
1.6046739707632678
1.6036739402447586
1.6020488906521806
1.6017988830225531
1.6005488448744163
1.6004238410596028
1.5996738181707206
1.5992988067262794
1.598673787652211
1.5979237647633289
1.597173741874447
1.5961737113559373
1.5949236732078005
1.5941736503189183
1.5935486312448501
1.591923581652272
1.589923520615253
1.588423474837489
1.5856733909115879
1.5825482955412458
1.5791731925412764
1.5747980590227975
1.5695478988006226
1.5640477309488205
1.55792254402295
1.5511723380230111
1.544047120578631
1.5367968993194372
1.5294216742454299
1.5219214453566088
1.5150462355418564
1.5082960295419172
1.5029208655049286
1.4986707358012636
1.496045655690176
1.4950456251716666
1.4974206976531268
1.5022958464308604
1.5102960905789362
1.5205464033936582
1.5350468459120459
1.5544224372081668
1.576548112430189
1.6044239631336406
1.636674947355571
1.6733010650959808
1.7150523392437513
1.7599287087618642
1.8089302041688284
1.8599317606128116
1.9124333628345591
1.9663100070192572
2.0199366435743276
2.0728132572405165
2.122189764091922
2.1685661793877986
2.2085674001281776
2.242193426313059
2.267944212164678
2.2840697042756433
2.290569902645955
2.269444257942442
2.2565688650166327
2.23544322031312
2.2070673543504133
2.1681911679433576
2.123939817499313
2.073688283944212
2.0195616321298866
1.9623098849452194
1.9039331034272287
1.8465563524277475
1.7893046052430799
1.7340529190954315
1.6816763206884975
1.6329248329111608
1.5886734824671163
1.547547227393414
1.5125461592455824
1.481420209356975
1.456169438764611
1.4356688131351665
1.420043336283456
1.4087929929502243
1.401792779320658
1.3986676839503158
1.4000427259132666
1.4042928556169316
1.4106680501724296
1.4190433057649465
1.4287936033204138
1.4404189580980864
1.451669301431318
1.4640446790978727
1.4757950376903592
1.488170415356914
1.4982957243568225
1.509171056245613
1.5190463576158941
1.5276716208380383
1.535671864986114
1.5422970671712395
1.5472972197637866
1.5517973570970793
1.5561724906155583
1.5595475936155279
1.5627976928006837
1.5652977690969574
1.5679228492080448
1.5691728873561817
1.570547929319132
1.5712979522080142
1.5727979979857785
1.5735480208746606
1.5736730246894741
1.5746730552079835
1.5751730704672384
1.5761731009857478
1.5766731162450025
1.5771731315042574
1.5770481276894437
1.5775481429486986
1.5779231543931396
1.5777981505783258
1.5786731772820215
1.5794232001709037
1.5791731925412764
1.580923245948668
1.58167326883755
1.5831733146153144
1.584423352763451
1.5845483565782648
1.586048402356029
1.5875484481337934
1.5875484481337934
1.5897985168004394
1.5897985168004394
1.5917985778374584
1.5932986236152227
1.5949236732078005
1.5956736960966826
1.597173741874447
1.599173802911466
1.6001738334299753
1.6017988830225531
1.6041739555040133
1.6059240089114046
1.6084240852076785
1.6100491348002564
1.6119241920224616
1.6144242683187355
1.616549333170568
1.618924405652028
1.6214244819483017
1.623299539170507
1.6265496383556628
1.62917471846675
1.632424817651906
1.6347998901333658
1.6385500045777766
1.64105008087405
1.6441751762443924
1.6475502792443617
1.6509253822443313
1.6533004547257912
1.6575505844294565
1.6614257026886807
1.6659258400219734
1.6690509353923155
1.673176061281167
1.677176183355205
1.6805512863551746
1.685051423688467
1.6896765648365732
1.693801690725425
1.6984268318735312
1.7024269539475692
1.7074271065401168
1.7115522324289683
1.7169273964659566
1.7210525223548083
1.725927671132542
1.730677816095462
1.7356779686880093
1.7406781212805567
1.7453032624286628
1.7488033692434461
1.7548035523545031
1.7589286782433546
1.7644288460951567
1.7696790063173315
1.773804132206183
1.7771792352061526
1.782929410687582
1.78692953276162
1.7921796929837945
1.7959298074282053
1.8009299600207527
1.8044300668355358
1.8081801812799463
1.8126803186132388
1.8165554368724632
1.8206805627613147
1.8243056733909115
1.8274307687612537
1.8301808526871548
1.8328059327982422
1.8368060548722802
1.8395561387981811
1.8420562150944548
1.844681295205542
1.8475563829462571
1.8490564287240212
1.8508064821314127
1.8528065431684317
1.8534315622425002
1.8549316080202642
1.8566816614276558
1.857056672872097
1.8575566881313517
1.8578066957609791
1.8580567033906066
1.8579316995757926
1.8568066652424697
1.8566816614276558
1.8555566270943329
1.8549316080202642
1.8529315469832455
1.852681539353618
1.8505564745017853
1.849556443983276
1.8470563676870022
1.8439312723166599
1.8416812036500139
1.8391811273537402
1.8359310281685843
1.8334309518723106
1.8290558183538315
1.8275557725760676
1.8231806390575884
1.8198055360576189
1.8160554216132085
1.8108052613910337
1.807180150761437
1.8033050325022126
1.7985548875392925
1.7939297463911863
1.7899296243171485
1.78455446028016
1.7804293343913085
1.7760542008728295
1.7709290444654684
1.7654288766136663
1.7606787316507462
1.7561785943174535
1.7501784112063965
1.7455532700582903
1.7406781212805567
1.7363029877620777
1.7308028199102756
1.7264276863917967
1.7216775414288765
1.7160523697622607
1.7123022553178504
1.7063020722067934
1.7019269386883145
1.6971767937253945
1.6918016296884062
1.6876765037995543
1.6836763817255165
1.6794262520218513
1.675676137577441
1.6705509811700798
1.6658008362071597
1.6624257332071901
1.6584256111331521
1.6539254737998597
1.6509253822443313
1.6464252449110386
1.6436751609851377
1.6401750541703544
1.637924985503708
1.633674855800043
1.630799768059328
1.627299661244545
1.6242995696890163
1.620924466689047
1.6187994018372145
1.6166743369853815
1.6136742454298534
1.6116741843928344
1.6099241309854426
1.6072990508743554
1.6049239783928952
1.6039239478743859
1.601173863948485
1.598673787652211
1.5970487380596332
1.595173680837428
1.5941736503189183
1.5934236274300364
1.5917985778374584
1.5910485549485762
1.5909235511337627
1.588423474837489
1.5869234290597247
1.5857983947264016
1.5851733756523332
1.5837983336893826
1.5839233375041963
1.5827983031708732
1.5821732840968048
1.5814232612079226
1.579673207800531
1.5807982421338542
1.5799232154301586
1.57929819635609
1.5784231696523943
1.57692312387463
1.5782981658375803
1.5780481582079533
1.5781731620227668
1.5782981658375803
1.5775481429486986
1.5772981353190711
1.5770481276894437
1.57692312387463
1.576548112430189
1.5754230780968657
1.5761731009857478
1.57692312387463
1.576548112430189
1.5771731315042574
1.57692312387463
1.5761731009857478
1.5771731315042574
1.5766731162450025
1.576548112430189
1.576548112430189
1.57692312387463
1.5772981353190711
1.5780481582079533
1.5780481582079533
1.5779231543931396
1.5775481429486986
1.5780481582079533
1.5780481582079533
1.5777981505783258
1.5780481582079533
1.5791731925412764
1.5787981810968352
1.5795482039857174
1.57929819635609
1.5795482039857174
1.578923184911649
1.5797982116153446
1.5791731925412764
1.5795482039857174
1.5797982116153446
1.5801732230597858
1.5802982268745993
1.5802982268745993
1.580923245948668
1.5805482345042268
1.5819232764671776
1.5815482650227364
1.5819232764671776
1.58167326883755
1.5815482650227364
1.5831733146153144
1.5826732993560595
1.5826732993560595
1.5826732993560595
1.5842983489486373
1.5834233222449416
1.5824232917264323
1.5834233222449416
1.5831733146153144
1.585298379467147
1.584423352763451
1.584423352763451
1.5842983489486373
1.5845483565782648
1.5865484176152838
1.5846733603930783
1.5854233832819604
1.5854233832819604
1.5856733909115879
1.5855483870967744
1.587298440504166
1.5865484176152838
1.58642341380047
1.5866734214300973
1.5871734366893522
1.5870484328745385
1.5876734519486069
1.5871734366893522
1.5876734519486069
1.5874234443189794
1.588423474837489
1.5877984557634206
1.5881734672078616
1.588423474837489
1.5894235053559984
1.5896735129856259
1.58879848628193
1.5895485091708121
1.5892985015411847
1.5891734977263712
1.5891734977263712
1.590298532059694
1.590298532059694
1.590298532059694
1.590798547318949
1.590298532059694
1.5910485549485762
1.5905485396893215
1.5909235511337627
1.5909235511337627
1.5911735587633902
1.5916735740226449
1.5920485854670858
1.5920485854670858
1.592423596911527
1.5920485854670858
1.591923581652272
1.592798608355968
1.592798608355968
1.592423596911527
1.592798608355968
1.5934236274300364
1.5930486159855952
1.5935486312448501
1.5941736503189183
1.5941736503189183
1.5940486465041048
1.5939236426892909
1.594298654133732
1.594798669392987
1.5944236579485458
1.595173680837428
1.5950486770226142
1.5949236732078005
1.5950486770226142
1.5956736960966826
1.5957986999114964
1.5956736960966826
1.5960487075411238
1.5961737113559373
1.595173680837428
1.595173680837428
1.596798730430006
1.596798730430006
1.5970487380596332
1.597173741874447
1.5974237495040742
1.5979237647633289
1.5974237495040742
1.5975487533188881
1.5969237342448195
1.5981737723929563
1.5989237952818385
1.5977987609485154
1.5989237952818385
1.5990487990966522
1.5994238105410932
1.5981737723929563
1.5985487838373975
1.5989237952818385
1.5990487990966522
1.599173802911466
1.599173802911466
1.5994238105410932
1.5997988219855341
1.6004238410596028
1.6001738334299753
1.5989237952818385
1.6002988372447888
1.6000488296151616
1.6004238410596028
1.6009238563188575
1.6017988830225531
1.6014238715781122
1.601048860133671
1.6021738944669943
1.6016738792077396
1.6015488753929257
1.602673909726249
1.6027989135410627
1.6025489059114353
1.6029239173558765
1.60304892117069
1.6040489516891996
1.6041739555040133
1.6051739860225227
1.60542399365215
1.6051739860225227
1.6065490279854733
1.6067990356151007
1.6076740623187964
1.6084240852076785
1.6099241309854426
1.6104241462446975
1.6116741843928344
1.613424237800226
1.6147992797631765
1.616924344615009
1.6175493636890774
1.6191744132816552
1.620924466689047
1.623299539170507
1.625299600207526
1.6274246650593585
1.629674733726005
1.6325498214667196
1.6349248939481797
1.6398000427259134
1.6394250312814722
1.6438001647999512
1.6456752220221567
1.6493003326517535
1.6515504013183995
1.6573005767998292
1.6606756797997986
1.6635507675405132
1.6685509201330608
1.6719260231330302
1.6758011413922544
1.6808012939848018
1.6853014313180945
1.6896765648365732
1.6941767021698662
1.6995518662068545
1.704927030243843
1.7093021637623218
1.7154273506881925
1.7200524918362987
1.7255526596881008
1.7296777855769523
1.7339279152806177
1.7386780602435379
1.7429281899472029
1.747678334910123
1.7519284646137883
1.755553575243385
1.7590536820581684
1.7620537736136967
1.764803857539598
1.767803949095126
1.7703040253914
1.7720540787987915
1.7740541398358105
1.7748041627246927
1.777054231391339
1.7775542466505936
1.7784292733542895
1.7783042695394757
1.7775542466505936
1.7773042390209661
1.776554216132084
1.7745541550950652
1.7735541245765558
1.7724290902432325
1.7700540177617725
1.7671789300210579
1.7645538499099704
1.761928769798883
1.757553636280404
1.7545535447248757
1.7501784112063965
1.746053285317545
1.7415531479842525
1.7375530259102145
1.7329278847621081
1.7280527359843745
1.7229275795770134
1.719552476577044
1.7125522629474779
1.709177159947508
1.7033019806512648
1.6984268318735312
1.6935516830957975
1.6879265114291817
1.6848014160588396
1.6789262367625966
1.6745511032441176
1.670050965910825
1.6655508285775322
1.660925687429426
1.6564255500961331
1.6524254280220954
1.6484253059480574
1.6441751762443924
1.6411750846888638
1.6374249702444532
1.6346748863185523
1.63154979094821
1.628424695577868
1.6255496078371532
1.6230495315408795
1.6204244514297923
1.6172993560594502
1.6166743369853815
1.6136742454298534
1.6126742149113438
1.6106741538743248
1.609799127170629
1.6089241004669332
1.6062990203558458
1.6055489974669637
1.6037989440595721
1.6022988982818078
1.602673909726249
1.6016738792077396
1.6007988525040437
1.601173863948485
1.5996738181707206
1.5989237952818385
1.5980487685781428
1.596798730430006
1.5975487533188881
1.5959237037263099
1.5949236732078005
1.594798669392987
1.5929236121707817
1.5914235663930174
1.5896735129856259
1.5877984557634206
1.5834233222449416
1.5824232917264323
1.5781731620227668
1.5740480361339153
1.5676728415784174
1.5631727042451247
1.5575475325785089
1.5497972960600603
1.5431720938749351
1.5357968688009278
1.5279216284676658
1.5209214148380994
1.5130461745048374
1.5066709799493394
1.5014208197271646
1.4975457014679403
1.4962956633198035
1.4965456709494307
1.4981707205420087
1.5035458845789973
1.5120461439863278
1.5234214911343729
1.5391719718008974
1.558297555467391
1.582923306985687
1.6106741538743248
1.6444251838740198
1.6816763206884975
1.7230525833918273
1.7700540177617725
1.8178054750206
1.8694320505386517
1.9234336985381635
1.9774353465376753
2.029561937314982
2.083188573870052
2.132065065462203
2.1770664387951295
2.2158176213873713
2.2481936094241157
2.270819299905393
2.286569780571917
2.289319864497818
2.266819177831355
2.252443739127781
2.2316931058687097
2.1993171178319653
2.1601909237952817
2.1146895352031008
2.063062959685049
2.0074362620929596
1.950559526352733
1.8928077639088106
1.8348059938352612
1.7778042542802208
1.7224275643177587
1.671176000244148
1.6239245582445754
1.57929819635609
1.5404220099490342
1.5057959532456433
1.4757950376903592
1.4515442976165045
1.4320437025055697
1.4175432599871822
1.4067929319132053
1.401042756431776
1.3987926877651295
1.4004177373577074
1.4059179052095097
1.41204309213538
1.421168370616779
1.4321687063203834
1.4425440229499193
1.4539193700979645
1.4647947019867549
1.477045075838496
1.4902954802087467
1.5007958006530961
1.5114211249122593
1.520296395764031
1.5292966704306161
1.53654689168981
1.5430470900601214
1.5489222693563647
1.5519223609118933
1.5562974944303722
1.56029761650441
1.5631727042451247
1.5659227881710258
1.56742283394879
1.5697979064302499
1.5706729331339457
1.57217297891171
1.5735480208746606
1.5742980437635425
1.574923062837611
1.5744230475783563
1.5761731009857478
1.5761731009857478
1.5770481276894437
1.5752980742820522
1.57692312387463
1.5774231391338847
1.5777981505783258
1.5784231696523943
1.5797982116153446
1.5790481887264625
1.5802982268745993
1.5819232764671776
1.5824232917264323
1.5811732535782954
1.5841733451338236
1.585298379467147
1.5857983947264016
1.5861734061708426
1.5891734977263712
1.5897985168004394
1.5905485396893215
1.5921735892818996
1.5939236426892909
1.5944236579485458
1.5955486922818691
1.5972987456892607
1.598798791467025
1.6005488448744163
1.602673909726249
1.6047989745780817
1.6062990203558458
1.608174077578051
1.6099241309854426
1.6124242072817165
1.6140492568742943
1.6170493484298227
1.6196744285409101
1.62204950102237
1.6235495468001342
1.6265496383556628
1.6295497299111912
1.6327998290963468
1.6352999053926207
1.63867500839259
1.643050141911069
1.644675191503647
1.6480502945036166
1.6515504013183995
1.6539254737998597
1.6580505996887114
1.6623007293923764
1.666050843836787
1.669300943021943
1.6743010956144901
1.677551194799646
1.681551316873684
1.686301461836604
1.6905515915402693
1.6950517288735618
1.6979268166142767
1.7044270149845882
1.708177129428999
1.7129272743919186
1.7183024384289072
1.721927549058504
1.726302682576983
1.731427838984344
1.7359279763176367
1.7408031250953704
1.7455532700582903
1.7509284340952787
1.7545535447248757
1.7599287087618642
1.76555388042848
1.7695540025025178
1.7736791283913693
1.7788042847987304
1.782929410687582
1.7875545518356883
1.7919296853541673
1.7959298074282053
1.8005549485763115
1.8050550859096042
1.8093052156132694
1.8128053224280527
1.8173054597613454
1.820555558946501
1.82493069246498
1.8271807611316264
1.830930875576037
1.8338059633167516
1.8368060548722802
1.8395561387981811
1.8431812494277782
1.8450563066499832
1.847181371501816
1.8489314249092075
1.851181493575854
1.8525565355388043
1.8539315775017549
1.8556816309091464
1.8555566270943329
1.857431684316538
1.8578066957609791
1.8579316995757926
1.8576816919461654
1.8586817224646748
1.8573066805017244
1.856181646168401
1.8555566270943329
1.8543065889461958
1.853181554612873
1.8520565202795496
1.850681478316599
1.8485564134647665
1.8479313943906979
1.8444312875759148
1.8413061922055727
1.8386811120944853
1.8355560167241434
1.8323059175389873
1.8299308450575276
1.8255557115390486
1.8223056123538928
1.8190555131687367
1.815055391094699
1.8101802423169653
1.8069301431318094
1.8021799981688895
1.7980548722800378
1.7933047273171179
1.7883045747245705
1.78455446028016
1.7796793115024263
1.7755541856135748
1.7703040253914
1.7645538499099704
1.7596787011322368
1.7549285561693166
1.749678395947142
1.7446782433545946
1.7414281441694388
1.7351779534287546
1.7300527970213935
1.7251776482436598
1.7200524918362987
1.7150523392437513
1.7105522019104589
1.7065520798364209
1.700176885280923
1.6975518051698355
1.6919266335032197
1.6873014923551135
1.682676351207007
1.6790512405774103
1.6745511032441176
1.6694259468367565
1.6656758323923462
1.6618007141331217
1.6574255806146427
1.653425458540605
1.6496753440961944
1.6463002410962249
1.6423001190221869
1.639925046540727
1.6367999511703848
1.634299874874111
1.6295497299111912
1.6267996459852903
1.624049562059389
1.6202994476149783
1.6186743980224005
1.6156743064668722
1.6136742454298534
1.6115491805780204
1.6091741080965607
1.6075490585039827
1.6049239783928952
1.603173924985504
1.60067384868923
1.5989237952818385
1.597173741874447
1.5956736960966826
1.5949236732078005
1.5931736198004092
1.5910485549485762
1.5897985168004394
1.5894235053559984
1.5876734519486069
1.587298440504166
1.5857983947264016
1.5850483718375195
1.5846733603930783
1.5831733146153144
1.5831733146153144
1.582923306985687
1.58167326883755
1.5806732383190405
1.5799232154301586
1.5795482039857174
1.5785481734672078
1.5777981505783258
1.5780481582079533
1.5777981505783258
1.5779231543931396
1.5777981505783258
1.5774231391338847
1.5781731620227668
1.5766731162450025
1.5767981200598165
1.5761731009857478
1.5764231086153753
1.5750480666524247
1.5761731009857478
1.5766731162450025
1.5770481276894437
1.5775481429486986
1.5770481276894437
1.5766731162450025
1.5766731162450025
1.5780481582079533
1.5754230780968657
1.5775481429486986
1.5771731315042574
1.5775481429486986
1.5779231543931396
1.57692312387463
1.5785481734672078
1.5784231696523943
1.5776731467635121
1.5782981658375803
1.5774231391338847
1.5780481582079533
1.5799232154301586
1.5787981810968352
1.5795482039857174
1.580048219244972
1.57929819635609
1.57929819635609
1.57929819635609
1.5795482039857174
1.5797982116153446
1.5791731925412764
1.580048219244972
1.58167326883755
1.5806732383190405
1.5817982726523636
1.5811732535782954
1.5814232612079226
1.5815482650227364
1.58167326883755
1.5815482650227364
1.5819232764671776
1.5830483108005005
1.582048280281991
1.5827983031708732
1.5831733146153144
1.5841733451338236
1.5834233222449416
1.5835483260597554
1.5834233222449416
1.5837983336893826
1.5831733146153144
1.5837983336893826
1.5842983489486373
1.5847983642078922
1.5851733756523332
1.5854233832819604
1.587298440504166
1.5856733909115879
1.5855483870967744
1.585298379467147
1.5857983947264016
1.5855483870967744
1.586048402356029
1.5865484176152838
1.5876734519486069
1.5876734519486069
1.5869234290597247
1.5874234443189794
1.5874234443189794
1.587298440504166
1.587298440504166
1.5886734824671163
1.588048463393048
1.5886734824671163
1.588423474837489
1.5891734977263712
1.5896735129856259
1.5886734824671163
1.5896735129856259
1.5894235053559984
1.5894235053559984
1.5906735435041353
1.5891734977263712
1.5897985168004394
1.5905485396893215
1.5910485549485762
1.5909235511337627
1.5909235511337627
1.5911735587633902
1.5912985625782037
1.5906735435041353
1.591923581652272
1.5912985625782037
1.5917985778374584
1.5921735892818996
1.5925486007263405
1.592423596911527
1.5926736045411543
1.592298593096713
1.592423596911527
1.5925486007263405
1.592798608355968
1.5939236426892909
1.5936736350596639
1.5932986236152227
1.5939236426892909
1.5940486465041048
1.5926736045411543
1.5939236426892909
1.5941736503189183
1.5936736350596639
1.5944236579485458
1.5954236884670552
1.594298654133732
1.5954236884670552
1.5959237037263099
1.5960487075411238
1.5965487228003785
1.5960487075411238
1.5957986999114964
1.5952986846522417
1.5957986999114964
1.5945486617633595
1.5965487228003785
1.5969237342448195
1.5972987456892607
1.5970487380596332
1.5955486922818691
1.5965487228003785
1.5974237495040742
1.5964237189855648
1.5974237495040742
1.5974237495040742
1.5981737723929563
1.5977987609485154
1.5990487990966522
1.5985487838373975
1.5981737723929563
1.598673787652211
1.598673787652211
1.5985487838373975
1.5989237952818385
1.5981737723929563
1.5994238105410932
1.5996738181707206
1.5999238258003479
1.6002988372447888
1.5994238105410932
1.6004238410596028
1.60067384868923
1.6005488448744163
1.6004238410596028
1.6007988525040437
1.6012988677632984
1.6015488753929257
1.6017988830225531
1.6019238868373669
1.6025489059114353
1.6017988830225531
1.6021738944669943
1.602673909726249
1.6022988982818078
1.6032989288003174
1.60304892117069
1.6039239478743859
1.6044239631336406
1.606174016541032
1.6060490127262186
1.6057990050965911
1.6067990356151007
1.6071740470595417
1.6077990661336101
1.6087990966521197
1.609799127170629
1.6112991729483932
1.6120491958372754
1.613799249244667
1.6150492873928037
1.6159243140964994
1.6181743827631458
1.6199244361705374
1.6205494552446058
1.6234245429853207
1.6254246040223395
1.628049684133427
1.6294247260963775
1.632299813837092
1.6349248939481797
1.6385500045777766
1.6394250312814722
1.6433001495406965
1.645925229651784
1.6493003326517535
1.6531754509109775
1.6563005462813196
1.660925687429426
1.6641757866145819
1.668800927762688
1.6710509964293345
1.6766761680959503
1.6814263130588702
1.6854264351329082
1.6899265724662007
1.695801751762444
1.6994268623920408
1.7051770378734703
1.7105522019104589
1.7160523697622607
1.7223025605029452
1.7251776482436598
1.7295527817621388
1.734552934354686
1.7389280678731651
1.7434282052064578
1.748053346354564
1.7518034607989748
1.7558035828730125
1.7601787163914915
1.7614287545396283
1.7656788842432936
1.7680539567247535
1.7705540330210272
1.7720540787987915
1.7751791741691336
1.775429181798761
1.7771792352061526
1.7778042542802208
1.7789292886135442
1.7783042695394757
1.7778042542802208
1.7774292428357799
1.776554216132084
1.7745541550950652
1.7739291360209968
1.7720540787987915
1.7690539872432631
1.7666789147618032
1.7644288460951567
1.7611787469100009
1.758803674428541
1.7541785332804345
1.7499284035767695
1.7455532700582903
1.7411781365398113
1.7368030030213324
1.7321778618732262
1.7278027283547472
1.723552598651082
1.7183024384289072
1.7139273049104282
1.7079271217993715
1.7028019653920103
1.6976768089846492
1.6925516525772883
1.6893015533921325
1.6834263740958892
1.6785512253181556
1.675176122318186
1.6690509353923155
1.6641757866145819
1.660550675984985
1.6561755424665061
1.6516754051332134
1.6481752983184301
1.6444251838740198
1.6413000885036775
1.6370499588000123
1.6345498825037386
1.6317997985778374
1.6287997070223093
1.6254246040223395
1.6226745200964385
1.6200494399853511
1.6179243751335184
1.6146742759483628
1.6136742454298534
1.6120491958372754
1.6107991576891385
1.6096741233558154
1.6084240852076785
1.6069240394299142
1.6052989898373364
1.6041739555040133
1.602673909726249
1.6007988525040437
1.6012988677632984
1.601048860133671
1.6007988525040437
1.6001738334299753
1.5992988067262794
1.5975487533188881
1.5981737723929563
1.5970487380596332
1.5959237037263099
1.5959237037263099
1.5930486159855952
1.5934236274300364
1.5914235663930174
1.5894235053559984
1.5871734366893522
1.5849233680227057
1.5811732535782954
1.5775481429486986
1.572547990356151
1.5679228492080448
1.5620476699118016
1.5562974944303722
1.5491722769859921
1.5417970519119846
1.5341718192083498
1.5272966093935971
1.5189213538010804
1.51279616687521
1.5065459761345255
1.5012958159123508
1.4979207129123815
1.4961706595049897
1.4959206518753625
1.4991707510605183
1.5041709036530655
1.5125461592455824
1.5247965330973237
1.5406720175786617
1.5604226203192237
1.5854233832819604
1.61492428357799
1.6484253059480574
1.6868014770958586
1.7284277474288157
1.7749291665395062
1.8239306619464706
1.8765572679830318
1.9283088473158971
1.98268550675985
2.036187139500107
2.0890637531662954
2.137565233314005
2.1814415723136085
2.2194427320169683
2.2511937009796443
2.2736943876461075
2.2876948149052403
2.2871947996459854
2.2653191320535906
2.250943693350017
2.2269429609057894
2.1954419995727408
2.1563158055360576
2.109689382610553
2.0574377880184334
2.0018110904263433
1.9449343546861173
1.886307565538499
1.8286808069093905
1.7725540940580462
1.7173024079103976
1.6658008362071597
1.618924405652028
1.5752980742820522
1.5377969298379466
1.5019208349864193
1.4736699728385265
1.449669240394299
1.4300436414685507
1.4166682332834866
1.4060429090243234
1.4002927335428939
1.3995427106540117
1.4005427411725213
1.405792901394696
1.4131681264687033
1.4227934202093568
1.431918698690756
1.4436690572832422
1.4550444044312876
1.4681698049867247
1.4795451521347698
1.490545487838374
1.5016708273567918
1.5126711630603962
1.5214214300973539
1.5304217047639395
1.5374219183935056
1.5432970976897489
1.54842225409711
1.5530473952452162
1.556672505874813
1.561172643208106
1.563797723319193
1.5665478072450942
1.568172856837672
1.5696729026154363
1.5710479445783867
1.5724229865413375
1.5731730094302194
1.5741730399487288
1.5746730552079835
1.5757980895413068
1.5757980895413068
1.5771731315042574
1.5771731315042574
1.5782981658375803
1.5770481276894437
1.5772981353190711
1.5776731467635121
1.5780481582079533
1.5785481734672078
1.5795482039857174
1.5799232154301586
1.5814232612079226
1.5826732993560595
1.5815482650227364
1.5839233375041963
1.5846733603930783
1.5867984252449112
1.5877984557634206
1.587923459578234
1.590298532059694
1.5909235511337627
1.5920485854670858
1.595173680837428
1.5949236732078005
1.5965487228003785
1.5979237647633289
1.5992988067262794
1.60067384868923
1.6025489059114353
1.6045489669484543
1.6065490279854733
1.6084240852076785
1.6107991576891385
1.6130492263557847
1.6180493789483323
1.6175493636890774
1.6195494247260964
1.6210494705038605
1.624049562059389
1.629674733726005
1.6290497146519365
1.6329248329111608
1.6356749168370617
1.6390500198370312
