1.6615507065034945
1.668800927762688
1.6758011413922544
1.682676351207007
1.6891765495773186
1.6950517288735618
1.702551957762383
1.708052125614185
1.714427320169683
1.7194274727622303
1.7234275948362683
1.7271777092806788
1.7308028199102756
1.7333028962065493
1.7350529496139409
1.7359279763176367
1.737303018280587
1.7360529801324502
1.7349279457991271
1.7338029114658042
1.7309278237250891
1.7276777245399335
1.7238026062807095
1.7190524613177893
1.7139273049104282
1.708052125614185
1.702551957762383
1.6963017670216987
1.6898015686513872
1.6831763664662618
1.675176122318186
1.6683009125034334
1.6611756950590533
1.6539254737998597
1.6471752677999205
1.639550035096286
1.6330498367259743
1.626424634540849
1.6206744590594195
1.6157993102816859
1.609049104281747
1.603173924985504
1.5972987456892607
1.5932986236152227
1.5886734824671163
1.5842983489486373
1.579673207800531
1.5772981353190711
1.5734230170598467
1.570172917874691
1.5671728263191627
1.5632977080599384
1.5581725516525773
1.5544224372081668
1.5489222693563647
1.542047059541612
1.5344218268379772
1.5245465254676962
1.5151712393566699
1.5052959379863888
1.4942956022827847
1.4829202551347391
1.4707948850978119
1.4599195532090212
1.4515442976165045
1.4464191412091434
1.4461691335795162
1.4522943205053866
1.4641696829126867
1.4835452742088078
1.5114211249122593
1.546422193060091
1.5900485244300668
1.6428001342814416
1.7043020111697744
1.7739291360209968
1.853181554612873
1.9355590685750907
2.0165615405743584
2.0910638142033147
2.1560657979064306
2.2086924039429916
2.245693533127842
2.2653191320535906
2.272819360942411
2.25681887264626
2.2196927396465957
2.1670661336100348
2.10143913083285
2.027686880092776
1.9485594653157141
1.8655569322794274
1.7830544145023959
1.7033019806512648
1.629674733726005
1.5645477462080752
1.5105460982085634
1.4657947325052645
1.4320437025055697
1.4071679433576463
1.3915424665059357
1.3837922299874874
1.38354222235786
1.3892923978392897
1.4002927335428939
1.4155431989501632
1.4331687368388928
1.4514192938016908
1.4702948698385572
1.4864203619495224
1.5016708273567918
1.5156712546159246
1.5267965941343424
1.536921903134251
1.5454221625415814
1.5510473342081972
1.5556724753563036
1.5601726126895963
1.5639227271340068
1.566297799615467
1.5691728873561817
1.5717979674672689
1.5737980285042878
1.576548112430189
1.5785481734672078
1.5810482497634815
1.5835483260597554
1.5859233985412151
1.5891734977263712
1.5921735892818996
1.5952986846522417
1.5994238105410932
1.6027989135410627
1.6067990356151007
1.6102991424298836
1.6147992797631765
1.6186743980224005
1.6235495468001342
1.628049684133427
1.633174840540788
1.638299996948149
1.6443001800592059
1.6498003479110082
1.6553005157628102
1.6613006988738672
1.667300881984924
1.6730510574663533
1.679926267281106
1.6868014770958586
1.693426679280984
1.700176885280923
1.708052125614185
1.7143023163548692
1.7214275337992493
1.7275527207251198
1.7348029419843134
1.74180315561388
1.7490533768730736
1.7561785943174535
1.7630538041322064
1.7688039796136357
1.776179204687643
1.7823043916135137
1.788929593798639
1.7945547654652547
1.8006799523911254
1.8060551164281138
1.811055269020661
1.8155554063539538
1.820555558946501
1.8246806848353525
1.8285558030945768
1.8323059175389873
1.8350560014648885
1.8374310739463484
1.8399311502426223
1.841931211279641
1.8429312417981507
1.8438062685018464
1.8440562761314738
1.844306283761101
1.8436812646870329
1.8430562456129642
1.8414311960203864
1.838806115909299
1.8361810357982116
1.8338059633167516
1.8296808374279
1.8260557267983033
1.8211805780205697
1.8175554673909728
1.8126803186132388
1.807930173650319
1.8021799981688895
1.7958048036133916
1.7898046205023346
1.7844294564653462
1.7771792352061526
1.7711790520950956
1.764803857539598
1.7579286477248453
1.7508034302804651
1.7440532242805262
1.7370530106509599
1.7301778008362072
1.7233025910214546
1.7154273506881925
1.708052125614185
1.701301919614246
1.6943017059846797
1.6879265114291817
1.681551316873684
1.6740510879848627
1.6683009125034334
1.6604256721701711
1.6548005005035553
1.6481752983184301
1.6424251228370008
1.6360499282815029
1.6305497604297006
1.6255496078371532
1.6204244514297923
1.6156743064668722
1.6109241615039522
1.6067990356151007
1.6021738944669943
1.59829877620777
1.594298654133732
1.589923520615253
1.587298440504166
1.58404834131901
1.581298257393109
1.5781731620227668
1.5761731009857478
1.5732980132450332
1.5710479445783867
1.5686728720969267
1.5666728110599077
1.5645477462080752
1.563047700430311
1.5615476546525469
1.5601726126895963
1.5589225745414594
1.5584225592822047
1.5572975249488816
1.5560474868007448
1.5552974639118626
1.553922421948912
1.5537974181340983
1.5529223914304024
1.552672383800775
1.5522973723563342
1.5517973570970793
1.5514223456526384
1.5512973418378246
1.55079732657857
1.5514223456526384
1.55079732657857
1.5499222998748743
1.5501723075045015
1.5505473189489425
1.5511723380230111
1.5506723227637564
1.5502973113193153
1.5511723380230111
1.5512973418378246
1.5509223303933837
1.5512973418378246
1.5511723380230111
1.5512973418378246
1.5516723532822658
1.5521723685415205
1.5521723685415205
1.5530473952452162
1.5536724143192846
1.5537974181340983
1.554797448652608
1.555172460097049
1.55554747154149
1.555922482985931
1.5576725363933226
1.5587975707266457
1.5604226203192237
1.5621726737266153
1.563797723319193
1.5652977690969574
1.5665478072450942
1.5692978911709952
1.5716729636524553
1.5751730704672384
1.5775481429486986
1.580923245948668
1.5849233680227057
1.5885484786523028
1.5934236274300364
1.5977987609485154
1.6029239173558765
1.6076740623187964
1.613799249244667
1.6194244209112827
1.6255496078371532
1.6329248329111608
1.6390500198370312
1.645925229651784
1.6530504470961638
1.6604256721701711
1.6670508743552965
1.6739260841700492
1.6809262977996156
1.6876765037995543
1.6943017059846797
1.7010519119846188
1.7070520950956756
1.7129272743919186
1.7183024384289072
1.7230525833918273
1.7269277016510514
1.730302804651021
1.732677877132481
1.734302926725059
1.7359279763176367
1.736552995391705
1.7363029877620777
1.735302957243568
1.7339279152806177
1.7311778313547166
1.7285527512436292
1.725052644428846
1.7203024994659262
1.7156773583178198
1.7103021942808314
1.704052003540147
1.697801812799463
1.691426618243965
1.684301400799585
1.6773011871700187
1.6705509811700798
1.6630507522812585
1.6556755272072514
1.6485503097628713
1.6413000885036775
1.6350498977629933
1.6277996765037996
1.6221745048371838
1.6157993102816859
1.610549150059511
1.6047989745780817
1.5992988067262794
1.5944236579485458
1.5895485091708121
1.5845483565782648
1.580923245948668
1.5775481429486986
1.5739230323191016
1.5704229255043185
1.5679228492080448
1.564297738578448
1.5605476241340372
1.555922482985931
1.550422315134129
1.5431720938749351
1.5362968840601827
1.5272966093935971
1.5184213385418257
1.5079210180974763
1.4974206976531268
1.485795342875454
1.473544969023713
1.4625446333201089
1.4530443433942688
1.4467941526535844
1.4455441145054475
1.4507942747276223
1.4610445875423446
1.4787951292458876
1.5041709036530655
1.5377969298379466
1.5802982268745993
1.630799768059328
1.6904265877254554
1.7580536515396588
1.8359310281685843
1.9185585497604298
1.9999360332041385
2.0763133640552995
2.1436904202398757
2.198192083498642
2.2388183233130894
2.262444044312876
2.272694357127598
2.2625690481276894
2.228568010498367
2.17844148075808
2.1159395733512376
2.044312387462996
1.9643099459822382
1.881682424390393
1.7991799066133611
1.7183024384289072
1.6436751609851377
1.5759230933561206
1.51992138431959
1.4734199652088993
1.4372938627277445
1.4111680654316843
1.393917538987396
1.3847922605059968
1.3834172185430464
1.3877923520615254
1.3982926725058749
1.4126681112094486
1.4292936185796687
1.4480441908017212
1.4662947477645192
1.483420270393994
1.4986707358012636
1.5129211706900234
1.5250465407269511
1.5347968382824184
1.5434221015045624
1.550422315134129
1.5556724753563036
1.5596725974303416
1.5631727042451247
1.566172795800653
1.5689228797265542
1.5712979522080142
1.5735480208746606
1.5760480971709343
1.5779231543931396
1.5805482345042268
1.5827983031708732
1.5855483870967744
1.588423474837489
1.591923581652272
1.5950486770226142
1.5985487838373975
1.6027989135410627
1.6052989898373364
1.6102991424298836
1.6139242530594806
1.6179243751335184
1.6225495162816248
1.627299661244545
1.632424817651906
1.6376749778740807
1.6431751457258827
1.6489253212073123
1.6546754966887418
1.6606756797997986
1.666050843836787
1.6729260536515398
1.6785512253181556
1.6854264351329082
1.691426618243965
1.698926847132786
1.7059270607623525
1.7129272743919186
1.7200524918362987
1.7273027130954923
1.7340529190954315
1.7404281136509292
1.7474283272804958
1.7545535447248757
1.7621787774285103
1.7690539872432631
1.7751791741691336
1.781679372539445
1.7881795709097568
1.7941797540208135
1.799554918057802
1.8050550859096042
1.8100552385021516
1.815055391094699
1.82018054750206
1.8239306619464706
1.8280557878353223
1.83205590990936
1.8345559862056338
1.8374310739463484
1.8396811426129949
1.8414311960203864
1.8426812341685233
1.8438062685018464
1.8441812799462873
1.844306283761101
1.8438062685018464
1.8434312570574054
1.8411811883907592
1.8395561387981811
1.8368060548722802
1.8338059633167516
1.8299308450575276
1.826555742057558
1.8226806237983337
1.818180486465041
1.8133053376873074
1.8085551927243873
1.8029300210577714
1.7973048493911556
1.7908046510208442
1.7851794793542284
1.7784292733542895
1.772179082613605
1.7653038727988526
1.758803674428541
1.7519284646137883
1.7458032776879178
1.7384280526139104
1.7305528122806482
1.7229275795770134
1.7166773888363294
1.7094271675771355
1.701676931058687
1.6956767479476302
1.6879265114291817
1.6814263130588702
1.6748011108737448
1.6681759086886196
1.6611756950590533
1.6553005157628102
1.6491753288369395
1.6434251533555102
1.63629993591113
1.6317997985778374
1.6262996307260353
1.6210494705038605
1.6159243140964994
1.6120491958372754
1.607049043244728
1.6027989135410627
1.598673787652211
1.5950486770226142
1.5906735435041353
1.587923459578234
1.58404834131901
1.5815482650227364
1.5787981810968352
1.5767981200598165
1.5737980285042878
1.5706729331339457
1.5690478835413677
1.5671728263191627
1.5649227576525162
1.563047700430311
1.561922666096988
1.560672627948851
1.5589225745414594
1.558297555467391
1.5575475325785089
1.555922482985931
1.5550474562822352
1.5542974333933532
1.5537974181340983
1.5529223914304024
1.552672383800775
1.5525473799859615
1.5520473647267068
1.5517973570970793
1.5512973418378246
1.5510473342081972
1.5510473342081972
1.5505473189489425
1.5505473189489425
1.55079732657857
1.550422315134129
1.5506723227637564
1.5511723380230111
1.5514223456526384
1.5510473342081972
1.5511723380230111
1.5506723227637564
1.55079732657857
1.551547349467452
1.5511723380230111
1.5514223456526384
1.5521723685415205
1.5524223761711478
1.552672383800775
1.5536724143192846
1.553922421948912
1.5542974333933532
1.5550474562822352
1.5560474868007448
1.5564224982451857
1.5576725363933226
1.5587975707266457
1.5601726126895963
1.5612976470229194
1.5636727195043794
1.5652977690969574
1.5665478072450942
1.5692978911709952
1.5717979674672689
1.5739230323191016
1.5772981353190711
1.580923245948668
1.5842983489486373
1.5885484786523028
1.5930486159855952
1.5975487533188881
1.6025489059114353
1.6075490585039827
1.613799249244667
1.6190494094668417
1.6250495925778985
1.6309247718741418
1.63867500839259
1.6449251991332745
1.652550431836909
1.6595506454664755
1.6665508590960418
1.673551072725608
1.6800512710959197
1.687051484725486
1.6936766869106112
1.7004268929105502
1.7064270760216071
1.7125522629474779
1.7176774193548388
1.7226775719473861
1.726302682576983
1.7299277932065797
1.732677877132481
1.7341779229102452
1.7355529648731955
1.7364279915768914
1.7369280068361461
1.7355529648731955
1.7341779229102452
1.7325528733176672
1.7288027588732566
1.7251776482436598
1.7209275185399944
1.7160523697622607
1.710427198095645
1.7045520187994019
1.6983018280587177
1.6925516525772883
1.6855514389477217
1.6780512100589007
1.6710509964293345
1.6635507675405132
1.6561755424665061
1.649050325022126
1.6418001037629322
1.635549913022248
1.6290497146519365
1.6225495162816248
1.6164243293557543
1.6107991576891385
1.60542399365215
1.599173802911466
1.594798669392987
1.5901735282448806
1.5859233985412151
1.5814232612079226
1.5779231543931396
1.5740480361339153
1.5709229407635732
1.5680478530228583
1.5647977538377027
1.56029761650441
1.5560474868007448
1.5501723075045015
1.5436721091341898
1.5362968840601827
1.528171636097293
1.5184213385418257
1.5090460524307994
1.4979207129123815
1.4867953733939634
1.4756700338755455
1.463169652394177
1.4539193700979645
1.4475441755424665
1.445794122135075
1.449294228949858
1.4592945341349528
1.4764200567644277
1.5016708273567918
1.534546830652791
1.5755480819116796
1.6257996154667806
1.6844264046143986
1.751178441724906
1.8278057802056948
1.9103082979827266
1.991810785241249
2.0689381389812924
2.1374402294991914
2.193566942350536
2.235818231757561
2.260818994720298
2.271194311349834
2.2649441206091496
2.23306814783166
2.184816675313578
2.1231897946104312
2.0514376049073766
1.9731852168340098
1.8913077181310465
1.8076801660206916
1.7271777092806788
1.6513003936887722
1.5831733146153144
1.5251715445417646
1.4786701254310741
1.441418988616596
1.4139181493575854
1.3951675771355327
1.3856672872096927
1.3829172032837918
1.387542344431898
1.3965426190984833
1.4106680501724296
1.4276685689870905
1.4460441297647022
1.4647947019867549
1.4817952208014162
1.4971706900234993
1.5114211249122593
1.5236714987640003
1.5341718192083498
1.5426720786156805
1.5494222846156194
1.554797448652608
1.5589225745414594
1.5621726737266153
1.5659227881710258
1.5684228644672995
1.5707979369487595
1.5729230018005922
1.5759230933561206
1.5780481582079533
1.5801732230597858
1.5826732993560595
1.585298379467147
1.587923459578234
1.590798547318949
1.5941736503189183
1.59829877620777
1.601173863948485
1.6056740012817774
1.6092991119113744
1.6136742454298534
1.6175493636890774
1.6219244972075564
1.6266746421704763
1.6314247871333964
1.6370499588000123
1.6425501266518143
1.6485503097628713
1.6536754661702324
1.6596756492812892
1.6656758323923462
1.6719260231330302
1.6781762138737144
1.6841763969847714
1.691426618243965
1.6979268166142767
1.704927030243843
1.712052247688223
1.7188024536881619
1.7258026673177282
1.7325528733176672
1.7396780907620473
1.7463032929471725
1.7536785180211798
1.7603037202063052
1.767803949095126
1.774679158909879
1.7811793572801906
1.7874295480208746
1.7931797235023041
1.79880489516892
1.8043050630207222
1.809055207983642
1.813430341502121
1.8193055207983642
1.8235556505020296
1.8276807763908811
1.8310558793908505
1.8349309976500747
1.837306070131535
1.8393061311685537
1.8406811731315043
1.8429312417981507
1.8429312417981507
1.8441812799462873
1.844306283761101
1.8438062685018464
1.8431812494277782
1.8415561998352001
1.8398061464278084
1.8375560777611624
1.83443098239082
1.8305558641315958
1.8268057496871855
1.8233056428724022
1.8186805017242957
1.814180364391003
1.8089302041688284
1.8036800439466536
1.7989298989837337
1.792054689168981
1.7864295175023652
1.7794293038727989
1.7729291055024872
1.766303903317362
1.7598037049470505
1.7528034913174841
1.7458032776879178
1.7390530716879788
1.7321778618732262
1.7251776482436598
1.7173024079103976
1.710427198095645
1.7030519730216378
1.6961767632068852
1.6899265724662007
1.6823013397625661
1.6759261452070682
1.669300943021943
1.662925748466445
1.6564255500961331
1.6501753593554491
1.6440501724295786
1.6376749778740807
1.6319248023926511
1.6277996765037996
1.6226745200964385
1.6170493484298227
1.6122992034669026
1.6084240852076785
1.6032989288003174
1.5992988067262794
1.5954236884670552
1.5915485702078311
1.587923459578234
1.585298379467147
1.5822982879116183
1.5790481887264625
1.5760480971709343
1.57454805139317
1.5719229712820828
1.5699229102450638
1.5672978301339764
1.5655477767265848
1.5635477156895659
1.5621726737266153
1.5607976317636647
1.5594225898007141
1.558297555467391
1.5575475325785089
1.5564224982451857
1.5557974791711173
1.554672444837794
1.5537974181340983
1.552797387615589
1.5525473799859615
1.552672383800775
1.5520473647267068
1.5517973570970793
1.552797387615589
1.552672383800775
1.5511723380230111
1.55079732657857
1.5506723227637564
1.550422315134129
1.5505473189489425
1.5506723227637564
1.5509223303933837
1.5509223303933837
1.5511723380230111
1.5519223609118933
1.5509223303933837
1.5510473342081972
1.5510473342081972
1.5506723227637564
1.5519223609118933
1.5524223761711478
1.5522973723563342
1.5524223761711478
1.55317239906003
1.5532974028748436
1.5542974333933532
1.5549224524674214
1.5556724753563036
1.5562974944303722
1.5574225287636951
1.5585475630970183
1.5596725974303416
1.561172643208106
1.5632977080599384
1.5651727652821437
1.5665478072450942
1.5684228644672995
1.5714229560228279
1.5742980437635425
1.5766731162450025
1.579673207800531
1.5839233375041963
1.5876734519486069
1.5921735892818996
1.5975487533188881
1.6012988677632984
1.6064240241706595
1.6124242072817165
1.6179243751335184
1.6236745506149481
1.6299247413556321
1.6372999664296397
1.643925168614765
1.6511753898739585
1.6580505996887114
1.6651758171330913
1.671676015503403
1.6793012482070377
1.6860514542069764
1.6924266487624744
1.699301858577227
1.7051770378734703
1.711177220984527
1.7166773888363294
1.7213025299844356
1.7260526749473555
1.729427777947325
1.7320528580584125
1.7339279152806177
1.735427961058382
1.736552995391705
1.7364279915768914
1.7348029419843134
1.7356779686880093
1.7325528733176672
1.729427777947325
1.7256776635029145
1.721552537614063
1.7169273964659566
1.7114272286141545
1.7055520493179113
1.699801873836482
1.6933016754661703
1.686301461836604
1.6789262367625966
1.6726760460219123
1.66480080568865
1.6575505844294565
1.6508003784295175
1.6431751457258827
1.6364249397259438
1.6305497604297006
1.6236745506149481
1.6174243598742637
1.6116741843928344
1.6064240241706595
1.6005488448744163
1.5955486922818691
1.5906735435041353
1.5857983947264016
1.5819232764671776
1.5779231543931396
1.57454805139317
1.5715479598376416
1.5684228644672995
1.5655477767265848
1.5614226508377331
1.556797509689627
1.551547349467452
1.5450471510971404
1.5377969298379466
1.5296716818750573
1.5204213995788447
1.5109211096530044
1.4999207739494005
1.4884204229865414
1.4766700643940551
1.465544724875637
1.4554194158757288
1.4482941984313487
1.445794122135075
1.4486692098757896
1.4571694692831203
1.4737949766533405
1.4969206823938719
1.5287966551713614
1.5692978911709952
1.616924344615009
1.6739260841700492
1.7400531022064882
1.815055391094699
1.897057893612476
1.9793104037598803
2.056812768944365
2.1273149204992827
2.1856917020172735
2.2303180639057585
2.2581939146092105
2.2705692922757654
2.268569231238746
2.2388183233130894
2.1931919309060945
2.1333151036103395
2.063062959685049
1.9863106173894467
1.903808099612415
1.8203055513168738
1.7390530716879788
1.6625507370220038
1.592798608355968
1.533671803949095
1.485295327616199
1.4460441297647022
1.417168248542741
1.3975426496169927
1.3864173100985748
1.382417188024537
1.386292306283761
1.394667561876278
1.408917996765038
1.4249184850611898
1.4430440382091738
1.4614195989867855
1.4787951292458876
1.4947956175420394
1.5092960600604266
1.5227964720603047
1.5327967772453994
1.542047059541612
1.548797265541551
1.5541724295785393
1.558297555467391
1.5620476699118016
1.5649227576525162
1.5679228492080448
1.570172917874691
1.5732980132450332
1.5754230780968657
1.5772981353190711
1.57929819635609
1.582048280281991
1.5845483565782648
1.5877984557634206
1.5914235663930174
1.5941736503189183
1.5979237647633289
1.6015488753929257
1.6052989898373364
1.6086740928373058
1.6129242225409712
1.6167993408001955
1.6210494705038605
1.626049623096408
1.6312997833185827
1.6361749320963164
1.6416750999481187
1.6473002716147345
1.653425458540605
1.6594256416516617
1.66480080568865
1.6714260078737755
1.6766761680959503
1.6831763664662618
1.6905515915402693
1.6968017822809534
1.704052003540147
1.710802209540086
1.7188024536881619
1.7245526291695914
1.7316778466139713
1.7388030640583514
1.7453032624286628
1.752428479873043
1.7589286782433546
1.7669289223914304
1.773429120761742
1.7800543229468673
1.7863045136875517
1.7921796929837945
1.798429883724479
1.80355504013184
1.809055207983642
1.8140553605761895
1.8180554826502273
1.82255561998352
1.826930753501999
1.8303058565019683
1.8343059785760063
1.836056031983398
1.8391811273537402
1.8409311807611317
1.842431226538896
1.8430562456129642
1.8441812799462873
1.8444312875759148
1.8438062685018464
1.8429312417981507
1.8420562150944548
1.840431165501877
1.8376810815759759
1.8348059938352612
1.8315558946501054
1.8274307687612537
1.8240556657612843
1.8199305398724328
1.8149303872798852
1.8095552232428969
1.804805078279977
1.79880489516892
1.7933047273171179
1.7870545365764336
1.780179326761681
1.774179143650624
1.7671789300210579
1.7611787469100009
1.7539285256508073
1.7468033082064272
1.7400531022064882
1.7328028809472946
1.7256776635029145
1.718427442243721
1.7115522324289683
1.7045520187994019
1.6971767937253945
1.6905515915402693
1.6835513779107028
1.6768011719107638
1.6703009735404524
1.6640507827997681
1.6574255806146427
1.651050386059145
1.6445501876888333
1.6393000274666587
1.6332998443556017
1.6279246803186131
1.6227995239112523
1.6180493789483323
1.6126742149113438
1.6084240852076785
1.6040489516891996
1.6002988372447888
1.5957986999114964
1.592298593096713
1.5886734824671163
1.5855483870967744
1.5826732993560595
1.578923184911649
1.5766731162450025
1.5746730552079835
1.5722979827265235
1.5696729026154363
1.56742283394879
1.5660477919858395
1.5635477156895659
1.561797662282174
1.560672627948851
1.5596725974303416
1.5589225745414594
1.5576725363933226
1.5560474868007448
1.5554224677266761
1.5545474410229805
1.553922421948912
1.5525473799859615
1.5521723685415205
1.5524223761711478
1.5517973570970793
1.5519223609118933
1.5516723532822658
1.5506723227637564
1.5509223303933837
1.55079732657857
1.5509223303933837
1.5505473189489425
1.5502973113193153
1.5510473342081972
1.5506723227637564
1.5505473189489425
1.5512973418378246
1.5512973418378246
1.5511723380230111
1.5520473647267068
1.5512973418378246
1.551547349467452
1.5512973418378246
1.5521723685415205
1.5524223761711478
1.552672383800775
1.5537974181340983
1.5542974333933532
1.5544224372081668
1.554672444837794
1.5552974639118626
1.555922482985931
1.5569225135044404
1.55792254402295
1.5594225898007141
1.561797662282174
1.5629226966154972
1.5645477462080752
1.5666728110599077
1.568547868282113
1.5707979369487595
1.5734230170598467
1.5759230933561206
1.5797982116153446
1.5836733298745689
1.5866734214300973
1.5914235663930174
1.5965487228003785
1.6007988525040437
1.6062990203558458
1.6115491805780204
1.6175493636890774
1.6234245429853207
1.629299722281564
1.6367999511703848
1.6429251380962555
1.6500503555406356
1.6573005767998292
1.6643007904293954
1.671676015503403
1.6781762138737144
1.6844264046143986
1.6911766106143375
1.6980518204290902
1.7048020264290291
1.7105522019104589
1.7159273659474472
1.721927549058504
1.7249276406140324
1.728302743614002
1.7319278542435987
1.7346779381694999
1.735302957243568
1.7361779839472642
1.736552995391705
1.7364279915768914
1.734552934354686
1.7329278847621081
1.730302804651021
1.7266776940214241
1.7223025605029452
1.7176774193548388
1.712052247688223
1.706052064577166
1.700176885280923
1.6940516983550522
1.6868014770958586
1.6803012787255471
1.6729260536515398
1.6665508590960418
1.6584256111331521
1.6515504013183995
1.6445501876888333
1.6369249549851985
1.6302997528000733
1.624049562059389
1.6179243751335184
1.61254921109653
1.6071740470595417
1.6015488753929257
1.5960487075411238
1.5909235511337627
1.5869234290597247
1.5824232917264323
1.5786731772820215
1.5756730857264931
1.5717979674672689
1.5687978759117405
1.565797784356212
1.561797662282174
1.5580475478377636
1.5522973723563342
1.5457971739860226
1.5386719565416427
1.5307967162083804
1.521796441541795
1.5120461439863278
1.502045838801233
1.4907954954680014
1.4781701101718194
1.467169774468215
1.4564194463942381
1.4491692251350443
1.4456691183202612
1.447419171727653
1.4551694082461013
1.4704198736533707
1.4926705526902067
1.5229214758751182
1.5616726584673606
1.6089241004669332
1.6646758018738366
1.729052766502884
1.802805017242958
1.883682485427412
1.967185033722953
2.0454374217963194
2.1171896114993745
2.177191442609943
2.2238178655354472
2.2550688192388684
2.26869423505356
2.2705692922757654
2.2450685140537736
2.201692190313425
2.144815454573199
2.0746883144627217
1.9991860103152563
1.917183507797479
1.834055970946379
1.752053468428602
1.6743010956144901
1.6037989440595721
1.5426720786156805
1.4922955412457657
1.451794305246132
1.4219183935056612
1.4001677297280801
1.3872923368022707
1.3832922147282327
1.3846672566911833
1.3930425122837
1.4061679128391371
1.4221684011352886
1.4399189428388317
1.4594195379497665
1.476295052949614
1.4926705526902067
1.507170995208594
1.51992138431959
1.5315467390972626
1.5402970061342205
1.547547227393414
1.5529223914304024
1.5574225287636951
1.5620476699118016
1.5649227576525162
1.5676728415784174
1.5699229102450638
1.5730480056154057
1.5752980742820522
1.5775481429486986
1.578923184911649
1.5819232764671776
1.5842983489486373
1.5869234290597247
1.590423535874508
1.5931736198004092
1.596673726615192
1.60067384868923
1.6040489516891996
1.6075490585039827
1.611424176763207
1.6162993255409406
1.6204244514297923
1.625299600207526
1.6302997528000733
1.635924924466689
1.6408000732444226
1.6464252449110386
1.6524254280220954
1.6573005767998292
1.6638007751701407
1.670050965910825
1.6760511490218817
1.681926328318125
1.6885515305032504
1.695801751762444
1.7024269539475692
1.710427198095645
1.7166773888363294
1.7238026062807095
1.7308028199102756
1.7379280373546557
1.7449282509842219
1.752428479873043
1.758803674428541
1.7656788842432936
1.7724290902432325
1.778554277169103
1.7851794793542284
1.7910546586504716
1.7979298684652243
1.803180028687399
1.807930173650319
1.8131803338724937
1.817055452131718
1.8220556047242653
1.8261807306131168
1.8299308450575276
1.8336809595019379
1.8359310281685843
1.8394311349833674
1.8405561693166905
1.842306222724082
1.8426812341685233
1.8438062685018464
1.844681295205542
1.8434312570574054
1.8433062532425917
1.8426812341685233
1.8410561845759452
1.8379310892056033
1.835306009094516
1.831680898464919
1.8280557878353223
1.8243056733909115
1.8204305551316875
1.8160554216132085
1.8104302499465927
1.8058051087984863
1.7999299295022433
1.794054750206
1.7881795709097568
1.7814293649098176
1.7744291512802515
1.7681789605395672
1.7618037659840693
1.7549285561693166
1.7483033539841915
1.741303140354625
1.7341779229102452
1.727927732169561
1.7194274727622303
1.7130522782067326
1.7054270455030978
1.6980518204290902
1.691426618243965
1.6844264046143986
1.6778012024292734
1.671176000244148
1.6644257942442091
1.657800592059084
1.6520504165776544
1.645050202948088
1.6394250312814722
1.6332998443556017
1.6282996917630543
1.623299539170507
1.6191744132816552
1.6136742454298534
1.6096741233558154
1.6051739860225227
1.6004238410596028
1.5969237342448195
1.5926736045411543
1.5885484786523028
1.5854233832819604
1.5830483108005005
1.5799232154301586
1.5777981505783258
1.574923062837611
1.5724229865413375
1.5692978911709952
1.568547868282113
1.5660477919858395
1.5635477156895659
1.5624226813562427
1.561047639393292
1.559797601245155
1.5589225745414594
1.5576725363933226
1.5574225287636951
1.555922482985931
1.554672444837794
1.5540474257637258
1.55317239906003
1.5525473799859615
1.5530473952452162
1.552797387615589
1.551547349467452
1.5519223609118933
1.5512973418378246
1.5516723532822658
1.5511723380230111
1.550422315134129
1.5500473036896878
1.550422315134129
1.5505473189489425
1.55079732657857
1.55079732657857
1.5516723532822658
1.5512973418378246
1.5514223456526384
1.5506723227637564
1.5514223456526384
1.5512973418378246
1.5512973418378246
1.5516723532822658
1.5520473647267068
1.552797387615589
1.5529223914304024
1.5544224372081668
1.5540474257637258
1.5549224524674214
1.5556724753563036
1.5561724906155583
1.5565475020599995
1.558297555467391
1.5592975859859004
1.560672627948851
1.562297677541429
1.56504776146733
1.5664228034302805
1.5679228492080448
1.5706729331339457
1.5730480056154057
1.5752980742820522
1.5790481887264625
1.5826732993560595
1.58642341380047
1.590798547318949
1.5954236884670552
1.6000488296151616
1.6047989745780817
1.6107991576891385
1.616549333170568
1.62204950102237
1.6287997070223093
1.6350498977629933
1.6421751152073734
1.6489253212073123
1.6555505233924375
1.6631757560960723
1.670050965910825
1.677176183355205
1.683926389355144
1.6904265877254554
1.6970517899105808
1.7039269997253335
1.7094271675771355
1.7150523392437513
1.7203024994659262
1.7245526291695914
1.7284277474288157
1.730677816095462
1.7335529038361768
1.7360529801324502
1.7360529801324502
1.7370530106509599
1.7361779839472642
1.7350529496139409
1.7331778923917356
1.7299277932065797
1.7265526902066104
1.7229275795770134
1.7179274269844662
1.7135522934659873
1.7078021179845577
1.701801934873501
1.6944267097994934
1.6881765190588092
1.6811763054292428
1.6741760917996766
1.6670508743552965
1.6593006378368482
1.652550431836909
1.6451752067629017
1.6384250007629628
1.6312997833185827
1.625299600207526
1.6190494094668417
1.6130492263557847
1.6077990661336101
1.6024239020966218
1.5970487380596332
1.5916735740226449
1.5875484481337934
1.5834233222449416
1.5799232154301586
1.5755480819116796
1.572547990356151
1.5687978759117405
1.5664228034302805
1.562297677541429
1.557797540208136
1.552672383800775
1.5470472121341592
1.5401720023194068
1.5319217505417035
1.5231714835047456
1.5141712088381603
1.502420850245674
1.491795525986511
1.4801701712088382
1.4681698049867247
1.45816949980163
1.449794244209113
1.4456691183202612
1.4471691640980255
1.454044373912778
1.4689198278756064
1.4891704458754236
1.5189213538010804
1.5565475020599995
1.6021738944669943
1.6568005615405743
1.7208025147251809
1.7931797235023041
1.873307168797876
1.956184698019349
2.0368121585741754
2.1083143406476026
2.170566240424818
2.219192724387341
2.2516937162388992
2.267444196905423
2.271819330423902
2.2491936399426256
2.2078173772392957
2.1515656605731377
2.083313577684866
2.0081862849818415
1.9273088167973877
1.844306283761101
1.7621787774285103
1.6838013855403302
1.61254921109653
1.5494222846156194
1.497670705282754
1.4562944425794244
1.4252934965056308
1.4022927945799126
1.388667378765221
1.38354222235786
1.3846672566911833
1.3917924741355632
1.4042928556169316
1.420043336283456
1.4379188818018127
1.456169438764611
1.4746700033570361
1.4906704916531877
1.5052959379863888
1.519796380504776
1.530546708578753
1.5391719718008974
1.5474222235786004
1.5530473952452162
1.556797509689627
1.5614226508377331
1.5649227576525162
1.567047822504349
1.5696729026154363
1.5726729941709647
1.5746730552079835
1.5772981353190711
1.5787981810968352
1.5817982726523636
1.5837983336893826
1.58642341380047
1.5897985168004394
1.5929236121707817
1.5965487228003785
1.6002988372447888
1.6037989440595721
1.607424054689169
1.612174199652089
1.6159243140964994
1.6196744285409101
1.6245495773186438
1.6299247413556321
1.634424878688925
1.6404250617999818
1.6458002258369702
1.6511753898739585
1.6571755729850153
1.662925748466445
1.6694259468367565
1.6754261299478135
1.6816763206884975
1.6885515305032504
1.6949267250587483
1.701676931058687
1.7090521561326946
1.716427381206702
1.7236776024658955
1.7295527817621388
1.7366779992065189
1.7435532090212715
1.7513034455397198
1.7578036439100315
1.764803857539598
1.7719290749839778
1.7783042695394757
1.7848044679097874
1.790929654835658
1.7963048188726465
1.8018049867244483
1.8069301431318094
1.812305307168798
1.817055452131718
1.8215555894650106
1.8254307077242347
1.8294308297982727
1.8334309518723106
1.836056031983398
1.8383061006500443
1.8400561540574358
1.841931211279641
1.8429312417981507
1.8445562913907285
1.8440562761314738
1.844306283761101
1.844306283761101
1.842806237983337
1.8406811731315043
1.838431104464858
1.835306009094516
1.8326809289834285
1.828930814539018
1.824555681020539
1.8216805932798243
1.815805413983581
1.8109302652058474
1.8061801202429273
1.8006799523911254
1.7945547654652547
1.7883045747245705
1.7820543839838863
1.7759291970580158
1.7686789757988222
1.7621787774285103
1.7553035676137578
1.7488033692434461
1.7411781365398113
1.7349279457991271
1.7275527207251198
1.7206775109103671
1.7130522782067326
1.706052064577166
1.6988018433179723
1.6916766258735922
1.684676412244026
1.6783012176885281
1.671676015503403
1.665300820947905
1.6590506302072208
1.6521754203924681
1.6461752372814111
1.6405500656147955
1.634424878688925
1.628424695577868
1.6237995544297616
1.6196744285409101
1.614174260689108
1.609424115726188
1.6046739707632678
1.601173863948485
1.5969237342448195
1.5934236274300364
1.58879848628193
1.5854233832819604
1.582923306985687
1.5799232154301586
1.5776731467635121
1.5750480666524247
1.5720479750968963
1.5704229255043185
1.5680478530228583
1.566297799615467
1.5644227423932615
1.5624226813562427
1.561047639393292
1.5600476088747826
1.5585475630970183
1.55792254402295
1.556797509689627
1.5564224982451857
1.5542974333933532
1.553922421948912
1.5532974028748436
1.5525473799859615
1.5524223761711478
1.5520473647267068
1.5519223609118933
1.5519223609118933
1.5516723532822658
1.5509223303933837
1.55079732657857
1.5506723227637564
1.5506723227637564
1.5501723075045015
1.5502973113193153
1.5502973113193153
1.55079732657857
1.55079732657857
1.5511723380230111
1.551547349467452
1.5511723380230111
1.5512973418378246
1.5514223456526384
1.5509223303933837
1.5511723380230111
1.5522973723563342
1.5524223761711478
1.55317239906003
1.553922421948912
1.5542974333933532
1.5544224372081668
1.5554224677266761
1.555922482985931
1.5565475020599995
1.5576725363933226
1.5594225898007141
1.5609226355784784
1.562297677541429
1.5645477462080752
1.5656727805413984
1.5680478530228583
1.5704229255043185
1.5724229865413375
1.5754230780968657
1.5790481887264625
1.5819232764671776
1.5866734214300973
1.5906735435041353
1.5950486770226142
1.5996738181707206
1.6046739707632678
1.6102991424298836
1.6157993102816859
1.62204950102237
1.628424695577868
1.6339248634296701
1.6405500656147955
1.6480502945036166
1.6555505233924375
1.6621757255775629
1.6695509506515702
1.6764261604663229
1.6831763664662618
1.6899265724662007
1.6964267708365124
1.7031769768364513
1.709177159947508
1.7143023163548692
1.719552476577044
1.7236776024658955
1.727927732169561
1.7309278237250891
1.7333028962065493
1.734552934354686
1.7363029877620777
1.736552995391705
1.736552995391705
1.7346779381694999
1.7333028962065493
1.7308028199102756
1.7269277016510514
1.7233025910214546
1.7188024536881619
1.7135522934659873
1.708052125614185
1.7020519425031282
1.6946767174291208
1.6889265419476913
1.681926328318125
1.675551133762627
1.6674258857997375
1.6606756797997986
1.6528004394665363
1.645925229651784
1.6389250160222175
1.6325498214667196
1.6255496078371532
1.6196744285409101
1.613799249244667
1.6087990966521197
1.6024239020966218
1.597173741874447
1.5926736045411543
1.588048463393048
1.5835483260597554
1.579673207800531
1.5770481276894437
1.5726729941709647
1.5697979064302499
1.5672978301339764
1.563047700430311
1.558672566911832
1.55317239906003
1.54842225409711
1.5406720175786617
1.5327967772453994
1.524171514023255
1.5141712088381603
1.504045899838252
1.4931705679494613
1.4812952055421613
1.469919858394116
1.4590445265053256
1.4502942594683677
1.4459191259498887
1.4464191412091434
1.4530443433942688
1.4660447401348917
1.4867953733939634
1.5152962431714836
1.552672383800775
1.5969237342448195
1.6506753746147038
1.7133022858363598
1.7846794640949737
1.8636818750572224
1.9471844233527635
2.026936857203894
2.100939115573595
2.164066042054506
2.214567583239235
2.2491936399426256
2.2664441663869135
2.272694357127598
2.2529437543870356
2.2129425336466566
2.1584408703878903
2.0916888332773826
2.016811548203986
1.9360590838343454
1.8533065584276864
1.7709290444654684
1.6923016449476609
1.6194244209112827
1.5557974791711173
1.5027958616901151
1.4602945646534624
1.4272935575426497
1.4040428479873044
1.389542405468917
1.3839172338023011
1.3840422376171149
1.3909174474318675
1.40254280220954
1.4181682790612506
1.4355438093203527
1.454169377727592
1.4726699423200171
1.4887954344309824
1.5037958922086248
1.5172963042085024
1.528546647541734
1.537671926023133
1.54604718161565
1.5524223761711478
1.556797509689627
1.561172643208106
1.5636727195043794
1.5667978148747217
1.5697979064302499
1.5719229712820828
1.5747980590227975
1.57692312387463
1.5784231696523943
1.5811732535782954
1.5835483260597554
1.5866734214300973
1.5894235053559984
1.5931736198004092
1.5960487075411238
1.599548814355907
1.6032989288003174
1.607424054689169
1.6112991729483932
1.6152992950224312
1.6195494247260964
1.6241745658742028
1.6286747032074953
1.633674855800043
1.6391750236518448
1.644675191503647
1.651050386059145
1.6564255500961331
1.662925748466445
1.6689259315775018
1.6746761070589313
1.6805512863551746
1.6876765037995543
1.693801690725425
1.7008019043549913
1.708177129428999
1.7149273354289376
1.7220525528733177
1.7289277626880704
1.735802972502823
1.7429281899472029
1.7494283883175148
1.7569286172063356
1.7638038270210883
1.769929013946959
1.776679219946898
1.7838044373912778
1.7899296243171485
1.7954297921689504
1.8014299752800074
1.8073051545762506
1.8114302804651021
1.8160554216132085
1.8206805627613147
1.8254307077242347
1.828930814539018
1.8326809289834285
1.8351810052797022
1.838056093020417
1.8398061464278084
1.8420562150944548
1.8429312417981507
1.8440562761314738
1.844306283761101
1.8441812799462873
1.8434312570574054
1.842806237983337
1.8413061922055727
1.8396811426129949
1.8358060243537706
1.8331809442426834
1.8295558336130864
1.8254307077242347
1.8211805780205697
1.8168054445020907
1.8120552995391705
1.8066801355021822
1.801554979094821
1.7955547959837643
1.7894296090578936
1.7831794183172094
1.776679219946898
1.7704290292062137
1.763553819391461
1.7566786095767084
1.750053407391583
1.7428031861323894
1.7364279915768914
1.729052766502884
1.721927549058504
1.7145523239844966
1.708177129428999
1.6999268776512955
1.6930516678365428
1.686301461836604
1.679551255836665
1.6729260536515398
1.6666758629108556
1.659800653096103
1.6529254432813503
1.6473002716147345
1.6413000885036775
1.6357999206518754
1.6294247260963775
1.624924588763085
1.6197994323557239
1.6150492873928037
1.6106741538743248
1.6055489974669637
1.6014238715781122
1.5975487533188881
1.5936736350596639
1.5896735129856259
1.58642341380047
1.5831733146153144
1.5806732383190405
1.5780481582079533
1.5755480819116796
1.5730480056154057
1.5709229407635732
1.568547868282113
1.566172795800653
1.5647977538377027
1.563047700430311
1.5616726584673606
1.559922605059969
1.559172582171087
1.557797540208136
1.5575475325785089
1.5561724906155583
1.554797448652608
1.5542974333933532
1.553547410504471
1.5529223914304024
1.5524223761711478
1.5524223761711478
1.5524223761711478
1.5516723532822658
1.5516723532822658
1.5511723380230111
1.5509223303933837
1.55079732657857
1.5511723380230111
1.5501723075045015
1.5505473189489425
1.5499222998748743
1.5505473189489425
1.5506723227637564
1.5510473342081972
1.5505473189489425
1.5509223303933837
1.5511723380230111
1.551547349467452
1.5509223303933837
1.551547349467452
1.5520473647267068
1.5521723685415205
1.553547410504471
1.5534224066896571
1.5541724295785393
1.5545474410229805
1.555172460097049
1.5560474868007448
1.5565475020599995
1.55792254402295
1.5587975707266457
1.5605476241340372
1.561797662282174
1.5639227271340068
1.5660477919858395
1.5680478530228583
1.5697979064302499
1.5722979827265235
1.5750480666524247
1.5780481582079533
1.58167326883755
1.5855483870967744
1.5896735129856259
1.5950486770226142
1.5990487990966522
1.6037989440595721
1.6091741080965607
1.6147992797631765
1.620924466689047
1.6267996459852903
1.6327998290963468
1.6408000732444226
1.6471752677999205
1.6543004852443006
1.6616757103183082
1.669300943021943
1.675551133762627
1.6823013397625661
1.689051545762505
1.6953017365031893
1.7020519425031282
1.707677114169744
1.7143023163548692
1.7186774498733484
1.7238026062807095
1.7275527207251198
1.7304278084658344
1.7329278847621081
1.7351779534287546
1.7359279763176367
1.7359279763176367
1.7360529801324502
1.735302957243568
1.7335529038361768
1.7309278237250891
1.7280527359843745
1.723552598651082
1.719552476577044
1.7148023316141239
1.7085521408734399
1.701676931058687
1.6965517746513261
1.6896765648365732
1.682676351207007
1.6764261604663229
1.6685509201330608
1.6614257026886807
1.6540504776146734
1.6475502792443617
1.639925046540727
1.6337998596148564
1.6270496536149175
1.6211744743186742
1.6146742759483628
1.6087990966521197
1.6036739402447586
1.5989237952818385
1.5930486159855952
1.5886734824671163
1.5841733451338236
1.5802982268745993
1.57692312387463
1.5736730246894741
1.5696729026154363
1.5669228186895352
1.5639227271340068
1.5592975859859004
1.5541724295785393
1.54842225409711
1.5419220557267983
1.5340468153935363
1.525796563615833
1.516296273689993
1.5054209418012026
1.494545609912412
1.4835452742088078
1.471544907986694
1.4605445722830899
1.4515442976165045
1.4464191412091434
1.4460441297647022
1.4520443128757592
1.4640446790978727
1.4832952665791803
1.51042109439375
1.54604718161565
1.5905485396893215
1.6428001342814416
1.7038019959105197
1.7740541398358105
1.8525565355388043
1.9344340342417676
2.0161865291299175
2.0905637989440597
2.1563158055360576
2.208442396313364
2.2444434949797056
2.265069124423963
2.272694357127598
2.2573188879055146
2.2196927396465957
2.1671911374248483
2.1021891537217323
2.0280618915372175
1.9485594653157141
1.8653069246498002
1.782929410687582
1.7031769768364513
1.629674733726005
1.5649227576525162
1.5101710867641225
1.4662947477645192
1.431918698690756
1.4072929471724602
1.3915424665059357
1.3840422376171149
1.3834172185430464
1.389542405468917
1.4007927488021485
1.4154181951353497
1.432668721579638
1.451294289986877
1.4692948393200476
1.486545365764336
1.5014208197271646
1.5151712393566699
1.5267965941343424
1.5361718802453688
1.5449221472823267
1.5509223303933837
1.5564224982451857
1.5601726126895963
1.5635477156895659
1.566172795800653
1.5690478835413677
1.5715479598376416
1.5742980437635425
1.576548112430189
1.5784231696523943
1.5805482345042268
1.5836733298745689
1.5855483870967744
1.5891734977263712
1.592423596911527
1.5956736960966826
1.5989237952818385
1.603173924985504
1.6062990203558458
1.6102991424298836
1.6144242683187355
1.6190494094668417
1.6237995544297616
1.627674672688986
1.633174840540788
1.6385500045777766
1.6441751762443924
1.6496753440961944
1.6550505081331828
1.6618007141331217
1.66717587817011
1.6734260689107945
1.6796762596514787
1.6860514542069764
1.693426679280984
1.7003018890957367
1.7066770836512346
1.7138023010956145
1.7209275185399944
1.728302743614002
1.7346779381694999
1.741678151799066
1.7481783501693777
1.755553575243385
1.7625537888729514
1.7696790063173315
1.776554216132084
1.782554399243141
1.788929593798639
1.7948047730948822
1.8006799523911254
1.8060551164281138
1.81068025757622
1.81543040253914
1.8203055513168738
1.8241806695760978
1.8281807916501358
1.8324309213538013
1.8351810052797022
1.8378060853907896
1.8399311502426223
1.8415561998352001
1.842806237983337
1.8438062685018464
1.8441812799462873
1.8441812799462873
1.8439312723166599
1.842431226538896
1.8415561998352001
1.8394311349833674
1.8363060396130253
1.8334309518723106
1.8306808679464095
1.8255557115390486
1.8218055970946379
1.8173054597613454
1.8131803338724937
1.8075551622058779
1.8023050019837032
1.7961798150578325
1.7905546433912167
1.7844294564653462
1.7778042542802208
1.7708040406506547
1.7646788537247842
1.7574286324655906
1.7510534379100926
1.7441782280953397
1.7375530259102145
1.730302804651021
1.7225525681325726
1.7156773583178198
1.708052125614185
1.701301919614246
1.6941767021698662
1.6878015076143682
1.6804262825403606
1.6739260841700492
1.6674258857997375
1.6610506912442398
1.6544254890591144
1.6481752983184301
1.6425501266518143
1.6367999511703848
1.6309247718741418
1.625674611651967
1.6197994323557239
1.6151742912076175
1.6107991576891385
1.6066740318002868
1.6025489059114353
1.5981737723929563
1.594673665578173
1.5905485396893215
1.5869234290597247
1.58404834131901
1.581298257393109
1.5785481734672078
1.5757980895413068
1.5737980285042878
1.5711729483932007
1.5686728720969267
1.5666728110599077
1.56504776146733
1.563047700430311
1.5616726584673606
1.5601726126895963
1.5594225898007141
1.5581725516525773
1.5574225287636951
1.5560474868007448
1.554797448652608
1.5545474410229805
1.5537974181340983
1.5534224066896571
1.5522973723563342
1.5525473799859615
1.5516723532822658
1.5516723532822658
1.551547349467452
1.5514223456526384
1.5510473342081972
1.5511723380230111
1.5506723227637564
1.5510473342081972
1.5501723075045015
1.5505473189489425
1.5506723227637564
1.5506723227637564
1.551547349467452
1.5510473342081972
1.5511723380230111
1.5514223456526384
1.5509223303933837
1.5511723380230111
1.5514223456526384
1.5519223609118933
1.5522973723563342
1.5534224066896571
1.5537974181340983
1.5541724295785393
1.5545474410229805
1.554797448652608
1.555922482985931
1.5562974944303722
1.5570475173192542
1.5587975707266457
1.56029761650441
1.5616726584673606
1.5635477156895659
1.565797784356212
1.56742283394879
1.5692978911709952
1.5717979674672689
1.5747980590227975
1.5777981505783258
1.5814232612079226
1.5849233680227057
1.58879848628193
1.5930486159855952
1.5981737723929563
1.6035489364299447
1.6080490737632376
1.613799249244667
1.6195494247260964
1.6257996154667806
1.6317997985778374
1.6390500198370312
1.6461752372814111
1.6529254432813503
1.6601756645405439
1.6674258857997375
1.6741760917996766
1.6808012939848018
1.6879265114291817
1.693801690725425
1.7006769005401776
1.7065520798364209
1.7129272743919186
1.7181774346140937
1.7229275795770134
1.727052705465865
1.7299277932065797
1.7329278847621081
1.7346779381694999
1.7363029877620777
1.7361779839472642
1.7363029877620777
1.735302957243568
1.7341779229102452
1.7316778466139713
1.7288027588732566
1.7249276406140324
1.7203024994659262
1.7146773277993104
1.7095521713919493
1.704052003540147
1.6969267860957673
1.6905515915402693
1.6841763969847714
1.677551194799646
1.670050965910825
1.662925748466445
1.6555505233924375
1.6483003021332439
1.641925107577746
1.6339248634296701
1.628049684133427
1.6215494857631152
1.6156743064668722
1.6096741233558154
1.6046739707632678
1.599548814355907
1.594298654133732
1.5890484939115572
1.5851733756523332
1.5806732383190405
1.576548112430189
1.5736730246894741
1.5702979216895046
1.5675478377636038
1.564172734763634
1.5600476088747826
1.5549224524674214
1.5491722769859921
1.5430470900601214
1.5355468611713006
1.5262965788750877
1.5171713003936889
1.5069209875789666
1.4961706595049897
1.485420331431013
1.4730449537644583
1.4616696066164128
1.4526693319498276
1.4470441602832118
1.4456691183202612
1.4506692709128086
1.4614195989867855
1.4799201635792107
1.506795983764153
1.5405470137638477
1.5837983336893826
1.6345498825037386
1.6959267555772577
1.7634288155766473
1.8411811883907592
1.9233086947233498
2.004561174352245
2.0819385357219153
2.1479405499435407
2.20219220557268
2.2410683919797356
2.262819055757317
2.272569353312784
2.260693990905484
2.225567918942839
2.1753163853877377
2.1115644398327587
2.0381872005371258
1.9586847743156224
1.8761822565385906
1.7933047273171179
1.712427259132664
1.6381749931333354
1.57217297891171
1.5161712698751793
1.4707948850978119
1.4352938016907255
1.4100430310983612
1.392667500839259
1.3840422376171149
1.383667226172674
1.388667378765221
1.399042695394757
1.414043153172399
1.4309186681722466
1.449294228949858
1.4676697897274698
1.484545304727317
1.5001707815790275
1.5140462050233467
1.526171575060274
1.535671864986114
1.5441721243934445
1.5506723227637564
1.5556724753563036
1.559797601245155
1.5632977080599384
1.5660477919858395
1.5687978759117405
1.5712979522080142
1.5740480361339153
1.5760480971709343
1.5779231543931396
1.5805482345042268
1.583298318430128
1.5857983947264016
1.5885484786523028
1.5917985778374584
1.5950486770226142
1.598673787652211
1.6020488906521806
1.6056740012817774
1.6100491348002564
1.613799249244667
1.618549394207587
1.6226745200964385
1.6274246650593585
1.6329248329111608
1.6377999816888944
1.6433001495406965
1.649425336466567
1.6551755119479965
1.660925687429426
1.6665508590960418
1.6733010650959808
1.6789262367625966
1.685926450392163
1.6925516525772883
1.6999268776512955
1.7068020874660481
1.7135522934659873
1.7209275185399944
1.7275527207251198
1.734302926725059
1.7419281594286935
1.748053346354564
1.755178563798944
1.761928769798883
1.7686789757988222
1.7755541856135748
1.7819293801690725
1.7883045747245705
1.7943047578356275
1.8003049409466843
1.805555101168859
1.81068025757622
1.8151803949095127
1.8198055360576189
1.8241806695760978
1.8281807916501358
1.8318059022797326
1.836056031983398
1.837306070131535
1.8383061006500443
1.8414311960203864
1.8420562150944548
1.8434312570574054
1.8441812799462873
1.8439312723166599
1.8444312875759148
1.8430562456129642
1.8416812036500139
1.8394311349833674
1.8366810510574663
1.834055970946379
1.8304308603167823
1.8264307382427443
1.8220556047242653
1.8178054750206
1.8131803338724937
1.8080551774651326
1.802805017242958
1.7971798455763421
1.790929654835658
1.7851794793542284
1.7784292733542895
1.7715540635395368
1.7650538651692254
1.7584286629841
1.7516784569841608
1.744553239539781
1.7379280373546557
1.730677816095462
1.7231775872066408
1.716427381206702
1.7090521561326946
1.701676931058687
1.6946767174291208
1.6881765190588092
1.6811763054292428
1.6744260994293039
1.6683009125034334
1.6616757103183082
1.6546754966887418
1.6491753288369395
1.642675130466628
1.6369249549851985
1.631174779503769
1.6257996154667806
1.6221745048371838
1.6159243140964994
1.6116741843928344
1.6072990508743554
1.602673909726249
1.59829877620777
1.594298654133732
1.5911735587633902
1.587298440504166
1.5841733451338236
1.5815482650227364
1.5785481734672078
1.5760480971709343
1.5740480361339153
1.5711729483932007
1.5687978759117405
1.5669228186895352
1.56504776146733
1.5631727042451247
1.5614226508377331
1.559797601245155
1.5594225898007141
1.558297555467391
1.557797540208136
1.5564224982451857
1.554797448652608
1.5544224372081668
1.5537974181340983
1.552672383800775
1.5522973723563342
1.5522973723563342
1.5520473647267068
1.5514223456526384
1.551547349467452
1.551547349467452
1.55079732657857
1.5510473342081972
1.55079732657857
1.5505473189489425
1.55079732657857
1.5509223303933837
1.550422315134129
1.5506723227637564
1.5510473342081972
1.5511723380230111
1.5511723380230111
1.5514223456526384
1.5511723380230111
1.5514223456526384
1.5510473342081972
1.5517973570970793
1.5525473799859615
1.552797387615589
1.553922421948912
1.5541724295785393
1.5542974333933532
1.5549224524674214
1.5556724753563036
1.5560474868007448
1.5569225135044404
1.559047578356273
1.5600476088747826
1.5612976470229194
1.563422711874752
1.5651727652821437
1.56742283394879
1.5692978911709952
1.5714229560228279
1.5736730246894741
1.5771731315042574
1.5806732383190405
1.584423352763451
1.5886734824671163
1.592423596911527
1.5974237495040742
1.6025489059114353
1.6072990508743554
1.6132992339854122
1.6191744132816552
1.6247995849482713
1.631174779503769
1.637924985503708
1.6445501876888333
1.6521754203924681
1.6591756340220343
1.6666758629108556
1.6730510574663533
1.6803012787255471
1.6864264656514176
1.693426679280984
1.7000518814661092
1.7066770836512346
1.712052247688223
1.7173024079103976
1.7224275643177587
1.7260526749473555
1.7296777855769523
1.7328028809472946
1.7346779381694999
1.7355529648731955
1.7363029877620777
1.7363029877620777
1.7360529801324502
1.7339279152806177
1.7325528733176672
1.7288027588732566
1.7253026520584733
1.7206775109103671
1.7161773735770747
1.710427198095645
1.7045520187994019
1.6984268318735312
1.6921766411328472
1.6851764275032808
1.6780512100589007
1.671176000244148
1.6639257789849544
1.6571755729850153
1.6493003326517535
1.6424251228370008
1.6352999053926207
1.6287997070223093
1.6224245124668113
1.6164243293557543
1.6107991576891385
1.60542399365215
1.599548814355907
1.5950486770226142
1.5897985168004394
1.586048402356029
1.580923245948668
1.5781731620227668
1.5740480361339153
1.5710479445783867
1.5679228492080448
1.5649227576525162
1.5604226203192237
1.5556724753563036
1.5512973418378246
1.5442971282082585
1.53654689168981
1.5282966399121067
1.5192963652455214
1.5086710409863584
1.4984207281716362
1.4871703848384046
1.475045014801477
1.4640446790978727
1.454044373912778
1.4479191869869077
1.4459191259498887
1.449294228949858
1.4599195532090212
1.475920041505173
1.5001707815790275
1.5335468001342816
1.5746730552079835
1.6231745353556932
1.6814263130588702
1.7483033539841915
1.8244306772057253
1.906558183538316
1.9886856898709069
2.065938047425764
2.1343151341288493
2.1918168889431437
2.2340681783501695
2.260068971831416
2.2705692922757654
2.2658191473128455
2.2349432050538653
2.187066743980224
2.1259398785363324
2.0554377269814146
1.977060335093234
1.8948078249458296
1.812305307168798
1.731427838984344
1.6543004852443006
1.5869234290597247
1.528546647541734
1.4804201788384654
1.4426690267647329
1.4155431989501632
1.3956675923947877
1.38591729483932
1.3829172032837918
1.3867923215430158
1.3960426038392286
1.410543046357616
1.4269185460982088
1.4451691030610065
1.4629196447645496
1.481045197912534
1.4961706595049897
1.51042109439375
1.5232964873195594
1.5331717886898404
1.541672048097171
1.5492972808008056
1.554797448652608
1.558297555467391
1.5624226813562427
1.56504776146733
1.5684228644672995
1.5709229407635732
1.5731730094302194
1.5756730857264931
1.5775481429486986
1.5801732230597858
1.5824232917264323
1.5850483718375195
1.5876734519486069
1.5910485549485762
1.594298654133732
1.5974237495040742
1.601173863948485
1.6052989898373364
1.6089241004669332
1.6131742301705987
1.616924344615009
1.6214244819483017
1.626424634540849
1.6310497756889553
1.6365499435407576
1.641925107577746
1.6475502792443617
1.6529254432813503
1.6591756340220343
1.66480080568865
1.671176000244148
1.677176183355205
1.6836763817255165
1.6899265724662007
1.697301797540208
1.7039269997253335
1.7115522324289683
1.7183024384289072
1.7253026520584733
1.7321778618732262
1.7391780755027926
1.7461782891323587
1.7534285103915526
1.7598037049470505
1.7669289223914304
1.7733041169469284
1.7799293191320538
1.7864295175023652
1.792429700613422
1.7979298684652243
1.8044300668355358
1.8088052003540147
1.814180364391003
1.8186805017242957
1.8230556352427747
1.8270557573168127
1.8304308603167823
1.83443098239082
1.8370560625019074
1.8390561235389262
1.8406811731315043
1.842431226538896
1.842431226538896
1.8436812646870329
1.8439312723166599
1.8438062685018464
1.8430562456129642
1.8420562150944548
1.8400561540574358
1.8379310892056033
1.8350560014648885
1.8315558946501054
1.8273057649464401
1.8238056581316568
1.8193055207983642
1.8146803796502577
1.809805230872524
1.8046800744651632
1.79880489516892
1.7929297158726767
1.7866795251319927
1.7804293343913085
1.7736791283913693
1.7664289071321757
1.760428724021119
1.754053529465621
1.7468033082064272
1.7396780907620473
1.7325528733176672
1.7256776635029145
1.7183024384289072
1.7110522171697136
1.7035519882808923
1.6970517899105808
1.6905515915402693
1.6834263740958892
1.6764261604663229
1.669675954466384
1.6636757713553272
1.6576755882442702
1.6506753746147038
1.6445501876888333
1.6385500045777766
1.6330498367259743
1.6275496688741722
1.6222995086519973
1.6174243598742637
1.6127992187261575
1.6087990966521197
1.6039239478743859
1.6001738334299753
1.5959237037263099
1.592298593096713
1.5882984710226753
1.585298379467147
1.5821732840968048
1.579673207800531
1.5762981048005615
1.5742980437635425
1.5726729941709647
1.569422894985809
1.5675478377636038
1.565422772911771
1.5639227271340068
1.5620476699118016
1.5609226355784784
1.5595475936155279
1.5584225592822047
1.5576725363933226
1.556672505874813
1.5554224677266761
1.5554224677266761
1.5541724295785393
1.5529223914304024
1.552672383800775
1.5517973570970793
1.5519223609118933
1.5514223456526384
1.5516723532822658
1.5516723532822658
1.5511723380230111
1.5509223303933837
1.55079732657857
1.55079732657857
1.5502973113193153
1.5502973113193153
1.5509223303933837
1.5505473189489425
1.5509223303933837
1.5510473342081972
1.5514223456526384
1.5510473342081972
1.551547349467452
1.5512973418378246
1.5514223456526384
1.5519223609118933
1.552672383800775
1.552672383800775
1.5534224066896571
1.5544224372081668
1.5542974333933532
1.5541724295785393
1.55554747154149
1.5564224982451857
1.556797509689627
1.5585475630970183
1.5592975859859004
1.5607976317636647
1.5627976928006837
1.5646727500228887
1.5669228186895352
1.568172856837672
1.5707979369487595
1.5736730246894741
1.5759230933561206
1.579673207800531
1.5830483108005005
1.5869234290597247
1.5912985625782037
1.5960487075411238
1.6007988525040437
1.6057990050965911
1.611799188207648
1.6170493484298227
1.6231745353556932
1.629299722281564
1.6365499435407576
1.6428001342814416
1.6496753440961944
1.6568005615405743
1.6643007904293954
1.671301004058962
1.6784262215033416
1.6849264198736535
1.6915516220587787
1.697426801355022
1.7043020111697744
1.7099271828363902
1.715552354503006
1.7204275032807397
1.7251776482436598
1.7289277626880704
1.731427838984344
1.7336779076509903
1.7359279763176367
1.7356779686880093
1.7363029877620777
1.7361779839472642
1.734552934354686
1.7329278847621081
1.7300527970213935
1.7268026978362376
1.7224275643177587
1.7176774193548388
1.7126772667622914
1.7064270760216071
1.7004268929105502
1.6936766869106112
1.6873014923551135
1.6805512863551746
1.6733010650959808
1.666800866725669
1.658550614947966
1.651800408948027
1.6445501876888333
1.6374249702444532
1.6309247718741418
1.6246745811334575
1.6186743980224005
1.61254921109653
1.6071740470595417
1.6021738944669943
1.596673726615192
1.5916735740226449
1.5870484328745385
1.583298318430128
1.578923184911649
1.5756730857264931
1.5726729941709647
1.5690478835413677
1.565797784356212
1.5626726889858698
1.5576725363933226
1.552797387615589
1.5466722006897184
1.53892196417127
1.5309217200231942
1.5224214606158635
1.5130461745048374
1.502045838801233
1.4906704916531877
1.479045136875515
1.467544785912656
1.4574194769127478
1.4495442365794855
1.4456691183202612
1.447419171727653
1.4546693929868466
1.469919858394116
1.491295510727256
1.5209214148380994
1.559797601245155
1.6064240241706595
1.6613006988738672
1.7253026520584733
1.79880489516892
1.879307351908933
1.9616848658711508
2.0411872920926544
2.112939481795709
2.1741913510544144
2.2220678121280555
2.254068788720359
2.2681942197943052
2.271194311349834
2.2471935789056063
2.2048172856837676
2.1478155461287267
2.079563463240455
2.0030611285744806
1.9220586565752127
1.8386811120944853
1.7570536210211494
1.6789262367625966
1.6076740623187964
1.5465471968749047
1.4949206213568529
1.4539193700979645
1.4229184240241708
1.401042756431776
1.3881673635059664
1.3837922299874874
1.3854172795800654
1.3922924893948179
1.4047928708761863
1.421293374431593
1.4389189123203223
1.4574194769127478
1.4747950071718496
1.491670522171697
1.5061709646900845
1.5195463728751488
1.5304217047639395
1.539671987060152
1.5474222235786004
1.55317239906003
1.557797540208136
1.5614226508377331
1.5647977538377027
1.56742283394879
1.5697979064302499
1.5724229865413375
1.5754230780968657
1.576548112430189
1.5791731925412764
1.581298257393109
1.5841733451338236
1.5865484176152838
1.5900485244300668
1.5931736198004092
1.5964237189855648
1.6002988372447888
1.6042989593188268
1.608174077578051
1.6115491805780204
1.6155493026520584
1.6204244514297923
1.6246745811334575
1.630049745170446
1.6357999206518754
1.6400500503555409
1.6456752220221567
1.651800408948027
1.6571755729850153
1.6635507675405132
1.669300943021943
1.675551133762627
1.6820513321329387
1.6884265266884364
1.6963017670216987
1.702176946317942
1.708802148503067
1.7161773735770747
1.7230525833918273
1.7298027893917662
1.737428022095401
1.7441782280953397
1.7509284340952787
1.757553636280404
1.7650538651692254
1.7709290444654684
1.778179265724662
1.7855544907986696
1.7906796472060307
1.796054811243019
1.8021799981688895
1.807180150761437
1.811930295724357
1.817055452131718
1.8213055818353832
1.8261807306131168
1.8291808221686454
1.832930936613056
1.836431043427839
1.8385561082796718
1.840306161687063
1.8420562150944548
1.8433062532425917
1.8435562608722191
1.844681295205542
1.8449313028351695
1.8436812646870329
1.841931211279641
1.8410561845759452
1.838806115909299
1.8359310281685843
1.8330559404278695
1.8290558183538315
1.8246806848353525
1.8206805627613147
1.815805413983581
1.8113052766502884
1.8058051087984863
1.8005549485763115
1.7949297769096957
1.7884295785393842
1.7823043916135137
1.775804193243202
1.7689289834284494
1.7624287850581377
1.7556785790581988
1.7486783654286326
1.7415531479842525
1.7351779534287546
1.727927732169561
1.7213025299844356
1.7138023010956145
1.7063020722067934
1.6990518509475998
1.6924266487624744
1.6858014465773492
1.6785512253181556
1.6724260383922849
1.6658008362071597
1.6590506302072208
1.6526754356517228
1.647050263985107
1.6405500656147955
1.6346748863185523
1.6290497146519365
1.6239245582445754
1.6190494094668417
1.614174260689108
1.6100491348002564
1.6055489974669637
1.601048860133671
1.5974237495040742
1.5934236274300364
1.5895485091708121
1.5861734061708426
1.583298318430128
1.5801732230597858
1.5776731467635121
1.574923062837611
1.5726729941709647
1.5704229255043185
1.568172856837672
1.565797784356212
1.564172734763634
1.5621726737266153
1.5605476241340372
1.559922605059969
1.558672566911832
1.557797540208136
1.5570475173192542
1.5560474868007448
1.5550474562822352
1.5542974333933532
1.5532974028748436
1.552672383800775
1.5522973723563342
1.5520473647267068
1.5525473799859615
1.5514223456526384
1.5517973570970793
1.5519223609118933
1.5511723380230111
1.550422315134129
1.5502973113193153
1.5502973113193153
1.550422315134129
1.5505473189489425
1.5509223303933837
1.55079732657857
1.551547349467452
1.5509223303933837
1.5517973570970793
1.55079732657857
1.5510473342081972
1.5517973570970793
1.551547349467452
1.5522973723563342
1.552672383800775
1.5530473952452162
1.5537974181340983
1.5544224372081668
1.5540474257637258
1.5552974639118626
1.5561724906155583
1.556797509689627
1.55792254402295
1.5587975707266457
1.5607976317636647
1.5621726737266153
1.5640477309488205
1.566172795800653
1.567797845393231
1.570172917874691
1.5731730094302194
1.5751730704672384
1.5782981658375803
1.5817982726523636
1.5859233985412151
1.5900485244300668
1.594798669392987
1.599173802911466
1.6049239783928952
1.6095491195410014
1.6159243140964994
1.6211744743186742
1.6275496688741722
1.6341748710592976
1.6409250770592365
1.6480502945036166
1.6548005005035553
1.6625507370220038
1.6694259468367565
1.6760511490218817
1.6825513473921934
1.6895515610217597
1.6961767632068852
1.7024269539475692
1.708802148503067
1.7141773125400557
1.7193024689474166
1.7240526139103367
1.727927732169561
1.7311778313547166
1.7333028962065493
1.7351779534287546
1.7366779992065189
1.7360529801324502
1.7361779839472642
1.735427961058382
1.7331778923917356
1.7309278237250891
1.7278027283547472
1.723552598651082
1.7185524460585346
1.7136772972808008
1.708177129428999
1.7024269539475692
1.6963017670216987
1.689051545762505
1.6824263435773796
1.6754261299478135
1.668800927762688
1.6613006988738672
1.6535504623554185
1.647050263985107
1.6393000274666587
1.6325498214667196
1.6262996307260353
1.6204244514297923
1.614174260689108
1.6087990966521197
1.6037989440595721
1.5981737723929563
1.5931736198004092
1.588423474837489
1.5839233375041963
1.5802982268745993
1.5761731009857478
1.5734230170598467
1.570172917874691
1.5664228034302805
1.5635477156895659
1.5587975707266457
1.553922421948912
1.5485472579119235
1.5411720328379164
1.5337968077639088
1.5247965330973237
1.515546250801111
1.5050459303567616
1.49379558702353
1.4825452436902982
1.4705448774681846
1.4599195532090212
1.451294289986877
1.4465441450239571
1.4462941373943297
1.452169316690573
1.4646696981719414
1.4850453199865719
1.5120461439863278
1.5480472426526688
1.5925486007263405
1.645050202948088
1.7070520950956756
1.7774292428357799
1.8558066347239601
1.9384341563158054
2.0198116397595145
2.0939389019440293
2.158565874202704
2.2106924649800104
2.246068544572283
2.2659441511276586
2.272694357127598
2.2558188421277503
2.2176926786095765
2.1646910611285746
2.0985640430921353
2.0244367809076205
1.9436843165379802
1.8619318216498306
1.7793043000579851
1.7000518814661092
1.626424634540849
1.5624226813562427
1.508421033356731
1.4642946867275002
1.4301686452833644
1.4062929166539506
1.39066743980224
1.3834172185430464
1.383667226172674
1.3897924130985444
1.4009177526169623
1.4159182103946044
1.4341687673574024
1.452169316690573
1.4709198889126254
1.4867953733939634
1.502420850245674
1.5156712546159246
1.5276716208380383
1.5371719107638784
1.5449221472823267
1.5519223609118933
1.556672505874813
1.5601726126895963
1.5631727042451247
1.5665478072450942
1.5695478988006226
1.5716729636524553
1.5739230323191016
1.576548112430189
1.5782981658375803
1.5807982421338542
1.5831733146153144
1.5862984099856563
1.58879848628193
1.591923581652272
1.5955486922818691
1.598673787652211
1.60304892117069
1.607424054689169
1.6102991424298836
1.6142992645039216
1.6187994018372145
1.6231745353556932
1.6285496993926818
1.6339248634296701
1.6400500503555409
1.6441751762443924
1.6501753593554491
1.6555505233924375
1.6613006988738672
1.6674258857997375
1.6740510879848627
1.679926267281106
1.686676473281045
1.6935516830957975
1.7003018890957367
1.7068020874660481
1.7141773125400557
1.7218025452436905
1.7284277474288157
1.7350529496139409
1.742178167058321
1.7490533768730736
1.7554285714285716
1.7630538041322064
1.7694289986877043
1.776679219946898
1.782929410687582
1.7894296090578936
1.7956797997985778
1.8005549485763115
1.8061801202429273
1.811930295724357
1.816305429242836
1.8204305551316875
1.8246806848353525
1.8288058107242042
1.8323059175389873
1.836056031983398
1.838056093020417
1.8398061464278084
1.8411811883907592
1.8431812494277782
1.8438062685018464
1.8440562761314738
1.844306283761101
1.8441812799462873
1.842806237983337
1.8413061922055727
1.8399311502426223
1.8365560472426528
1.8336809595019379
1.8301808526871548
1.8259307229834896
1.822180608539079
1.8178054750206
1.812305307168798
1.807805169835505
1.8023050019837032
1.7965548265022737
1.7906796472060307
1.7841794488357188
1.7779292580950348
1.7708040406506547
1.7643038422803432
1.7574286324655906
1.7508034302804651
1.743803216650899
1.737303018280587
1.7304278084658344
1.7229275795770134
1.7159273659474472
1.708177129428999
1.7011769157994323
1.6933016754661703
1.6880515152439954
1.6803012787255471
1.6744260994293039
1.66717587817011
1.6611756950590533
1.654550492873928
1.6479252906888027
1.6428001342814416
1.6364249397259438
1.630799768059328
1.6250495925778985
1.6201744438001648
1.6155493026520584
1.6106741538743248
1.6069240394299142
1.6022988982818078
1.59829877620777
1.5941736503189183
1.5905485396893215
1.5866734214300973
1.58404834131901
1.5811732535782954
1.5781731620227668
1.5757980895413068
1.5732980132450332
1.5709229407635732
1.5690478835413677
1.5666728110599077
1.5649227576525162
1.563047700430311
1.5612976470229194
1.5605476241340372
1.559047578356273
1.5580475478377636
1.5572975249488816
1.5562974944303722
1.55554747154149
1.5544224372081668
1.553547410504471
1.552797387615589
1.5520473647267068
1.5522973723563342
1.5516723532822658
1.5511723380230111
1.5512973418378246
1.551547349467452
1.550422315134129
1.5505473189489425
1.5512973418378246
1.5505473189489425
1.5499222998748743
1.5505473189489425
1.5505473189489425
1.5505473189489425
1.5509223303933837
1.5501723075045015
1.5512973418378246
1.5512973418378246
1.5511723380230111
1.5514223456526384
1.551547349467452
1.5524223761711478
1.5522973723563342
1.552672383800775
1.55317239906003
1.5541724295785393
1.5542974333933532
1.5550474562822352
1.55554747154149
1.557172521134068
1.557172521134068
1.5580475478377636
1.5604226203192237
1.5615476546525469
1.5629226966154972
1.565422772911771
1.5672978301339764
1.5695478988006226
1.5720479750968963
1.5746730552079835
1.5771731315042574
1.5802982268745993
1.5845483565782648
1.5886734824671163
1.5926736045411543
1.59829877620777
1.60304892117069
1.608174077578051
1.6146742759483628
1.6196744285409101
1.6254246040223395
1.632424817651906
1.638299996948149
1.6463002410962249
1.6528004394665363
1.6601756645405439
1.66717587817011
1.6741760917996766
1.680676290169988
1.6885515305032504
1.6944267097994934
1.7006769005401776
1.7063020722067934
1.7123022553178504
1.7179274269844662
1.7228025757621999
1.7268026978362376
1.7300527970213935
1.7328028809472946
1.734552934354686
1.735802972502823
1.7363029877620777
1.7370530106509599
1.735427961058382
1.7339279152806177
1.7318028504287852
1.7286777550584431
1.7246776329844051
1.7198024842066715
1.7156773583178198
1.7099271828363902
1.7038019959105197
1.6979268166142767
1.6915516220587787
1.6844264046143986
1.6776761986144597
1.6706759849848933
1.662925748466445
1.6556755272072514
1.6488003173924985
1.6414250923184912
1.6340498672444839
1.6285496993926818
1.6214244819483017
1.6154242988372447
1.609799127170629
1.605048982207709
1.5994238105410932
1.594298654133732
1.589923520615253
1.585298379467147
1.5807982421338542
1.5772981353190711
1.5740480361339153
1.5707979369487595
1.567797845393231
1.5647977538377027
1.559797601245155
1.5554224677266761
1.549547288430433
1.5434221015045624
1.534921842097232
1.5269215979491562
1.517796319467757
1.5076710104678488
1.4965456709494307
1.485295327616199
1.473544969023713
1.462419629505295
1.452919339579455
1.447419171727653
1.445794122135075
1.4502942594683677
1.460419568468276
1.479045136875515
1.5046709189123204
1.5385469527268287
1.5807982421338542
1.6310497756889553
1.6909266029847103
1.7598037049470505
1.8379310892056033
1.9190585650196845
2.000936063722648
2.0770633869441815
2.144690450758385
2.1995671254615923
2.239443342387158
2.263194067201758
2.271444318979461
2.262319040498062
2.228192999053926
2.1780664693136385
2.11568956572161
2.043187353129673
1.9646849574266794
1.8814324167607654
1.79880489516892
1.7185524460585346
1.643050141911069
1.5766731162450025
1.51992138431959
1.4741699880977814
1.4375438703573717
1.4111680654316843
1.3935425275429547
1.384292245246742
1.3829172032837918
1.3877923520615254
1.3980426648762476
1.4137931455427717
1.4300436414685507
1.4480441908017212
1.466419751579333
1.483045258949553
1.498045716727195
1.513921201208533
1.5254215521713919
1.5350468459120459
1.5436721091341898
1.5502973113193153
1.5556724753563036
1.559047578356273
1.5629226966154972
1.5652977690969574
1.5689228797265542
1.5709229407635732
1.5731730094302194
1.5759230933561206
1.5780481582079533
1.5802982268745993
1.5830483108005005
1.5855483870967744
1.5886734824671163
1.5916735740226449
1.594798669392987
1.5976737571337016
1.6021738944669943
1.6059240089114046
1.6092991119113744
1.6139242530594806
1.6191744132816552
1.6227995239112523
1.627174657429731
1.6325498214667196
1.6374249702444532
1.6433001495406965
1.649050325022126
1.6550505081331828
1.6604256721701711
1.6659258400219734
1.6725510422070986
1.6793012482070377
1.6851764275032808
1.6920516373180334
1.6988018433179723
1.7053020416882838
1.713177282021546
1.719552476577044
1.7276777245399335
1.7338029114658042
1.7411781365398113
1.747678334910123
1.754428540910062
1.7614287545396283
1.7684289681691947
1.7751791741691336
1.7821793877986998
1.7883045747245705
1.7939297463911863
1.799554918057802
1.8050550859096042
1.809930234687338
1.8146803796502577
1.8199305398724328
1.8239306619464706
1.8280557878353223
1.8314308908352916
1.8348059938352612
1.8371810663167212
1.8395561387981811
1.8418062074648274
1.8425562303537095
1.8431812494277782
1.8441812799462873
1.8440562761314738
1.8440562761314738
1.842431226538896
1.8418062074648274
1.8398061464278084
1.8371810663167212
1.8343059785760063
1.8303058565019683
1.8268057496871855
1.82255561998352
1.8180554826502273
1.8136803491317484
1.80830518509476
1.803180028687399
1.7973048493911556
1.7913046662800989
1.7848044679097874
1.7784292733542895
1.771804071169164
1.7654288766136663
1.7585536667989135
1.7515534531693473
1.7449282509842219
1.7375530259102145
1.731052827539903
1.7238026062807095
1.716427381206702
1.7093021637623218
1.7026769615771966
1.6948017212439344
1.6886765343180639
1.6818013245033114
1.6743010956144901
1.668050904873806
1.6619257179479354
1.655800531022065
1.6491753288369395
1.6429251380962555
1.6371749626148258
1.6309247718741418
1.6259246192815942
1.621299478133488
1.6162993255409406
1.611424176763207
1.607424054689169
1.6025489059114353
1.598798791467025
1.5950486770226142
1.5910485549485762
1.5875484481337934
1.584423352763451
1.581298257393109
1.5787981810968352
1.5760480971709343
1.5739230323191016
1.5712979522080142
1.5690478835413677
1.5666728110599077
1.5655477767265848
1.563047700430311
1.5620476699118016
1.5604226203192237
1.5589225745414594
1.55792254402295
1.5570475173192542
1.5561724906155583
1.55554747154149
1.5541724295785393
1.5537974181340983
1.552797387615589
1.5525473799859615
1.5521723685415205
1.5519223609118933
1.551547349467452
1.551547349467452
1.5511723380230111
1.5512973418378246
1.5506723227637564
1.5510473342081972
1.5505473189489425
1.550422315134129
1.5509223303933837
1.5502973113193153
1.5506723227637564
1.5509223303933837
1.5511723380230111
1.5511723380230111
1.5512973418378246
1.5512973418378246
1.5514223456526384
1.5511723380230111
1.5516723532822658
1.552672383800775
1.5530473952452162
1.5530473952452162
1.5536724143192846
1.554797448652608
1.5552974639118626
1.5557974791711173
1.5565475020599995
1.5575475325785089
1.5584225592822047
1.5600476088747826
1.5615476546525469
1.5627976928006837
1.56504776146733
1.567047822504349
1.569422894985809
1.5716729636524553
1.5742980437635425
1.5770481276894437
1.5806732383190405
1.5845483565782648
1.5886734824671163
1.5929236121707817
1.5979237647633289
1.6025489059114353
1.6077990661336101
1.6131742301705987
1.618924405652028
1.6247995849482713
1.631174779503769
1.6381749931333354
1.6448001953184606
1.6523004242072816
1.659800653096103
1.6669258705404828
1.673176061281167
1.6803012787255471
1.6871764885402998
1.693801690725425
1.700176885280923
1.7065520798364209
1.712802270577105
1.7174274117252115
1.7220525528733177
1.726302682576983
1.7300527970213935
1.7329278847621081
1.7349279457991271
1.7359279763176367
1.7364279915768914
1.7366779992065189
1.7355529648731955
1.733427900021363
1.7318028504287852
1.7289277626880704
1.7248026367992186
1.7208025147251809
1.7158023621326335
1.7105522019104589
1.7043020111697744
1.6983018280587177
1.6916766258735922
1.685051423688467
1.6781762138737144
1.6703009735404524
1.6638007751701407
1.6566755577257606
1.6493003326517535
1.6425501266518143
1.6350498977629933
1.6285496993926818
1.6226745200964385
1.6164243293557543
1.610549150059511
1.605048982207709
1.599548814355907
1.5945486617633595
1.5905485396893215
1.5856733909115879
1.581298257393109
1.5775481429486986
1.57454805139317
1.5707979369487595
1.5676728415784174
1.5646727500228887
1.56029761650441
1.5557974791711173
1.5500473036896878
1.5441721243934445
1.5357968688009278
1.5275466170232246
1.5185463423566392
1.5085460371715445
1.4974206976531268
1.4861703543198952
1.4754200262459183
1.463169652394177
1.4539193700979645
1.447419171727653
1.4456691183202612
1.4494192327646718
1.4599195532090212
1.4775450910977508
1.5019208349864193
1.5354218573564866
1.57692312387463
1.627299661244545
1.6860514542069764
1.754053529465621
1.8304308603167823
1.9121833552049319
1.993810846278268
2.071188207647938
2.1391902829065828
2.1951919919431133
2.237068269905698
2.2618190252388075
2.271194311349834
2.2638190862758263
2.2319431134983367
2.1820665913876764
2.12043971068453
2.0481875057222205
1.9700601214636677
1.8878076113162634
1.8053050935392316
1.7241776177251504
1.6488003173924985
1.5807982421338542
1.5236714987640003
1.4761700491348004
1.439418927579577
1.4125431073946348
1.3949175695059055
1.385167271950438
1.3830422070986053
1.3869173253578295
1.3969176305429243
1.4114180730613117
1.4285435956907866
1.4471691640980255
1.465169713431196
1.4821702322458572
1.4977957090975678
1.5121711478011413
1.524171514023255
1.5346718344676047
1.5431720938749351
1.5499222998748743
1.55554747154149
1.5587975707266457
1.5621726737266153
1.5656727805413984
1.5684228644672995
1.5709229407635732
1.5731730094302194
1.5755480819116796
1.5780481582079533
1.580048219244972
1.583298318430128
1.5850483718375195
1.5876734519486069
1.5910485549485762
1.5941736503189183
1.5981737723929563
1.6017988830225531
1.6055489974669637
1.6096741233558154
1.6132992339854122
1.6184243903927733
1.6226745200964385
1.6270496536149175
1.6326748252815333
1.6374249702444532
1.6423001190221869
1.6485503097628713
1.654550492873928
1.6608006836146123
1.6658008362071597
1.6720510269478437
1.6788012329477828
1.683926389355144
1.6909266029847103
1.6988018433179723
1.7063020722067934
1.7126772667622914
1.7193024689474166
1.725927671132542
1.7328028809472946
1.739803094576861
1.7474283272804958
1.7541785332804345
1.761553758354442
1.7688039796136357
1.7749291665395062
1.7813043610950041
1.7878045594653156
1.7933047273171179
1.7991799066133611
1.8053050935392316
1.8100552385021516
1.8145553758354442
1.8193055207983642
1.8236806543168431
1.8275557725760676
1.8311808832056644
1.8349309976500747
1.8381810968352306
1.8395561387981811
1.8413061922055727
1.8425562303537095
1.8435562608722191
1.8439312723166599
1.844681295205542
1.8444312875759148
1.8429312417981507
1.8415561998352001
1.8396811426129949
