1.7864295175023652
1.7868045289468062
1.784929471724601
1.7818043763542588
1.7780542619098483
1.7731791131321146
1.7671789300210579
1.7599287087618642
1.7526784875026704
1.7448032471694084
1.7356779686880093
1.7264276863917967
1.7163023773918882
1.7066770836512346
1.6969267860957673
1.6868014770958586
1.677551194799646
1.668800927762688
1.6616757103183082
1.6533004547257912
1.647425275429548
1.6420501113925596
1.6374249702444532
1.6332998443556017
1.6326748252815333
1.632424817651906
1.633549851985229
1.6356749168370617
1.6398000427259134
1.643925168614765
1.6479252906888027
1.6536754661702324
1.6590506302072208
1.6644257942442091
1.6695509506515702
1.6745511032441176
1.6778012024292734
1.6811763054292428
1.6838013855403302
1.684301400799585
1.6828013550218206
1.679551255836665
1.6748011108737448
1.6683009125034334
1.6610506912442398
1.6520504165776544
1.641925107577746
1.632299813837092
1.6207994628742333
1.6107991576891385
1.598798791467025
1.58642341380047
1.5734230170598467
1.5600476088747826
1.5467972045045322
1.5332967925046541
1.5161712698751793
1.4970456862086856
1.475920041505173
1.451794305246132
1.4290436109500413
1.408542985320597
1.3949175695059055
1.3917924741355632
1.4024177983947264
1.4345437788018434
1.488545426801355
1.5667978148747217
1.6661758476516009
1.7833044221320231
1.9106833094271676
2.0359371318704795
2.1398153019806516
2.205317300943022
2.2273179723502308
2.2010671712393566
2.1259398785363324
2.0140614642780847
1.882807458723716
1.7486783654286326
1.6244245735038303
1.5176713156529436
1.4347937864314706
1.3774170354319895
1.3455410626545
1.33604077272866
1.345166051210059
1.366541703543199
1.3945425580614643
1.4261685232093266
1.4565444502090519
1.4836702780236213
1.5069209875789666
1.5249215369121372
1.539671987060152
1.5517973570970793
1.562297677541429
1.5712979522080142
1.5805482345042268
1.5896735129856259
1.599173802911466
1.6092991119113744
1.6205494552446058
1.6310497756889553
1.6423001190221869
1.6546754966887418
1.6654258247627187
1.6761761528366956
1.6881765190588092
1.7004268929105502
1.7098021790215767
1.7205525070955536
1.731052827539903
1.740928128910184
1.7490533768730736
1.7579286477248453
1.7646788537247842
1.7706790368358412
1.7763042085024567
1.7803043305764947
1.7843044526505327
1.7859295022431105
1.7868045289468062
1.7868045289468062
1.784929471724601
1.7821793877986998
1.778179265724662
1.7731791131321146
1.7666789147618032
1.7598037049470505
1.7515534531693473
1.744553239539781
1.7350529496139409
1.7261776787621694
1.7165523850215156
1.706052064577166
1.6965517746513261
1.686676473281045
1.6770511795403913
1.6685509201330608
1.6608006836146123
1.6533004547257912
1.6464252449110386
1.6416750999481187
1.6365499435407576
1.634424878688925
1.6325498214667196
1.6326748252815333
1.633674855800043
1.6361749320963164
1.6400500503555409
1.643925168614765
1.6486753135776848
1.6539254737998597
1.6591756340220343
1.6656758323923462
1.6695509506515702
1.6745511032441176
1.6778012024292734
1.6811763054292428
1.6834263740958892
1.684301400799585
1.6825513473921934
1.6796762596514787
1.6746761070589313
1.6679259010589922
1.6603006683553576
1.6515504013183995
1.6416750999481187
1.631674794763024
1.6205494552446058
1.6089241004669332
1.5980487685781428
1.5859233985412151
1.5739230323191016
1.5601726126895963
1.5470472121341592
1.5320467543565173
1.515921262245552
1.4962956633198035
1.4751700186162908
1.4510442823572498
1.4284185918759726
1.407792962431715
1.3961676076540421
1.391917477950377
1.403792840357677
1.436293832209235
1.490920499282815
1.5695478988006226
1.6710509964293345
1.7879295632801295
1.9151834467604603
2.039937253944517
2.1425653859065523
2.2071923581652273
2.2264429456465344
2.1994421216467788
2.1231897946104312
2.010061342204047
1.8790573442793055
1.7455532700582903
1.6202994476149783
1.5149212317270424
1.4329187292092656
1.3765420087282938
1.3456660664693136
1.336415784173101
1.3460410779137548
1.3670417188024537
1.3954175847651602
1.4265435346537676
1.4571694692831203
1.4844203009125034
1.507546006653035
1.5254215521713919
1.540046998504593
1.5520473647267068
1.5625476851710562
1.5716729636524553
1.5810482497634815
1.590298532059694
1.599548814355907
1.609049104281747
1.6204244514297923
1.63154979094821
1.6435501571703237
1.6541754814294871
1.6651758171330913
1.6768011719107638
1.6881765190588092
1.699801873836482
1.7113022247993408
1.7205525070955536
1.7315528427991578
1.7406781212805567
1.7495533921323283
1.7579286477248453
1.7650538651692254
1.7705540330210272
1.7759291970580158
1.7809293496505632
1.7831794183172094
1.7861795098727378
1.786554521317179
1.786554521317179
1.784929471724601
1.7815543687246316
1.7778042542802208
1.7728041016876737
1.7669289223914304
1.7594286935026096
1.7533035065767388
1.7440532242805262
1.7351779534287546
1.726302682576983
1.7161773735770747
1.705677053132725
1.6965517746513261
1.686676473281045
1.677551194799646
1.6683009125034334
1.6604256721701711
1.6528004394665363
1.6463002410962249
1.6411750846888638
1.6371749626148258
1.6327998290963468
1.632424817651906
1.632424817651906
1.633674855800043
1.6364249397259438
1.6394250312814722
1.6438001647999512
1.6488003173924985
1.653800469985046
1.6596756492812892
1.6644257942442091
1.670050965910825
1.6748011108737448
1.677926206244087
1.6810513016144293
1.684301400799585
1.682676351207007
1.682676351207007
1.6794262520218513
1.6749261146885588
1.6679259010589922
1.6610506912442398
1.6515504013183995
1.6420501113925596
1.6317997985778374
1.6217994933927427
1.6100491348002564
1.5981737723929563
1.5854233832819604
1.5736730246894741
1.5601726126895963
1.5459221778008363
1.5321717581713308
1.5151712393566699
1.4961706595049897
1.474294991912595
1.450919278542436
1.4274185613574633
1.407792962431715
1.395042573320719
1.391917477950377
1.4036678365428634
1.4356688131351665
1.4911705069124424
1.569422894985809
1.6705509811700798
1.7879295632801295
1.9154334543900877
2.039312234870449
2.1426903897213663
2.2066923429059724
2.227192968535417
2.1993171178319653
2.1226897793511768
2.0095613269447923
1.8785573290200508
1.7451782586138493
1.6207994628742333
1.514796227912229
1.4327937253944516
1.3762920010986663
1.3449160435804315
1.3355407574694054
1.3455410626545
1.3671667226172672
1.395042573320719
1.4270435499130223
1.4575444807275613
1.484545304727317
1.5076710104678488
1.525796563615833
1.5394219794305246
1.5524223761711478
1.561797662282174
1.5715479598376416
1.5811732535782954
1.5897985168004394
1.5994238105410932
1.609424115726188
1.6205494552446058
1.6319248023926511
1.642675130466628
1.6540504776146734
1.6655508285775322
1.677551194799646
1.6881765190588092
1.7003018890957367
1.710052186651204
1.7213025299844356
1.7316778466139713
1.740928128910184
1.7493033845027008
1.7579286477248453
1.7650538651692254
1.7709290444654684
1.776554216132084
1.7810543534653769
1.7834294259468366
1.7860545060579243
1.7868045289468062
1.7864295175023652
1.7850544755394149
1.7819293801690725
1.7779292580950348
1.7729291055024872
1.7670539262062441
1.7599287087618642
1.752428479873043
1.7441782280953397
1.7346779381694999
1.7261776787621694
1.7163023773918882
1.7063020722067934
1.6960517593920712
1.6864264656514176
1.677176183355205
1.6684259163182469
1.6604256721701711
1.6528004394665363
1.6463002410962249
1.6414250923184912
1.6380499893185219
1.6334248481704154
1.6334248481704154
1.6326748252815333
1.6337998596148564
1.635924924466689
1.639550035096286
1.643925168614765
1.6485503097628713
1.6549255043183693
1.6594256416516617
1.6646758018738366
1.6701759697256386
1.6749261146885588
1.6781762138737144
1.6810513016144293
1.6833013702810755
1.6841763969847714
1.6824263435773796
1.6793012482070377
1.6746761070589313
1.668050904873806
1.6601756645405439
1.6516754051332134
1.6418001037629322
1.631674794763024
1.6215494857631152
1.6091741080965607
1.5972987456892607
1.5856733909115879
1.5730480056154057
1.559922605059969
1.5459221778008363
1.5320467543565173
1.5156712546159246
1.4954206366161078
1.4740449842829677
1.4515442976165045
1.427543565172277
1.4074179509872737
1.3944175542466506
1.3921674855800044
1.4041678518021181
1.4367938474684896
1.4927955565050204
1.5707979369487595
1.671676015503403
1.7898046205023346
1.916808496353038
2.0415623035370953
2.1440654316843166
2.207692373424482
2.226692953276162
2.198192083498642
2.1210647297585985
2.0081862849818415
1.8770572832422865
1.7434282052064578
1.6191744132816552
1.5134211859492783
1.431543687246315
1.375291970580157
1.3437910092471084
1.3362907803582873
1.3460410779137548
1.3680417493209633
1.3961676076540421
1.427543565172277
1.45816949980163
1.485295327616199
1.5079210180974763
1.5255465559862058
1.5399219946897795
1.552797387615589
1.5626726889858698
1.5716729636524553
1.5811732535782954
1.5909235511337627
1.6004238410596028
1.6096741233558154
1.621299478133488
1.6317997985778374
1.6428001342814416
1.654550492873928
1.6663008514664144
1.6770511795403913
1.6886765343180639
1.6999268776512955
1.710802209540086
1.7216775414288765
1.731052827539903
1.741303140354625
1.749678395947142
1.7579286477248453
1.7650538651692254
1.7713040559099094
1.776679219946898
1.7808043458357494
1.7840544450209053
1.7859295022431105
1.7861795098727378
1.7866795251319927
1.7851794793542284
1.781679372539445
1.7778042542802208
1.7730541093173011
1.7666789147618032
1.759178685872982
1.7521784722434155
1.743303201391644
1.734302926725059
1.7260526749473555
1.7160523697622607
1.705677053132725
1.6959267555772577
1.6858014465773492
1.6768011719107638
1.6678008972441787
1.6604256721701711
1.6530504470961638
1.6464252449110386
1.640675069429609
1.6372999664296397
1.6339248634296701
1.632299813837092
1.633174840540788
1.633174840540788
1.635924924466689
1.6398000427259134
1.6451752067629017
1.6489253212073123
1.6543004852443006
1.6599256569109164
1.6646758018738366
1.6698009582811977
1.6745511032441176
1.6784262215033416
1.6809262977996156
1.6835513779107028
1.6838013855403302
1.6825513473921934
1.6801762749107334
1.6739260841700492
1.667675893429365
1.659800653096103
1.6509253822443313
1.6414250923184912
1.631174779503769
1.6206744590594195
1.6092991119113744
1.5975487533188881
1.585298379467147
1.5727979979857785
1.5596725974303416
1.54604718161565
1.5314217352824486
1.5150462355418564
1.4954206366161078
1.4737949766533405
1.4494192327646718
1.4266685384685813
1.4066679280983916
1.3944175542466506
1.392667500839259
1.405417889950255
1.4379188818018127
1.4940455946531572
1.5740480361339153
1.6754261299478135
1.7933047273171179
1.921183629871517
2.044562395092624
2.1460654927213354
2.208442396313364
2.2269429609057894
2.1971920529801325
2.118564653462325
2.0038111514633625
1.8721821344645528
1.7390530716879788
1.6151742912076175
1.5100460829493088
1.4300436414685507
1.3739169286172064
1.3434159978026674
1.3357907650990326
1.346666096987823
1.3682917569505906
1.3969176305429243
1.4284185918759726
1.4584195074312571
1.4864203619495224
1.509171056245613
1.5262965788750877
1.5410470290231024
1.5522973723563342
1.5627976928006837
1.57217297891171
1.5814232612079226
1.590298532059694
1.6001738334299753
1.6102991424298836
1.620924466689047
1.632299813837092
1.6438001647999512
1.6546754966887418
1.6666758629108556
1.677551194799646
1.6889265419476913
1.6999268776512955
1.7113022247993408
1.7218025452436905
1.7319278542435987
1.7428031861323894
1.7501784112063965
1.7580536515396588
1.7651788689840389
1.7713040559099094
1.776554216132084
1.7811793572801906
1.7840544450209053
1.7859295022431105
1.78692953276162
1.78692953276162
1.784929471724601
1.7819293801690725
1.7779292580950348
1.77267909787286
1.7661788995025482
1.7593036896877956
1.7525534836878567
1.743678212836085
1.734552934354686
1.7266776940214241
1.7156773583178198
1.7054270455030978
1.6955517441328165
1.685926450392163
1.677551194799646
1.6678008972441787
1.6601756645405439
1.6528004394665363
1.6464252449110386
1.6411750846888638
1.6369249549851985
1.6334248481704154
1.632299813837092
1.6320498062074649
1.6337998596148564
1.636674947355571
1.6400500503555409
1.6434251533555102
1.6486753135776848
1.654550492873928
1.6596756492812892
1.664925809503464
1.6703009735404524
1.6753011261329998
1.6788012329477828
1.681551316873684
1.6831763664662618
1.6835513779107028
1.6821763359477524
1.6791762443922238
1.6745511032441176
1.667300881984924
1.6604256721701711
1.6513003936887722
1.6411750846888638
1.630799768059328
1.6204244514297923
1.6087990966521197
1.5975487533188881
1.5846733603930783
1.5729230018005922
1.559797601245155
1.5454221625415814
1.5309217200231942
1.5142962126529742
1.4946706137272256
1.4726699423200171
1.4487942136906033
1.4262935270241401
1.4062929166539506
1.3940425428022096
1.3935425275429547
1.4059179052095097
1.4392939237647635
1.4967956785790582
1.5771731315042574
1.6790512405774103
1.7978048646504103
1.9259337748344372
2.049687551499985
2.149565599536119
2.2095674306466875
2.2265679494613484
2.1958170110171817
2.1145645313882873
1.9993110141300698
1.8678070009460739
1.7339279152806177
1.610549150059511
1.5066709799493394
1.4270435499130223
1.3726668904690695
1.3434159978026674
1.3376658223212379
1.3472911160618917
1.3697918027283549
1.3984176763206884
1.4294186223944823
1.460044557023835
1.4867953733939634
1.5094210638752406
1.526671590319529
1.5415470442823573
1.552797387615589
1.5631727042451247
1.5724229865413375
1.58167326883755
1.5909235511337627
1.6005488448744163
1.6110491653187657
1.6211744743186742
1.6326748252815333
1.6440501724295786
1.6551755119479965
1.6666758629108556
1.6778012024292734
1.689426557206946
1.7011769157994323
1.711177220984527
1.7223025605029452
1.7324278695028534
1.7419281594286935
1.7506784264656514
1.7580536515396588
1.76555388042848
1.7715540635395368
1.7764292123172705
1.7808043458357494
1.7841794488357188
1.7861795098727378
1.7861795098727378
1.78692953276162
1.7851794793542284
1.7823043916135137
1.7775542466505936
1.7724290902432325
1.7661788995025482
1.7589286782433546
1.7514284493545336
1.743678212836085
1.7341779229102452
1.7249276406140324
1.7149273354289376
1.7043020111697744
1.6950517288735618
1.6855514389477217
1.6758011413922544
1.6670508743552965
1.6596756492812892
1.6521754203924681
1.6460502334665976
1.6413000885036775
1.636674947355571
1.6337998596148564
1.6321748100222786
1.6326748252815333
1.6340498672444839
1.6365499435407576
1.6396750389110997
1.6441751762443924
1.6495503402813807
1.6549255043183693
1.6601756645405439
1.6656758323923462
1.671301004058962
1.675551133762627
1.678676229132969
1.681551316873684
1.6831763664662618
1.6840513931699574
1.6823013397625661
1.6790512405774103
1.6741760917996766
1.66717587817011
1.6595506454664755
1.6503003631702629
1.6405500656147955
1.6301747489852596
1.6191744132816552
1.6089241004669332
1.596298715170751
1.58404834131901
1.5712979522080142
1.5587975707266457
1.5439221167638173
1.5294216742454299
1.5124211554307687
1.4935455793939025
1.4711698965422528
1.4471691640980255
1.4246684774315623
1.4049178746910003
1.3934175237281412
1.392667500839259
1.407792962431715
1.4435440534684285
1.502420850245674
1.5847983642078922
1.6884265266884364
1.8080551774651326
1.936684102908414
2.059437849055452
2.1560657979064306
2.2135675527207255
2.225567918942839
2.189941831720939
2.105814264351329
1.9880606707968382
1.8553066194647054
1.7225525681325726
1.601173863948485
1.4984207281716362
1.4209183629871518
1.368916776024659
1.3412909329508347
1.3370408032471695
1.348791161839656
1.3719168675801874
1.401417767876217
1.4321687063203834
1.4617946104312267
1.4886704306161689
1.5110461134678184
1.5284216437269205
1.542047059541612
1.5540474257637258
1.564172734763634
1.5732980132450332
1.5825482955412458
1.5917985778374584
1.601048860133671
1.6115491805780204
1.6222995086519973
1.633174840540788
1.6451752067629017
1.6564255500961331
1.66717587817011
1.6790512405774103
1.6904265877254554
1.701676931058687
1.7135522934659873
1.7231775872066408
1.733052888576922
1.7431781975768303
1.7514284493545336
1.758803674428541
1.7664289071321757
1.772179082613605
1.7771792352061526
1.7809293496505632
1.7850544755394149
1.7863045136875517
1.786554521317179
1.7863045136875517
1.7846794640949737
1.7810543534653769
1.7768042237617114
1.7715540635395368
1.7654288766136663
1.7594286935026096
1.7510534379100926
1.7420531632435072
1.733427900021363
1.7238026062807095
1.7138023010956145
1.704177007354961
1.6939266945402387
1.684301400799585
1.6746761070589313
1.6665508590960418
1.6586756187627796
1.6515504013183995
1.6454252143925292
1.6405500656147955
1.63629993591113
1.6332998443556017
1.6325498214667196
1.6329248329111608
1.6339248634296701
1.637549974059267
1.640300057985168
1.6456752220221567
1.6499253517258217
1.655425519577624
1.6608006836146123
1.666050843836787
1.6705509811700798
1.6754261299478135
1.6793012482070377
1.681551316873684
1.6836763817255165
1.683926389355144
1.6820513321329387
1.6783012176885281
1.673176061281167
1.666050843836787
1.657800592059084
1.649425336466567
1.6394250312814722
1.6286747032074953
1.6190494094668417
1.6066740318002868
1.5949236732078005
1.5825482955412458
1.5704229255043185
1.556672505874813
1.5430470900601214
1.5282966399121067
1.5110461134678184
1.4907954954680014
1.4682948088015382
1.4449190954313793
1.4221684011352886
1.403417828913236
1.3930425122837
1.3934175237281412
1.409793023468734
1.4479191869869077
1.5089210486159856
1.5930486159855952
1.698926847132786
1.8195555284279916
1.9483094576860867
2.0688131351664785
2.1628160039063693
2.21644264046144
2.224692892239143
2.184191656239509
2.096438978240303
1.9768103274636066
1.8436812646870329
1.7114272286141545
1.5912985625782037
1.4902954802087467
1.4154181951353497
1.3652916653950622
1.3406659138767663
1.337290810876797
1.350666219061861
1.3741669362468338
1.4040428479873044
1.435043794061098
1.4652947172460096
1.4911705069124424
1.5126711630603962
1.5299216895046848
1.5434221015045624
1.555172460097049
1.5649227576525162
1.5739230323191016
1.5826732993560595
1.5917985778374584
1.602673909726249
1.6122992034669026
1.6234245429853207
1.634424878688925
1.6463002410962249
1.6574255806146427
1.6686759239478743
1.6805512863551746
1.691426618243965
1.7023019501327556
1.7125522629474779
1.7241776177251504
1.7336779076509903
1.7435532090212715
1.7521784722434155
1.7599287087618642
1.7665539109469892
1.7728041016876737
1.7779292580950348
1.7819293801690725
1.7843044526505327
1.7861795098727378
1.7868045289468062
1.7863045136875517
1.7841794488357188
1.7810543534653769
1.7764292123172705
1.7711790520950956
1.7646788537247842
1.7576786400952178
1.7495533921323283
1.741678151799066
1.7325528733176672
1.7236776024658955
1.7126772667622914
1.7031769768364513
1.6929266640217293
1.6836763817255165
1.6739260841700492
1.6661758476516009
1.6580505996887114
1.6509253822443313
1.6448001953184606
1.6396750389110997
1.63629993591113
1.633549851985229
1.632424817651906
1.6330498367259743
1.6339248634296701
1.6367999511703848
1.6409250770592365
1.6445501876888333
1.6501753593554491
1.6564255500961331
1.6618007141331217
1.6666758629108556
1.6719260231330302
1.675551133762627
1.679551255836665
1.681926328318125
1.6834263740958892
1.6841763969847714
1.681926328318125
1.6780512100589007
1.6725510422070986
1.6659258400219734
1.6575505844294565
1.6486753135776848
1.6389250160222175
1.628049684133427
1.6174243598742637
1.6056740012817774
1.5939236426892909
1.58167326883755
1.5690478835413677
1.55554747154149
1.5419220557267983
1.52704660176397
1.5094210638752406
1.4889204382457961
1.4665447553941466
1.443419049653615
1.4204183477278969
1.4021677907650991
1.3921674855800044
1.3940425428022096
1.4121680959501939
1.4520443128757592
1.5149212317270424
1.6015488753929257
1.7089271523178808
1.8299308450575276
1.9585597705008089
2.0783134250923188
2.1695662099063084
2.2188177129429
2.223192846461379
2.1786914883877073
2.0874387035737176
1.9661850032044437
1.8324309213538013
1.7010519119846188
1.582048280281991
1.4831702627643666
1.410543046357616
1.3629165929136022
1.3390408642841882
1.337915829950865
1.3517912533951841
1.3762920010986663
1.4064179204687641
1.4377938779869992
1.4679197973570972
1.4931705679494613
1.5144212164677877
1.5310467238380079
1.5442971282082585
1.5560474868007448
1.5656727805413984
1.5742980437635425
1.5836733298745689
1.5932986236152227
1.6036739402447586
1.6130492263557847
1.624049562059389
1.6364249397259438
1.6468002563554796
1.6586756187627796
1.670050965910825
1.6810513016144293
1.6924266487624744
1.7033019806512648
1.7146773277993104
1.7254276558732873
1.7349279457991271
1.7446782433545946
1.753178502761925
1.7603037202063052
1.7673039338358714
1.7735541245765558
1.7784292733542895
1.7814293649098176
1.784929471724601
1.7863045136875517
1.7859295022431105
1.7861795098727378
1.7841794488357188
1.780679342020936
1.7764292123172705
1.7705540330210272
1.7645538499099704
1.757178624835963
1.7491783806878873
1.7408031250953704
1.7318028504287852
1.7223025605029452
1.7123022553178504
1.7023019501327556
1.6925516525772883
1.6828013550218206
1.673676076540422
1.6651758171330913
1.6574255806146427
1.6504253669850764
1.6444251838740198
1.6396750389110997
1.6364249397259438
1.633674855800043
1.632299813837092
1.6329248329111608
1.6339248634296701
1.6370499588000123
1.6414250923184912
1.6463002410962249
1.6506753746147038
1.6560505386516924
1.6616757103183082
1.66717587817011
1.6714260078737755
1.6763011566515091
1.6794262520218513
1.6823013397625661
1.6835513779107028
1.6834263740958892
1.6814263130588702
1.6778012024292734
1.6720510269478437
1.6651758171330913
1.656925565355388
1.6481752983184301
1.6376749778740807
1.6270496536149175
1.6162993255409406
1.6049239783928952
1.5931736198004092
1.580923245948668
1.568547868282113
1.554797448652608
1.5401720023194068
1.5259215674306468
1.5079210180974763
1.4870453810235909
1.4641696829126867
1.441418988616596
1.4190433057649465
1.4007927488021485
1.391917477950377
1.3947925656910916
1.414793176061281
1.4564194463942381
1.521796441541795
1.61017413861507
1.7183024384289072
1.8409311807611317
1.969935117648854
2.0873136997589037
2.175566393017365
2.2209427777947326
2.221567796868801
2.172441297647023
2.07768840601825
1.9548096560563981
1.8203055513168738
1.689426557206946
1.5722979827265235
1.475920041505173
1.4050428785058138
1.3596664937284464
1.33841584521012
1.338790856654561
1.3540413220618306
1.37879207739494
1.4091680043946653
1.4400439466536454
1.4690448316904203
1.4949206213568529
1.5166712851344342
1.5324217658009582
1.5454221625415814
1.5565475020599995
1.5665478072450942
1.5756730857264931
1.5845483565782648
1.5945486617633595
1.6041739555040133
1.6150492873928037
1.6255496078371532
1.6370499588000123
1.6478002868739892
1.6595506454664755
1.6710509964293345
1.681926328318125
1.693426679280984
1.7045520187994019
1.7161773735770747
1.7258026673177282
1.735802972502823
1.7449282509842219
1.7538035218359938
1.7610537430951874
1.7680539567247535
1.773429120761742
1.7783042695394757
1.7823043916135137
1.78455446028016
1.786554521317179
1.786554521317179
1.7866795251319927
1.7835544297616506
1.7798043153172398
1.7759291970580158
1.7701790215765862
1.7638038270210883
1.756428601947081
1.7486783654286326
1.7399280983916745
1.7308028199102756
1.7214275337992493
1.711177220984527
1.7014269234290598
1.6916766258735922
1.681926328318125
1.6726760460219123
1.6640507827997681
1.656550553910947
1.6501753593554491
1.6435501571703237
1.640300057985168
1.6354249092074344
1.6330498367259743
1.632424817651906
1.6330498367259743
1.6346748863185523
1.6376749778740807
1.6416750999481187
1.645925229651784
1.6515504013183995
1.6574255806146427
1.662800744651631
1.6675508896145512
1.6724260383922849
1.6764261604663229
1.6796762596514787
1.6824263435773796
1.6836763817255165
1.6834263740958892
1.681551316873684
1.6768011719107638
1.671301004058962
1.6640507827997681
1.6563005462813196
1.6468002563554796
1.6364249397259438
1.626424634540849
1.6151742912076175
1.6036739402447586
1.5917985778374584
1.57929819635609
1.566297799615467
1.5532974028748436
1.5390469679860834
1.5236714987640003
1.5056709494308298
1.4844203009125034
1.4617946104312267
1.4372938627277445
1.4161682180242319
1.3996677144688254
1.3915424665059357
1.3967926267281106
1.418793298135319
1.463169652394177
1.5309217200231942
1.6219244972075564
1.7325528733176672
1.8565566576128423
1.9849355754264961
2.0996890774254586
2.183441633350627
2.223192846461379
2.2179426862392044
2.162691000091556
2.06343797112949
1.9384341563158054
1.803930051576281
1.6745511032441176
1.559172582171087
1.4659197363200782
1.3985426801355023
1.3555413678395947
1.3376658223212379
1.3397908871730704
1.3572914212469864
1.382292184209723
1.4130431226538895
1.443794061098056
1.4731699575792718
1.4977957090975678
1.5180463270973845
1.5341718192083498
1.5466722006897184
1.5574225287636951
1.5675478377636038
1.5766731162450025
1.5855483870967744
1.595173680837428
1.6049239783928952
1.6152992950224312
1.6267996459852903
1.6380499893185219
1.6491753288369395
1.660550675984985
1.6726760460219123
1.6838013855403302
1.6945517136143071
1.7059270607623525
1.7170524002807703
1.7271777092806788
1.7369280068361461
1.7468033082064272
1.7543035370952484
1.7620537736136967
1.7688039796136357
1.774304147465438
1.778679280983917
1.7826794030579547
1.7850544755394149
1.7866795251319927
1.786554521317179
1.7863045136875517
1.7835544297616506
1.7795543076876126
1.7751791741691336
1.7694289986877043
1.7624287850581377
1.7556785790581988
1.7475533310953093
1.7390530716879788
1.7295527817621388
1.719927488021485
1.7099271828363902
1.700176885280923
1.6900515762810144
1.680676290169988
1.6718010193182167
1.662925748466445
1.6560505386516924
1.6488003173924985
1.643050141911069
1.63867500839259
1.6357999206518754
1.6330498367259743
1.6325498214667196
1.633674855800043
1.6349248939481797
1.6380499893185219
1.6424251228370008
1.6464252449110386
1.652550431836909
1.6576755882442702
1.6626757408368176
1.6678008972441787
1.6733010650959808
1.677176183355205
1.6800512710959197
1.6825513473921934
1.683926389355144
1.6833013702810755
1.6808012939848018
1.6766761680959503
1.6709259926145208
1.6630507522812585
1.654550492873928
1.6458002258369702
1.6352999053926207
1.624924588763085
1.6139242530594806
1.6019238868373669
1.589923520615253
1.5779231543931396
1.56504776146733
1.5514223456526384
1.5375469222083193
1.5212964262825404
1.5032958769493698
1.4821702322458572
1.4590445265053256
1.4354188055055392
1.4141681569872129
1.3980426648762476
1.3915424665059357
1.3976676534318064
1.4225434125797296
1.4691698355052338
1.5397969908749656
1.633549851985229
1.7459282815027315
1.8706820886867885
1.9993110141300698
2.1111894283883172
2.1904418469801934
2.225442915128025
2.214442579424421
2.153440717795343
2.0513126010925626
1.9240587176122317
1.7890545976134526
1.660925687429426
1.5480472426526688
1.4570444654683066
1.3920424817651906
1.3527912839136937
1.3371658070619832
1.34079091769158
1.3587914670247507
1.3857922910245064
1.4167932370983
1.4470441602832118
1.4756700338755455
1.5002957853938415
1.5200463881344035
1.5355468611713006
1.54842225409711
1.559172582171087
1.5690478835413677
1.5776731467635121
1.5869234290597247
1.596798730430006
1.6062990203558458
1.6172993560594502
1.6282996917630543
1.6394250312814722
1.6503003631702629
1.6619257179479354
1.6729260536515398
1.6845514084292124
1.695801751762444
1.706927091280862
1.7185524460585346
1.727927732169561
1.7376780297250283
1.7468033082064272
1.7554285714285716
1.7629288003173924
1.7695540025025178
1.775429181798761
1.7796793115024263
1.782929410687582
1.7850544755394149
1.7863045136875517
1.78692953276162
1.785679494613483
1.7826794030579547
1.7788042847987304
1.774679158909879
1.7686789757988222
1.7620537736136967
1.7546785485396894
1.7464282967619862
1.7376780297250283
1.7286777550584431
1.7193024689474166
1.708802148503067
1.6988018433179723
1.6891765495773186
1.6796762596514787
1.6704259773552659
1.662800744651631
1.6555505233924375
1.6481752983184301
1.6429251380962555
1.6381749931333354
1.6350498977629933
1.6329248329111608
1.6325498214667196
1.6327998290963468
1.635174901577807
1.6384250007629628
1.6424251228370008
1.6473002716147345
1.652550431836909
1.6580505996887114
1.6630507522812585
1.6683009125034334
1.673176061281167
1.677176183355205
1.680676290169988
1.6825513473921934
1.6840513931699574
1.6831763664662618
1.6804262825403606
1.6763011566515091
1.6705509811700798
1.6625507370220038
1.6531754509109775
1.6443001800592059
1.6341748710592976
1.6239245582445754
1.6127992187261575
1.6009238563188575
1.58879848628193
1.5770481276894437
1.563422711874752
1.5497972960600603
1.5357968688009278
1.5196713766899625
1.5015458235419783
1.4792951445051423
1.456169438764611
1.4331687368388928
1.4115430768761255
1.3964176152836694
1.3914174626911222
1.3997927182836392
1.4259185155796992
1.4764200567644277
1.5499222998748743
1.6453002105777155
1.7596787011322368
1.8865575731681266
2.0125614185003204
2.1219397564622944
2.196567033906064
2.226317941831721
2.210192449720756
2.1440654316843166
2.0371871700186164
1.9083082369457076
1.774304147465438
1.647425275429548
1.536921903134251
1.4484192022461622
1.386292306283761
1.3495411847285377
1.3362907803582873
1.342790978728599
1.361791558580279
1.3894174016541032
1.4199183324686422
1.4507942747276223
1.4787951292458876
1.5027958616901151
1.5224214606158635
1.5366718955046237
1.5500473036896878
1.5605476241340372
1.5697979064302499
1.5781731620227668
1.5886734824671163
1.5976737571337016
1.6072990508743554
1.6181743827631458
1.6294247260963775
1.6409250770592365
1.6516754051332134
1.663300759910886
1.6748011108737448
1.685926450392163
1.697301797540208
1.7083021332438124
1.7186774498733484
1.729052766502884
1.7390530716879788
1.7479283425397505
1.756428601947081
1.763553819391461
1.7703040253914
1.7755541856135748
1.7796793115024263
1.7830544145023959
1.7858044984282968
1.7866795251319927
1.7870545365764336
1.7850544755394149
1.7826794030579547
1.7788042847987304
1.774179143650624
1.767803949095126
1.7611787469100009
1.7538035218359938
1.745678273873104
1.7366779992065189
1.727052705465865
1.7183024384289072
1.7083021332438124
1.697801812799463
1.6881765190588092
1.6789262367625966
1.669675954466384
1.6615507065034945
1.6540504776146734
1.6476752830591754
1.6418001037629322
1.6376749778740807
1.6346748863185523
1.633674855800043
1.6325498214667196
1.633674855800043
1.635549913022248
1.6389250160222175
1.642675130466628
1.6478002868739892
1.6530504470961638
1.6588006225775933
1.6636757713553272
1.6690509353923155
1.6743010956144901
1.677926206244087
1.680676290169988
1.6829263588366346
1.6838013855403302
1.6825513473921934
1.6800512710959197
1.675676137577441
1.669175939207129
1.6619257179479354
1.6531754509109775
1.6436751609851377
1.633174840540788
1.6225495162816248
1.6112991729483932
1.6002988372447888
1.5874234443189794
1.5751730704672384
1.562297677541429
1.5486722617267374
1.5341718192083498
1.5181713309121982
1.4990457472457046
1.4772950834681233
1.454044373912778
1.4307936643574328
1.4104180425428021
1.3956675923947877
1.3914174626911222
1.4011677602465895
1.4307936643574328
1.4825452436902982
1.5584225592822047
1.6561755424665061
1.7713040559099094
1.899057954649495
2.0248117923520614
2.1313150425733207
2.201817194128239
2.226692953276162
2.2059423200170905
2.1350651570177317
2.0253118076113164
1.8953078402050845
1.7613037507248146
1.6352999053926207
1.5267965941343424
1.441418988616596
1.382292184209723
1.3472911160618917
1.3369157994323557
1.3439160130619219
1.3642916348765526
1.3916674703207497
1.4230434278389843
1.4534193548387098
1.481420209356975
1.504420911282693
1.5236714987640003
1.5385469527268287
1.550422315134129
1.561172643208106
1.5707979369487595
1.57929819635609
1.5886734824671163
1.59829877620777
1.6082990813928648
1.618924405652028
1.6306747642445143
1.641925107577746
1.6530504470961638
1.6638007751701407
1.6761761528366956
1.6874264961699272
1.6984268318735312
1.7094271675771355
1.7206775109103671
1.730302804651021
1.740553117465743
1.7488033692434461
1.756803613391522
1.7643038422803432
1.7706790368358412
1.7756791894283883
1.7804293343913085
1.783679433576464
1.785679494613483
1.786554521317179
1.7863045136875517
1.7853044831690421
1.7819293801690725
1.7778042542802208
1.773429120761742
1.7676789452803126
1.7601787163914915
1.7528034913174841
1.7449282509842219
1.7360529801324502
1.7275527207251198
1.717552415540025
1.7071770989104893
1.6969267860957673
1.687051484725486
1.677926206244087
1.6685509201330608
1.6616757103183082
1.653800469985046
1.6471752677999205
1.6416750999481187
1.637549974059267
1.634424878688925
1.6326748252815333
1.6321748100222786
1.633174840540788
1.6357999206518754
1.63867500839259
1.6440501724295786
1.6484253059480574
1.6531754509109775
1.6590506302072208
1.6646758018738366
1.6701759697256386
1.6744260994293039
1.6783012176885281
1.681551316873684
1.6829263588366346
1.684301400799585
1.6828013550218206
1.6796762596514787
1.6753011261329998
1.6686759239478743
1.6608006836146123
1.6523004242072816
1.6428001342814416
1.6329248329111608
1.6215494857631152
1.6104241462446975
1.5984237800225838
1.5866734214300973
1.5741730399487288
1.561047639393292
1.5467972045045322
1.532921781060213
1.516296273689993
1.4972956938383128
1.4752950224311043
1.4520443128757592
1.4284185918759726
1.4081679738761559
1.3945425580614643
1.391917477950377
1.4036678365428634
1.433918759727775
1.488545426801355
1.5666728110599077
1.666050843836787
1.7831794183172094
1.9103082979827266
2.0359371318704795
2.1393152867213967
2.205817316202277
2.226692953276162
2.2008171636097296
2.1251898556474504
2.0138114566484573
1.8819324320200201
1.748053346354564
1.6235495468001342
1.5169212927640614
1.4340437635425884
1.3770420239875485
1.3450410473952452
1.3359157689138461
1.3452910550248727
1.3666667073580125
1.3952925809503465
1.4261685232093266
1.4565444502090519
1.4837952818384352
1.5066709799493394
1.5254215521713919
1.5397969908749656
1.5516723532822658
1.562297677541429
1.5717979674672689
1.5805482345042268
1.5896735129856259
1.5999238258003479
1.6091741080965607
1.6204244514297923
1.631674794763024
1.642675130466628
1.654550492873928
1.665300820947905
1.6773011871700187
1.688301522873623
1.6994268623920408
1.7106772057252724
1.7211775261696218
1.731052827539903
1.740928128910184
1.7499284035767695
1.7574286324655906
1.7651788689840389
1.7713040559099094
1.7759291970580158
1.780179326761681
1.7838044373912778
1.7860545060579243
1.7866795251319927
1.786554521317179
1.7848044679097874
1.781679372539445
1.7779292580950348
1.7729291055024872
1.7668039185766167
1.7594286935026096
1.7518034607989748
1.7439282204657125
1.7348029419843134
1.7260526749473555
1.7161773735770747
1.7066770836512346
1.695801751762444
1.686676473281045
1.677176183355205
1.6678008972441787
1.659800653096103
1.6528004394665363
1.6465502487258523
1.640675069429609
1.6372999664296397
1.6341748710592976
1.632424817651906
1.6327998290963468
1.6339248634296701
1.635924924466689
1.6394250312814722
1.643925168614765
1.6489253212073123
1.6543004852443006
1.6600506607257304
1.6651758171330913
1.670050965910825
1.6745511032441176
1.678676229132969
1.6809262977996156
1.6829263588366346
1.6838013855403302
1.682676351207007
1.6791762443922238
1.6749261146885588
1.6678008972441787
1.6599256569109164
1.6511753898739585
1.6415500961333047
1.6309247718741418
1.6202994476149783
1.6099241309854426
1.597173741874447
1.5847983642078922
1.572547990356151
1.5592975859859004
1.5459221778008363
1.5311717276528216
1.514796227912229
1.4952956328012939
1.4730449537644583
1.449669240394299
1.4265435346537676
1.4066679280983916
1.3936675313577687
1.3921674855800044
1.405417889950255
1.4381688894314402
1.4944206060975982
1.5737980285042878
1.6749261146885588
1.792429700613422
1.921308633686331
2.044812402722251
2.1460654927213354
2.2095674306466875
2.2269429609057894
2.194191961424604
2.1188146610919523
2.0046861781670584
1.8730571611682485
1.73942808313242
1.6172993560594502
1.5109211096530044
1.4301686452833644
1.3745419476912748
1.3437910092471084
1.336415784173101
1.3457910702841274
1.3686667683950315
1.3965426190984833
1.4277935728019044
1.4597945493942077
1.4855453352458265
1.508421033356731
1.526171575060274
1.5404220099490342
1.5511723380230111
1.5629226966154972
1.5720479750968963
1.5810482497634815
1.5900485244300668
1.6005488448744163
1.6095491195410014
1.6205494552446058
1.632424817651906
1.6433001495406965
1.6535504623554185
1.6663008514664144
1.6780512100589007
1.6885515305032504
1.6999268776512955
1.711177220984527
1.721552537614063
1.7315528427991578
1.7414281441694388
1.7503034150212105
1.758803674428541
1.7653038727988526
1.7710540482802821
1.776679219946898
1.780679342020936
1.7838044373912778
1.785679494613483
1.7870545365764336
1.7860545060579243
1.7854294869838556
1.7820543839838863
1.7774292428357799
1.7728041016876737
1.7665539109469892
1.7594286935026096
1.7515534531693473
1.743803216650899
1.7348029419843134
1.7255526596881008
1.7158023621326335
1.704927030243843
1.6943017059846797
1.6861764580217904
1.6768011719107638
1.6679259010589922
1.6599256569109164
1.6541754814294871
1.6463002410962249
1.6411750846888638
1.6370499588000123
1.634424878688925
1.6329248329111608
1.6326748252815333
1.6339248634296701
1.6361749320963164
1.6398000427259134
1.6425501266518143
1.6488003173924985
1.6541754814294871
1.660550675984985
1.6658008362071597
1.6701759697256386
1.6745511032441176
1.678676229132969
1.681551316873684
1.6833013702810755
1.6848014160588396
1.6825513473921934
1.6791762443922238
1.6741760917996766
1.667675893429365
1.6591756340220343
1.6513003936887722
1.6416750999481187
1.6302997528000733
1.6200494399853511
1.6089241004669332
1.5965487228003785
1.5847983642078922
1.5720479750968963
1.5589225745414594
1.5452971587267679
1.5310467238380079
1.5144212164677877
1.4949206213568529
1.4724199346903897
1.4487942136906033
1.425543504135258
1.406542924283578
1.3935425275429547
1.3921674855800044
1.405792901394696
1.4397939390240182
1.4965456709494307
1.5762981048005615
1.6784262215033416
1.7961798150578325
1.9239337137974182
2.048437513351848
2.1483155613879816
2.210067445905942
2.226817957090976
2.1953169957579273
2.115814569536424
2.0011860713522753
1.868557023834956
1.735427961058382
1.6140492568742943
1.5080460219122898
1.4276685689870905
1.3731669057283242
1.3435410016174811
1.3365407879879148
1.3470411084322642
1.3692917874691002
1.3977926572466202
1.4292936185796687
1.4594195379497665
1.4862953581347087
1.5089210486159856
1.5264215826899015
1.5410470290231024
1.5525473799859615
1.563047700430311
1.572547990356151
1.5817982726523636
1.5906735435041353
1.6004238410596028
1.6100491348002564
1.6210494705038605
1.6326748252815333
1.643925168614765
1.6548005005035553
1.666050843836787
1.677926206244087
1.6898015686513872
1.700551896725364
1.7113022247993408
1.7209275185399944
1.7318028504287852
1.7411781365398113
1.7506784264656514
1.7586786706137274
1.7664289071321757
1.771804071169164
1.7768042237617114
1.7803043305764947
1.7838044373912778
1.7860545060579243
1.7866795251319927
1.7864295175023652
1.785679494613483
1.781679372539445
1.777054231391339
1.77267909787286
1.7665539109469892
1.7593036896877956
1.7516784569841608
1.7426781823175757
1.7344279305398724
1.725052644428846
1.715177343058565
1.705677053132725
1.695426740318003
1.6854264351329082
1.6764261604663229
1.667675893429365
1.6590506302072208
1.651800408948027
1.6460502334665976
1.6413000885036775
1.6371749626148258
1.6340498672444839
1.6326748252815333
1.6326748252815333
1.6341748710592976
1.635924924466689
1.6400500503555409
1.6445501876888333
1.649050325022126
1.654550492873928
1.660550675984985
1.6658008362071597
1.6705509811700798
1.675176122318186
1.6789262367625966
1.6809262977996156
1.6833013702810755
1.684301400799585
1.6818013245033114
1.678676229132969
1.6734260689107945
1.66717587817011
1.6599256569109164
1.6505503707998903
1.6408000732444226
1.6301747489852596
1.6191744132816552
1.6080490737632376
1.5960487075411238
1.5839233375041963
1.5716729636524553
1.558672566911832
1.5451721549119541
1.5304217047639395
1.5134211859492783
1.4931705679494613
1.4707948850978119
1.447419171727653
1.4247934812463758
1.4055428937650685
1.3932925199133275
1.3927925046540726
1.4071679433576463
1.4425440229499193
1.4997957701345868
1.5821732840968048
1.685051423688467
1.8029300210577714
1.9324339732047486
2.0555627307962276
2.153440717795343
2.212317514572588
2.2261929380169074
2.192191900387585
2.10956437879574
1.9929358195745719
1.860181768242439
1.7273027130954923
1.6056740012817774
1.5022958464308604
1.4234184392834255
1.3706668294320505
1.342290963469344
1.336415784173101
1.3481661427655873
1.3710418408764915
1.3999177220984527
1.4314186834315012
1.4617946104312267
1.4876704000976593
1.5097960753196813
1.5279216284676658
1.5419220557267983
1.553547410504471
1.5635477156895659
1.5729230018005922
1.58167326883755
1.5914235663930174
1.6007988525040437
1.6106741538743248
1.6217994933927427
1.6332998443556017
1.6444251838740198
1.6559255348368787
1.6674258857997375
1.6788012329477828
1.6899265724662007
1.700926908169805
1.7119272438734092
1.7224275643177587
1.7325528733176672
1.7423031708731347
1.7514284493545336
1.7586786706137274
1.7664289071321757
1.772179082613605
1.7768042237617114
1.7814293649098176
1.7844294564653462
1.7860545060579243
1.7870545365764336
1.7859295022431105
1.7846794640949737
1.7814293649098176
1.7773042390209661
1.772179082613605
1.765928891872921
1.7589286782433546
1.751178441724906
1.742553178502762
1.7336779076509903
1.7241776177251504
1.7146773277993104
1.7048020264290291
1.6950517288735618
1.6851764275032808
1.675676137577441
1.666800866725669
1.658550614947966
1.6529254432813503
1.6454252143925292
1.6405500656147955
1.6364249397259438
1.6340498672444839
1.6332998443556017
1.6326748252815333
1.6340498672444839
1.6365499435407576
1.6404250617999818
1.645050202948088
1.6493003326517535
1.6548005005035553
1.660550675984985
1.6658008362071597
1.6706759849848933
1.675176122318186
1.6790512405774103
1.681926328318125
1.6838013855403302
1.6838013855403302
1.6821763359477524
1.6781762138737144
1.673676076540422
1.6670508743552965
1.6580505996887114
1.6496753440961944
1.640675069429609
1.6297997375408186
1.6190494094668417
1.6079240699484236
1.5952986846522417
1.5835483260597554
1.5712979522080142
1.5576725363933226
1.5439221167638173
1.5291716666158026
1.5121711478011413
1.492545548875393
1.4694198431348613
1.4465441450239571
1.423168431653798
1.4041678518021181
1.3930425122837
1.3931675160985137
1.408542985320597
1.4441690725424972
1.504420911282693
1.5874234443189794
1.6919266335032197
1.8120552995391705
1.9413092440565205
2.0620629291665393
2.158065858943449
2.2141925717947935
2.225567918942839
2.1879417706839197
2.1031891842402417
1.985435590685751
1.8521815240943633
1.7194274727622303
1.5989237952818385
1.4964206671346172
1.419293313394574
1.3679167455061494
1.3414159367656484
1.337290810876797
1.3492911770989104
1.3722918790246283
1.401792779320658
1.432668721579638
1.4629196447645496
1.4891704458754236
1.5109211096530044
1.5290466628009889
1.5422970671712395
1.5541724295785393
1.5646727500228887
1.5735480208746606
1.5825482955412458
1.5914235663930174
1.6016738792077396
1.6111741691335797
1.6222995086519973
1.6337998596148564
1.6453002105777155
1.656550553910947
1.668050904873806
1.679551255836665
1.6904265877254554
1.701801934873501
1.7126772667622914
1.723927610095523
1.733052888576922
1.7434282052064578
1.752053468428602
1.759553697317423
1.7660538956877345
1.77267909787286
1.7775542466505936
1.7810543534653769
1.7843044526505327
1.7860545060579243
1.7866795251319927
1.7861795098727378
1.7844294564653462
1.7810543534653769
1.776679219946898
1.7716790673543503
1.7654288766136663
1.7580536515396588
1.7503034150212105
1.7420531632435072
1.733427900021363
1.723552598651082
1.7139273049104282
1.7038019959105197
1.693801690725425
1.684676412244026
1.675176122318186
1.6661758476516009
1.6584256111331521
1.6524254280220954
1.6454252143925292
1.6401750541703544
1.6365499435407576
1.6339248634296701
1.6330498367259743
1.6329248329111608
1.6341748710592976
1.6364249397259438
1.6405500656147955
1.6445501876888333
1.6499253517258217
1.6555505233924375
1.6608006836146123
1.666425855281228
1.671676015503403
1.6759261452070682
1.679551255836665
1.6818013245033114
1.6834263740958892
1.6856764427625355
1.6814263130588702
1.6778012024292734
1.6730510574663533
1.6666758629108556
1.658550614947966
1.6496753440961944
1.6396750389110997
1.6286747032074953
1.6182993865779596
1.607424054689169
1.594298654133732
1.5826732993560595
1.5702979216895046
1.5564224982451857
1.5430470900601214
1.528171636097293
1.5112961210974456
1.4907954954680014
1.4687948240607929
1.4451691030610065
1.421668385876034
1.403417828913236
1.3924174932096316
1.3929175084688865
1.4099180272835474
1.4471691640980255
1.5089210486159856
1.5935486312448501
1.6991768547624133
1.8195555284279916
1.9476844386120182
2.069063142796106
2.1630660115359968
2.2165676442762536
2.224817896053957
2.183816644795068
2.0958139591662346
1.9768103274636066
1.8430562456129642
1.7105522019104589
1.5909235511337627
1.490545487838374
1.414918179876095
1.3651666615802482
1.3405409100619525
1.337290810876797
1.3507912228766747
1.3747919553209023
1.4036678365428634
1.4352938016907255
1.4654197210608235
1.490920499282815
1.5129211706900234
1.5296716818750573
1.5431720938749351
1.5544224372081668
1.56504776146733
1.5741730399487288
1.5831733146153144
1.5921735892818996
1.6021738944669943
1.6122992034669026
1.6231745353556932
1.6347998901333658
1.6460502334665976
1.657800592059084
1.669300943021943
1.680676290169988
1.6911766106143375
1.702551957762383
1.7138023010956145
1.7246776329844051
1.7338029114658042
1.743678212836085
1.7518034607989748
1.759553697317423
1.766303903317362
1.7729291055024872
1.7775542466505936
1.7814293649098176
1.7848044679097874
1.7864295175023652
1.786554521317179
1.7864295175023652
1.7841794488357188
1.780679342020936
1.7753041779839474
1.7715540635395368
1.7653038727988526
1.757553636280404
1.7503034150212105
1.74180315561388
1.73230286568804
1.7231775872066408
1.7133022858363598
1.7030519730216378
1.693801690725425
1.6835513779107028
1.6746761070589313
1.6656758323923462
1.6581756035035249
1.6515504013183995
1.645050202948088
1.639925046540727
1.6365499435407576
1.6334248481704154
1.632424817651906
1.6329248329111608
1.6339248634296701
1.6365499435407576
1.6408000732444226
1.6454252143925292
1.6509253822443313
1.655425519577624
1.6610506912442398
1.6661758476516009
1.6710509964293345
1.6753011261329998
1.6796762596514787
1.6816763206884975
1.6831763664662618
1.6836763817255165
1.681926328318125
1.6784262215033416
1.6728010498367258
1.6661758476516009
1.657800592059084
1.6485503097628713
1.63867500839259
1.6281746879482406
1.6171743522446362
1.606174016541032
1.594798669392987
1.5826732993560595
1.5690478835413677
1.5557974791711173
1.542047059541612
1.52704660176397
1.5097960753196813
1.489420453505051
1.466419751579333
1.4424190191351054
1.420793359172338
1.4021677907650991
1.3922924893948179
1.3941675466170234
1.4122930997650074
1.4524193243202002
1.5145462202826014
1.6002988372447888
1.7066770836512346
1.8286808069093905
1.9578097476119267
2.0764383678701135
2.168816187017426
2.218317697683645
2.223942869350261
2.1793165074617757
2.088813745536668
1.9681850642414627
1.8341809747611926
1.7024269539475692
1.5834233222449416
1.4844203009125034
1.4119180883205664
1.3632916043580432
1.3396658833582569
1.337290810876797
1.3517912533951841
1.3759169896542252
1.4055428937650685
1.4371688589129308
1.467169774468215
1.4924205450605792
1.5140462050233467
1.5309217200231942
1.544047120578631
1.5562974944303722
1.5659227881710258
1.5750480666524247
1.5835483260597554
1.5929236121707817
1.6021738944669943
1.6135492416150394
1.6237995544297616
1.635549913022248
1.6468002563554796
1.6581756035035249
1.6694259468367565
1.680676290169988
1.6921766411328472
1.702926969206824
1.7149273354289376
1.7253026520584733
1.7344279305398724
1.7440532242805262
1.7528034913174841
1.760428724021119
1.7666789147618032
1.7736791283913693
1.7778042542802208
1.7813043610950041
1.78455446028016
1.785679494613483
1.7866795251319927
1.7859295022431105
1.7844294564653462
1.780679342020936
1.776554216132084
1.7710540482802821
1.7644288460951567
1.757553636280404
1.7495533921323283
1.7406781212805567
1.7316778466139713
1.7224275643177587
1.7126772667622914
1.702926969206824
1.6929266640217293
1.6833013702810755
1.6745511032441176
1.6654258247627187
1.6576755882442702
1.6504253669850764
1.6448001953184606
1.6391750236518448
1.63629993591113
1.633674855800043
1.6332998443556017
1.6329248329111608
1.6346748863185523
1.6369249549851985
1.640675069429609
1.6455502182073427
1.6504253669850764
1.6560505386516924
1.6615507065034945
1.6666758629108556
1.6715510116885892
1.6759261452070682
1.6796762596514787
1.6818013245033114
1.6834263740958892
1.6834263740958892
1.6816763206884975
1.677926206244087
1.6729260536515398
1.6655508285775322
1.6573005767998292
1.6489253212073123
1.63867500839259
1.6275496688741722
1.6170493484298227
1.60542399365215
1.5935486312448501
1.5815482650227364
1.568172856837672
1.5552974639118626
1.5417970519119846
1.52704660176397
1.509171056245613
1.4876704000976593
1.4661697439497057
1.4422940153202919
1.4199183324686422
1.4016677755058444
1.3922924893948179
1.3942925504318369
1.4131681264687033
1.454044373912778
1.5175463118381298
1.6042989593188268
1.711177220984527
1.8335559556871244
1.9618098696859647
2.080563493758965
2.170816248054445
2.2196927396465957
2.222692831202124
2.1769414349803156
2.084938627277444
1.9635599230933563
1.8295558336130864
1.697426801355022
1.57929819635609
1.4821702322458572
1.4086679891354106
1.3616665547654654
1.3395408795434431
1.337915829950865
1.3527912839136937
1.3775420392468032
1.4074179509872737
1.4384188970610674
1.467544785912656
1.4935455793939025
1.5142962126529742
1.5315467390972626
1.5451721549119541
1.5557974791711173
1.565797784356212
1.5752980742820522
1.58404834131901
1.5932986236152227
1.6035489364299447
1.6140492568742943
1.6245495773186438
1.63629993591113
1.6473002716147345
1.6591756340220343
1.670800988799707
1.6823013397625661
1.6926766563921019
1.7038019959105197
1.715177343058565
1.7248026367992186
1.7355529648731955
1.7440532242805262
1.7529284951322976
1.7614287545396283
1.7669289223914304
1.773429120761742
1.778179265724662
1.781679372539445
1.7844294564653462
1.7866795251319927
1.7866795251319927
1.7858044984282968
1.7840544450209053
1.780679342020936
1.7769292275765252
1.7708040406506547
1.7644288460951567
1.7559285866878263
1.7491783806878873
1.7410531327249978
1.731427838984344
1.7220525528733177
1.7123022553178504
1.7026769615771966
1.6930516678365428
1.6829263588366346
1.673676076540422
1.6655508285775322
1.6570505691702018
1.6503003631702629
1.6443001800592059
1.6394250312814722
1.635924924466689
1.633174840540788
1.632424817651906
1.6325498214667196
1.6345498825037386
1.6371749626148258
1.64105008087405
1.6458002258369702
1.6506753746147038
1.6560505386516924
1.6616757103183082
1.66717587817011
1.6729260536515398
1.6763011566515091
1.6798012634662924
1.6823013397625661
1.6835513779107028
1.6841763969847714
1.681926328318125
1.677551194799646
1.6719260231330302
1.6651758171330913
1.6570505691702018
1.6484253059480574
1.6381749931333354
1.627174657429731
1.6171743522446362
1.6047989745780817
1.592298593096713
1.5810482497634815
1.5680478530228583
1.554672444837794
1.5415470442823573
1.5255465559862058
1.508421033356731
1.4880454115421002
1.4647947019867549
1.4406689657277139
1.418793298135319
1.4015427716910305
1.3921674855800044
1.3949175695059055
1.4142931608020264
1.4544193853572192
1.5195463728751488
1.6067990356151007
1.7145523239844966
1.8365560472426528
1.9658099917600025
2.084063600573748
2.172816309091464
2.220317758720664
2.222317819757683
2.1750663777581107
2.082188543351543
1.960059816278573
1.8261807306131168
1.6949267250587483
1.5766731162450025
1.4795451521347698
1.4071679433576463
1.3612915433210242
1.3390408642841882
1.337915829950865
1.353166295358135
1.377667043061617
1.4074179509872737
1.438293893246254
1.4679197973570972
1.4941705984679707
1.514796227912229
1.5315467390972626
1.5447971434675132
1.5554224677266761
1.566297799615467
1.5754230780968657
1.58404834131901
1.5931736198004092
1.6035489364299447
1.6130492263557847
1.6247995849482713
1.6357999206518754
1.647425275429548
1.658550614947966
1.6699259620960112
1.6809262977996156
1.6925516525772883
1.703676992095706
1.7150523392437513
1.7248026367992186
1.7351779534287546
1.7443032319101537
1.752428479873043
1.7609287392803734
1.7680539567247535
1.7744291512802515
1.7779292580950348
1.7820543839838863
1.7848044679097874
1.7873045442060609
1.7870545365764336
1.7859295022431105
1.7844294564653462
1.7800543229468673
1.7774292428357799
1.7710540482802821
1.763928830835902
1.757178624835963
1.7493033845027008
1.73942808313242
1.7313028351695303
1.721927549058504
1.7121772515030367
1.702926969206824
1.6928016602069156
1.682676351207007
1.673551072725608
1.664925809503464
1.6575505844294565
1.6505503707998903
1.6445501876888333
1.6394250312814722
1.636674947355571
1.6340498672444839
1.632424817651906
1.6325498214667196
1.6341748710592976
1.6371749626148258
1.6414250923184912
1.6463002410962249
1.6505503707998903
1.6561755424665061
1.6619257179479354
1.6669258705404828
1.6720510269478437
1.6763011566515091
1.6798012634662924
1.682676351207007
1.6836763817255165
1.6831763664662618
1.6824263435773796
1.677551194799646
1.6723010345774711
1.6654258247627187
1.656925565355388
1.6485503097628713
1.6381749931333354
1.6274246650593585
1.6164243293557543
1.6051739860225227
1.5926736045411543
1.5806732383190405
1.5679228492080448
1.555172460097049
1.540046998504593
1.5254215521713919
1.5082960295419172
1.4876704000976593
1.464419690542314
1.4411689809869686
1.4201683400982696
1.4011677602465895
1.3931675160985137
1.395042573320719
1.414918179876095
1.454169377727592
1.5196713766899625
1.607424054689169
1.7161773735770747
1.837306070131535
1.9676850489822078
2.084063600573748
2.173191320535905
2.2200677510910367
2.222442823572497
2.174816370128483
2.081313516647847
1.9593097933896908
1.8258057191686758
1.6941767021698662
1.5767981200598165
1.4796701559495833
1.4070429395428328
1.3619165623950926
1.3386658528397473
1.3376658223212379
1.3535413068025757
1.378042054506058
1.4074179509872737
1.439043916135136
1.4682948088015382
1.4939205908383435
1.514796227912229
1.5315467390972626
1.5449221472823267
1.555922482985931
1.5664228034302805
1.5752980742820522
1.5836733298745689
1.5934236274300364
1.6037989440595721
1.614549272133549
1.6246745811334575
1.635924924466689
1.6476752830591754
1.6584256111331521
1.6703009735404524
1.6810513016144293
1.6925516525772883
1.703676992095706
1.714427320169683
1.7254276558732873
1.7349279457991271
1.7446782433545946
1.7533035065767388
1.760428724021119
1.7670539262062441
1.7731791131321146
1.7778042542802208
1.7810543534653769
1.78455446028016
1.7874295480208746
1.7866795251319927
1.7863045136875517
1.7844294564653462
1.780554338206122
1.776179204687643
1.7706790368358412
1.7644288460951567
1.7570536210211494
1.7490533768730736
1.7410531327249978
1.7319278542435987
1.7216775414288765
1.7126772667622914
1.7030519730216378
1.6926766563921019
1.6829263588366346
1.6739260841700492
1.6651758171330913
1.6566755577257606
1.6503003631702629
1.6444251838740198
1.6394250312814722
1.6361749320963164
1.6332998443556017
1.632299813837092
1.6330498367259743
1.6346748863185523
1.6372999664296397
1.6414250923184912
1.6456752220221567
1.6503003631702629
1.6561755424665061
1.6618007141331217
1.666800866725669
1.671301004058962
1.675551133762627
1.679926267281106
1.6821763359477524
1.683051362651448
1.6836763817255165
1.680676290169988
1.677551194799646
1.6719260231330302
1.6650508133182775
1.656925565355388
1.6485503097628713
1.638299996948149
1.627674672688986
1.6166743369853815
1.6052989898373364
1.5926736045411543
1.580923245948668
1.5686728720969267
1.5550474562822352
1.5410470290231024
1.525796563615833
1.5082960295419172
1.4880454115421002
1.465169713431196
1.441043977172155
1.418793298135319
1.4015427716910305
1.391917477950377
1.3947925656910916
1.414043153172399
1.4547943968016601
1.5191713614307079
1.607424054689169
1.7140523087252417
1.8361810357982116
1.9656849879451888
2.083563585314493
2.1725663014618366
2.219942747276223
2.2219428083132424
2.175941404461806
2.08243855098117
1.9603098239082004
1.8260557267983033
1.6948017212439344
1.5771731315042574
1.4799201635792107
1.407792962431715
1.3615415509506514
1.3386658528397473
1.338040833765679
1.353041291543321
1.3775420392468032
1.4072929471724602
1.439043916135136
1.4676697897274698
1.493670583208716
1.5146712240974152
1.5317967467268898
1.5449221472823267
1.5560474868007448
1.56504776146733
1.5750480666524247
1.5834233222449416
1.5934236274300364
1.6032989288003174
1.613799249244667
1.6247995849482713
1.635924924466689
1.6479252906888027
1.658550614947966
1.6695509506515702
1.6813013092440567
1.6925516525772883
1.7038019959105197
1.7148023316141239
1.7253026520584733
1.7348029419843134
1.7444282357249672
1.7535535142063663
1.760428724021119
1.76792895290994
1.7735541245765558
1.7779292580950348
1.7819293801690725
1.7848044679097874
1.7870545365764336
1.786554521317179
1.7860545060579243
1.7840544450209053
1.780679342020936
1.7759291970580158
1.7708040406506547
1.7643038422803432
1.7565536057618945
1.7488033692434461
1.7404281136509292
1.7316778466139713
1.7216775414288765
1.7125522629474779
1.702551957762383
1.6923016449476609
1.6825513473921934
1.6743010956144901
1.664925809503464
1.6576755882442702
1.6504253669850764
1.6445501876888333
1.6393000274666587
1.6361749320963164
1.6334248481704154
1.6334248481704154
1.6330498367259743
1.6347998901333658
1.6374249702444532
1.64105008087405
1.645925229651784
1.651050386059145
1.6559255348368787
1.6619257179479354
1.6670508743552965
1.6719260231330302
1.6760511490218817
1.6798012634662924
1.6820513321329387
1.6831763664662618
1.6834263740958892
1.6810513016144293
1.6774261909848323
1.6723010345774711
1.6661758476516009
1.6570505691702018
1.6483003021332439
1.63867500839259
1.6274246650593585
1.6162993255409406
1.6049239783928952
1.5929236121707817
1.5807982421338542
1.567797845393231
1.5550474562822352
1.540922025208289
1.5256715598010193
1.5085460371715445
1.4880454115421002
1.4650447096163823
1.4409189733573413
1.4189183019501328
1.401042756431776
1.3920424817651906
1.3952925809503465
1.4135431379131442
1.454169377727592
1.5189213538010804
1.606174016541032
1.7138023010956145
1.8351810052797022
1.9643099459822382
2.08243855098117
2.172066286202582
2.2200677510910367
2.222942838831752
2.176691427350688
2.0834385814996796
1.9619348735007782
1.8279307840205086
1.6968017822809534
1.5784231696523943
1.4809201940977201
1.4084179815057831
1.3616665547654654
1.3391658680990022
1.337915829950865
1.35266628009888
1.377167027802362
1.406542924283578
1.4379188818018127
1.467544785912656
1.493295571764275
1.5144212164677877
1.5311717276528216
1.544047120578631
1.5554224677266761
1.5652977690969574
1.574923062837611
1.58404834131901
1.592423596911527
1.6040489516891996
1.6135492416150394
1.6234245429853207
1.635549913022248
1.6471752677999205
1.658550614947966
1.669675954466384
1.6811763054292428
1.6924266487624744
1.7035519882808923
1.7139273049104282
1.7249276406140324
1.7351779534287546
1.743678212836085
1.7533035065767388
1.7603037202063052
1.7684289681691947
1.7735541245765558
1.7779292580950348
1.7819293801690725
1.7839294412060915
1.7861795098727378
1.7859295022431105
1.7859295022431105
1.7843044526505327
1.7808043458357494
1.7763042085024567
1.7713040559099094
1.7650538651692254
1.7573036286507766
1.7491783806878873
1.740928128910184
1.7318028504287852
1.7220525528733177
1.7134272896511735
1.7030519730216378
1.6929266640217293
1.683051362651448
1.6739260841700492
1.6654258247627187
1.6579255958738974
1.6505503707998903
1.6441751762443924
1.6394250312814722
1.6367999511703848
1.6337998596148564
1.6319248023926511
1.6327998290963468
1.634299874874111
1.6372999664296397
1.6416750999481187
1.6458002258369702
1.6504253669850764
1.6555505233924375
1.6610506912442398
1.6669258705404828
1.6714260078737755
1.6764261604663229
1.6798012634662924
1.6825513473921934
1.6838013855403302
1.6836763817255165
1.6813013092440567
1.6774261909848323
1.6726760460219123
1.665300820947905
1.6579255958738974
1.6486753135776848
1.6388000122074038
1.628049684133427
1.616924344615009
1.60542399365215
1.5936736350596639
1.5814232612079226
1.568547868282113
1.555922482985931
1.5419220557267983
1.5267965941343424
1.5090460524307994
1.488545426801355
1.465544724875637
1.4424190191351054
1.4204183477278969
1.401792779320658
1.3916674703207497
1.393917538987396
1.412918118839076
1.4522943205053866
1.5164212775048067
1.602673909726249
1.7093021637623218
1.8306808679464095
1.9601848200933867
2.0789384441663867
2.1693162022766805
2.218942716757714
2.2238178655354472
2.17844148075808
2.0870636921292767
1.966435010834071
1.8321809137241738
1.6999268776512955
1.581298257393109
1.4840452894680625
1.410918057802057
1.3624165776543475
1.3391658680990022
1.3375408185064244
1.3519162572099979
1.377292031617176
1.406542924283578
1.4375438703573717
1.4669197668385876
1.493670583208716
1.5136711935789056
1.5302967009491257
1.5437971129490036
1.55554747154149
1.5656727805413984
1.5750480666524247
1.5836733298745689
1.592798608355968
1.6027989135410627
1.6127992187261575
1.624049562059389
1.6349248939481797
1.6461752372814111
1.6581756035035249
1.6698009582811977
1.6810513016144293
1.6918016296884062
1.7031769768364513
1.7138023010956145
1.7253026520584733
1.7350529496139409
1.7439282204657125
1.7526784875026704
1.7605537278359324
1.7669289223914304
1.773429120761742
1.7779292580950348
1.7814293649098176
1.7844294564653462
1.786554521317179
1.7861795098727378
1.7858044984282968
1.7839294412060915
1.7810543534653769
1.7760542008728295
1.7711790520950956
1.764803857539598
1.7570536210211494
1.7494283883175148
1.7411781365398113
1.7318028504287852
1.7224275643177587
1.7123022553178504
1.7028019653920103
1.6929266640217293
1.6831763664662618
1.6741760917996766
1.6650508133182775
1.6573005767998292
1.651050386059145
1.6448001953184606
1.6393000274666587
1.6360499282815029
1.6340498672444839
1.6326748252815333
1.633174840540788
1.6341748710592976
1.6367999511703848
1.64105008087405
1.6460502334665976
1.6500503555406356
1.655800531022065
1.6616757103183082
1.666800866725669
1.6718010193182167
1.6760511490218817
1.6798012634662924
1.6821763359477524
1.6836763817255165
1.6835513779107028
1.6816763206884975
1.6774261909848323
1.6723010345774711
1.6655508285775322
1.6576755882442702
1.6480502945036166
1.6388000122074038
1.6279246803186131
1.616924344615009
1.6055489974669637
1.5941736503189183
1.5814232612079226
1.5686728720969267
1.5556724753563036
1.5419220557267983
1.5264215826899015
1.5090460524307994
1.488545426801355
1.4660447401348917
1.4420440076906644
1.4201683400982696
1.4020427869502854
1.3922924893948179
1.3944175542466506
1.4131681264687033
1.4530443433942688
1.5169212927640614
1.6037989440595721
1.7105522019104589
1.8323059175389873
1.9618098696859647
2.08006347849971
2.1703162327951904
2.2188177129429
2.2233178502761928
2.177566454054384
2.086438673055208
1.964434949797052
1.8303058565019683
1.6986768395031586
1.5801732230597858
1.482295236060671
1.4086679891354106
1.3624165776543475
1.3394158757286294
1.3377908261360516
1.3524162724692528
1.377167027802362
1.4067929319132053
1.4376688741721853
1.4677947935422835
1.4926705526902067
1.5149212317270424
1.5310467238380079
1.5445471358378857
1.5557974791711173
1.5665478072450942
1.574923062837611
1.5841733451338236
1.5930486159855952
1.603173924985504
1.6132992339854122
1.6241745658742028
1.6360499282815029
1.6471752677999205
1.6584256111331521
1.670050965910825
1.6810513016144293
1.6923016449476609
1.7030519730216378
1.714427320169683
1.7249276406140324
1.7350529496139409
1.7441782280953397
1.7529284951322976
1.7606787316507462
1.7673039338358714
1.7729291055024872
1.778179265724662
1.7818043763542588
1.7850544755394149
1.7864295175023652
1.78692953276162
1.7866795251319927
1.7844294564653462
1.780554338206122
1.776179204687643
1.771429059724723
1.7649288613544114
1.7573036286507766
1.7494283883175148
1.7406781212805567
1.7318028504287852
1.7223025605029452
1.7123022553178504
1.702176946317942
1.6924266487624744
1.6831763664662618
1.6738010803552354
1.664925809503464
1.6573005767998292
1.6504253669850764
1.6449251991332745
1.640300057985168
1.6364249397259438
1.6329248329111608
1.6320498062074649
1.6330498367259743
1.6345498825037386
1.6369249549851985
1.6411750846888638
1.645925229651784
1.6508003784295175
1.6560505386516924
1.6614257026886807
1.6670508743552965
1.671676015503403
1.675551133762627
1.6798012634662924
1.6824263435773796
1.6836763817255165
1.6838013855403302
1.6810513016144293
1.6773011871700187
1.6719260231330302
1.6654258247627187
1.6571755729850153
1.6479252906888027
1.638299996948149
1.627674672688986
1.6157993102816859
1.6056740012817774
1.5932986236152227
1.5807982421338542
1.5675478377636038
1.5552974639118626
1.5411720328379164
1.5259215674306468
1.5094210638752406
1.4879204077272867
1.4659197363200782
1.4412939848017823
1.4194183172093875
1.4011677602465895
1.3929175084688865
1.394667561876278
1.4139181493575854
1.4550444044312876
1.51992138431959
1.6075490585039827
1.715177343058565
1.8375560777611624
1.9663100070192572
2.084563615833003
2.1734413281655325
2.2216928006836145
2.2219428083132424
2.1741913510544144
2.081313516647847
1.958809778130436
1.8244306772057253
1.693426679280984
1.5754230780968657
1.4787951292458876
1.406917935728019
1.3611665395062105
1.3381658375804926
1.3385408490249338
1.3536663106173896
1.3782920621356853
1.4079179662465284
1.4395439313943907
1.4677947935422835
1.4940455946531572
1.5141712088381603
1.5319217505417035
1.5454221625415814
1.5565475020599995
1.5664228034302805
1.5751730704672384
1.5841733451338236
1.5935486312448501
1.6032989288003174
1.6140492568742943
1.6239245582445754
1.635924924466689
1.6479252906888027
1.6590506302072208
1.6698009582811977
1.681926328318125
1.6928016602069156
1.704177007354961
1.7150523392437513
1.7248026367992186
1.7351779534287546
1.7439282204657125
1.7535535142063663
1.7606787316507462
1.7674289376506853
1.7736791283913693
1.7780542619098483
1.7818043763542588
1.7841794488357188
1.7866795251319927
1.7863045136875517
1.785679494613483
1.7840544450209053
1.7808043458357494
1.7760542008728295
1.7706790368358412
1.7644288460951567
1.7563035981322672
1.7484283577990052
1.740928128910184
1.731427838984344
1.7220525528733177
1.7123022553178504
1.702551957762383
1.6925516525772883
1.6833013702810755
1.6738010803552354
1.6645507980590228
1.6573005767998292
1.6504253669850764
1.6445501876888333
1.639550035096286
1.6354249092074344
1.633174840540788
1.632424817651906
1.6330498367259743
1.6350498977629933
1.6367999511703848
1.64105008087405
1.645925229651784
1.6506753746147038
1.6559255348368787
1.6619257179479354
1.6669258705404828
1.671676015503403
1.6760511490218817
1.6796762596514787
1.6823013397625661
1.6836763817255165
1.6835513779107028
1.681926328318125
1.6776761986144597
1.6726760460219123
1.6658008362071597
1.6573005767998292
1.6485503097628713
1.638299996948149
1.6270496536149175
1.6162993255409406
1.6052989898373364
1.5934236274300364
1.5807982421338542
1.5675478377636038
1.5552974639118626
1.5410470290231024
1.5260465712454605
1.5081710257271035
1.487795403912473
1.4652947172460096
1.4416689962462232
1.4194183172093875
1.4012927640614032
1.3917924741355632
1.394667561876278
1.4136681417279582
1.4544193853572192
1.5186713461714532
1.6060490127262186
1.7133022858363598
1.8355560167241434
1.9640599383526107
2.0825635547959838
2.1711912594988863
2.22019275490585
2.222692831202124
2.175941404461806
2.0834385814996796
1.9623098849452194
1.8276807763908811
1.6963017670216987
1.5782981658375803
1.4809201940977201
1.408917996765038
1.3616665547654654
1.3390408642841882
1.3385408490249338
1.3527912839136937
1.3774170354319895
1.4070429395428328
1.4375438703573717
1.4672947782830286
1.4931705679494613
1.5142962126529742
1.5307967162083804
1.5447971434675132
1.5562974944303722
1.5656727805413984
1.5751730704672384
1.5839233375041963
1.5930486159855952
1.6034239326151312
1.6127992187261575
1.624049562059389
1.6356749168370617
1.647425275429548
1.6583006073183386
1.6698009582811977
1.6813013092440567
1.6921766411328472
1.7031769768364513
1.7143023163548692
1.7244276253547777
1.7349279457991271
1.7440532242805262
1.7528034913174841
1.7603037202063052
1.7676789452803126
1.7731791131321146
1.7778042542802208
1.7814293649098176
1.7848044679097874
1.7860545060579243
1.7866795251319927
1.7860545060579243
1.7843044526505327
1.780179326761681
1.776679219946898
1.7710540482802821
1.7645538499099704
1.757178624835963
1.7493033845027008
1.74180315561388
1.7313028351695303
1.7220525528733177
1.712802270577105
1.702551957762383
1.693426679280984
1.6835513779107028
1.6740510879848627
1.665300820947905
1.6574255806146427
1.6505503707998903
1.6445501876888333
1.639550035096286
1.6356749168370617
1.6346748863185523
1.6325498214667196
1.6334248481704154
1.6346748863185523
1.6374249702444532
1.64105008087405
1.6453002105777155
1.6504253669850764
1.6556755272072514
1.6614257026886807
1.666800866725669
1.671676015503403
1.6759261452070682
1.6801762749107334
1.6821763359477524
1.683051362651448
1.6833013702810755
1.6810513016144293
1.6773011871700187
1.6725510422070986
1.666050843836787
1.6574255806146427
1.6483003021332439
1.6385500045777766
1.6281746879482406
1.6170493484298227
1.6056740012817774
1.5937986388744774
1.5810482497634815
1.5686728720969267
1.55554747154149
1.541672048097171
1.5264215826899015
1.5092960600604266
1.4887954344309824
1.4656697286904508
1.4431690420239875
1.4195433210242012
1.4020427869502854
1.3917924741355632
1.3944175542466506
1.4130431226538895
1.4539193700979645
1.5164212775048067
1.6032989288003174
1.7096771752067628
1.83205590990936
1.960809839167455
2.079313455610828
2.170066225165563
2.218942716757714
2.2234428540910063
2.1779414654988254
2.0865636768700218
1.9656849879451888
1.8314308908352916
1.6999268776512955
1.580923245948668
1.4820452284310435
1.4096680196539202
1.362541581469161
1.3390408642841882
1.337915829950865
1.3522912686544388
1.3761669972838526
1.4060429090243234
1.4377938779869992
1.4672947782830286
1.4930455641346478
1.5146712240974152
1.5309217200231942
1.5445471358378857
1.55554747154149
1.565422772911771
1.5750480666524247
1.5835483260597554
1.5929236121707817
1.6029239173558765
1.6135492416150394
1.6247995849482713
1.6350498977629933
1.6479252906888027
1.6580505996887114
1.6695509506515702
1.6811763054292428
1.6924266487624744
1.7033019806512648
1.7145523239844966
1.7246776329844051
1.7346779381694999
1.7444282357249672
1.7530534989471116
1.76080373546556
1.7673039338358714
1.773429120761742
1.778179265724662
1.781679372539445
1.784929471724601
1.7855544907986696
1.7860545060579243
1.7859295022431105
1.7844294564653462
1.7809293496505632
1.7773042390209661
1.7710540482802821
1.763928830835902
1.7570536210211494
1.7495533921323283
1.7408031250953704
1.7318028504287852
1.7224275643177587
1.7130522782067326
1.7026769615771966
1.6924266487624744
1.6829263588366346
1.6741760917996766
1.6650508133182775
1.6576755882442702
1.6506753746147038
1.6443001800592059
1.6396750389110997
1.6361749320963164
1.633674855800043
1.6325498214667196
1.632299813837092
1.6347998901333658
1.6370499588000123
1.640675069429609
1.6458002258369702
1.6506753746147038
1.6560505386516924
1.6618007141331217
1.6670508743552965
1.671301004058962
1.675176122318186
1.679926267281106
1.682676351207007
1.6836763817255165
1.6834263740958892
1.6816763206884975
1.677551194799646
1.6723010345774711
1.6654258247627187
1.657800592059084
1.6483003021332439
1.6390500198370312
1.6282996917630543
1.6167993408001955
1.6055489974669637
1.5931736198004092
1.580923245948668
1.5682978606524856
1.5562974944303722
1.5422970671712395
1.5264215826899015
1.5090460524307994
1.4889204382457961
1.4652947172460096
1.4421690115054782
1.420043336283456
1.4019177831354717
1.3917924741355632
1.394667561876278
1.4131681264687033
1.4537943662831507
1.5180463270973845
1.6052989898373364
1.7115522324289683
1.833305948057497
1.962434888760033
2.0803134861293375
2.1710662556840727
2.218942716757714
2.222817835016938
2.176441419721061
2.084563615833003
1.9626848963896604
1.8290558183538315
1.6971767937253945
1.5790481887264625
1.4812952055421613
1.4086679891354106
1.3619165623950926
1.3396658833582569
1.3381658375804926
1.35266628009888
1.378042054506058
1.4070429395428328
1.4379188818018127
1.4670447706534013
1.4939205908383435
1.5140462050233467
1.5311717276528216
1.5449221472823267
1.5562974944303722
1.5655477767265848
1.5754230780968657
1.5841733451338236
1.5930486159855952
1.60304892117069
1.6129242225409712
1.6241745658742028
1.6352999053926207
1.6475502792443617
1.658550614947966
1.669675954466384
1.6810513016144293
1.6924266487624744
1.7034269844660788
1.7141773125400557
1.7245526291695914
1.7346779381694999
1.7441782280953397
1.7528034913174841
1.7609287392803734
1.7675539414654988
1.7730541093173011
1.778179265724662
1.7820543839838863
1.7844294564653462
1.7860545060579243
1.786554521317179
1.7859295022431105
1.7840544450209053
1.7809293496505632
1.7768042237617114
1.7713040559099094
1.7645538499099704
1.7574286324655906
1.7493033845027008
1.740928128910184
1.7319278542435987
1.7221775566881314
1.7130522782067326
1.702926969206824
1.6924266487624744
1.683051362651448
1.6739260841700492
1.6650508133182775
1.6573005767998292
1.6504253669850764
1.6444251838740198
1.639925046540727
1.6364249397259438
1.633674855800043
1.632299813837092
1.6327998290963468
1.6347998901333658
1.6369249549851985
1.6408000732444226
1.6458002258369702
1.651050386059145
1.6556755272072514
1.6613006988738672
1.66717587817011
1.6718010193182167
1.6763011566515091
1.6798012634662924
1.6820513321329387
1.6834263740958892
1.6836763817255165
1.6808012939848018
1.6781762138737144
1.6726760460219123
1.6659258400219734
1.6579255958738974
1.6483003021332439
1.63867500839259
1.6277996765037996
1.6162993255409406
1.6052989898373364
1.5941736503189183
1.58167326883755
1.5686728720969267
1.55554747154149
1.5421720633564255
1.5267965941343424
1.5090460524307994
1.4890454420606098
1.4662947477645192
1.4426690267647329
1.4201683400982696
1.40254280220954
1.392667500839259
1.3944175542466506
1.412793115024262
1.4522943205053866
1.515921262245552
1.6017988830225531
1.7086771446882534
1.8301808526871548
1.959184789574877
2.0789384441663867
2.1686911832026126
2.218317697683645
2.2238178655354472
2.1786914883877073
2.087688711203345
1.9666850184636984
1.8330559404278695
1.7011769157994323
1.5834233222449416
1.4844203009125034
1.4106680501724296
1.363791619617298
1.3390408642841882
1.3374158146916104
1.3520412610248116
1.3766670125431073
1.4052928861354412
1.437043855098117
1.4661697439497057
1.493295571764275
1.5134211859492783
1.5310467238380079
1.5445471358378857
1.55554747154149
1.566297799615467
1.5754230780968657
1.5837983336893826
1.592798608355968
1.6027989135410627
1.6130492263557847
1.6241745658742028
1.635174901577807
1.6465502487258523
1.6583006073183386
1.6695509506515702
1.6810513016144293
1.6925516525772883
1.7035519882808923
1.7145523239844966
1.7248026367992186
1.734552934354686
1.743803216650899
1.7529284951322976
1.76080373546556
1.7673039338358714
1.7730541093173011
1.7778042542802208
1.7810543534653769
1.78455446028016
1.7864295175023652
1.7873045442060609
1.7855544907986696
1.7843044526505327
1.7804293343913085
1.7763042085024567
1.7708040406506547
1.7644288460951567
1.7573036286507766
1.7495533921323283
1.7406781212805567
1.7320528580584125
1.7226775719473861
1.7138023010956145
1.702551957762383
1.6935516830957975
1.6835513779107028
1.6743010956144901
1.6656758323923462
1.6574255806146427
1.6509253822443313
1.6440501724295786
1.6400500503555409
1.6360499282815029
1.633549851985229
1.6340498672444839
1.6330498367259743
1.6345498825037386
1.6371749626148258
1.6409250770592365
1.6451752067629017
1.6501753593554491
1.6553005157628102
1.6614257026886807
1.6670508743552965
1.6714260078737755
1.6759261452070682
1.6800512710959197
1.681926328318125
1.683051362651448
1.6834263740958892
1.6823013397625661
1.6778012024292734
1.6724260383922849
1.6654258247627187
1.6576755882442702
1.6486753135776848
1.6393000274666587
1.6287997070223093
1.616924344615009
1.6055489974669637
1.5949236732078005
1.5814232612079226
1.568547868282113
1.554797448652608
1.542047059541612
1.5267965941343424
1.5099210791344952
1.489795464949492
1.4660447401348917
1.4422940153202919
1.4204183477278969
1.4020427869502854
1.3916674703207497
1.3944175542466506
1.4125431073946348
1.4522943205053866
1.5151712393566699
1.6024239020966218
1.708802148503067
1.8298058412427136
1.9586847743156224
2.0788134403515732
2.1691911984618675
2.2194427320169683
2.2234428540910063
2.178816492202521
2.0881887264626
1.967185033722953
1.8338059633167516
1.701801934873501
1.5825482955412458
1.4841702932828762
1.4107930539872433
1.3631666005432295
1.3396658833582569
1.337915829950865
1.3517912533951841
1.3765420087282938
1.405792901394696
1.4369188512833035
1.4660447401348917
1.4920455336161382
1.513546189764092
1.5300466933194983
1.5441721243934445
1.5556724753563036
1.56504776146733
1.5746730552079835
1.58404834131901
1.5929236121707817
1.6029239173558765
1.6135492416150394
1.6241745658742028
1.6349248939481797
1.6475502792443617
1.657800592059084
1.6694259468367565
1.6809262977996156
1.6920516373180334
1.7030519730216378
1.7140523087252417
1.7245526291695914
1.734552934354686
1.7441782280953397
1.7526784875026704
1.760428724021119
1.7668039185766167
1.7731791131321146
1.7779292580950348
1.781679372539445
1.78455446028016
1.7858044984282968
1.7871795403912474
1.7855544907986696
1.7851794793542284
1.7811793572801906
1.776554216132084
1.7713040559099094
1.7651788689840389
1.7578036439100315
1.7493033845027008
1.74180315561388
1.7328028809472946
1.7225525681325726
1.7130522782067326
1.7026769615771966
1.6931766716513565
1.6835513779107028
1.6744260994293039
1.6651758171330913
1.6574255806146427
1.6505503707998903
1.6445501876888333
1.6391750236518448
1.6360499282815029
1.633674855800043
1.6325498214667196
1.6329248329111608
1.634424878688925
1.636674947355571
1.6409250770592365
1.6449251991332745
1.6505503707998903
1.6553005157628102
1.6611756950590533
1.6669258705404828
1.6719260231330302
1.6761761528366956
1.6791762443922238
1.681551316873684
1.6833013702810755
1.6840513931699574
1.681926328318125
1.6778012024292734
1.6721760307626576
1.6658008362071597
1.6579255958738974
1.6493003326517535
1.63867500839259
1.6285496993926818
1.6176743675038912
1.6057990050965911
