1.6187994018372145
1.6154242988372447
1.6131742301705987
1.6110491653187657
1.6087990966521197
1.607424054689169
1.6049239783928952
1.6024239020966218
1.601048860133671
1.599548814355907
1.5974237495040742
1.5959237037263099
1.5941736503189183
1.5926736045411543
1.5909235511337627
1.5900485244300668
1.5894235053559984
1.5877984557634206
1.5867984252449112
1.586048402356029
1.5854233832819604
1.5850483718375195
1.5836733298745689
1.5830483108005005
1.582048280281991
1.5807982421338542
1.5805482345042268
1.5799232154301586
1.580048219244972
1.5791731925412764
1.5791731925412764
1.5794232001709037
1.5781731620227668
1.5785481734672078
1.5777981505783258
1.5770481276894437
1.5770481276894437
1.5767981200598165
1.5770481276894437
1.57692312387463
1.5774231391338847
1.5771731315042574
1.576548112430189
1.576548112430189
1.5767981200598165
1.576548112430189
1.5764231086153753
1.5771731315042574
1.5766731162450025
1.5770481276894437
1.5780481582079533
1.5771731315042574
1.5771731315042574
1.5772981353190711
1.5774231391338847
1.5771731315042574
1.5775481429486986
1.5776731467635121
1.5781731620227668
1.5781731620227668
1.5782981658375803
1.5787981810968352
1.5790481887264625
1.5790481887264625
1.5787981810968352
1.578923184911649
1.5784231696523943
1.579673207800531
1.5794232001709037
1.5801732230597858
1.5801732230597858
1.5804232306894133
1.5804232306894133
1.580923245948668
1.5805482345042268
1.5807982421338542
1.5810482497634815
1.5817982726523636
1.582048280281991
1.5815482650227364
1.58167326883755
1.582048280281991
1.582048280281991
1.5822982879116183
1.5824232917264323
1.5822982879116183
1.5827983031708732
1.5827983031708732
1.582923306985687
1.5837983336893826
1.5835483260597554
1.5849233680227057
1.5846733603930783
1.5842983489486373
1.5849233680227057
1.5847983642078922
1.5842983489486373
1.585298379467147
1.5857983947264016
1.5856733909115879
1.58642341380047
1.5862984099856563
1.5857983947264016
1.58642341380047
1.5865484176152838
1.5865484176152838
1.5862984099856563
1.5866734214300973
1.587298440504166
1.5876734519486069
1.5875484481337934
1.587923459578234
1.5881734672078616
1.587923459578234
1.5881734672078616
1.5885484786523028
1.5882984710226753
1.5886734824671163
1.5895485091708121
1.5890484939115572
1.5892985015411847
1.589923520615253
1.5897985168004394
1.5896735129856259
1.5900485244300668
1.590798547318949
1.5906735435041353
1.5896735129856259
1.5909235511337627
1.5911735587633902
1.5912985625782037
1.5915485702078311
1.5914235663930174
1.591923581652272
1.5916735740226449
1.592423596911527
1.5920485854670858
1.5920485854670858
1.5931736198004092
1.5926736045411543
1.592798608355968
1.5930486159855952
1.5936736350596639
1.5934236274300364
1.5935486312448501
1.5935486312448501
1.5935486312448501
1.5930486159855952
1.594298654133732
1.594298654133732
1.594298654133732
1.594798669392987
1.5949236732078005
1.5949236732078005
1.595173680837428
1.5952986846522417
1.5955486922818691
1.595173680837428
1.5955486922818691
1.595173680837428
1.596298715170751
1.5960487075411238
1.596798730430006
1.5961737113559373
1.5960487075411238
1.596298715170751
1.5964237189855648
1.5961737113559373
1.5965487228003785
1.5972987456892607
1.5970487380596332
1.5979237647633289
1.5985487838373975
1.5980487685781428
1.598673787652211
1.5980487685781428
1.5981737723929563
1.5984237800225838
1.59829877620777
1.5992988067262794
1.598673787652211
1.5992988067262794
1.5996738181707206
1.5994238105410932
1.599548814355907
1.5994238105410932
1.6004238410596028
1.599173802911466
1.5997988219855341
1.6002988372447888
1.6001738334299753
1.6001738334299753
1.6009238563188575
1.601173863948485
1.601173863948485
1.601048860133671
1.6025489059114353
1.6014238715781122
1.6014238715781122
1.6017988830225531
1.6025489059114353
1.6027989135410627
1.6029239173558765
1.6037989440595721
1.6044239631336406
1.6039239478743859
1.6042989593188268
1.6047989745780817
1.6052989898373364
1.6060490127262186
1.6062990203558458
1.6071740470595417
1.6080490737632376
1.6092991119113744
1.6102991424298836
1.6109241615039522
1.6115491805780204
1.6132992339854122
1.6142992645039216
1.6157993102816859
1.6176743675038912
1.6190494094668417
1.6214244819483017
1.6230495315408795
1.6261746269112216
1.6275496688741722
1.6301747489852596
1.6317997985778374
1.6346748863185523
1.636674947355571
1.6400500503555409
1.6425501266518143
1.6458002258369702
1.6498003479110082
1.6529254432813503
1.6563005462813196
1.659800653096103
1.6634257637256997
1.6674258857997375
1.671176000244148
1.675551133762627
1.6803012787255471
1.6848014160588396
1.689426557206946
1.6950517288735618
1.7000518814661092
1.7039269997253335
1.7098021790215767
1.714427320169683
1.7190524613177893
1.724302621539964
1.729052766502884
1.734302926725059
1.738553056428724
1.7435532090212715
1.7474283272804958
1.7505534226508377
1.7550535599841306
1.7584286629841
1.7609287392803734
1.7650538651692254
1.76792895290994
1.7704290292062137
1.7724290902432325
1.7745541550950652
1.7769292275765252
1.7768042237617114
1.7778042542802208
1.7780542619098483
1.7775542466505936
1.7775542466505936
1.7776792504654073
1.7760542008728295
1.7753041779839474
1.774304147465438
1.7724290902432325
1.7695540025025178
1.7673039338358714
1.7649288613544114
1.7611787469100009
1.7580536515396588
1.7546785485396894
1.7506784264656514
1.7461782891323587
1.742553178502762
1.7381780449842832
1.7335529038361768
1.728302743614002
1.7236776024658955
1.7185524460585346
1.7140523087252417
1.7084271370586261
1.7046770226142156
1.698926847132786
1.6944267097994934
1.689051545762505
1.6844264046143986
1.679926267281106
1.6750511185033723
1.6699259620960112
1.6654258247627187
1.6608006836146123
1.6566755577257606
1.6536754661702324
1.6493003326517535
1.6454252143925292
1.6423001190221869
1.637924985503708
1.634299874874111
1.63154979094821
1.628049684133427
1.6259246192815942
1.6234245429853207
1.6205494552446058
1.618549394207587
1.6166743369853815
1.614174260689108
1.6122992034669026
1.6112991729483932
1.6086740928373058
1.6071740470595417
1.6067990356151007
1.6059240089114046
1.6051739860225227
1.6034239326151312
1.6029239173558765
1.6021738944669943
1.6014238715781122
1.6000488296151616
1.599548814355907
1.598798791467025
1.5984237800225838
1.5975487533188881
1.5969237342448195
1.5965487228003785
1.5956736960966826
1.594798669392987
1.5930486159855952
1.5912985625782037
1.5894235053559984
1.5875484481337934
1.5849233680227057
1.5815482650227364
1.578923184911649
1.5741730399487288
1.5695478988006226
1.5635477156895659
1.5572975249488816
1.550422315134129
1.5431720938749351
1.5352968535416731
1.5275466170232246
1.5205464033936582
1.5145462202826014
1.5080460219122898
1.5025458540604877
1.4989207434308909
1.4965456709494307
1.4954206366161078
1.497670705282754
1.5030458693197426
1.5105460982085634
1.5216714377269813
1.5370469069490644
1.5562974944303722
1.580048219244972
1.6077990661336101
1.6414250923184912
1.6776761986144597
1.7185524460585346
1.7653038727988526
1.81305533005768
1.8643068941312906
1.917308511612293
1.9711851557969908
2.0253118076113164
2.078063417462691
2.1281899472029786
2.172066286202582
2.211942503128147
2.2441934873500777
2.2696942655720695
2.2850697347941527
2.290569902645955
2.267944212164678
2.254818811609241
2.233443159276101
2.2035672475356303
2.165316080202643
2.119439680166021
2.069063142796106
2.0141864680928983
1.9570597247230446
1.8995579699087497
1.8418062074648274
1.7841794488357188
1.7300527970213935
1.6778012024292734
1.6290497146519365
1.5847983642078922
1.544422132023072
1.509171056245613
1.4791701406903288
1.4545443891720329
1.4347937864314706
1.4184182866908779
1.408542985320597
1.401792779320658
1.3982926725058749
1.4004177373577074
1.4042928556169316
1.4110430616168708
1.4194183172093875
1.4301686452833644
1.4407939695425276
1.452919339579455
1.465169713431196
1.4769200720236824
1.4887954344309824
1.4999207739494005
1.5097960753196813
1.5191713614307079
1.5277966246528518
1.5352968535416731
1.5421720633564255
1.5477972350230413
1.5524223761711478
1.556672505874813
1.5605476241340372
1.563422711874752
1.5656727805413984
1.567797845393231
1.5687978759117405
1.5706729331339457
1.5720479750968963
1.5730480056154057
1.5736730246894741
1.5751730704672384
1.5756730857264931
1.5757980895413068
1.5761731009857478
1.5759230933561206
1.5760480971709343
1.57692312387463
1.5771731315042574
1.5775481429486986
1.5786731772820215
1.5790481887264625
1.580048219244972
1.5804232306894133
1.5811732535782954
1.5817982726523636
1.5827983031708732
1.5839233375041963
1.5847983642078922
1.5870484328745385
1.5874234443189794
1.5891734977263712
1.589923520615253
1.5914235663930174
1.5920485854670858
1.5930486159855952
1.5937986388744774
1.5955486922818691
1.5979237647633289
1.5989237952818385
1.6005488448744163
1.6029239173558765
1.605048982207709
1.6060490127262186
1.6079240699484236
1.6096741233558154
1.612174199652089
1.6140492568742943
1.6164243293557543
1.6187994018372145
1.6217994933927427
1.6244245735038303
1.627674672688986
1.6294247260963775
1.6319248023926511
1.6352999053926207
1.637549974059267
1.64105008087405
1.6441751762443924
1.6475502792443617
1.651425397503586
1.6546754966887418
1.6579255958738974
1.6619257179479354
1.665300820947905
1.669300943021943
1.6728010498367258
1.6768011719107638
1.681551316873684
1.685051423688467
1.6899265724662007
1.6940516983550522
1.6991768547624133
1.7030519730216378
1.707677114169744
1.7118022400585957
1.7168023926511429
1.7205525070955536
1.7256776635029145
1.7304278084658344
1.735427961058382
1.7400531022064882
1.7453032624286628
1.750428418836024
1.754428540910062
1.7590536820581684
1.7638038270210883
1.7680539567247535
1.7729291055024872
1.7780542619098483
1.7824293954283272
1.7868045289468062
1.7915546739097263
1.7961798150578325
1.8000549333170568
1.8045550706503495
1.8085551927243873
1.8121803033539843
1.8160554216132085
1.8198055360576189
1.8233056428724022
1.8273057649464401
1.830930875576037
1.834055970946379
1.8371810663167212
1.8393061311685537
1.8421812189092686
1.8441812799462873
1.846681356242561
1.8489314249092075
1.8509314859462265
1.8525565355388043
1.8549316080202642
1.8553066194647054
1.8563066499832148
1.8569316690572832
1.8578066957609791
1.8571816766869107
1.857056672872097
1.857056672872097
1.857431684316538
1.8569316690572832
1.856181646168401
1.855431623279519
1.8538065736869411
1.8521815240943633
1.8505564745017853
1.848806421094394
1.846806360057375
1.8445562913907285
1.842306222724082
1.8393061311685537
1.8366810510574663
1.8341809747611926
1.8305558641315958
1.8264307382427443
1.8231806390575884
1.819430524613178
1.8156804101687674
1.8113052766502884
1.8076801660206916
1.8029300210577714
1.7989298989837337
1.7945547654652547
1.7898046205023346
1.7854294869838556
1.7809293496505632
1.7760542008728295
1.7705540330210272
1.7656788842432936
1.7610537430951874
1.7563035981322672
1.751178441724906
1.7464282967619862
1.7414281441694388
1.7368030030213324
1.7318028504287852
1.7264276863917967
1.7211775261696218
1.7160523697622607
1.7116772362437818
1.706927091280862
1.7023019501327556
1.697801812799463
1.6935516830957975
1.6884265266884364
1.683926389355144
1.6794262520218513
1.6744260994293039
1.6701759697256386
1.6666758629108556
1.6625507370220038
1.6588006225775933
1.6549255043183693
1.6509253822443313
1.647425275429548
1.6435501571703237
1.6400500503555409
1.6367999511703848
1.6334248481704154
1.6310497756889553
1.6287997070223093
1.6242995696890163
1.62204950102237
1.6200494399853511
1.6164243293557543
1.6144242683187355
1.6115491805780204
1.6096741233558154
1.6066740318002868
1.6049239783928952
1.603173924985504
1.6012988677632984
1.5996738181707206
1.5980487685781428
1.5970487380596332
1.595173680837428
1.5929236121707817
1.5921735892818996
1.5901735282448806
1.5895485091708121
1.5885484786523028
1.587298440504166
1.586048402356029
1.5855483870967744
1.5847983642078922
1.5830483108005005
1.582923306985687
1.582923306985687
1.581298257393109
1.5810482497634815
1.5797982116153446
1.5802982268745993
1.57929819635609
1.5791731925412764
1.5786731772820215
1.5782981658375803
1.5779231543931396
1.5784231696523943
1.5771731315042574
1.5771731315042574
1.57692312387463
1.5774231391338847
1.57692312387463
1.57692312387463
1.5775481429486986
1.5766731162450025
1.5762981048005615
1.5762981048005615
1.5772981353190711
1.57692312387463
1.5767981200598165
1.5766731162450025
1.5766731162450025
1.5771731315042574
1.5774231391338847
1.5770481276894437
1.5775481429486986
1.5774231391338847
1.5775481429486986
1.5770481276894437
1.5777981505783258
1.5779231543931396
1.5781731620227668
1.5785481734672078
1.5784231696523943
1.5785481734672078
1.5785481734672078
1.5790481887264625
1.5790481887264625
1.5784231696523943
1.5787981810968352
1.5794232001709037
1.579673207800531
1.5801732230597858
1.5805482345042268
1.5802982268745993
1.5806732383190405
1.5806732383190405
1.5806732383190405
1.5806732383190405
1.5811732535782954
1.5815482650227364
1.5815482650227364
1.5819232764671776
1.5824232917264323
1.5825482955412458
1.5824232917264323
1.5824232917264323
1.5831733146153144
1.5822982879116183
1.582923306985687
1.583298318430128
1.5836733298745689
1.5837983336893826
1.5846733603930783
1.5842983489486373
1.584423352763451
1.5846733603930783
1.5846733603930783
1.584423352763451
1.5846733603930783
1.5854233832819604
1.5857983947264016
1.5857983947264016
1.5862984099856563
1.586048402356029
1.5865484176152838
1.5861734061708426
1.5867984252449112
1.5866734214300973
1.5867984252449112
1.5869234290597247
1.5874234443189794
1.5877984557634206
1.5881734672078616
1.5882984710226753
1.5881734672078616
1.588048463393048
1.5886734824671163
1.587923459578234
1.58879848628193
1.5892985015411847
1.5891734977263712
1.5892985015411847
1.589923520615253
1.5900485244300668
1.5900485244300668
1.589923520615253
1.590423535874508
1.590423535874508
1.5900485244300668
1.5905485396893215
1.5909235511337627
1.5912985625782037
1.5911735587633902
1.5921735892818996
1.5917985778374584
1.591923581652272
1.5916735740226449
1.5920485854670858
1.5916735740226449
1.5920485854670858
1.5926736045411543
1.5926736045411543
1.5932986236152227
1.5935486312448501
1.5930486159855952
1.5932986236152227
1.5934236274300364
1.594298654133732
1.5931736198004092
1.5937986388744774
1.5945486617633595
1.5941736503189183
1.5945486617633595
1.5950486770226142
1.594673665578173
1.594798669392987
1.5949236732078005
1.5952986846522417
1.5954236884670552
1.5954236884670552
1.5956736960966826
1.5956736960966826
1.5959237037263099
1.5960487075411238
1.5970487380596332
1.596798730430006
1.5965487228003785
1.5970487380596332
1.5964237189855648
1.5970487380596332
1.5969237342448195
1.5974237495040742
1.5974237495040742
1.5977987609485154
1.5977987609485154
1.5980487685781428
1.5979237647633289
1.59829877620777
1.5979237647633289
1.59829877620777
1.59829877620777
1.5985487838373975
1.598798791467025
1.5990487990966522
1.5999238258003479
1.5996738181707206
1.599548814355907
1.5997988219855341
1.5994238105410932
1.5994238105410932
1.5994238105410932
1.6002988372447888
1.6001738334299753
1.601048860133671
1.6009238563188575
1.601173863948485
1.6015488753929257
1.6014238715781122
1.6017988830225531
1.6017988830225531
1.6020488906521806
1.6027989135410627
1.602673909726249
1.6029239173558765
1.6036739402447586
1.6042989593188268
1.6041739555040133
1.6042989593188268
1.6046739707632678
1.6045489669484543
1.6055489974669637
1.6062990203558458
1.6075490585039827
1.6082990813928648
1.6084240852076785
1.61017413861507
1.6111741691335797
1.6116741843928344
1.6129242225409712
1.6142992645039216
1.6152992950224312
1.6172993560594502
1.6195494247260964
1.620924466689047
1.6226745200964385
1.6250495925778985
1.6267996459852903
1.6289247108371228
1.6312997833185827
1.6334248481704154
1.6365499435407576
1.639550035096286
1.6428001342814416
1.645925229651784
1.6489253212073123
1.6528004394665363
1.6556755272072514
1.6593006378368482
1.6631757560960723
1.666425855281228
1.6710509964293345
1.675551133762627
1.6794262520218513
1.684301400799585
1.6885515305032504
1.6944267097994934
1.6983018280587177
1.7034269844660788
1.709177159947508
1.7133022858363598
1.718427442243721
1.7233025910214546
1.7284277474288157
1.7328028809472946
1.7376780297250283
1.7424281746879482
1.7465533005767997
1.7506784264656514
1.7545535447248757
1.7585536667989135
1.7609287392803734
1.7649288613544114
1.7674289376506853
1.769804010132145
1.771804071169164
1.773804132206183
1.7759291970580158
1.7771792352061526
1.7776792504654073
1.7780542619098483
1.7773042390209661
1.7774292428357799
1.7774292428357799
1.776554216132084
1.7759291970580158
1.7745541550950652
1.7725540940580462
1.7703040253914
1.7675539414654988
1.7653038727988526
1.7614287545396283
1.7584286629841
1.7548035523545031
1.7506784264656514
1.7473033234656818
1.743303201391644
1.73942808313242
1.7341779229102452
1.729427777947325
1.7246776329844051
1.7196774803918575
1.7145523239844966
1.710052186651204
1.7050520340586566
1.7000518814661092
1.6949267250587483
1.690301583910642
1.6851764275032808
1.6800512710959197
1.6754261299478135
1.6706759849848933
1.6661758476516009
1.6615507065034945
1.6573005767998292
1.6535504623554185
1.6495503402813807
1.6461752372814111
1.6421751152073734
1.6385500045777766
1.6352999053926207
1.632299813837092
1.6287997070223093
1.6259246192815942
1.6236745506149481
1.620924466689047
1.6186743980224005
1.6172993560594502
1.6147992797631765
1.6124242072817165
1.6112991729483932
1.6089241004669332
1.6076740623187964
1.6075490585039827
1.6060490127262186
1.6041739555040133
1.6037989440595721
1.6027989135410627
1.6020488906521806
1.6012988677632984
1.60067384868923
1.6002988372447888
1.598798791467025
1.5984237800225838
1.5976737571337016
1.5976737571337016
1.596673726615192
1.5964237189855648
1.5949236732078005
1.5935486312448501
1.5921735892818996
1.5900485244300668
1.5877984557634206
1.5857983947264016
1.5824232917264323
1.5791731925412764
1.5751730704672384
1.5709229407635732
1.5649227576525162
1.5587975707266457
1.5517973570970793
1.5450471510971404
1.5370469069490644
1.5299216895046848
1.522671468245491
1.515546250801111
1.5090460524307994
1.5034208807641836
1.499670766319773
1.4966706747642446
1.4961706595049897
1.4965456709494307
1.5015458235419783
1.5082960295419172
1.5191713614307079
1.5332967925046541
1.5512973418378246
1.5739230323191016
1.6017988830225531
1.6327998290963468
1.668800927762688
1.7090521561326946
1.7534285103915526
1.8010549638355662
1.8520565202795496
1.9050581377605518
1.958809778130436
2.013061433759575
2.065938047425764
2.1163145847956786
2.161690969573046
2.2039422589800712
2.237568285164953
2.2641940977202673
2.281319620349742
2.2914449293496504
2.271569322794275
2.258818933683279
2.2396933500167853
2.2111924802392653
2.1750663777581107
2.1311900387585068
2.081688528092288
2.02781188390759
1.9716851710562455
1.9136834009826962
1.855431623279519
1.798429883724479
1.7429281899472029
1.6901765800958282
1.6405500656147955
1.5950486770226142
1.5540474257637258
1.5175463118381298
1.4861703543198952
1.4602945646534624
1.4399189428388317
1.4229184240241708
1.4111680654316843
1.4029178136539813
1.3997927182836392
1.399417706839198
1.4031678212836085
1.4092930082094792
1.4170432447279275
1.427168553727836
1.4385439008758814
1.449294228949858
1.4616696066164128
1.473544969023713
1.485295327616199
1.4965456709494307
1.507170995208594
1.5170462965788751
1.5249215369121372
1.533671803949095
1.5402970061342205
1.5462971892452775
1.5511723380230111
1.556797509689627
1.5595475936155279
1.5620476699118016
1.5645477462080752
1.5669228186895352
1.5686728720969267
1.5699229102450638
1.5719229712820828
1.5730480056154057
1.5737980285042878
1.5750480666524247
1.5750480666524247
1.5756730857264931
1.5757980895413068
1.5766731162450025
1.5761731009857478
1.5767981200598165
1.5770481276894437
1.5777981505783258
1.5781731620227668
1.5787981810968352
1.5797982116153446
1.5801732230597858
1.5814232612079226
1.5817982726523636
1.5817982726523636
1.5826732993560595
1.5842983489486373
1.5851733756523332
1.5874234443189794
1.588048463393048
1.5900485244300668
1.590298532059694
1.5916735740226449
1.5930486159855952
1.5940486465041048
1.594798669392987
1.596673726615192
1.5984237800225838
1.6002988372447888
1.6019238868373669
1.6039239478743859
1.6059240089114046
1.6079240699484236
1.609424115726188
1.6120491958372754
1.613424237800226
1.6157993102816859
1.6181743827631458
1.6205494552446058
1.6234245429853207
1.6262996307260353
1.6286747032074953
1.6310497756889553
1.634299874874111
1.63629993591113
1.6396750389110997
1.6425501266518143
1.6465502487258523
1.649425336466567
1.6531754509109775
1.656925565355388
1.6608006836146123
1.6639257789849544
1.6679259010589922
1.6720510269478437
1.6749261146885588
1.6801762749107334
1.684301400799585
1.6876765037995543
1.6920516373180334
1.6971767937253945
1.701676931058687
1.7054270455030978
1.7103021942808314
1.7153023468733786
1.719552476577044
1.7244276253547777
1.7286777550584431
1.7338029114658042
1.738553056428724
1.743678212836085
1.7485533616138187
1.7525534836878567
1.7578036439100315
1.7624287850581377
1.7671789300210579
1.771429059724723
1.7764292123172705
1.7809293496505632
1.7855544907986696
1.7901796319467758
1.7951797845393231
1.79880489516892
1.8030550248725852
1.8073051545762506
1.8104302499465927
1.8148053834650717
1.8188055055391095
1.8230556352427747
1.8259307229834896
1.8291808221686454
1.8331809442426834
1.8356810205389569
1.8383061006500443
1.8413061922055727
1.8435562608722191
1.8460563371684928
1.848306405835139
1.849181432538835
1.8516815088351086
1.8534315622425002
1.855431623279519
1.8560566423535876
1.8566816614276558
1.8571816766869107
1.8579316995757926
1.85818170720542
1.8576816919461654
1.8573066805017244
1.8571816766869107
1.856181646168401
1.8559316385387736
1.8543065889461958
1.852681539353618
1.8513064973906674
1.849556443983276
1.8469313638721885
1.8449313028351695
1.842431226538896
1.8405561693166905
1.8379310892056033
1.8348059938352612
1.831680898464919
1.8288058107242042
1.82493069246498
1.8211805780205697
1.8165554368724632
1.8126803186132388
1.8095552232428969
1.8053050935392316
1.800429944761498
1.7963048188726465
1.79167967772454
1.7871795403912474
1.7824293954283272
1.777054231391339
1.771804071169164
1.7668039185766167
1.762803796502579
1.7579286477248453
1.7529284951322976
1.7479283425397505
1.743303201391644
1.737803033539842
1.7324278695028534
1.7280527359843745
1.7230525833918273
1.7176774193548388
1.7129272743919186
1.7084271370586261
1.7038019959105197
1.699301858577227
1.6946767174291208
1.690301583910642
1.685051423688467
1.6808012939848018
1.6759261452070682
1.6718010193182167
1.668050904873806
1.6641757866145819
1.6599256569109164
1.6561755424665061
1.652550431836909
1.6486753135776848
1.645050202948088
1.6414250923184912
1.6380499893185219
1.6346748863185523
1.631174779503769
1.628049684133427
1.625674611651967
1.6226745200964385
1.6199244361705374
1.616924344615009
1.6147992797631765
1.612174199652089
1.6104241462446975
1.607424054689169
1.6056740012817774
1.6035489364299447
1.6017988830225531
1.6001738334299753
1.5990487990966522
1.5972987456892607
1.5950486770226142
1.5934236274300364
1.5920485854670858
1.590798547318949
1.590298532059694
1.5886734824671163
1.5875484481337934
1.5865484176152838
1.58642341380047
1.5850483718375195
1.5841733451338236
1.582923306985687
1.5826732993560595
1.5815482650227364
1.5807982421338542
1.5801732230597858
1.5799232154301586
1.57929819635609
1.5795482039857174
1.5786731772820215
1.5786731772820215
1.5776731467635121
1.5779231543931396
1.5774231391338847
1.5777981505783258
1.5775481429486986
1.5774231391338847
1.5771731315042574
1.57692312387463
1.5774231391338847
1.5776731467635121
1.5767981200598165
1.5770481276894437
1.5762981048005615
1.5760480971709343
1.5766731162450025
1.57692312387463
1.5767981200598165
1.5767981200598165
1.5774231391338847
1.5774231391338847
1.5772981353190711
1.5770481276894437
1.5781731620227668
1.5774231391338847
1.5780481582079533
1.5779231543931396
1.5781731620227668
1.5791731925412764
1.5787981810968352
1.5791731925412764
1.5790481887264625
1.578923184911649
1.5790481887264625
1.578923184911649
1.5790481887264625
1.5791731925412764
1.5794232001709037
1.57929819635609
1.580048219244972
1.580923245948668
1.580923245948668
1.5807982421338542
1.5802982268745993
1.5802982268745993
1.5801732230597858
1.581298257393109
1.5814232612079226
1.5817982726523636
1.582048280281991
1.582923306985687
1.5822982879116183
1.5824232917264323
1.5826732993560595
1.5825482955412458
1.582923306985687
1.5835483260597554
1.5834233222449416
1.5835483260597554
1.58404834131901
1.58404834131901
1.5842983489486373
1.5849233680227057
1.5847983642078922
1.5845483565782648
1.5847983642078922
1.5851733756523332
1.586048402356029
1.5855483870967744
1.5855483870967744
1.5862984099856563
1.5861734061708426
1.5861734061708426
1.5862984099856563
1.586048402356029
1.5865484176152838
1.5867984252449112
1.5870484328745385
1.5875484481337934
1.588048463393048
1.5882984710226753
1.588423474837489
1.587923459578234
1.5882984710226753
1.5882984710226753
1.588423474837489
1.5889234900967437
1.5890484939115572
1.5892985015411847
1.5900485244300668
1.590298532059694
1.5900485244300668
1.5901735282448806
1.5906735435041353
1.590298532059694
1.5909235511337627
1.590298532059694
1.5909235511337627
1.5911735587633902
1.5914235663930174
1.592798608355968
1.5916735740226449
1.5915485702078311
1.591923581652272
1.5921735892818996
1.5916735740226449
1.5915485702078311
1.5930486159855952
1.592798608355968
1.5930486159855952
1.5935486312448501
1.5932986236152227
1.5934236274300364
1.5931736198004092
1.5936736350596639
1.5936736350596639
1.5936736350596639
1.5939236426892909
1.5941736503189183
1.5945486617633595
1.594673665578173
1.5950486770226142
1.595173680837428
1.595173680837428
1.595173680837428
1.5950486770226142
1.595173680837428
1.5955486922818691
1.5961737113559373
1.596298715170751
1.5965487228003785
1.5969237342448195
1.596798730430006
1.5969237342448195
1.597173741874447
1.5969237342448195
1.596798730430006
1.5969237342448195
1.5976737571337016
1.5976737571337016
1.5980487685781428
1.5975487533188881
1.5985487838373975
1.5984237800225838
1.5980487685781428
1.5984237800225838
1.5989237952818385
1.5979237647633289
1.5980487685781428
1.599173802911466
1.599173802911466
1.5992988067262794
1.5981737723929563
1.599173802911466
1.599548814355907
1.5996738181707206
1.5996738181707206
1.5996738181707206
1.5999238258003479
1.6001738334299753
1.601173863948485
1.6012988677632984
1.601048860133671
1.6012988677632984
1.6012988677632984
1.6021738944669943
1.6014238715781122
1.6022988982818078
1.6016738792077396
1.6022988982818078
1.6025489059114353
1.6035489364299447
1.6037989440595721
1.6035489364299447
1.6041739555040133
1.6044239631336406
1.6047989745780817
1.6056740012817774
1.60542399365215
1.606174016541032
1.6077990661336101
1.6085490890224923
1.6096741233558154
1.6106741538743248
1.6109241615039522
1.6127992187261575
1.6132992339854122
1.6146742759483628
1.6167993408001955
1.6180493789483323
1.6206744590594195
1.6219244972075564
1.624049562059389
1.625299600207526
1.628049684133427
1.6306747642445143
1.633174840540788
1.6350498977629933
1.6391750236518448
1.64105008087405
1.6443001800592059
1.6475502792443617
1.651800408948027
1.6541754814294871
1.6580505996887114
1.6614257026886807
1.664925809503464
1.669300943021943
1.6743010956144901
1.6783012176885281
1.6821763359477524
1.6874264961699272
1.6921766411328472
1.6969267860957673
1.7015519272438735
1.706927091280862
1.7115522324289683
1.7163023773918882
1.7216775414288765
1.7269277016510514
1.7313028351695303
1.736552995391705
1.741303140354625
1.7451782586138493
1.7493033845027008
1.7533035065767388
1.7570536210211494
1.7598037049470505
1.763553819391461
1.766303903317362
1.7693039948728904
1.771429059724723
1.7733041169469284
1.7749291665395062
1.7773042390209661
1.7773042390209661
1.7776792504654073
1.7773042390209661
1.7776792504654073
1.7773042390209661
1.7775542466505936
1.7763042085024567
1.7748041627246927
1.7733041169469284
1.7715540635395368
1.7685539719840082
1.7666789147618032
1.7626787926877652
1.7596787011322368
1.7560535905026398
1.7530534989471116
1.7483033539841915
1.744553239539781
1.7399280983916745
1.7356779686880093
1.7308028199102756
1.7261776787621694
1.7214275337992493
1.7161773735770747
1.7118022400585957
1.7064270760216071
1.701676931058687
1.6964267708365124
1.6918016296884062
1.6868014770958586
1.681551316873684
1.6773011871700187
1.6724260383922849
1.6665508590960418
1.6625507370220038
1.658925626392407
1.6548005005035553
1.6508003784295175
1.6475502792443617
1.6438001647999512
1.6401750541703544
1.6360499282815029
1.6332998443556017
1.6294247260963775
1.6266746421704763
1.6242995696890163
1.6216744895779291
1.6195494247260964
1.6186743980224005
1.6155493026520584
1.6131742301705987
1.6107991576891385
1.6099241309854426
1.6086740928373058
1.6062990203558458
1.60542399365215
1.6049239783928952
1.6040489516891996
1.6034239326151312
1.6025489059114353
1.6016738792077396
1.6001738334299753
1.6001738334299753
1.599173802911466
1.5984237800225838
1.5972987456892607
1.5977987609485154
1.5974237495040742
1.5959237037263099
1.5959237037263099
1.5939236426892909
1.5925486007263405
1.590798547318949
1.58879848628193
1.5870484328745385
1.5835483260597554
1.5810482497634815
1.5764231086153753
1.5717979674672689
1.5667978148747217
1.5607976317636647
1.5530473952452162
1.5465471968749047
1.5394219794305246
1.5312967314676351
1.524171514023255
1.5171713003936889
1.5116711325418866
1.505170934171575
1.5014208197271646
1.4975457014679403
1.4954206366161078
1.4962956633198035
1.4999207739494005
1.5056709494308298
1.5161712698751793
1.5296716818750573
1.5466722006897184
1.5680478530228583
1.5945486617633595
1.6246745811334575
1.6604256721701711
1.6988018433179723
1.7420531632435072
1.7891796014282664
1.8396811426129949
1.8921827448347424
1.9460593890194402
2.000311044648579
2.0538126773888363
2.105064241462447
2.1524406872768336
2.1946919766838584
2.2300680562761315
2.258568926053652
2.2786945402386545
2.290194891201514
2.27719449446089
2.261944029053621
2.2448185064241466
2.218567705313273
2.183191625721
2.140940336313974
2.092563859981079
2.0403122653889585
1.9836855372783593
1.9258087710196234
1.8681820123905148
1.8104302499465927
1.7549285561693166
1.701301919614246
1.651050386059145
1.6040489516891996
1.561797662282174
1.5247965330973237
1.4926705526902067
1.4647947019867549
1.4420440076906644
1.4254185003204445
1.412793115024262
1.4047928708761863
1.3997927182836392
1.3992927030243845
1.40254280220954
1.407792962431715
1.415293191320536
1.4250434888760033
1.4360438245796074
1.4467941526535844
1.4594195379497665
1.471544907986694
1.4835452742088078
1.4942956022827847
1.5052959379863888
1.5152962431714836
1.5240465102084415
1.5321717581713308
1.5391719718008974
1.5447971434675132
1.5505473189489425
1.555172460097049
1.559172582171087
1.5612976470229194
1.564297738578448
1.5664228034302805
1.5679228492080448
1.5699229102450638
1.5715479598376416
1.5726729941709647
1.5736730246894741
1.57454805139317
1.5761731009857478
1.5755480819116796
1.5756730857264931
1.5762981048005615
1.5764231086153753
1.5761731009857478
1.57692312387463
1.579673207800531
1.5780481582079533
1.57929819635609
1.57929819635609
1.5799232154301586
1.5804232306894133
1.5814232612079226
1.5819232764671776
1.5826732993560595
1.58404834131901
1.585298379467147
1.5861734061708426
1.588048463393048
1.5894235053559984
1.5910485549485762
1.5914235663930174
1.592798608355968
1.5941736503189183
1.594673665578173
1.596298715170751
1.59829877620777
1.5997988219855341
1.6015488753929257
1.6034239326151312
1.6056740012817774
1.607049043244728
1.609424115726188
1.6111741691335797
1.6130492263557847
1.6152992950224312
1.6180493789483323
1.6201744438001648
1.6224245124668113
1.625674611651967
1.6285496993926818
1.630799768059328
1.634299874874111
1.6361749320963164
1.638299996948149
1.6428001342814416
1.6458002258369702
1.6493003326517535
1.6528004394665363
1.656925565355388
1.660550675984985
1.663300759910886
1.6675508896145512
1.6710509964293345
1.6748011108737448
1.6789262367625966
1.6835513779107028
1.6874264961699272
1.6920516373180334
1.6963017670216987
1.7004268929105502
1.7058020569475387
1.710052186651204
1.714427320169683
1.7190524613177893
1.7230525833918273
1.7281777397991884
1.7333028962065493
1.7384280526139104
1.7428031861323894
1.7478033387249368
1.7521784722434155
1.7573036286507766
1.7618037659840693
1.76555388042848
1.7701790215765862
1.7755541856135748
1.7800543229468673
1.7850544755394149
1.7895546128727073
1.794429761650441
1.7981798760948515
1.8016799829096348
1.8063051240577412
1.81068025757622
1.8148053834650717
1.8180554826502273
1.8219306009094518
1.8260557267983033
1.828930814539018
1.832930936613056
1.8346809900204473
1.8385561082796718
1.8409311807611317
1.8434312570574054
1.8449313028351695
1.8481814020203253
1.8499314554277169
1.8519315164647359
1.8528065431684317
1.8539315775017549
1.8544315927610096
1.8566816614276558
1.857056672872097
1.8575566881313517
1.8575566881313517
1.857431684316538
1.8578066957609791
1.857056672872097
1.8566816614276558
1.855431623279519
1.8544315927610096
1.8529315469832455
1.851181493575854
1.849556443983276
1.84630634479812
1.8454313180944242
1.8430562456129642
1.840431165501877
1.8378060853907896
1.8348059938352612
1.8319309060945466
1.8281807916501358
1.8253057039094212
1.8210555742057557
1.817055452131718
1.8139303567613758
1.8094302194280831
1.805555101168859
1.8010549638355662
1.7968048341319012
1.7910546586504716
1.7871795403912474
1.782929410687582
1.7783042695394757
1.7725540940580462
1.7686789757988222
1.7631788079470199
1.7581786553544725
1.7535535142063663
1.7485533616138187
1.7441782280953397
1.7388030640583514
1.7331778923917356
1.728302743614002
1.7238026062807095
1.7186774498733484
1.714427320169683
1.7093021637623218
1.7046770226142156
1.699676870021668
1.6948017212439344
1.6906765953550829
1.6858014465773492
1.6811763054292428
1.6769261757255778
1.6723010345774711
1.6683009125034334
1.6646758018738366
1.660925687429426
1.6566755577257606
1.6533004547257912
1.6489253212073123
1.6449251991332745
1.6420501113925596
1.6391750236518448
1.635174901577807
1.6314247871333964
1.6289247108371228
1.6262996307260353
1.6231745353556932
1.6211744743186742
1.6180493789483323
1.6160493179113133
1.6129242225409712
1.610549150059511
1.6082990813928648
1.606174016541032
1.6040489516891996
1.6021738944669943
1.6004238410596028
1.599173802911466
1.5972987456892607
1.596298715170751
1.5939236426892909
1.592423596911527
1.590423535874508
1.5891734977263712
1.5885484786523028
1.5871734366893522
1.5862984099856563
1.5854233832819604
1.5855483870967744
1.5837983336893826
1.583298318430128
1.5825482955412458
1.5811732535782954
1.5805482345042268
1.5797982116153446
1.579673207800531
1.5790481887264625
1.578923184911649
1.5797982116153446
1.5787981810968352
1.5780481582079533
1.5779231543931396
1.5776731467635121
1.5776731467635121
1.5766731162450025
1.5780481582079533
1.5771731315042574
1.5784231696523943
1.57692312387463
1.5766731162450025
1.5764231086153753
1.5766731162450025
1.5771731315042574
1.5757980895413068
1.5762981048005615
1.5767981200598165
1.5772981353190711
1.5771731315042574
1.5772981353190711
1.5781731620227668
1.5767981200598165
1.5779231543931396
1.5779231543931396
1.5771731315042574
1.5776731467635121
1.5779231543931396
1.5781731620227668
1.5784231696523943
1.5785481734672078
1.578923184911649
1.5785481734672078
1.5790481887264625
1.5791731925412764
1.5784231696523943
1.5786731772820215
1.5795482039857174
1.579673207800531
1.5804232306894133
1.5802982268745993
1.581298257393109
1.5811732535782954
1.5805482345042268
1.5811732535782954
1.5804232306894133
1.58167326883755
1.582048280281991
1.5814232612079226
1.5822982879116183
1.5822982879116183
1.5830483108005005
1.5824232917264323
1.582048280281991
1.5824232917264323
1.5827983031708732
1.5825482955412458
1.5834233222449416
1.5831733146153144
1.583298318430128
1.58404834131901
1.5845483565782648
1.5850483718375195
1.5845483565782648
1.5846733603930783
1.5849233680227057
1.584423352763451
1.5857983947264016
1.5854233832819604
1.5857983947264016
1.5859233985412151
1.5857983947264016
1.586048402356029
1.5862984099856563
1.5859233985412151
1.5866734214300973
1.5861734061708426
1.5870484328745385
1.587298440504166
1.5874234443189794
1.5866734214300973
1.588048463393048
1.5885484786523028
1.5886734824671163
1.5885484786523028
1.5886734824671163
1.588423474837489
1.5889234900967437
1.5890484939115572
1.5892985015411847
1.5891734977263712
1.5901735282448806
1.589923520615253
1.5900485244300668
1.5901735282448806
1.5900485244300668
1.590423535874508
1.590298532059694
1.5909235511337627
1.5911735587633902
1.5914235663930174
1.5912985625782037
1.5915485702078311
1.5920485854670858
1.592423596911527
1.592423596911527
1.5912985625782037
1.592423596911527
1.5921735892818996
1.5929236121707817
1.5929236121707817
1.5934236274300364
1.5934236274300364
1.5937986388744774
1.5934236274300364
1.5935486312448501
1.5937986388744774
1.5937986388744774
1.594298654133732
1.5941736503189183
1.594298654133732
1.594673665578173
1.5949236732078005
1.595173680837428
1.5954236884670552
1.5955486922818691
1.5949236732078005
1.5949236732078005
1.5952986846522417
1.5959237037263099
1.5959237037263099
1.5960487075411238
1.5970487380596332
1.5965487228003785
1.5969237342448195
1.596673726615192
1.5972987456892607
1.5964237189855648
1.596798730430006
1.5974237495040742
1.5974237495040742
1.5975487533188881
1.5984237800225838
1.5979237647633289
1.5981737723929563
1.5981737723929563
1.5981737723929563
1.5981737723929563
1.59829877620777
1.59829877620777
1.5989237952818385
1.5989237952818385
1.6001738334299753
1.5994238105410932
1.599173802911466
1.5996738181707206
1.599548814355907
1.5999238258003479
1.599548814355907
1.5989237952818385
1.60067384868923
1.6004238410596028
1.6007988525040437
1.601173863948485
1.6014238715781122
1.6014238715781122
1.6015488753929257
1.6017988830225531
1.6020488906521806
1.6024239020966218
1.6024239020966218
1.6027989135410627
1.6029239173558765
1.6039239478743859
1.6041739555040133
1.6042989593188268
1.6042989593188268
1.6049239783928952
1.6049239783928952
1.6057990050965911
1.6066740318002868
1.6075490585039827
1.6084240852076785
1.6089241004669332
1.610549150059511
1.6111741691335797
1.6122992034669026
1.6136742454298534
1.6147992797631765
1.6157993102816859
1.6181743827631458
1.6194244209112827
1.6216744895779291
1.6241745658742028
1.626424634540849
1.628049684133427
1.6301747489852596
1.6326748252815333
1.6346748863185523
1.6377999816888944
1.64105008087405
1.6441751762443924
1.6475502792443617
1.6508003784295175
1.6550505081331828
1.6574255806146427
1.6616757103183082
1.665300820947905
1.6683009125034334
1.6730510574663533
1.6773011871700187
1.6816763206884975
1.6861764580217904
1.6916766258735922
1.6966767784661398
1.7014269234290598
1.706052064577166
1.7110522171697136
1.716427381206702
1.7218025452436905
1.7256776635029145
1.7311778313547166
1.7364279915768914
1.7403031098361157
1.7450532547990356
1.7481783501693777
1.752428479873043
1.7559285866878263
1.758803674428541
1.7625537888729514
1.7656788842432936
1.7688039796136357
1.7709290444654684
1.7730541093173011
1.7745541550950652
1.7776792504654073
1.7773042390209661
1.7779292580950348
1.7780542619098483
1.776679219946898
1.7780542619098483
1.7771792352061526
1.7756791894283883
1.7751791741691336
1.773804132206183
1.7715540635395368
1.7686789757988222
1.7660538956877345
1.7638038270210883
1.7590536820581684
1.7569286172063356
1.7534285103915526
1.7491783806878873
1.7449282509842219
1.7410531327249978
1.737428022095401
1.7320528580584125
1.7271777092806788
1.7223025605029452
1.7170524002807703
1.712052247688223
1.7071770989104893
1.701801934873501
1.6975518051698355
1.6923016449476609
1.6880515152439954
1.6823013397625661
1.6778012024292734
1.6730510574663533
1.6674258857997375
1.6626757408368176
1.6594256416516617
1.6563005462813196
1.651425397503586
1.6480502945036166
1.6453002105777155
1.6393000274666587
1.637549974059267
1.6340498672444839
1.6302997528000733
1.6279246803186131
1.6245495773186438
1.6219244972075564
1.6199244361705374
1.6180493789483323
1.6161743217261269
1.613799249244667
1.6124242072817165
1.6102991424298836
1.6082990813928648
1.6067990356151007
1.6060490127262186
1.6052989898373364
1.6044239631336406
1.60304892117069
1.60304892117069
1.6015488753929257
1.6005488448744163
1.5994238105410932
1.599548814355907
1.598673787652211
1.5980487685781428
1.5976737571337016
1.5974237495040742
1.5959237037263099
1.5956736960966826
1.5945486617633595
1.5920485854670858
1.5910485549485762
1.5894235053559984
1.5866734214300973
1.584423352763451
1.5817982726523636
1.5771731315042574
1.5732980132450332
1.5676728415784174
1.562297677541429
1.555172460097049
1.548797265541551
1.5410470290231024
1.5334217963194676
1.5256715598010193
1.5194213690603353
1.5124211554307687
1.506795983764153
1.5015458235419783
1.4981707205420087
1.4961706595049897
1.496045655690176
1.4986707358012636
1.5042959074678794
1.5131711783196509
1.5259215674306468
1.5419220557267983
1.562297677541429
1.5871734366893522
1.6161743217261269
1.6504253669850764
1.6881765190588092
1.7308028199102756
1.7774292428357799
1.826555742057558
1.8785573290200508
1.931933957945494
1.9860606097598192
2.039812250129704
2.0913138218329417
2.139940305795465
2.1839416486098817
2.2213177892391736
2.2515687124240853
2.2736943876461075
2.2879448225348673
2.285444746238594
2.2651941282387766
2.250568681905576
2.2265679494613484
2.193941953794977
2.153440717795343
2.106314279610584
2.0549377117221597
1.9990610065004426
1.9420592669454024
1.88430750450148
1.8261807306131168
1.7701790215765862
1.7159273659474472
1.6643007904293954
1.6167993408001955
1.5736730246894741
1.5346718344676047
1.5009208044679097
1.4724199346903897
1.448919217505417
1.429918637653737
1.4157932065797907
1.4066679280983916
1.4007927488021485
1.399417706839198
1.401417767876217
1.4064179204687641
1.412918118839076
1.4221684011352886
1.432668721579638
1.4436690572832422
1.456169438764611
1.4680448011719107
1.4797951597643972
1.4911705069124424
1.502045838801233
1.5124211554307687
1.5209214148380994
1.5291716666158026
1.5370469069490644
1.5437971129490036
1.5494222846156194
1.5540474257637258
1.557797540208136
1.561172643208106
1.5636727195043794
1.5659227881710258
1.5679228492080448
1.569422894985809
1.5707979369487595
1.5724229865413375
1.5730480056154057
1.5744230475783563
1.574923062837611
1.5755480819116796
1.5755480819116796
1.576548112430189
1.5764231086153753
1.5764231086153753
1.5770481276894437
1.5777981505783258
1.5784231696523943
1.5785481734672078
1.5791731925412764
1.5805482345042268
1.5802982268745993
1.58167326883755
1.582048280281991
1.5827983031708732
1.5839233375041963
1.5851733756523332
1.5861734061708426
1.5874234443189794
1.5890484939115572
1.5895485091708121
1.5911735587633902
1.592423596911527
1.5932986236152227
1.5940486465041048
1.5961737113559373
1.59829877620777
1.5997988219855341
1.6009238563188575
1.6032989288003174
1.6049239783928952
1.6062990203558458
1.6086740928373058
1.6100491348002564
1.6119241920224616
1.6144242683187355
1.6170493484298227
1.6191744132816552
1.62204950102237
1.624924588763085
1.6274246650593585
1.630049745170446
1.6327998290963468
1.6357999206518754
1.638299996948149
1.6414250923184912
1.6451752067629017
1.6481752983184301
1.651800408948027
1.6555505233924375
1.6593006378368482
1.6631757560960723
1.6655508285775322
1.6701759697256386
1.6738010803552354
1.677551194799646
1.682676351207007
1.6858014465773492
1.6909266029847103
1.6953017365031893
1.699676870021668
1.704052003540147
1.7086771446882534
1.7133022858363598
1.7180524307992797
1.7221775566881314
1.7268026978362376
1.7311778313547166
1.736552995391705
1.741303140354625
1.7463032929471725
1.7509284340952787
1.7556785790581988
1.7606787316507462
1.7654288766136663
1.7694289986877043
1.7744291512802515
1.7789292886135442
1.783679433576464
1.7873045442060609
1.7931797235023041
1.7971798455763421
1.8010549638355662
1.8054300973540451
1.8094302194280831
1.81305533005768
1.817055452131718
1.820555558946501
1.8248056886501665
1.8276807763908811
1.8314308908352916
1.8345559862056338
1.8374310739463484
1.8400561540574358
1.8425562303537095
1.844681295205542
1.847181371501816
1.8498064516129031
1.851181493575854
1.8528065431684317
1.8543065889461958
1.855431623279519
1.857056672872097
1.8573066805017244
1.8575566881313517
1.8579316995757926
1.8578066957609791
1.857431684316538
1.857056672872097
1.8566816614276558
1.8559316385387736
1.8549316080202642
1.8534315622425002
1.8518065126499221
1.8500564592425306
1.8481814020203253
1.8458063295388654
1.8433062532425917
1.8413061922055727
1.8385561082796718
1.8355560167241434
1.8331809442426834
1.8294308297982727
1.8258057191686758
1.8218055970946379
1.818555497909482
1.814180364391003
1.811180272835475
1.8060551164281138
1.8020549943540758
1.7983048799096653
1.7935547349467453
1.7888045899838252
1.7838044373912778
1.7789292886135442
1.7750541703543201
1.7691789910580769
1.764803857539598
1.7594286935026096
1.7553035676137578
1.7493033845027008
1.7455532700582903
1.740178106021302
1.7356779686880093
1.7304278084658344
1.7253026520584733
1.7198024842066715
1.714427320169683
1.7106772057252724
1.7059270607623525
1.7010519119846188
1.6964267708365124
1.6924266487624744
1.6869264809106725
1.6828013550218206
1.6780512100589007
1.6734260689107945
1.6694259468367565
1.6658008362071597
1.6616757103183082
1.6575505844294565
1.6548005005035553
1.651050386059145
1.6465502487258523
1.641925107577746
1.6388000122074038
1.6360499282815029
1.6325498214667196
1.6297997375408186
1.6266746421704763
1.6237995544297616
1.6215494857631152
1.6184243903927733
1.6160493179113133
1.6140492568742943
1.6111741691335797
1.6085490890224923
1.6064240241706595
1.6045489669484543
1.6024239020966218
1.6005488448744163
1.5985487838373975
1.5972987456892607
1.596298715170751
1.5941736503189183
1.5931736198004092
1.5914235663930174
1.5901735282448806
1.5890484939115572
1.587923459578234
1.5870484328745385
1.5856733909115879
1.585298379467147
1.5842983489486373
1.5837983336893826
1.5824232917264323
1.582048280281991
1.580923245948668
1.5806732383190405
1.5805482345042268
1.579673207800531
1.5794232001709037
1.5790481887264625
1.5784231696523943
1.5787981810968352
1.5782981658375803
1.5780481582079533
1.5772981353190711
1.5770481276894437
1.5772981353190711
1.57692312387463
1.5774231391338847
1.5767981200598165
1.5766731162450025
1.5766731162450025
1.5767981200598165
1.5764231086153753
1.5766731162450025
1.5767981200598165
1.5767981200598165
1.5764231086153753
1.57692312387463
1.5779231543931396
1.5767981200598165
1.5780481582079533
1.5772981353190711
1.5774231391338847
1.5770481276894437
1.5779231543931396
1.5776731467635121
1.5776731467635121
1.5777981505783258
1.5782981658375803
1.5785481734672078
1.578923184911649
1.5787981810968352
1.5784231696523943
1.5790481887264625
1.5787981810968352
1.5794232001709037
1.5791731925412764
1.5794232001709037
1.5799232154301586
1.5802982268745993
1.5807982421338542
1.5807982421338542
1.5805482345042268
1.580923245948668
1.5810482497634815
1.5811732535782954
1.581298257393109
1.5811732535782954
1.582048280281991
1.5824232917264323
1.5826732993560595
1.5825482955412458
1.5825482955412458
1.5827983031708732
1.5825482955412458
1.5835483260597554
1.5834233222449416
1.583298318430128
1.5839233375041963
1.5845483565782648
1.5849233680227057
1.5850483718375195
1.5849233680227057
1.5846733603930783
1.5845483565782648
1.5849233680227057
1.5854233832819604
1.5855483870967744
1.5856733909115879
1.5859233985412151
1.58642341380047
1.58642341380047
1.58642341380047
1.58642341380047
1.5866734214300973
1.5869234290597247
1.5869234290597247
1.5869234290597247
1.5876734519486069
1.5881734672078616
1.588048463393048
1.588048463393048
1.5882984710226753
1.5886734824671163
1.5885484786523028
1.5890484939115572
1.588423474837489
1.5889234900967437
1.5896735129856259
1.5896735129856259
1.589923520615253
1.5906735435041353
1.590423535874508
1.590298532059694
1.590423535874508
1.5900485244300668
1.5905485396893215
1.5911735587633902
1.5915485702078311
1.5909235511337627
1.591923581652272
1.5920485854670858
1.5917985778374584
1.592423596911527
1.5921735892818996
1.5920485854670858
1.5921735892818996
1.5926736045411543
1.592798608355968
1.5929236121707817
1.5931736198004092
1.5931736198004092
1.5932986236152227
1.5940486465041048
1.5936736350596639
1.5932986236152227
1.5940486465041048
1.594298654133732
1.595173680837428
1.594673665578173
1.595173680837428
1.595173680837428
1.594798669392987
1.5950486770226142
1.5952986846522417
1.595173680837428
1.5950486770226142
1.5960487075411238
1.5960487075411238
1.5960487075411238
1.5964237189855648
1.5970487380596332
1.5964237189855648
1.5965487228003785
1.5964237189855648
1.5964237189855648
1.597173741874447
1.5969237342448195
1.5974237495040742
1.5976737571337016
1.59829877620777
1.5976737571337016
1.598798791467025
1.5980487685781428
1.5985487838373975
1.5980487685781428
1.5984237800225838
1.5985487838373975
1.598798791467025
1.5984237800225838
1.599548814355907
1.5997988219855341
1.6000488296151616
1.5994238105410932
1.5997988219855341
1.6000488296151616
1.6004238410596028
1.60067384868923
1.6000488296151616
1.601173863948485
1.6002988372447888
1.601173863948485
1.601048860133671
1.6015488753929257
1.6014238715781122
1.6016738792077396
1.6016738792077396
1.602673909726249
1.6022988982818078
1.60304892117069
1.6029239173558765
1.6036739402447586
1.6032989288003174
1.6032989288003174
1.6049239783928952
1.6052989898373364
1.6046739707632678
1.6057990050965911
1.6071740470595417
1.6069240394299142
1.6082990813928648
1.6096741233558154
1.6104241462446975
1.6107991576891385
1.6119241920224616
1.6132992339854122
1.614174260689108
1.6156743064668722
1.6176743675038912
1.6196744285409101
1.621299478133488
1.622924527726066
1.625299600207526
1.627174657429731
1.6295497299111912
1.6319248023926511
1.6340498672444839
1.6369249549851985
1.6398000427259134
1.6424251228370008
1.6460502334665976
1.6496753440961944
1.653800469985046
1.6563005462813196
1.6595506454664755
1.6635507675405132
1.6674258857997375
1.671301004058962
1.675676137577441
1.6810513016144293
1.6851764275032808
1.6898015686513872
1.6949267250587483
1.6999268776512955
1.7043020111697744
1.709177159947508
1.7146773277993104
1.7189274575029754
1.7244276253547777
1.7289277626880704
1.7341779229102452
1.738553056428724
1.743303201391644
1.7475533310953093
1.7510534379100926
1.7553035676137578
1.7585536667989135
1.761553758354442
1.7649288613544114
1.7675539414654988
1.7703040253914
1.7719290749839778
1.774179143650624
1.775804193243202
1.7768042237617114
1.7775542466505936
1.778179265724662
1.778179265724662
1.7778042542802208
1.7771792352061526
1.776179204687643
1.7756791894283883
1.774179143650624
1.7720540787987915
1.7703040253914
1.7673039338358714
1.7644288460951567
1.761553758354442
1.7579286477248453
1.754428540910062
1.7508034302804651
1.7465533005767997
1.7426781823175757
1.7383030487990967
1.7329278847621081
1.7289277626880704
1.7236776024658955
1.718427442243721
1.7138023010956145
1.7095521713919493
1.704052003540147
1.6990518509475998
1.6941767021698662
1.689426557206946
1.6844264046143986
1.6790512405774103
1.6748011108737448
1.6701759697256386
1.6650508133182775
1.6608006836146123
1.6568005615405743
1.6529254432813503
1.6488003173924985
1.6453002105777155
1.6415500961333047
1.6389250160222175
1.6346748863185523
1.6314247871333964
1.6281746879482406
1.625299600207526
1.6235495468001342
1.620924466689047
1.618549394207587
1.6167993408001955
1.61492428357799
1.6129242225409712
1.6110491653187657
1.6095491195410014
1.6072990508743554
1.606174016541032
1.6051739860225227
1.6040489516891996
1.6032989288003174
1.60304892117069
1.6020488906521806
1.6007988525040437
1.6004238410596028
1.599548814355907
1.598673787652211
1.5981737723929563
1.5974237495040742
1.5969237342448195
1.5960487075411238
1.5949236732078005
1.594798669392987
1.5930486159855952
1.5917985778374584
1.5892985015411847
1.5875484481337934
1.5849233680227057
1.582048280281991
1.5779231543931396
1.5742980437635425
1.5697979064302499
1.5645477462080752
1.5576725363933226
1.5501723075045015
1.544047120578631
1.5359218726157415
1.5287966551713614
1.5211714224677266
1.5142962126529742
1.508421033356731
1.5027958616901151
1.4989207434308909
1.4964206671346172
1.4961706595049897
1.497670705282754
1.502420850245674
1.51042109439375
1.5214214300973539
1.53654689168981
1.5554224677266761
1.5784231696523943
1.6066740318002868
1.6389250160222175
1.675551133762627
1.7168023926511429
1.7618037659840693
1.810305246131779
1.8609317911313212
1.9145584276863918
1.9683100680562762
2.0221867122409742
2.074938322092349
2.1253148594622635
2.1699412213507494
2.2098174382763145
2.2425684377575
2.2676942045350508
2.2841947080904568
2.290944914090396
2.269069246498001
2.256318857387005
2.2363182470168157
2.2054423047578355
2.167566148869289
2.1228147831659903
2.0723132419812615
2.017936582537309
1.9614348582415235
1.903808099612415
1.8456813257240516
1.7884295785393842
1.733427900021363
1.6813013092440567
1.6319248023926511
1.5874234443189794
1.5471722159489731
1.511921140171514
1.481045197912534
1.455669423505356
1.4357938169499802
1.4201683400982696
1.4094180120242927
1.4020427869502854
1.399417706839198
1.401042756431776
1.4041678518021181
1.410543046357616
1.4185432905056918
1.4292936185796687
1.4406689657277139
1.451794305246132
1.4640446790978727
1.4761700491348004
1.487295388653218
1.4981707205420087
1.5090460524307994
1.5184213385418257
1.5269215979491562
1.5347968382824184
1.5417970519119846
1.5474222235786004
1.5521723685415205
1.5565475020599995
1.5604226203192237
1.5626726889858698
1.56504776146733
1.5672978301339764
1.5689228797265542
1.5707979369487595
1.5719229712820828
1.5727979979857785
1.5737980285042878
1.5746730552079835
1.5754230780968657
1.5757980895413068
1.5757980895413068
1.5764231086153753
1.5767981200598165
1.5766731162450025
1.5772981353190711
1.5774231391338847
1.5790481887264625
1.5795482039857174
1.5795482039857174
1.5799232154301586
1.5804232306894133
1.58167326883755
1.5825482955412458
1.5834233222449416
1.5846733603930783
1.5857983947264016
1.5865484176152838
1.5881734672078616
1.5891734977263712
1.5906735435041353
1.5914235663930174
1.5936736350596639
1.5941736503189183
1.5955486922818691
1.5970487380596332
1.5990487990966522
1.6005488448744163
1.6022988982818078
1.6042989593188268
1.6056740012817774
1.608174077578051
1.609424115726188
1.6119241920224616
1.6136742454298534
1.6156743064668722
1.6184243903927733
1.6215494857631152
1.6235495468001342
1.6262996307260353
1.6290497146519365
1.631674794763024
1.6345498825037386
1.637549974059267
1.640300057985168
1.6436751609851377
1.647050263985107
1.6509253822443313
1.653800469985046
1.6574255806146427
1.6608006836146123
1.6651758171330913
1.6685509201330608
1.6723010345774711
1.6759261452070682
1.6803012787255471
1.684676412244026
1.6888015381328776
1.6935516830957975
1.6980518204290902
1.7023019501327556
1.7065520798364209
1.7113022247993408
1.7161773735770747
1.7203024994659262
1.7251776482436598
1.7295527817621388
1.734552934354686
1.73942808313242
1.7443032319101537
1.7493033845027008
1.754428540910062
1.7583036591692862
1.7630538041322064
1.7673039338358714
1.772304086428419
1.7771792352061526
1.7811793572801906
1.7861795098727378
1.7908046510208442
1.7956797997985778
1.8000549333170568
1.8038050477614673
1.8076801660206916
1.8114302804651021
1.8153053987243264
1.8191805169835507
1.8230556352427747
1.8270557573168127
1.830055848872341
1.833305948057497
1.8363060396130253
1.8389311197241127
1.841931211279641
1.8441812799462873
1.8464313486129338
1.849181432538835
1.8504314706869718
1.8521815240943633
1.8539315775017549
1.8551816156498917
1.856181646168401
1.8568066652424697
1.8568066652424697
1.8573066805017244
1.8578066957609791
1.857431684316538
1.857056672872097
1.8569316690572832
1.8559316385387736
1.8555566270943329
1.8543065889461958
1.852681539353618
1.8519315164647359
1.848806421094394
1.846681356242561
1.844681295205542
1.842306222724082
1.8396811426129949
1.8370560625019074
1.8341809747611926
1.8306808679464095
1.8281807916501358
1.8238056581316568
1.8203055513168738
1.81543040253914
1.8121803033539843
1.8084301889095737
1.8043050630207222
1.7998049256874293
1.7956797997985778
1.7911796624652854
1.7863045136875517
1.7815543687246316
1.777054231391339
1.771804071169164
1.766303903317362
1.7620537736136967
1.756803613391522
1.7523034760582294
1.7475533310953093
1.7430531937620168
1.7375530259102145
1.73230286568804
1.7273027130954923
1.7225525681325726
1.7168023926511429
1.7123022553178504
1.7078021179845577
1.7031769768364513
1.698926847132786
1.6948017212439344
1.689426557206946
1.6841763969847714
1.6805512863551746
1.6760511490218817
1.6709259926145208
1.6674258857997375
1.6635507675405132
1.6596756492812892
1.655800531022065
1.6523004242072816
1.6484253059480574
1.6448001953184606
1.6413000885036775
1.6374249702444532
1.6341748710592976
1.6310497756889553
1.6281746879482406
1.6257996154667806
1.6224245124668113
1.6197994323557239
1.6172993560594502
1.6150492873928037
1.612174199652089
1.610549150059511
1.6076740623187964
1.6051739860225227
1.6032989288003174
1.6021738944669943
1.6001738334299753
1.598673787652211
1.5969237342448195
1.594798669392987
1.5939236426892909
1.5929236121707817
1.590798547318949
1.5896735129856259
1.5886734824671163
1.5874234443189794
1.586048402356029
1.5855483870967744
1.5847983642078922
1.5839233375041963
1.5834233222449416
1.5821732840968048
1.5815482650227364
1.5805482345042268
1.5801732230597858
1.5801732230597858
1.5795482039857174
1.57929819635609
1.5795482039857174
1.5794232001709037
1.5782981658375803
1.5776731467635121
1.5770481276894437
1.5770481276894437
1.57692312387463
1.5771731315042574
1.5776731467635121
1.5771731315042574
1.5770481276894437
1.57692312387463
1.5767981200598165
1.5764231086153753
1.5770481276894437
1.5762981048005615
1.5761731009857478
1.5762981048005615
1.576548112430189
1.5770481276894437
1.5775481429486986
1.5774231391338847
1.5775481429486986
1.5774231391338847
1.5775481429486986
1.5772981353190711
1.5774231391338847
1.5784231696523943
1.5779231543931396
1.5782981658375803
1.5785481734672078
1.5785481734672078
1.5781731620227668
1.5785481734672078
1.5787981810968352
1.5790481887264625
1.5791731925412764
1.5795482039857174
1.579673207800531
1.5802982268745993
1.5799232154301586
1.5802982268745993
1.5801732230597858
1.5807982421338542
1.5806732383190405
1.5806732383190405
1.580923245948668
1.581298257393109
1.5821732840968048
1.58167326883755
1.582048280281991
1.5826732993560595
1.5827983031708732
1.5831733146153144
1.5827983031708732
1.5827983031708732
1.5827983031708732
1.5830483108005005
1.5835483260597554
1.58404834131901
1.5837983336893826
1.58404834131901
1.5845483565782648
1.5845483565782648
1.5846733603930783
1.5846733603930783
1.5850483718375195
1.5847983642078922
1.5850483718375195
1.5857983947264016
1.5859233985412151
1.5865484176152838
1.5862984099856563
1.58642341380047
1.5867984252449112
1.5866734214300973
1.5866734214300973
1.5869234290597247
1.5869234290597247
1.587923459578234
1.5875484481337934
1.5877984557634206
1.588048463393048
1.588423474837489
1.5881734672078616
1.588423474837489
1.5886734824671163
1.5892985015411847
1.5891734977263712
1.5894235053559984
1.5895485091708121
1.5897985168004394
1.590423535874508
1.589923520615253
1.5896735129856259
1.590298532059694
1.590423535874508
1.590423535874508
1.5905485396893215
1.5909235511337627
1.5912985625782037
1.5920485854670858
1.592423596911527
1.5916735740226449
1.5920485854670858
1.591923581652272
1.5926736045411543
1.5920485854670858
1.5920485854670858
1.592423596911527
1.5926736045411543
1.5931736198004092
1.5934236274300364
1.5934236274300364
1.5937986388744774
1.5934236274300364
1.5937986388744774
1.5935486312448501
1.5937986388744774
1.5939236426892909
1.594298654133732
1.5945486617633595
1.5955486922818691
1.5950486770226142
1.5954236884670552
1.5955486922818691
1.5952986846522417
1.5955486922818691
1.5955486922818691
1.5959237037263099
1.5959237037263099
1.596298715170751
1.596798730430006
1.596673726615192
1.596798730430006
1.5969237342448195
1.5965487228003785
1.5976737571337016
1.5972987456892607
1.5974237495040742
1.5976737571337016
1.5974237495040742
1.5976737571337016
1.59829877620777
1.5974237495040742
1.5981737723929563
1.5985487838373975
1.5981737723929563
1.598798791467025
1.598798791467025
1.5990487990966522
1.5989237952818385
1.5999238258003479
1.5996738181707206
1.5997988219855341
1.5997988219855341
1.5994238105410932
1.5999238258003479
1.6001738334299753
1.6001738334299753
1.6002988372447888
1.60067384868923
1.60067384868923
1.601173863948485
1.6012988677632984
1.601173863948485
1.6020488906521806
1.6012988677632984
1.6019238868373669
1.6020488906521806
1.6020488906521806
1.6025489059114353
1.6032989288003174
1.6035489364299447
1.6036739402447586
1.6045489669484543
1.6042989593188268
1.6047989745780817
1.6057990050965911
1.6059240089114046
1.6067990356151007
1.607424054689169
1.6086740928373058
1.6096741233558154
1.6106741538743248
1.6112991729483932
1.6124242072817165
1.613799249244667
1.6147992797631765
1.616549333170568
1.6184243903927733
1.6201744438001648
1.6217994933927427
1.6242995696890163
1.6261746269112216
1.628424695577868
1.6305497604297006
1.632424817651906
1.6354249092074344
1.6384250007629628
1.6411750846888638
1.6438001647999512
1.6475502792443617
1.6505503707998903
1.654550492873928
1.657800592059084
1.660925687429426
1.664925809503464
1.6694259468367565
1.6734260689107945
1.6778012024292734
1.6824263435773796
1.6874264961699272
1.6918016296884062
1.6970517899105808
1.702176946317942
1.706052064577166
1.7114272286141545
1.7168023926511429
1.721552537614063
1.7258026673177282
1.7304278084658344
1.7360529801324502
1.740553117465743
1.7450532547990356
1.7484283577990052
1.7534285103915526
1.7566786095767084
1.7598037049470505
1.7625537888729514
1.765803888058107
1.7686789757988222
1.7709290444654684
1.7731791131321146
1.7750541703543201
1.7759291970580158
1.7771792352061526
1.7778042542802208
1.778179265724662
1.7775542466505936
1.7778042542802208
1.777054231391339
1.7759291970580158
1.7750541703543201
1.7736791283913693
1.7710540482802821
1.7691789910580769
1.7666789147618032
1.763553819391461
1.7590536820581684
1.7570536210211494
1.7530534989471116
1.7489283730582599
1.744553239539781
1.7411781365398113
1.736552995391705
1.731427838984344
1.7268026978362376
1.7220525528733177
1.7169273964659566
1.712052247688223
1.7065520798364209
1.7020519425031282
1.6969267860957673
1.6923016449476609
1.6886765343180639
1.6818013245033114
1.6778012024292734
1.6728010498367258
1.668050904873806
1.663300759910886
1.6596756492812892
1.6555505233924375
1.6516754051332134
1.6481752983184301
1.6435501571703237
1.6405500656147955
1.636674947355571
1.633174840540788
1.6302997528000733
1.6269246498001038
1.6250495925778985
1.6226745200964385
1.6196744285409101
1.6176743675038912
1.6159243140964994
1.614549272133549
1.61254921109653
1.6104241462446975
1.6086740928373058
1.6071740470595417
1.606174016541032
1.6046739707632678
1.6041739555040133
1.6036739402447586
1.6029239173558765
1.6017988830225531
1.6004238410596028
1.6001738334299753
1.5994238105410932
1.598673787652211
1.5976737571337016
1.5977987609485154
1.5965487228003785
1.5959237037263099
1.594798669392987
1.5941736503189183
1.5925486007263405
1.5912985625782037
1.5890484939115572
1.58642341380047
1.5836733298745689
1.5806732383190405
1.5772981353190711
1.5724229865413375
1.567797845393231
1.561922666096988
1.554797448652608
1.5482972502822963
1.5401720023194068
1.5331717886898404
1.5251715445417646
1.5184213385418257
1.511921140171514
1.5057959532456433
1.5014208197271646
1.4979207129123815
1.4955456404309213
1.4965456709494307
1.4991707510605183
1.5049209265419476
1.514796227912229
1.5267965941343424
1.5431720938749351
1.564172734763634
1.5896735129856259
1.6192994170964692
1.6531754509109775
1.6919266335032197
1.7355529648731955
1.7811793572801906
1.8305558641315958
1.8829324625385297
1.9365590990936004
1.990560747093112
2.044062379833369
2.0955639515366067
2.1440654316843166
2.187066743980224
2.2240678731650747
2.254193792535173
2.275444441053499
2.2885698416089357
2.283819696646016
2.2638190862758263
2.2488186284981846
2.224317880794702
2.191441877498703
2.14994061098056
2.1029391766106142
2.049687551499985
1.9949358806115909
1.9371841181676688
1.879682363353374
1.8219306009094518
1.7656788842432936
1.7119272438734092
1.6606756797997986
1.6139242530594806
1.570547929319132
1.5321717581713308
1.4985457319864497
1.4700448622089297
1.4471691640980255
1.4285435956907866
1.4150431836909085
1.4062929166539506
1.4004177373577074
1.399417706839198
1.401417767876217
1.4064179204687641
1.4139181493575854
1.4225434125797296
1.4332937406537065
1.4447940916165654
1.4566694540238656
1.4689198278756064
1.480670186468093
1.4921705374309517
1.5034208807641836
1.5129211706900234
1.522171452986236
1.5300466933194983
1.537671926023133
1.544047120578631
1.5490472731711782
1.5540474257637258
1.5580475478377636
1.5612976470229194
1.563422711874752
1.566297799615467
1.5680478530228583
1.5697979064302499
1.5710479445783867
1.5727979979857785
1.5732980132450332
1.57454805139317
1.5750480666524247
1.5755480819116796
1.5757980895413068
1.5760480971709343
1.5766731162450025
1.57692312387463
1.5770481276894437
1.5772981353190711
1.5780481582079533
1.5787981810968352
1.5795482039857174
1.5799232154301586
1.5810482497634815
1.581298257393109
1.582048280281991
1.5826732993560595
1.5837983336893826
1.585298379467147
1.5866734214300973
1.587298440504166
1.5890484939115572
1.5901735282448806
1.5910485549485762
1.5920485854670858
1.5935486312448501
1.5949236732078005
1.5961737113559373
1.5981737723929563
1.5992988067262794
1.6012988677632984
1.6032989288003174
1.6047989745780817
1.6069240394299142
1.609049104281747
1.6110491653187657
1.6122992034669026
1.6144242683187355
1.6166743369853815
1.6199244361705374
1.6219244972075564
1.624924588763085
1.6277996765037996
1.6301747489852596
1.6329248329111608
1.6357999206518754
1.6388000122074038
1.6418001037629322
1.6460502334665976
1.6488003173924985
1.6516754051332134
1.6556755272072514
1.6588006225775933
1.6639257789849544
1.666800866725669
1.6704259773552659
1.6741760917996766
1.6788012329477828
1.6825513473921934
1.6868014770958586
1.691426618243965
1.695801751762444
1.7008019043549913
1.7045520187994019
1.7096771752067628
1.713177282021546
1.7179274269844662
1.7233025910214546
1.7273027130954923
1.7320528580584125
1.7370530106509599
1.740928128910184
1.7468033082064272
1.7513034455397198
1.7561785943174535
1.7601787163914915
1.7654288766136663
1.7695540025025178
1.774304147465438
1.7784292733542895
1.7838044373912778
1.7884295785393842
1.7921796929837945
1.7974298532059694
1.8014299752800074
1.805180089724418
1.8095552232428969
1.8131803338724937
1.8176804712057864
1.8209305703909422
1.82493069246498
1.8285558030945768
1.8311808832056644
1.8349309976500747
1.8375560777611624
1.8399311502426223
1.8426812341685233
1.8450563066499832
1.8476813867610706
1.8494314401684622
1.8519315164647359
1.853556566057314
1.8541815851313823
1.8560566423535876
1.8566816614276558
1.8569316690572832
1.8575566881313517
1.8575566881313517
1.8575566881313517
1.8571816766869107
1.857056672872097
1.8565566576128423
1.8560566423535876
1.8548066042054507
1.8538065736869411
1.8520565202795496
1.8501814630573443
1.8479313943906979
1.8449313028351695
1.8438062685018464
1.8411811883907592
1.8386811120944853
1.8358060243537706
1.8331809442426834
1.8294308297982727
1.8260557267983033
1.822180608539079
1.8180554826502273
1.8144303720206305
1.8100552385021516
1.8066801355021822
1.8019299905392623
1.7979298684652243
1.7931797235023041
1.7890545976134526
1.7844294564653462
1.7793043000579851
1.7745541550950652
1.7701790215765862
1.7644288460951567
1.7599287087618642
1.7550535599841306
1.7503034150212105
1.7453032624286628
1.740178106021302
1.735427961058382
1.7298027893917662
1.7249276406140324
1.7198024842066715
1.715177343058565
1.7105522019104589
1.7059270607623525
1.7010519119846188
1.6964267708365124
1.6920516373180334
1.687051484725486
1.6829263588366346
1.6785512253181556
1.6744260994293039
1.669675954466384
1.6654258247627187
1.6615507065034945
1.6573005767998292
1.6540504776146734
1.6509253822443313
1.6445501876888333
1.6431751457258827
1.6398000427259134
1.6360499282815029
1.6326748252815333
1.6297997375408186
1.6270496536149175
1.6236745506149481
1.621299478133488
1.6191744132816552
1.6155493026520584
1.6139242530594806
1.6109241615039522
1.6087990966521197
1.606174016541032
1.6046739707632678
1.6024239020966218
1.6002988372447888
1.5996738181707206
1.5977987609485154
1.5961737113559373
1.594298654133732
1.592798608355968
1.591923581652272
1.5897985168004394
1.5876734519486069
1.5885484786523028
1.587298440504166
1.58642341380047
1.5851733756523332
1.5845483565782648
1.5842983489486373
1.5822982879116183
1.5822982879116183
1.5811732535782954
1.5797982116153446
1.5804232306894133
1.5791731925412764
1.5790481887264625
1.57929819635609
1.57929819635609
1.578923184911649
1.5780481582079533
1.5777981505783258
1.5771731315042574
1.5767981200598165
1.5766731162450025
1.57692312387463
1.5770481276894437
1.57692312387463
1.5770481276894437
1.5764231086153753
1.5761731009857478
1.5760480971709343
1.5766731162450025
1.5764231086153753
1.576548112430189
1.5767981200598165
1.57692312387463
1.57692312387463
1.5774231391338847
1.5776731467635121
1.5770481276894437
1.5774231391338847
1.5774231391338847
1.5774231391338847
1.5772981353190711
1.5780481582079533
1.5779231543931396
1.5782981658375803
1.5787981810968352
1.578923184911649
1.5786731772820215
1.5790481887264625
1.578923184911649
1.5787981810968352
1.5787981810968352
1.579673207800531
1.5801732230597858
1.5799232154301586
1.5806732383190405
1.5804232306894133
1.5804232306894133
1.5810482497634815
1.580923245948668
1.5806732383190405
1.58167326883755
1.5817982726523636
1.5815482650227364
1.5819232764671776
1.5824232917264323
1.5822982879116183
1.5826732993560595
1.583298318430128
1.5827983031708732
1.582923306985687
1.5834233222449416
1.583298318430128
1.5839233375041963
1.5839233375041963
1.58404834131901
1.5841733451338236
1.5842983489486373
1.5845483565782648
1.5847983642078922
1.5847983642078922
1.5849233680227057
1.5855483870967744
1.5856733909115879
1.5856733909115879
1.5859233985412151
1.5862984099856563
1.58642341380047
1.5865484176152838
1.5870484328745385
1.587298440504166
1.586048402356029
1.5870484328745385
1.5877984557634206
1.5875484481337934
1.5877984557634206
1.5889234900967437
1.5881734672078616
1.5885484786523028
1.5886734824671163
1.5885484786523028
1.587923459578234
1.58879848628193
1.5890484939115572
1.5892985015411847
1.5890484939115572
1.590298532059694
1.589923520615253
1.5901735282448806
1.590423535874508
1.590423535874508
1.5900485244300668
1.5905485396893215
1.5912985625782037
1.5911735587633902
1.5905485396893215
1.592298593096713
1.591923581652272
1.592423596911527
1.5917985778374584
1.5921735892818996
1.5917985778374584
1.591923581652272
1.5931736198004092
1.5926736045411543
1.592798608355968
1.5932986236152227
1.592798608355968
1.5936736350596639
1.5935486312448501
1.592798608355968
1.5940486465041048
1.5937986388744774
1.5940486465041048
1.5939236426892909
1.5945486617633595
1.5961737113559373
1.5955486922818691
1.5964237189855648
1.5956736960966826
1.5952986846522417
1.5952986846522417
1.5954236884670552
1.5956736960966826
1.5954236884670552
1.5960487075411238
1.596298715170751
1.5969237342448195
1.5974237495040742
1.596798730430006
1.5965487228003785
1.596798730430006
1.596798730430006
1.597173741874447
1.5974237495040742
1.5976737571337016
1.5969237342448195
1.5981737723929563
1.59829877620777
1.5979237647633289
1.59829877620777
1.5981737723929563
1.5981737723929563
1.598798791467025
1.5990487990966522
1.6000488296151616
1.599173802911466
1.599548814355907
1.5999238258003479
1.599548814355907
1.5994238105410932
1.5999238258003479
1.5990487990966522
1.5996738181707206
1.6000488296151616
1.6004238410596028
1.60067384868923
1.6014238715781122
1.6024239020966218
1.6016738792077396
1.601173863948485
1.6017988830225531
1.6019238868373669
1.6019238868373669
1.6021738944669943
1.6025489059114353
1.6035489364299447
1.6032989288003174
1.6042989593188268
1.6041739555040133
1.6042989593188268
1.6042989593188268
1.60542399365215
1.6057990050965911
1.6062990203558458
1.6077990661336101
1.6080490737632376
1.609049104281747
1.6100491348002564
1.6107991576891385
1.6120491958372754
1.613424237800226
1.6151742912076175
1.6156743064668722
1.6176743675038912
1.6196744285409101
1.621299478133488
1.6226745200964385
1.6250495925778985
1.6269246498001038
1.629299722281564
1.6321748100222786
1.6350498977629933
1.637924985503708
1.6400500503555409
1.6440501724295786
1.6458002258369702
1.6498003479110082
1.652550431836909
1.6566755577257606
1.6599256569109164
1.6638007751701407
1.66717587817011
1.671176000244148
1.6758011413922544
1.680676290169988
1.685051423688467
1.6899265724662007
1.695426740318003
1.7000518814661092
1.7046770226142156
1.7093021637623218
1.7146773277993104
1.7189274575029754
1.7240526139103367
1.729427777947325
1.7340529190954315
1.7384280526139104
1.743678212836085
1.7474283272804958
1.7509284340952787
1.755178563798944
1.7586786706137274
1.7618037659840693
1.7649288613544114
1.767803949095126
1.7703040253914
1.7724290902432325
1.774679158909879
1.7750541703543201
1.7764292123172705
1.7776792504654073
1.7776792504654073
1.778679280983917
1.7784292733542895
1.7773042390209661
1.776179204687643
1.775429181798761
1.773804132206183
1.7720540787987915
1.769929013946959
1.7675539414654988
1.7645538499099704
1.7614287545396283
1.757553636280404
1.754428540910062
1.7510534379100926
1.7461782891323587
1.7419281594286935
1.7381780449842832
1.7333028962065493
1.7286777550584431
1.7238026062807095
1.7186774498733484
1.713177282021546
1.7084271370586261
1.704177007354961
1.6990518509475998
1.6940516983550522
1.6891765495773186
1.684301400799585
1.6790512405774103
1.6749261146885588
1.6698009582811977
1.6650508133182775
1.6610506912442398
1.656550553910947
1.6529254432813503
1.6486753135776848
1.645925229651784
1.6421751152073734
1.6377999816888944
1.634424878688925
1.6320498062074649
1.6286747032074953
1.625299600207526
1.6235495468001342
1.620924466689047
1.618549394207587
1.6166743369853815
1.614549272133549
1.6132992339854122
1.6119241920224616
1.6092991119113744
1.6076740623187964
1.606174016541032
1.6046739707632678
1.6055489974669637
1.6039239478743859
1.6027989135410627
1.6017988830225531
1.60067384868923
1.6005488448744163
1.5999238258003479
1.5989237952818385
1.59829877620777
1.596673726615192
1.5970487380596332
1.596673726615192
1.595173680837428
1.594798669392987
1.5935486312448501
1.5920485854670858
1.5889234900967437
1.587923459578234
1.5850483718375195
1.5819232764671776
1.5777981505783258
1.5741730399487288
1.5689228797265542
1.564172734763634
1.5570475173192542
1.5499222998748743
1.5434221015045624
1.5350468459120459
1.5282966399121067
1.5207964110232857
1.5137961973937193
1.5079210180974763
1.5026708578753014
1.4989207434308909
1.496045655690176
1.4961706595049897
1.4986707358012636
1.5027958616901151
1.5114211249122593
1.5229214758751182
1.5372969145786919
1.557172521134068
1.5810482497634815
1.6095491195410014
1.6423001190221869
1.6796762596514787
1.7211775261696218
1.7664289071321757
1.8153053987243264
1.8663069551683096
1.9195585802789392
1.9740602435377057
2.0275618762779626
2.079813470870083
2.1295649891659294
2.174816370128483
2.2133175450910976
2.245568529313028
2.2699442732016966
2.286194769127476
2.2894448683126316
2.267444196905423
2.2538187810907315
2.23306814783166
2.202067201757866
2.163316019165624
2.118189642017884
2.0668130741294592
2.011936399426252
1.9544346446119572
1.8969328897976623
1.8393061311685537
1.7820543839838863
1.7274277169103063
1.6764261604663229
1.6279246803186131
1.5826732993560595
1.5430470900601214
1.5077960142826623
1.4780451063570055
1.4532943510238958
1.433918759727775
1.4184182866908779
1.408542985320597
1.4016677755058444
1.3985426801355023
1.4006677449873348
1.4046678670613728
1.4114180730613117
1.41916830957976
1.4300436414685507
1.4412939848017823
1.4534193548387098
1.4652947172460096
1.4777950987273782
1.488170415356914
1.4991707510605183
1.51042109439375
1.51992138431959
1.5277966246528518
1.5360468764305553
1.5422970671712395
1.547547227393414
1.5521723685415205
1.556797509689627
1.56029761650441
1.5632977080599384
1.565422772911771
1.5676728415784174
1.5692978911709952
1.5707979369487595
1.57217297891171
1.5734230170598467
1.5739230323191016
1.5752980742820522
1.574923062837611
1.5762981048005615
1.5757980895413068
1.5762981048005615
1.5777981505783258
1.57692312387463
1.5777981505783258
1.5784231696523943
1.5786731772820215
1.57929819635609
1.5797982116153446
1.5801732230597858
1.5806732383190405
1.5821732840968048
1.5822982879116183
1.5835483260597554
1.5845483565782648
1.58642341380047
1.587298440504166
1.588423474837489
1.5900485244300668
1.5909235511337627
1.5921735892818996
1.592798608355968
1.5949236732078005
1.5955486922818691
1.5974237495040742
1.598798791467025
1.6004238410596028
1.6025489059114353
1.6046739707632678
1.6062990203558458
1.6080490737632376
1.6096741233558154
1.612174199652089
1.6140492568742943
1.6162993255409406
1.6196744285409101
1.6211744743186742
1.6241745658742028
1.6267996459852903
1.6297997375408186
1.631674794763024
1.6349248939481797
1.6376749778740807
