1.53654689168981
1.5449221472823267
1.5525473799859615
1.5594225898007141
1.5636727195043794
1.567047822504349
1.5699229102450638
1.5729230018005922
1.5750480666524247
1.5770481276894437
1.5786731772820215
1.5799232154301586
1.58167326883755
1.5825482955412458
1.5835483260597554
1.584423352763451
1.5861734061708426
1.587298440504166
1.5885484786523028
1.589923520615253
1.5916735740226449
1.5939236426892909
1.5957986999114964
1.5977987609485154
1.6004238410596028
1.6021738944669943
1.6039239478743859
1.6069240394299142
1.609049104281747
1.611424176763207
1.614549272133549
1.6171743522446362
1.6204244514297923
1.6239245582445754
1.627299661244545
1.6309247718741418
1.6341748710592976
1.638299996948149
1.6421751152073734
1.6456752220221567
1.6503003631702629
1.6546754966887418
1.6595506454664755
1.6640507827997681
1.6690509353923155
1.6744260994293039
1.678676229132969
1.6849264198736535
1.690301583910642
1.6955517441328165
1.702176946317942
1.7071770989104893
1.7133022858363598
1.7193024689474166
1.725927671132542
1.731427838984344
1.737303018280587
1.743303201391644
1.7490533768730736
1.755178563798944
1.7609287392803734
1.7666789147618032
1.77267909787286
1.778679280983917
1.7844294564653462
1.7893046052430799
1.7945547654652547
1.800429944761498
1.8040550553910948
1.8095552232428969
1.8139303567613758
1.8183054902798548
1.8223056123538928
1.8271807611316264
1.8310558793908505
1.8350560014648885
1.8381810968352306
1.8406811731315043
1.8438062685018464
1.8460563371684928
1.8479313943906979
1.8508064821314127
1.8529315469832455
1.8536815698721276
1.855056611835078
1.8553066194647054
1.8556816309091464
1.8560566423535876
1.855431623279519
1.8546816003906368
1.8529315469832455
1.8524315317239908
1.8505564745017853
1.84868141727958
1.8460563371684928
1.8436812646870329
1.8393061311685537
1.835306009094516
1.8319309060945466
1.8279307840205086
1.8231806390575884
1.818555497909482
1.814305368205817
1.8085551927243873
1.803930051576281
1.798429883724479
1.7925547044282357
1.7866795251319927
1.7815543687246316
1.7750541703543201
1.7695540025025178
1.7638038270210883
1.7573036286507766
1.7510534379100926
1.7449282509842219
1.7388030640583514
1.732677877132481
1.7261776787621694
1.7204275032807397
1.7134272896511735
1.708052125614185
1.701301919614246
1.6951767326883755
1.6895515610217597
1.6836763817255165
1.6780512100589007
1.6726760460219123
1.6675508896145512
1.6615507065034945
1.6560505386516924
1.6503003631702629
1.6453002105777155
1.640300057985168
1.6356749168370617
1.6314247871333964
1.627299661244545
1.6227995239112523
1.6177993713187049
1.6135492416150394
1.610549150059511
1.6066740318002868
1.6034239326151312
1.6000488296151616
1.5969237342448195
1.5940486465041048
1.5910485549485762
1.5891734977263712
1.5866734214300973
1.5839233375041963
1.5815482650227364
1.5795482039857174
1.5770481276894437
1.5756730857264931
1.5737980285042878
1.5716729636524553
1.5710479445783867
1.5695478988006226
1.568172856837672
1.5666728110599077
1.5652977690969574
1.5645477462080752
1.563047700430311
1.5624226813562427
1.562297677541429
1.5609226355784784
1.5604226203192237
1.56029761650441
1.5587975707266457
1.558297555467391
1.5585475630970183
1.557797540208136
1.557172521134068
1.5541724295785393
1.5541724295785393
1.553547410504471
1.553547410504471
1.5532974028748436
1.5534224066896571
1.5540474257637258
1.553547410504471
1.5534224066896571
1.553547410504471
1.5536724143192846
1.553922421948912
1.5540474257637258
1.5542974333933532
1.554797448652608
1.554672444837794
1.5549224524674214
1.5542974333933532
1.5552974639118626
1.5550474562822352
1.555172460097049
1.55554747154149
1.5569225135044404
1.5564224982451857
1.5561724906155583
1.5570475173192542
1.556797509689627
1.5570475173192542
1.5572975249488816
1.557797540208136
1.5574225287636951
1.5581725516525773
1.5581725516525773
1.558297555467391
1.559047578356273
1.5594225898007141
1.5592975859859004
1.5595475936155279
1.5600476088747826
1.5601726126895963
1.5604226203192237
1.5600476088747826
1.561172643208106
1.5612976470229194
1.5614226508377331
1.5612976470229194
1.5615476546525469
1.562297677541429
1.5624226813562427
1.5624226813562427
1.5624226813562427
1.5629226966154972
1.563422711874752
1.5632977080599384
1.563797723319193
1.5644227423932615
1.5646727500228887
1.5645477462080752
1.5645477462080752
1.565422772911771
1.565422772911771
1.5656727805413984
1.5675478377636038
1.567047822504349
1.5676728415784174
1.5682978606524856
1.5687978759117405
1.5702979216895046
1.5695478988006226
1.5709229407635732
1.5714229560228279
1.5717979674672689
1.5729230018005922
1.5742980437635425
1.5755480819116796
1.5767981200598165
1.578923184911649
1.5802982268745993
1.5821732840968048
1.5839233375041963
1.5862984099856563
1.5886734824671163
1.5915485702078311
1.594673665578173
1.5980487685781428
1.60067384868923
1.6042989593188268
1.608174077578051
1.6122992034669026
1.6159243140964994
1.6210494705038605
1.624924588763085
1.6297997375408186
1.6349248939481797
1.6401750541703544
1.6456752220221567
1.6528004394665363
1.6584256111331521
1.6639257789849544
1.6701759697256386
1.6759261452070682
1.6823013397625661
1.6895515610217597
1.6950517288735618
1.7010519119846188
1.7070520950956756
1.7133022858363598
1.7186774498733484
1.723552598651082
1.7285527512436292
1.732677877132481
1.7364279915768914
1.7408031250953704
1.743678212836085
1.7465533005767997
1.7489283730582599
1.7508034302804651
1.7526784875026704
1.7530534989471116
1.7528034913174841
1.7530534989471116
1.7521784722434155
1.751178441724906
1.7493033845027008
1.7470533158360546
1.7440532242805262
1.7410531327249978
1.7366779992065189
1.7321778618732262
1.7274277169103063
1.7228025757621999
1.7174274117252115
1.7119272438734092
1.7059270607623525
1.6999268776512955
1.6944267097994934
1.6881765190588092
1.6824263435773796
1.6761761528366956
1.6699259620960112
1.6645507980590228
1.6575505844294565
1.6515504013183995
1.6464252449110386
1.6411750846888638
1.635174901577807
1.6309247718741418
1.626049623096408
1.6210494705038605
1.6161743217261269
1.6122992034669026
1.6086740928373058
1.6040489516891996
1.6009238563188575
1.5979237647633289
1.595173680837428
1.592423596911527
1.589923520615253
1.587923459578234
1.5859233985412151
1.5837983336893826
1.582048280281991
1.579673207800531
1.5777981505783258
1.5757980895413068
1.5740480361339153
1.5724229865413375
1.5695478988006226
1.5655477767265848
1.5612976470229194
1.5562974944303722
1.5511723380230111
1.5435471053193763
1.536921903134251
1.526546586504715
1.517796319467757
1.508796044801172
1.4994207586901458
1.4901704763939327
1.4817952208014162
1.4756700338755455
1.471544907986694
1.4701698660237434
1.4716699118015075
1.4784201178014467
1.4902954802087467
1.5062959685048982
1.5297966856898708
1.5585475630970183
1.595173680837428
1.638299996948149
1.6878015076143682
1.7448032471694084
1.8046800744651632
1.8698070619830929
1.9385591601306194
2.0065612353892637
2.0733132724997714
2.136315195165868
2.1911918698690758
2.2359432355723747
2.268819238868374
2.2875698110904263
2.2919449446089053
2.282569658497879
2.260318979461043
2.223942869350261
2.176441419721061
2.118314645832698
2.051937620166631
1.9804354380932034
1.9053081453901792
1.8306808679464095
1.7594286935026096
1.6939266945402387
1.633549851985229
1.5787981810968352
1.5314217352824486
1.4911705069124424
1.4589195226905116
1.4332937406537065
1.414918179876095
1.4040428479873044
1.399042695394757
1.4006677449873348
1.4061679128391371
1.4145431684316538
1.4269185460982088
1.4407939695425276
1.4562944425794244
1.4720449232459487
1.4869203772087771
1.5010458082827236
1.5142962126529742
1.5262965788750877
1.5367968993194372
1.5456721701712088
1.55317239906003
1.559047578356273
1.564172734763634
1.5680478530228583
1.5707979369487595
1.5736730246894741
1.5761731009857478
1.5762981048005615
1.5791731925412764
1.5794232001709037
1.5815482650227364
1.5825482955412458
1.5834233222449416
1.5851733756523332
1.5859233985412151
1.5874234443189794
1.5894235053559984
1.5895485091708121
1.5910485549485762
1.5939236426892909
1.5960487075411238
1.5980487685781428
1.601048860133671
1.6025489059114353
1.6042989593188268
1.6071740470595417
1.609424115726188
1.612174199652089
1.6146742759483628
1.6181743827631458
1.621299478133488
1.624924588763085
1.6282996917630543
1.6312997833185827
1.634299874874111
1.63867500839259
1.6424251228370008
1.6465502487258523
1.6508003784295175
1.6555505233924375
1.6599256569109164
1.664925809503464
1.6704259773552659
1.6749261146885588
1.6803012787255471
1.6853014313180945
1.6909266029847103
1.6964267708365124
1.7019269386883145
1.708177129428999
1.7140523087252417
1.7200524918362987
1.7264276863917967
1.73230286568804
1.7380530411694692
1.7440532242805262
1.7499284035767695
1.7559285866878263
1.7618037659840693
1.7675539414654988
1.773429120761742
1.7791792962431716
1.7850544755394149
1.7908046510208442
1.796054811243019
1.8000549333170568
1.8056801049836726
1.809805230872524
1.814305368205817
1.8193055207983642
1.8236806543168431
1.8278057802056948
1.83205590990936
1.8350560014648885
1.8386811120944853
1.8418062074648274
1.8435562608722191
1.8465563524277475
1.8485564134647665
1.8513064973906674
1.8518065126499221
1.8539315775017549
1.8546816003906368
1.8558066347239601
1.8560566423535876
1.8555566270943329
1.8551816156498917
1.8543065889461958
1.8529315469832455
1.8514315012054812
1.8498064516129031
1.8480563982055118
1.8453063142796107
1.8429312417981507
1.8390561235389262
1.8346809900204473
1.8314308908352916
1.8266807458723715
1.8223056123538928
1.8176804712057864
1.81305533005768
1.8080551774651326
1.8029300210577714
1.7980548722800378
1.7910546586504716
1.7861795098727378
1.7811793572801906
1.7744291512802515
1.7681789605395672
1.7625537888729514
1.7563035981322672
1.750053407391583
1.7440532242805262
1.7376780297250283
1.7316778466139713
1.7251776482436598
1.7190524613177893
1.712802270577105
1.7065520798364209
1.7010519119846188
1.6948017212439344
1.6888015381328776
1.683051362651448
1.6773011871700187
1.6718010193182167
1.6658008362071597
1.6601756645405439
1.6551755119479965
1.6501753593554491
1.6444251838740198
1.640675069429609
1.6352999053926207
1.630424756614887
1.6261746269112216
1.622924527726066
1.6180493789483323
1.614549272133549
1.6099241309854426
1.6062990203558458
1.6029239173558765
1.5994238105410932
1.5960487075411238
1.5934236274300364
1.5914235663930174
1.5886734824671163
1.5861734061708426
1.5835483260597554
1.5810482497634815
1.5790481887264625
1.5775481429486986
1.574923062837611
1.5734230170598467
1.5722979827265235
1.5704229255043185
1.569422894985809
1.5689228797265542
1.566297799615467
1.565797784356212
1.564297738578448
1.5627976928006837
1.561922666096988
1.5616726584673606
1.560672627948851
1.56029761650441
1.5596725974303416
1.5600476088747826
1.5587975707266457
1.5580475478377636
1.557797540208136
1.557172521134068
1.553922421948912
1.5536724143192846
1.5534224066896571
1.5536724143192846
1.553922421948912
1.5540474257637258
1.5541724295785393
1.5537974181340983
1.5540474257637258
1.553547410504471
1.5537974181340983
1.5540474257637258
1.5542974333933532
1.5544224372081668
1.554672444837794
1.5544224372081668
1.5549224524674214
1.5554224677266761
1.5552974639118626
1.555172460097049
1.55554747154149
1.5556724753563036
1.555922482985931
1.5561724906155583
1.5565475020599995
1.557172521134068
1.5580475478377636
1.557172521134068
1.5570475173192542
1.5572975249488816
1.5572975249488816
1.558297555467391
1.5584225592822047
1.558672566911832
1.5589225745414594
1.5594225898007141
1.5605476241340372
1.559922605059969
1.5596725974303416
1.559922605059969
1.5600476088747826
1.5607976317636647
1.5609226355784784
1.5601726126895963
1.5616726584673606
1.562297677541429
1.5616726584673606
1.5616726584673606
1.5625476851710562
1.5626726889858698
1.5624226813562427
1.5627976928006837
1.5632977080599384
1.5635477156895659
1.5636727195043794
1.5646727500228887
1.5649227576525162
1.5646727500228887
1.5647977538377027
1.5655477767265848
1.5655477767265848
1.5655477767265848
1.5666728110599077
1.5672978301339764
1.5679228492080448
1.568172856837672
1.5686728720969267
1.5692978911709952
1.5702979216895046
1.5710479445783867
1.5711729483932007
1.57217297891171
1.5730480056154057
1.5746730552079835
1.5757980895413068
1.5771731315042574
1.579673207800531
1.580048219244972
1.5817982726523636
1.5837983336893826
1.5865484176152838
1.5885484786523028
1.5915485702078311
1.5950486770226142
1.5976737571337016
1.6012988677632984
1.605048982207709
1.6086740928373058
1.6122992034669026
1.6166743369853815
1.620924466689047
1.6255496078371532
1.6301747489852596
1.6354249092074344
1.6409250770592365
1.647050263985107
1.6531754509109775
1.6584256111331521
1.6644257942442091
1.6706759849848933
1.6765511642811366
1.683051362651448
1.6899265724662007
1.6963017670216987
1.7014269234290598
1.7078021179845577
1.7135522934659873
1.7186774498733484
1.724302621539964
1.7291777703176978
1.733052888576922
1.7366779992065189
1.7404281136509292
1.7440532242805262
1.7473033234656818
1.7491783806878873
1.751178441724906
1.7528034913174841
1.7529284951322976
1.753178502761925
1.753178502761925
1.752428479873043
1.7506784264656514
1.748053346354564
1.7465533005767997
1.7440532242805262
1.7404281136509292
1.7368030030213324
1.73230286568804
1.727052705465865
1.7224275643177587
1.717552415540025
1.7106772057252724
1.7053020416882838
1.6994268623920408
1.6935516830957975
1.6875514999847407
1.6818013245033114
1.6763011566515091
1.670050965910825
1.663300759910886
1.6570505691702018
1.651050386059145
1.645050202948088
1.640300057985168
1.6346748863185523
1.6301747489852596
1.625674611651967
1.6207994628742333
1.6164243293557543
1.612174199652089
1.6079240699484236
1.6041739555040133
1.601048860133671
1.5980487685781428
1.5949236732078005
1.5921735892818996
1.590298532059694
1.5881734672078616
1.5857983947264016
1.5835483260597554
1.5817982726523636
1.579673207800531
1.5780481582079533
1.576548112430189
1.5741730399487288
1.5720479750968963
1.5687978759117405
1.5655477767265848
1.5614226508377331
1.556672505874813
1.5517973570970793
1.5434221015045624
1.5355468611713006
1.52704660176397
1.517796319467757
1.5079210180974763
1.4985457319864497
1.4896704611346783
1.4816702169866023
1.4755450300607318
1.471544907986694
1.469919858394116
1.4720449232459487
1.4791701406903288
1.490545487838374
1.5076710104678488
1.5312967314676351
1.5612976470229194
1.5976737571337016
1.6409250770592365
1.6911766106143375
1.7471783196508683
1.8084301889095737
1.8739321878719444
1.9419342631305887
2.0105613574633012
2.0773133945738094
2.1391902829065828
2.193816949980163
2.2386933194982754
2.2701942808313245
2.2883198339793087
2.291819940794092
2.281694631794183
2.2578189031647695
2.2209427777947326
2.173191320535905
2.1144395275734733
2.0478124942777796
1.9749352702414014
1.9001829889828181
1.8256807153538621
1.7558035828730125
1.6895515610217597
1.629674733726005
1.5756730857264931
1.528671651356548
1.4891704458754236
1.4571694692831203
1.431543687246315
1.4136681417279582
1.4039178441724907
1.3987926877651295
1.4006677449873348
1.4061679128391371
1.4150431836909085
1.4281685842463454
1.4425440229499193
1.457669484542375
1.4729199499496444
1.4879204077272867
1.5021708426160465
1.515546250801111
1.52704660176397
1.5375469222083193
1.5462971892452775
1.553547410504471
1.559797601245155
1.564172734763634
1.568547868282113
1.5711729483932007
1.5735480208746606
1.5756730857264931
1.5770481276894437
1.5786731772820215
1.5804232306894133
1.5811732535782954
1.582923306985687
1.5847983642078922
1.5857983947264016
1.5861734061708426
1.5876734519486069
1.5896735129856259
1.590423535874508
1.592423596911527
1.5937986388744774
1.596298715170751
1.5979237647633289
1.6005488448744163
1.602673909726249
1.605048982207709
1.6072990508743554
1.61017413861507
1.6120491958372754
1.61492428357799
1.6176743675038912
1.6206744590594195
1.6239245582445754
1.6282996917630543
1.6319248023926511
1.635174901577807
1.63867500839259
1.642675130466628
1.647050263985107
1.6519254127628407
1.6560505386516924
1.6608006836146123
1.6658008362071597
1.6699259620960112
1.675676137577441
1.6804262825403606
1.6856764427625355
1.6916766258735922
1.6971767937253945
1.7026769615771966
1.709177159947508
1.7146773277993104
1.7203024994659262
1.7268026978362376
1.7329278847621081
1.738553056428724
1.744553239539781
1.750428418836024
1.7573036286507766
1.761928769798883
1.7681789605395672
1.774179143650624
1.7798043153172398
1.7853044831690421
1.7910546586504716
1.796054811243019
1.8011799676503801
1.805555101168859
1.811055269020661
1.8151803949095127
1.8195555284279916
1.8240556657612843
1.8278057802056948
1.8319309060945466
1.8355560167241434
1.8389311197241127
1.8426812341685233
1.8441812799462873
1.8470563676870022
1.8485564134647665
1.8509314859462265
1.8524315317239908
1.8539315775017549
1.8549316080202642
1.8559316385387736
1.8563066499832148
1.8559316385387736
1.8555566270943329
1.8545565965758233
1.852681539353618
1.8524315317239908
1.8503064668721578
1.8481814020203253
1.845181310464797
1.842431226538896
1.8386811120944853
1.8356810205389569
1.8310558793908505
1.8266807458723715
1.8218055970946379
1.8173054597613454
1.8129303262428662
1.80830518509476
1.8025550096133305
1.797554857020783
1.7923046967986085
1.785679494613483
1.7800543229468673
1.7739291360209968
1.7676789452803126
1.7623037812433242
1.7563035981322672
1.749678395947142
1.743303201391644
1.737303018280587
1.731052827539903
1.7244276253547777
1.718427442243721
1.712427259132664
1.7058020569475387
1.6994268623920408
1.693801690725425
1.6881765190588092
1.6821763359477524
1.6768011719107638
1.6715510116885892
1.665300820947905
1.659800653096103
1.6553005157628102
1.6496753440961944
1.6443001800592059
1.6394250312814722
1.6354249092074344
1.6302997528000733
1.6255496078371532
1.6210494705038605
1.6174243598742637
1.613799249244667
1.609049104281747
1.6060490127262186
1.6024239020966218
1.5992988067262794
1.5957986999114964
1.5934236274300364
1.590423535874508
1.5881734672078616
1.5870484328745385
1.5831733146153144
1.5810482497634815
1.5787981810968352
1.5764231086153753
1.5747980590227975
1.5732980132450332
1.57217297891171
1.5704229255043185
1.5690478835413677
1.567797845393231
1.566297799615467
1.5655477767265848
1.5644227423932615
1.5631727042451247
1.5625476851710562
1.561797662282174
1.560672627948851
1.56029761650441
1.5600476088747826
1.5592975859859004
1.559047578356273
1.5581725516525773
1.558672566911832
1.5575475325785089
1.5542974333933532
1.5542974333933532
1.5534224066896571
1.553547410504471
1.5537974181340983
1.5534224066896571
1.5536724143192846
1.5540474257637258
1.5537974181340983
1.5536724143192846
1.553547410504471
1.5540474257637258
1.553922421948912
1.5541724295785393
1.554672444837794
1.55554747154149
1.5542974333933532
1.555172460097049
1.554672444837794
1.555922482985931
1.5552974639118626
1.55554747154149
1.555922482985931
1.5564224982451857
1.5560474868007448
1.5576725363933226
1.557172521134068
1.5572975249488816
1.557172521134068
1.5576725363933226
1.5584225592822047
1.5575475325785089
1.5584225592822047
1.558672566911832
1.5589225745414594
1.559797601245155
1.5596725974303416
1.5600476088747826
1.559922605059969
1.5601726126895963
1.5600476088747826
1.56029761650441
1.5609226355784784
1.5607976317636647
1.5612976470229194
1.5621726737266153
1.5621726737266153
1.5620476699118016
1.5626726889858698
1.5626726889858698
1.5625476851710562
1.5627976928006837
1.563422711874752
1.5635477156895659
1.5636727195043794
1.564297738578448
1.5644227423932615
1.5651727652821437
1.565422772911771
1.5655477767265848
1.5652977690969574
1.5659227881710258
1.5665478072450942
1.5676728415784174
1.5684228644672995
1.5680478530228583
1.5692978911709952
1.5695478988006226
1.5699229102450638
1.5709229407635732
1.5715479598376416
1.5722979827265235
1.5730480056154057
1.5747980590227975
1.5757980895413068
1.5772981353190711
1.57929819635609
1.5807982421338542
1.5831733146153144
1.5849233680227057
1.5869234290597247
1.5892985015411847
1.592298593096713
1.594798669392987
1.5977987609485154
1.6017988830225531
1.6057990050965911
1.609424115726188
1.6130492263557847
1.6176743675038912
1.6227995239112523
1.626424634540849
1.6305497604297006
1.63629993591113
1.6416750999481187
1.647425275429548
1.6535504623554185
1.6596756492812892
1.6656758323923462
1.6718010193182167
1.6778012024292734
1.683926389355144
1.6905515915402693
1.6968017822809534
1.7031769768364513
1.709177159947508
1.7145523239844966
1.719927488021485
1.724302621539964
1.7291777703176978
1.734302926725059
1.7376780297250283
1.740928128910184
1.743803216650899
1.7471783196508683
1.7495533921323283
1.7518034607989748
1.7525534836878567
1.7536785180211798
1.7534285103915526
1.7533035065767388
1.7523034760582294
1.7509284340952787
1.748053346354564
1.7464282967619862
1.743303201391644
1.7399280983916745
1.7361779839472642
1.7311778313547166
1.7264276863917967
1.7211775261696218
1.7159273659474472
1.7099271828363902
1.7045520187994019
1.698176824243904
1.6925516525772883
1.6865514694662314
1.6805512863551746
1.6748011108737448
1.6679259010589922
1.6620507217627492
1.6563005462813196
1.6499253517258217
1.6448001953184606
1.6393000274666587
1.634299874874111
1.62917471846675
1.6241745658742028
1.6201744438001648
1.6155493026520584
1.6112991729483932
1.6075490585039827
1.6035489364299447
1.6004238410596028
1.5974237495040742
1.594298654133732
1.5916735740226449
1.589923520615253
1.5876734519486069
1.585298379467147
1.5837983336893826
1.5815482650227364
1.5791731925412764
1.5774231391338847
1.5764231086153753
1.5730480056154057
1.5711729483932007
1.5686728720969267
1.56504776146733
1.5609226355784784
1.5556724753563036
1.5492972808008056
1.542422070986053
1.5341718192083498
1.5254215521713919
1.5156712546159246
1.5061709646900845
1.4967956785790582
1.488545426801355
1.4804201788384654
1.4741699880977814
1.4711698965422528
1.4705448774681846
1.4729199499496444
1.4809201940977201
1.4946706137272256
1.511546128727073
1.536921903134251
1.5679228492080448
1.6049239783928952
1.6503003631702629
1.7015519272438735
1.7590536820581684
1.8210555742057557
1.8876826075014497
1.9559346903897215
2.0240617694631795
2.0899387798699913
2.1513156529435102
2.204067262794885
2.246568559831538
2.275194433423872
2.2900698873867
2.2908199102755824
2.277694509720145
2.2510686971648304
2.2118174993133333
2.161690969573046
2.100689107943968
2.0331870479445784
1.960059816278573
1.885182531205176
1.8115552842799159
1.7411781365398113
1.6770511795403913
1.6179243751335184
1.5652977690969574
1.5187963499862667
1.481420209356975
1.450919278542436
1.427168553727836
1.4114180730613117
1.4022927945799126
1.3986676839503158
1.4011677602465895
1.4081679738761559
1.4182932828760644
1.4314186834315012
1.44529410687582
1.461169591357158
1.4755450300607318
1.490920499282815
1.5056709494308298
1.5175463118381298
1.5291716666158026
1.540046998504593
1.5479222388378553
1.5549224524674214
1.560672627948851
1.5647977538377027
1.5682978606524856
1.57217297891171
1.5739230323191016
1.5757980895413068
1.5777981505783258
1.578923184911649
1.5810482497634815
1.5822982879116183
1.5825482955412458
1.584423352763451
1.5855483870967744
1.5862984099856563
1.5877984557634206
1.5895485091708121
1.5905485396893215
1.5926736045411543
1.5944236579485458
1.5961737113559373
1.598798791467025
1.6012988677632984
1.6027989135410627
1.605048982207709
1.607424054689169
1.6104241462446975
1.6122992034669026
1.6157993102816859
1.6187994018372145
1.6219244972075564
1.625299600207526
1.6289247108371228
1.632424817651906
1.6356749168370617
1.6394250312814722
1.643925168614765
1.6481752983184301
1.6521754203924681
1.6570505691702018
1.6613006988738672
1.6661758476516009
1.6715510116885892
1.675551133762627
1.681551316873684
1.6873014923551135
1.6924266487624744
1.697801812799463
1.704052003540147
1.7095521713919493
1.7156773583178198
1.7220525528733177
1.7284277474288157
1.7341779229102452
1.7399280983916745
1.7461782891323587
1.7518034607989748
1.7574286324655906
1.7631788079470199
1.7703040253914
1.775429181798761
1.7809293496505632
1.7861795098727378
1.792054689168981
1.7971798455763421
1.8025550096133305
1.8073051545762506
1.811930295724357
1.816180425428022
1.8206805627613147
1.8256807153538621
1.8285558030945768
1.832930936613056
1.836056031983398
1.8401811578722496
1.842806237983337
1.844806299020356
1.8469313638721885
1.848806421094394
1.8513064973906674
1.853181554612873
1.8540565813165686
1.8551816156498917
1.8564316537980285
1.8559316385387736
1.8555566270943329
1.855056611835078
1.8544315927610096
1.8528065431684317
1.8509314859462265
1.8493064363536484
1.8478063905758844
1.8439312723166599
1.8416812036500139
1.838431104464858
1.8339309671315653
1.8299308450575276
1.8258057191686758
1.8215555894650106
1.816305429242836
1.8115552842799159
1.8063051240577412
1.8013049714651936
1.7959298074282053
1.7901796319467758
1.7843044526505327
1.778679280983917
1.7724290902432325
1.766303903317362
1.7601787163914915
1.754428540910062
1.7484283577990052
1.74180315561388
1.7359279763176367
1.7296777855769523
1.7228025757621999
1.7176774193548388
1.710802209540086
1.7046770226142156
1.698926847132786
1.6941767021698662
1.6865514694662314
1.6808012939848018
1.675676137577441
1.6699259620960112
1.6654258247627187
1.6586756187627796
1.6531754509109775
1.6485503097628713
1.641925107577746
1.6389250160222175
1.6346748863185523
1.629674733726005
1.6247995849482713
1.620924466689047
1.616924344615009
1.6129242225409712
1.6095491195410014
1.6052989898373364
1.6012988677632984
1.5984237800225838
1.5952986846522417
1.5932986236152227
1.5897985168004394
1.5881734672078616
1.5854233832819604
1.5824232917264323
1.5805482345042268
1.5784231696523943
1.5764231086153753
1.574923062837611
1.5726729941709647
1.5719229712820828
1.570172917874691
1.5695478988006226
1.5671728263191627
1.5659227881710258
1.5655477767265848
1.5644227423932615
1.5625476851710562
1.5624226813562427
1.5616726584673606
1.5614226508377331
1.5605476241340372
1.5596725974303416
1.5594225898007141
1.558297555467391
1.5584225592822047
1.557797540208136
1.5564224982451857
1.5534224066896571
1.5536724143192846
1.553547410504471
1.553922421948912
1.5536724143192846
1.5536724143192846
1.553922421948912
1.5540474257637258
1.5536724143192846
1.5534224066896571
1.553922421948912
1.5549224524674214
1.5537974181340983
1.554672444837794
1.5549224524674214
1.554672444837794
1.5544224372081668
1.555172460097049
1.555172460097049
1.5554224677266761
1.5552974639118626
1.5557974791711173
1.5565475020599995
1.5569225135044404
1.5561724906155583
1.557172521134068
1.5575475325785089
1.5572975249488816
1.5574225287636951
1.55792254402295
1.5576725363933226
1.5584225592822047
1.5584225592822047
1.5587975707266457
1.5587975707266457
1.5595475936155279
1.5596725974303416
1.559797601245155
1.559797601245155
1.5601726126895963
1.5601726126895963
1.5600476088747826
1.561172643208106
1.561172643208106
1.5614226508377331
1.561797662282174
1.5624226813562427
1.5621726737266153
1.561922666096988
1.5625476851710562
1.5625476851710562
1.5620476699118016
1.5626726889858698
1.563422711874752
1.5636727195043794
1.564172734763634
1.56504776146733
1.5655477767265848
1.5652977690969574
1.565422772911771
1.5659227881710258
1.5652977690969574
1.567047822504349
1.5671728263191627
1.567797845393231
1.5684228644672995
1.5690478835413677
1.5706729331339457
1.5704229255043185
1.570547929319132
1.5715479598376416
1.572547990356151
1.5734230170598467
1.574923062837611
1.5771731315042574
1.5780481582079533
1.5794232001709037
1.580923245948668
1.583298318430128
1.5846733603930783
1.5874234443189794
1.5890484939115572
1.5925486007263405
1.5956736960966826
1.598673787652211
1.6017988830225531
1.6062990203558458
1.6095491195410014
1.613799249244667
1.6182993865779596
1.6225495162816248
1.6266746421704763
1.632299813837092
1.637549974059267
1.6435501571703237
1.6491753288369395
1.6550505081331828
1.6603006683553576
1.666800866725669
1.6728010498367258
1.6793012482070377
1.6853014313180945
1.691426618243965
1.6979268166142767
1.7038019959105197
1.7101771904660177
1.7154273506881925
1.7206775109103671
1.7256776635029145
1.7305528122806482
1.7340529190954315
1.7384280526139104
1.74180315561388
1.7451782586138493
1.747678334910123
1.7498033997619558
1.7519284646137883
1.7528034913174841
1.7535535142063663
1.7533035065767388
1.753178502761925
1.7519284646137883
1.7503034150212105
1.7485533616138187
1.7459282815027315
1.7426781823175757
1.7389280678731651
1.7350529496139409
1.7308028199102756
1.7255526596881008
1.7203024994659262
1.7146773277993104
1.708802148503067
1.702926969206824
1.697301797540208
1.6913016144291515
1.6853014313180945
1.6794262520218513
1.673551072725608
1.666800866725669
1.660925687429426
1.6553005157628102
1.649050325022126
1.6435501571703237
1.6381749931333354
1.6332998443556017
1.628049684133427
1.6237995544297616
1.6192994170964692
1.6150492873928037
1.6106741538743248
1.6066740318002868
1.6025489059114353
1.6000488296151616
1.596298715170751
1.5940486465041048
1.5912985625782037
1.5892985015411847
1.5874234443189794
1.5846733603930783
1.5826732993560595
1.581298257393109
1.5786731772820215
1.5777981505783258
1.5755480819116796
1.5731730094302194
1.5699229102450638
1.567797845393231
1.5639227271340068
1.559172582171087
1.553922421948912
1.5482972502822963
1.5405470137638477
1.5320467543565173
1.5227964720603047
1.5144212164677877
1.5041709036530655
1.4951706289864803
1.4870453810235909
1.479420148319956
1.4737949766533405
1.4705448774681846
1.4711698965422528
1.4740449842829677
1.4825452436902982
1.495670644245735
1.5156712546159246
1.5415470442823573
1.5739230323191016
1.6126742149113438
1.6586756187627796
1.7114272286141545
1.7693039948728904
1.8324309213538013
1.8996829737235634
1.9676850489822078
2.035312112796411
2.100814111758782
2.160940946684164
2.2121925107577747
2.2521937314981537
2.2783195287942135
2.2911949217200234
2.289944883571886
2.2745694143498034
2.245943540757469
2.2046922818689536
2.1520656758323926
2.0905637989440597
2.021561693166906
1.9476844386120182
1.8725571459089938
1.799554918057802
1.7304278084658344
1.6661758476516009
1.609049104281747
1.557172521134068
1.5134211859492783
1.4766700643940551
1.4464191412091434
1.4245434736167486
1.4096680196539202
1.4011677602465895
1.3987926877651295
1.401792779320658
1.4092930082094792
1.4195433210242012
1.433043733024079
1.447419171727653
1.4634196600238045
1.4785451216162602
1.492920560319834
1.5072959990234076
1.5201713919492172
1.5310467238380079
1.5404220099490342
1.5490472731711782
1.5564224982451857
1.561172643208106
1.5659227881710258
1.5692978911709952
1.5719229712820828
1.5747980590227975
1.5771731315042574
1.5777981505783258
1.5790481887264625
1.5805482345042268
1.5824232917264323
1.582923306985687
1.5855483870967744
1.5856733909115879
1.5866734214300973
1.58879848628193
1.589923520615253
1.5911735587633902
1.5931736198004092
1.595173680837428
1.5970487380596332
1.5989237952818385
1.6012988677632984
1.6034239326151312
1.605048982207709
1.6076740623187964
1.6100491348002564
1.6130492263557847
1.6159243140964994
1.618549394207587
1.6219244972075564
1.625674611651967
1.6290497146519365
1.6329248329111608
1.6364249397259438
1.6400500503555409
1.6445501876888333
1.6481752983184301
1.652550431836909
1.6573005767998292
1.6614257026886807
1.6666758629108556
1.6719260231330302
1.6774261909848323
1.6823013397625661
1.6873014923551135
1.6930516678365428
1.6988018433179723
1.7051770378734703
1.7106772057252724
1.7166773888363294
1.7224275643177587
1.7286777550584431
1.7350529496139409
1.7403031098361157
1.7465533005767997
1.752428479873043
1.7584286629841
1.7638038270210883
1.769804010132145
1.775804193243202
1.781679372539445
1.7874295480208746
1.7930547196874904
1.7979298684652243
1.802805017242958
1.807180150761437
1.8120552995391705
1.8166804406872767
1.8209305703909422
1.8254307077242347
1.828930814539018
1.832930936613056
1.8369310586870937
1.8396811426129949
1.842806237983337
1.8449313028351695
1.848306405835139
1.8489314249092075
1.851556505020295
1.8529315469832455
1.8539315775017549
1.855056611835078
1.856181646168401
1.8558066347239601
1.8558066347239601
1.8551816156498917
1.855056611835078
1.8528065431684317
1.851181493575854
1.8503064668721578
1.8469313638721885
1.844306283761101
1.8414311960203864
1.8385561082796718
1.8335559556871244
1.8295558336130864
1.8260557267983033
1.8198055360576189
1.816305429242836
1.8109302652058474
1.8061801202429273
1.8009299600207527
1.7954297921689504
1.790054628131962
1.7838044373912778
1.7776792504654073
1.7720540787987915
1.7660538956877345
1.7600537125766778
1.7536785180211798
1.7473033234656818
1.7415531479842525
1.7355529648731955
1.7291777703176978
1.7229275795770134
1.7163023773918882
1.710052186651204
1.704177007354961
1.6975518051698355
1.6919266335032197
1.6861764580217904
1.6805512863551746
1.6750511185033723
1.6690509353923155
1.6640507827997681
1.6581756035035249
1.6531754509109775
1.6476752830591754
1.642675130466628
1.638299996948149
1.6337998596148564
1.6287997070223093
1.6244245735038303
1.6205494552446058
1.6157993102816859
1.611424176763207
1.607049043244728
1.605048982207709
1.601048860133671
1.598673787652211
1.595173680837428
1.5926736045411543
1.5897985168004394
1.5871734366893522
1.5857983947264016
1.5826732993560595
1.5804232306894133
1.5784231696523943
1.5760480971709343
1.5741730399487288
1.5732980132450332
1.5709229407635732
1.5700479140598773
1.5687978759117405
1.5675478377636038
1.5665478072450942
1.5651727652821437
1.564297738578448
1.5629226966154972
1.561797662282174
1.5609226355784784
1.5612976470229194
1.5600476088747826
1.5596725974303416
1.5594225898007141
1.55792254402295
1.5587975707266457
1.5575475325785089
1.555922482985931
1.553547410504471
1.55317239906003
1.553922421948912
1.5536724143192846
1.553922421948912
1.5544224372081668
1.5536724143192846
1.553922421948912
1.5534224066896571
1.5537974181340983
1.553547410504471
1.553922421948912
1.5550474562822352
1.553922421948912
1.5550474562822352
1.5552974639118626
1.5545474410229805
1.555172460097049
1.5554224677266761
1.5557974791711173
1.5552974639118626
1.5557974791711173
1.5562974944303722
1.5560474868007448
1.5570475173192542
1.5574225287636951
1.5574225287636951
1.5572975249488816
1.557797540208136
1.5576725363933226
1.5569225135044404
1.558297555467391
1.5576725363933226
1.5584225592822047
1.5587975707266457
1.559047578356273
1.5605476241340372
1.56029761650441
1.559922605059969
1.5601726126895963
1.5601726126895963
1.5604226203192237
1.561047639393292
1.5615476546525469
1.5615476546525469
1.5620476699118016
1.5621726737266153
1.561922666096988
1.5625476851710562
1.5626726889858698
1.5625476851710562
1.5624226813562427
1.563422711874752
1.5636727195043794
1.5639227271340068
1.5644227423932615
1.5649227576525162
1.5647977538377027
1.56504776146733
1.5655477767265848
1.565797784356212
1.5659227881710258
1.5667978148747217
1.567047822504349
1.567797845393231
1.5676728415784174
1.5691728873561817
1.5697979064302499
1.5707979369487595
1.5714229560228279
1.5722979827265235
1.5727979979857785
1.5737980285042878
1.57454805139317
1.5764231086153753
1.5777981505783258
1.5797982116153446
1.581298257393109
1.583298318430128
1.5850483718375195
1.5877984557634206
1.5901735282448806
1.5929236121707817
1.5960487075411238
1.5994238105410932
1.602673909726249
1.6066740318002868
1.6102991424298836
1.614174260689108
1.618549394207587
1.6230495315408795
1.6274246650593585
1.632424817651906
1.6380499893185219
1.6431751457258827
1.6491753288369395
1.655425519577624
1.6611756950590533
1.6674258857997375
1.673551072725608
1.6796762596514787
1.685926450392163
1.6920516373180334
1.697801812799463
1.7043020111697744
1.7101771904660177
1.7160523697622607
1.7211775261696218
1.7260526749473555
1.7309278237250891
1.7349279457991271
1.7388030640583514
1.7415531479842525
1.7450532547990356
1.747678334910123
1.7503034150212105
1.7518034607989748
1.753178502761925
1.7536785180211798
1.7536785180211798
1.7528034913174841
1.7518034607989748
1.750053407391583
1.7483033539841915
1.745678273873104
1.7424281746879482
1.7384280526139104
1.7348029419843134
1.7298027893917662
1.7253026520584733
1.7196774803918575
1.7141773125400557
1.7084271370586261
1.7026769615771966
1.697426801355022
1.6908015991698966
1.685051423688467
1.6791762443922238
1.6723010345774711
1.666425855281228
1.6603006683553576
1.6548005005035553
1.6483003021332439
1.643050141911069
1.6381749931333354
1.6329248329111608
1.6277996765037996
1.6230495315408795
1.6186743980224005
1.614549272133549
1.6100491348002564
1.606174016541032
1.602673909726249
1.5992988067262794
1.596298715170751
1.5940486465041048
1.5912985625782037
1.5894235053559984
1.5871734366893522
1.5846733603930783
1.5827983031708732
1.5814232612079226
1.5791731925412764
1.5775481429486986
1.5756730857264931
1.5729230018005922
1.5702979216895046
1.567047822504349
1.5640477309488205
1.5592975859859004
1.553547410504471
1.547547227393414
1.5402970061342205
1.5317967467268898
1.5229214758751182
1.5131711783196509
1.5034208807641836
1.4949206213568529
1.4862953581347087
1.4789201330607014
1.4734199652088993
1.4706698812829981
1.4714199041718803
1.4747950071718496
1.4831702627643666
1.4984207281716362
1.5180463270973845
1.5442971282082585
1.5772981353190711
1.616924344615009
1.6631757560960723
1.7158023621326335
1.7749291665395062
1.8379310892056033
1.9055581530198065
1.9736852320932645
2.0415623035370953
2.1065642872402113
2.166191106906339
2.2154426099429303
2.2551938230536823
2.2803195898312327
2.2914449293496504
2.289194860683004
2.2723193456831567
2.2424434339426864
2.200067140720847
2.146315500350963
2.084063600573748
2.015061494796594
1.9411842402417065
1.8650569170201727
1.7928047120578632
1.724302621539964
1.6608006836146123
1.6040489516891996
1.5525473799859615
1.5097960753196813
1.4727949461348309
1.4442940763573107
1.423168431653798
1.408917996765038
1.4009177526169623
1.3992927030243845
1.4022927945799126
1.4099180272835474
1.4215433820612202
1.434293771172216
1.449294228949858
1.465169713431196
1.480295175023652
1.496045655690176
1.5090460524307994
1.5216714377269813
1.5321717581713308
1.542422070986053
1.5500473036896878
1.5565475020599995
1.5620476699118016
1.5660477919858395
1.5697979064302499
1.5726729941709647
1.574923062837611
1.57692312387463
1.5777981505783258
1.5794232001709037
1.5810482497634815
1.5821732840968048
1.583298318430128
1.585298379467147
1.5854233832819604
1.5870484328745385
1.5882984710226753
1.5896735129856259
1.5910485549485762
1.5930486159855952
1.5955486922818691
1.5974237495040742
1.5990487990966522
1.6016738792077396
1.6034239326151312
1.6057990050965911
1.6080490737632376
1.6107991576891385
1.613799249244667
1.6156743064668722
1.6194244209112827
1.6222995086519973
1.626049623096408
1.629674733726005
1.633549851985229
1.6369249549851985
1.6411750846888638
1.6449251991332745
1.6486753135776848
1.6533004547257912
1.6581756035035249
1.662800744651631
1.66717587817011
1.6728010498367258
1.677926206244087
1.6831763664662618
1.6886765343180639
1.6943017059846797
1.699676870021668
1.7053020416882838
1.711177220984527
1.7176774193548388
1.723552598651082
1.7295527817621388
1.735802972502823
1.7415531479842525
1.7478033387249368
1.7534285103915526
1.7594286935026096
1.7653038727988526
1.7703040253914
1.7764292123172705
1.7824293954283272
1.788054567094943
1.7938047425763726
1.7979298684652243
1.8030550248725852
1.80830518509476
1.81305533005768
1.817055452131718
1.8215555894650106
1.8261807306131168
1.8296808374279
1.8336809595019379
1.8374310739463484
1.8401811578722496
1.842806237983337
1.8454313180944242
1.8478063905758844
1.8493064363536484
1.851556505020295
1.8533065584276864
1.8545565965758233
1.8553066194647054
1.8560566423535876
1.856181646168401
1.8565566576128423
1.855056611835078
1.8539315775017549
1.8525565355388043
1.8509314859462265
1.8485564134647665
1.8465563524277475
1.8436812646870329
1.840431165501877
1.8369310586870937
1.8334309518723106
1.8290558183538315
1.824555681020539
1.82018054750206
1.8151803949095127
1.8101802423169653
1.805180089724418
1.7996799218726158
1.7945547654652547
1.7891796014282664
1.7830544145023959
1.7769292275765252
1.7708040406506547
1.7649288613544114
1.7583036591692862
1.7526784875026704
1.7464282967619862
1.739803094576861
1.7344279305398724
1.7288027588732566
1.721552537614063
1.7158023621326335
1.7093021637623218
1.703676992095706
1.6970517899105808
1.6908015991698966
1.686301461836604
1.6800512710959197
1.6740510879848627
1.669300943021943
1.6626757408368176
1.6575505844294565
1.652550431836909
1.6465502487258523
1.6418001037629322
1.6371749626148258
1.6329248329111608
1.6285496993926818
1.6237995544297616
1.6205494552446058
1.6161743217261269
1.6119241920224616
1.6079240699484236
1.6046739707632678
1.6007988525040437
1.597173741874447
1.5954236884670552
1.591923581652272
1.5894235053559984
1.58642341380047
1.5846733603930783
1.5827983031708732
1.5801732230597858
1.5781731620227668
1.5759230933561206
1.5742980437635425
1.5726729941709647
1.5711729483932007
1.5697979064302499
1.5684228644672995
1.567797845393231
1.5659227881710258
1.5652977690969574
1.5640477309488205
1.5626726889858698
1.5616726584673606
1.5609226355784784
1.5604226203192237
1.559922605059969
1.559047578356273
1.559172582171087
1.559047578356273
1.55792254402295
1.557797540208136
1.55554747154149
1.553547410504471
1.553547410504471
1.5536724143192846
1.553547410504471
1.553547410504471
1.553922421948912
1.553922421948912
1.5534224066896571
1.553547410504471
1.553922421948912
1.5537974181340983
1.5537974181340983
1.5542974333933532
1.5544224372081668
1.554672444837794
1.554672444837794
1.5552974639118626
1.5552974639118626
1.5556724753563036
1.5554224677266761
1.555172460097049
1.55554747154149
1.5560474868007448
1.5564224982451857
1.5565475020599995
1.5569225135044404
1.5574225287636951
1.5575475325785089
1.5576725363933226
1.557797540208136
1.5575475325785089
1.5580475478377636
1.5585475630970183
1.5584225592822047
1.558672566911832
1.5594225898007141
1.559797601245155
1.5594225898007141
1.5600476088747826
1.5604226203192237
1.5600476088747826
1.5604226203192237
1.5609226355784784
1.561047639393292
1.562297677541429
1.5615476546525469
1.5621726737266153
1.5621726737266153
1.5629226966154972
1.5625476851710562
1.5626726889858698
1.5631727042451247
1.5632977080599384
1.5640477309488205
1.564172734763634
1.5644227423932615
1.5644227423932615
1.5656727805413984
1.5647977538377027
1.5655477767265848
1.566297799615467
1.566172795800653
1.5664228034302805
1.5675478377636038
1.567797845393231
1.568547868282113
1.5691728873561817
1.5696729026154363
1.570547929319132
1.5711729483932007
1.5717979674672689
1.5724229865413375
1.5735480208746606
1.5751730704672384
1.5766731162450025
1.5780481582079533
1.579673207800531
1.58167326883755
1.5835483260597554
1.5865484176152838
1.587923459578234
1.590298532059694
1.5934236274300364
1.596673726615192
1.5999238258003479
1.6032989288003174
1.6066740318002868
1.6109241615039522
1.6146742759483628
1.6186743980224005
1.6235495468001342
1.627674672688986
1.6330498367259743
1.6381749931333354
1.6438001647999512
1.6495503402813807
1.6555505233924375
1.6619257179479354
1.6678008972441787
1.6739260841700492
1.6805512863551746
1.686676473281045
1.6926766563921019
1.6991768547624133
1.7051770378734703
1.7106772057252724
1.7163023773918882
1.7218025452436905
1.7265526902066104
1.7308028199102756
1.7350529496139409
1.7391780755027926
1.742178167058321
1.7454282662434768
1.7483033539841915
1.7503034150212105
1.7518034607989748
1.7533035065767388
1.753178502761925
1.7535535142063663
1.7529284951322976
1.7516784569841608
1.7503034150212105
1.747678334910123
1.7451782586138493
1.742178167058321
1.7381780449842832
1.734552934354686
1.7301778008362072
1.7245526291695914
1.7194274727622303
1.7145523239844966
1.7078021179845577
1.7020519425031282
1.6964267708365124
1.6905515915402693
1.6844264046143986
1.6788012329477828
1.6734260689107945
1.666800866725669
1.6604256721701711
1.6544254890591144
1.6484253059480574
1.6423001190221869
1.6369249549851985
1.6326748252815333
1.627299661244545
1.6226745200964385
1.6182993865779596
1.6142992645039216
1.6096741233558154
1.6059240089114046
1.6024239020966218
1.598798791467025
1.5964237189855648
1.5931736198004092
1.590798547318949
1.5886734824671163
1.5866734214300973
1.5847983642078922
1.5821732840968048
1.5805482345042268
1.5790481887264625
1.576548112430189
1.5747980590227975
1.5722979827265235
1.570172917874691
1.5671728263191627
1.563422711874752
1.559047578356273
1.5529223914304024
1.5471722159489731
1.5399219946897795
1.5309217200231942
1.5216714377269813
1.5125461592455824
1.5027958616901151
1.4944206060975982
1.4856703390606403
1.4785451216162602
1.4737949766533405
1.4709198889126254
1.4711698965422528
1.4751700186162908
1.4844203009125034
1.4990457472457046
1.5195463728751488
1.5467972045045322
1.5797982116153446
1.6200494399853511
1.6669258705404828
1.7208025147251809
1.7798043153172398
1.8430562456129642
1.9103082979827266
1.9798104190191352
2.0466874599444567
2.1115644398327587
2.1699412213507494
2.2196927396465957
2.2574438917203286
2.2819446394238105
2.2920699484237193
2.2886948454237497
2.2705692922757654
2.239068330942717
2.1960670186468096
2.1420653706472974
2.0788134403515732
2.00881130405591
1.9354340647602772
1.859806756797998
1.7874295480208746
1.7191774651326028
1.6560505386516924
1.599173802911466
1.5494222846156194
1.5056709494308298
1.4702948698385572
1.4422940153202919
1.4215433820612202
1.4072929471724602
1.4004177373577074
1.3995427106540117
1.4032928250984222
1.410918057802057
1.4219183935056612
1.4354188055055392
1.450169255653554
1.4659197363200782
1.4815452131717888
1.4964206671346172
1.5099210791344952
1.5224214606158635
1.532921781060213
1.5432970976897489
1.5509223303933837
1.5574225287636951
1.5624226813562427
1.5675478377636038
1.5704229255043185
1.5727979979857785
1.5746730552079835
1.5766731162450025
1.5775481429486986
1.57929819635609
1.5802982268745993
1.5826732993560595
1.5839233375041963
1.5849233680227057
1.5859233985412151
1.5871734366893522
1.5881734672078616
1.590298532059694
1.5917985778374584
1.5940486465041048
1.596298715170751
1.5977987609485154
1.5997988219855341
1.6014238715781122
1.6042989593188268
1.606174016541032
1.6084240852076785
1.6112991729483932
1.613799249244667
1.6167993408001955
1.6197994323557239
1.6226745200964385
1.6261746269112216
1.6301747489852596
1.633674855800043
1.637549974059267
1.6415500961333047
1.6448001953184606
1.649425336466567
1.6536754661702324
1.6579255958738974
1.662925748466445
1.6674258857997375
1.6729260536515398
1.677926206244087
1.6836763817255165
1.6889265419476913
1.6944267097994934
1.700176885280923
1.7055520493179113
1.7115522324289683
1.7174274117252115
1.723552598651082
1.7299277932065797
1.7361779839472642
1.7431781975768303
1.7479283425397505
1.7535535142063663
1.7593036896877956
1.7651788689840389
1.771429059724723
1.7763042085024567
1.7826794030579547
1.7881795709097568
1.7935547349467453
1.79880489516892
1.803180028687399
1.8081801812799463
1.81305533005768
1.8165554368724632
1.8219306009094518
1.8260557267983033
1.8299308450575276
1.8334309518723106
1.8375560777611624
1.8400561540574358
1.8433062532425917
1.8455563219092381
1.8480563982055118
1.8503064668721578
1.8514315012054812
1.8536815698721276
1.8545565965758233
1.8555566270943329
1.8560566423535876
1.8563066499832148
1.8563066499832148
1.8548066042054507
1.8546816003906368
1.8523065279091768
1.8505564745017853
1.8485564134647665
1.84630634479812
1.842806237983337
1.8393061311685537
1.8371810663167212
1.8336809595019379
1.8281807916501358
1.8254307077242347
1.8198055360576189
1.8145553758354442
1.8100552385021516
1.8044300668355358
1.8000549333170568
1.7939297463911863
1.788929593798639
1.7834294259468366
1.776554216132084
1.7709290444654684
1.764803857539598
1.7581786553544725
1.7523034760582294
1.7461782891323587
1.740178106021302
1.7338029114658042
1.728302743614002
1.7214275337992493
1.7150523392437513
1.709177159947508
1.702926969206824
1.6963017670216987
1.6908015991698966
1.6849264198736535
1.6791762443922238
1.673676076540422
1.6684259163182469
1.662925748466445
1.6571755729850153
1.651800408948027
1.6471752677999205
1.6414250923184912
1.6365499435407576
1.632299813837092
1.6275496688741722
1.6234245429853207
1.6197994323557239
1.6155493026520584
1.6112991729483932
1.6079240699484236
1.6036739402447586
1.6002988372447888
1.5970487380596332
1.5950486770226142
1.5917985778374584
1.5891734977263712
1.5865484176152838
1.5846733603930783
1.5819232764671776
1.5802982268745993
1.5777981505783258
1.5757980895413068
1.5740480361339153
1.5722979827265235
1.5710479445783867
1.5696729026154363
1.568172856837672
1.56742283394879
1.5656727805413984
1.5655477767265848
1.5639227271340068
1.5629226966154972
1.5616726584673606
1.561172643208106
1.5604226203192237
1.559922605059969
1.5594225898007141
1.559047578356273
1.5585475630970183
1.55792254402295
1.5574225287636951
1.5549224524674214
1.55317239906003
1.552672383800775
1.553922421948912
1.5534224066896571
1.553922421948912
1.5536724143192846
1.5537974181340983
1.5542974333933532
1.5541724295785393
1.553547410504471
1.553547410504471
1.5537974181340983
1.5537974181340983
1.554672444837794
1.5545474410229805
1.55554747154149
1.5552974639118626
1.5554224677266761
1.5554224677266761
1.5554224677266761
1.5557974791711173
1.55554747154149
1.5562974944303722
1.5561724906155583
1.556797509689627
1.5572975249488816
1.5575475325785089
1.557172521134068
1.5574225287636951
1.5585475630970183
1.5581725516525773
1.558672566911832
1.5581725516525773
1.559172582171087
1.5592975859859004
1.5595475936155279
1.5595475936155279
1.559922605059969
1.5600476088747826
1.5605476241340372
1.5607976317636647
1.5601726126895963
1.5620476699118016
1.5609226355784784
1.5612976470229194
1.5616726584673606
1.5624226813562427
1.5631727042451247
1.5621726737266153
1.5626726889858698
1.5629226966154972
1.563047700430311
1.563047700430311
1.5639227271340068
1.5640477309488205
1.5639227271340068
1.5649227576525162
1.565422772911771
1.5652977690969574
1.565797784356212
1.566297799615467
1.5660477919858395
1.5665478072450942
1.5667978148747217
1.5684228644672995
1.568547868282113
1.5695478988006226
1.5697979064302499
1.570547929319132
1.5711729483932007
1.5724229865413375
1.572547990356151
1.5742980437635425
1.5755480819116796
1.5771731315042574
1.5786731772820215
1.5804232306894133
1.5817982726523636
1.5837983336893826
1.5857983947264016
1.5882984710226753
1.5906735435041353
1.5930486159855952
1.5969237342448195
1.5999238258003479
1.60304892117069
1.6075490585039827
1.6111741691335797
1.6157993102816859
1.6195494247260964
1.6242995696890163
1.62917471846675
1.6334248481704154
1.6393000274666587
1.6454252143925292
1.6506753746147038
1.6563005462813196
1.662925748466445
1.669300943021943
1.6746761070589313
1.681551316873684
1.6876765037995543
1.693801690725425
1.699676870021668
1.705677053132725
1.7113022247993408
1.7178024231696525
1.7224275643177587
1.7276777245399335
1.731427838984344
1.735802972502823
1.740928128910184
1.7429281899472029
1.7459282815027315
1.7484283577990052
1.7506784264656514
1.7521784722434155
1.7533035065767388
1.7534285103915526
1.7543035370952484
1.7528034913174841
1.7515534531693473
1.7494283883175148
1.747678334910123
1.7443032319101537
1.7411781365398113
1.737428022095401
1.733427900021363
1.7289277626880704
1.7238026062807095
1.7181774346140937
1.712802270577105
1.7068020874660481
1.7004268929105502
1.695426740318003
1.6886765343180639
1.6829263588366346
1.6773011871700187
1.6718010193182167
1.6650508133182775
1.658550614947966
1.6530504470961638
1.647050263985107
1.6414250923184912
1.636674947355571
1.6312997833185827
1.6261746269112216
1.6216744895779291
1.6176743675038912
1.6127992187261575
1.6087990966521197
1.605048982207709
1.6016738792077396
1.5981737723929563
1.5952986846522417
1.5925486007263405
1.590798547318949
1.5881734672078616
1.5865484176152838
1.5841733451338236
1.5819232764671776
1.5802982268745993
1.5791731925412764
1.5764231086153753
1.5742980437635425
1.57217297891171
1.569422894985809
1.5659227881710258
1.5627976928006837
1.558297555467391
1.5521723685415205
1.5451721549119541
1.537671926023133
1.5284216437269205
1.5196713766899625
1.5096710715048678
1.501170812097537
1.4915455183568835
1.4839202856532487
1.4767950682088686
1.4722949308755762
1.4705448774681846
1.4714199041718803
1.4766700643940551
1.4870453810235909
1.5037958922086248
1.5252965483565784
1.5530473952452162
1.588423474837489
1.6301747489852596
1.6789262367625966
1.733052888576922
1.7933047273171179
1.8579316995757926
1.925183751945555
1.9943108615375227
2.060687887203589
2.1249398480178225
2.1820665913876764
2.229443037202063
2.2641940977202673
2.284819727164525
2.2925699636829737
2.284819727164525
2.264819116794336
2.2308180791650134
2.185441694387646
2.1286899624622335
2.0636879787591176
1.9926858119449447
1.9190585650196845
1.8440562761314738
1.771804071169164
1.7050520340586566
1.642675130466628
1.5869234290597247
1.538046937467574
1.497670705282754
1.4632946562089908
1.4365438398388624
1.4177932676168097
1.405417889950255
1.3997927182836392
1.4002927335428939
1.4041678518021181
1.412793115024262
1.4252934965056308
1.4387939085055086
1.4539193700979645
1.4690448316904203
1.4856703390606403
1.4992957548753318
1.51279616687521
1.52467152928251
1.5354218573564866
1.5441721243934445
1.5520473647267068
1.558672566911832
1.5631727042451247
1.5675478377636038
1.5707979369487595
1.5730480056154057
1.5756730857264931
1.5766731162450025
1.5784231696523943
1.5797982116153446
1.5810482497634815
1.582923306985687
1.58404834131901
1.5850483718375195
1.5869234290597247
1.587923459578234
1.5889234900967437
1.5906735435041353
1.5921735892818996
1.5937986388744774
1.5957986999114964
1.5975487533188881
1.5994238105410932
1.6019238868373669
1.6044239631336406
1.6066740318002868
1.6091741080965607
1.6116741843928344
1.614549272133549
1.6172993560594502
1.6202994476149783
1.6239245582445754
1.6269246498001038
1.630424756614887
1.6346748863185523
1.6380499893185219
1.6423001190221869
1.6463002410962249
1.6504253669850764
1.6544254890591144
1.6594256416516617
1.6639257789849544
1.6686759239478743
1.673551072725608
1.6796762596514787
1.6845514084292124
1.6895515610217597
1.6959267555772577
1.701676931058687
1.7068020874660481
1.7130522782067326
1.7196774803918575
1.7253026520584733
1.7313028351695303
1.737428022095401
1.743303201391644
1.7486783654286326
1.7554285714285716
1.7603037202063052
1.7665539109469892
1.7725540940580462
1.7783042695394757
1.7838044373912778
1.7891796014282664
1.7945547654652547
1.8005549485763115
1.8050550859096042
1.8095552232428969
1.814180364391003
1.8180554826502273
1.82255561998352
1.8271807611316264
1.831305887020478
1.8345559862056338
1.838056093020417
1.840806176946318
1.8440562761314738
1.8460563371684928
1.8484314096499528
1.8499314554277169
1.8519315164647359
1.853056550798059
1.8541815851313823
1.8549316080202642
1.8560566423535876
1.8563066499832148
1.8559316385387736
1.8545565965758233
1.8541815851313823
1.8521815240943633
1.8508064821314127
1.8479313943906979
1.8456813257240516
1.8430562456129642
1.8398061464278084
1.8361810357982116
1.8323059175389873
1.8280557878353223
1.8240556657612843
1.8188055055391095
1.813805352946562
1.8088052003540147
1.8038050477614673
1.7983048799096653
1.7929297158726767
1.7873045442060609
1.7809293496505632
1.7759291970580158
1.7694289986877043
1.7633038117618336
1.7570536210211494
1.750428418836024
1.7448032471694084
1.7384280526139104
1.7331778923917356
1.7266776940214241
1.7201774956511124
1.7138023010956145
1.707677114169744
1.701676931058687
1.695426740318003
1.6893015533921325
1.6835513779107028
1.6776761986144597
1.6725510422070986
1.667300881984924
1.6615507065034945
1.6560505386516924
1.6508003784295175
1.6453002105777155
1.6404250617999818
1.6356749168370617
1.6317997985778374
1.6270496536149175
1.6224245124668113
1.6182993865779596
1.6147992797631765
1.6104241462446975
1.6071740470595417
1.6036739402447586
1.599548814355907
1.5964237189855648
1.5937986388744774
1.5911735587633902
1.5886734824671163
1.5862984099856563
1.5837983336893826
1.582048280281991
1.579673207800531
1.5776731467635121
1.5755480819116796
1.5735480208746606
1.5722979827265235
1.570547929319132
1.569422894985809
1.5679228492080448
1.5667978148747217
1.5659227881710258
1.5644227423932615
1.5632977080599384
1.5631727042451247
1.561922666096988
1.5607976317636647
1.5607976317636647
1.5605476241340372
1.5589225745414594
1.559047578356273
1.5587975707266457
1.5581725516525773
1.55792254402295
1.5545474410229805
1.5536724143192846
1.553547410504471
1.55317239906003
1.553547410504471
1.553547410504471
1.5542974333933532
1.553922421948912
1.5540474257637258
1.5537974181340983
1.5541724295785393
1.5537974181340983
1.5537974181340983
1.5537974181340983
1.555172460097049
1.5549224524674214
1.5552974639118626
1.5554224677266761
1.5550474562822352
1.5554224677266761
1.5550474562822352
1.5554224677266761
1.5557974791711173
1.5564224982451857
1.5564224982451857
1.5569225135044404
1.5572975249488816
1.557172521134068
1.5576725363933226
1.5569225135044404
1.557797540208136
1.5580475478377636
1.5580475478377636
1.5584225592822047
1.557797540208136
1.5595475936155279
1.5594225898007141
1.5595475936155279
1.559922605059969
1.5600476088747826
1.5604226203192237
1.560672627948851
1.5605476241340372
1.561172643208106
1.561172643208106
1.5615476546525469
1.5614226508377331
1.5626726889858698
1.561922666096988
1.5629226966154972
1.5627976928006837
1.5631727042451247
1.5632977080599384
1.563422711874752
1.5636727195043794
1.563797723319193
1.564172734763634
1.5649227576525162
1.5646727500228887
1.56504776146733
1.5656727805413984
1.565797784356212
1.566172795800653
1.566297799615467
1.5675478377636038
1.568172856837672
1.5687978759117405
1.5696729026154363
1.5700479140598773
1.5706729331339457
1.5719229712820828
1.5722979827265235
1.5727979979857785
1.5744230475783563
1.5760480971709343
1.5770481276894437
1.5790481887264625
1.5805482345042268
1.5819232764671776
1.58404834131901
1.5862984099856563
1.5889234900967437
1.5912985625782037
1.594298654133732
1.596798730430006
1.601048860133671
1.6041739555040133
1.6085490890224923
1.6126742149113438
1.6162993255409406
1.6205494552446058
1.6254246040223395
1.6297997375408186
1.6347998901333658
1.6400500503555409
1.6464252449110386
1.6516754051332134
1.6579255958738974
1.6643007904293954
1.6701759697256386
1.6768011719107638
1.682676351207007
1.6884265266884364
1.6944267097994934
1.701301919614246
1.7073021027253028
1.7129272743919186
1.7183024384289072
1.7238026062807095
1.728302743614002
1.732677877132481
1.7369280068361461
1.7404281136509292
1.7435532090212715
1.746053285317545
1.7491783806878873
1.751178441724906
1.752053468428602
1.7534285103915526
1.7538035218359938
1.753178502761925
1.7528034913174841
1.751178441724906
1.7486783654286326
1.7473033234656818
1.7441782280953397
1.740553117465743
1.737428022095401
1.7324278695028534
1.727927732169561
1.7231775872066408
1.7169273964659566
1.712052247688223
1.7059270607623525
1.699301858577227
1.6939266945402387
1.6880515152439954
1.6823013397625661
1.6766761680959503
1.6703009735404524
1.6635507675405132
1.657800592059084
1.651800408948027
1.645925229651784
1.6409250770592365
1.6352999053926207
1.630799768059328
1.6254246040223395
1.6210494705038605
1.616549333170568
1.6122992034669026
1.6086740928373058
1.6047989745780817
1.6012988677632984
1.5977987609485154
1.594673665578173
1.592798608355968
1.589923520615253
1.5877984557634206
1.5861734061708426
1.5839233375041963
1.5819232764671776
1.580048219244972
1.5782981658375803
1.5761731009857478
1.5739230323191016
1.5716729636524553
1.5690478835413677
1.565422772911771
1.561797662282174
1.5569225135044404
1.55079732657857
1.5442971282082585
1.5361718802453688
1.5271716055787836
1.5180463270973845
1.5092960600604266
1.4985457319864497
1.4901704763939327
1.4825452436902982
1.476295052949614
1.4709198889126254
1.4702948698385572
1.4726699423200171
1.478295113986633
1.4891704458754236
1.506420972319712
1.5297966856898708
1.5587975707266457
1.5952986846522417
1.638299996948149
1.6875514999847407
1.7440532242805262
1.8045550706503495
1.8699320657979064
1.9378091372417372
2.0061862239448223
2.0728132572405165
2.1353151646473587
2.1905668507950073
2.236568254646443
2.26869423505356
2.2873198034607993
2.2924449598681598
2.2830696737571334
2.260318979461043
2.2234428540910063
2.17606640827662
2.117689626758629
2.0514376049073766
1.9799354228339487
1.9048081301309243
1.8301808526871548
1.759553697317423
1.693426679280984
1.6330498367259743
1.5780481582079533
1.530671712393567
1.4907954954680014
1.4577944883571887
1.4327937253944516
1.4151681875057223
1.4041678518021181
1.399042695394757
1.4004177373577074
1.4052928861354412
1.414918179876095
1.4274185613574633
1.4407939695425276
1.4565444502090519
1.471544907986694
1.4871703848384046
1.5022958464308604
1.514796227912229
1.5271716055787836
1.5367968993194372
1.5459221778008363
1.553922421948912
1.5592975859859004
1.564297738578448
1.5682978606524856
1.5712979522080142
1.5732980132450332
1.5756730857264931
1.5774231391338847
1.5791731925412764
1.580048219244972
1.5811732535782954
1.5821732840968048
1.5835483260597554
1.5850483718375195
1.58642341380047
1.587923459578234
1.5889234900967437
1.590798547318949
1.591923581652272
1.5940486465041048
1.5956736960966826
1.59829877620777
1.6004238410596028
1.6020488906521806
1.6055489974669637
1.607049043244728
1.6095491195410014
1.611799188207648
1.6146742759483628
1.6179243751335184
1.6211744743186742
1.6242995696890163
1.628049684133427
1.6310497756889553
1.6350498977629933
1.6394250312814722
1.6425501266518143
1.6469252601702933
1.6506753746147038
1.6549255043183693
1.6606756797997986
1.6650508133182775
1.669675954466384
1.6749261146885588
1.6813013092440567
1.686301461836604
1.6923016449476609
1.6968017822809534
1.7026769615771966
1.708177129428999
1.7136772972808008
1.7201774956511124
1.7264276863917967
1.7328028809472946
1.7390530716879788
1.7446782433545946
1.750428418836024
1.756428601947081
1.7618037659840693
1.7676789452803126
1.7739291360209968
1.7793043000579851
1.7858044984282968
1.7901796319467758
1.7959298074282053
1.8009299600207527
1.8056801049836726
1.811055269020661
1.8146803796502577
1.819430524613178
1.8233056428724022
1.8276807763908811
1.8318059022797326
1.835306009094516
1.838806115909299
1.8413061922055727
1.8435562608722191
1.8469313638721885
1.8490564287240212
1.8508064821314127
1.8521815240943633
1.8536815698721276
1.8544315927610096
1.8555566270943329
1.8564316537980285
1.8564316537980285
1.8553066194647054
1.8544315927610096
1.8534315622425002
1.8520565202795496
1.849181432538835
1.8475563829462571
1.845181310464797
1.8421812189092686
1.8386811120944853
1.8355560167241434
1.831305887020478
1.826930753501999
1.82255561998352
1.8184304940946685
1.8125553147984252
1.8073051545762506
1.8020549943540758
1.7976798608355968
1.7911796624652854
1.7860545060579243
1.780179326761681
1.774304147465438
1.768303964354381
1.7621787774285103
1.7554285714285716
1.7495533921323283
1.7429281899472029
1.7370530106509599
1.7309278237250891
1.7248026367992186
1.7186774498733484
1.712052247688223
1.7063020722067934
1.700926908169805
1.6936766869106112
1.6879265114291817
1.6823013397625661
1.6763011566515091
1.6715510116885892
1.6656758323923462
1.660550675984985
1.6548005005035553
1.649425336466567
1.6441751762443924
1.639550035096286
1.6346748863185523
1.6301747489852596
1.6259246192815942
1.6219244972075564
1.6177993713187049
1.613799249244667
1.6099241309854426
1.6062990203558458
1.6024239020966218
1.599548814355907
1.5960487075411238
1.5930486159855952
1.5911735587633902
1.587923459578234
1.5857983947264016
1.5835483260597554
1.5806732383190405
1.5787981810968352
1.5770481276894437
1.5754230780968657
1.5730480056154057
1.5712979522080142
1.570172917874691
1.5690478835413677
1.5679228492080448
1.5671728263191627
1.5655477767265848
1.5640477309488205
1.5636727195043794
1.5625476851710562
1.5614226508377331
1.561047639393292
1.559797601245155
1.559047578356273
1.5587975707266457
1.559047578356273
1.5585475630970183
1.5580475478377636
1.556797509689627
1.5537974181340983
1.5534224066896571
1.5542974333933532
1.5542974333933532
1.55317239906003
1.5536724143192846
1.553922421948912
1.5541724295785393
1.5537974181340983
1.5540474257637258
1.5540474257637258
1.5530473952452162
1.553922421948912
1.5545474410229805
1.553922421948912
1.5544224372081668
1.555172460097049
1.5554224677266761
1.5556724753563036
1.554672444837794
1.5556724753563036
1.5556724753563036
1.5560474868007448
1.5562974944303722
1.5564224982451857
1.5564224982451857
1.5570475173192542
1.5576725363933226
1.5576725363933226
1.5575475325785089
1.5580475478377636
1.5581725516525773
1.5576725363933226
1.5584225592822047
1.559047578356273
1.559047578356273
1.559172582171087
1.5600476088747826
1.5607976317636647
1.5605476241340372
1.5605476241340372
1.560672627948851
1.560672627948851
1.5616726584673606
1.561172643208106
1.5620476699118016
1.561922666096988
1.5621726737266153
1.561922666096988
1.562297677541429
1.5627976928006837
1.563047700430311
1.5629226966154972
1.563422711874752
1.5636727195043794
1.564297738578448
1.5647977538377027
1.56504776146733
1.5652977690969574
1.5655477767265848
1.5656727805413984
1.5659227881710258
1.5671728263191627
1.567047822504349
1.567047822504349
1.5672978301339764
1.5687978759117405
1.5699229102450638
1.570547929319132
1.5714229560228279
1.5714229560228279
1.5722979827265235
1.5732980132450332
1.57454805139317
1.5759230933561206
1.5771731315042574
1.5787981810968352
1.580923245948668
1.582048280281991
1.5849233680227057
1.587298440504166
1.5895485091708121
1.5921735892818996
1.594298654133732
1.5976737571337016
1.6019238868373669
1.6049239783928952
1.609049104281747
1.613424237800226
1.6175493636890774
1.621299478133488
1.6257996154667806
1.6310497756889553
1.6360499282815029
1.6413000885036775
1.6471752677999205
1.6529254432813503
1.6593006378368482
1.6656758323923462
1.6714260078737755
1.677551194799646
1.683926389355144
1.6898015686513872
1.695426740318003
1.7023019501327556
1.7079271217993715
1.7139273049104282
1.7193024689474166
1.725052644428846
1.729427777947325
1.7339279152806177
1.7380530411694692
1.7414281441694388
1.7441782280953397
1.7470533158360546
1.7494283883175148
1.7518034607989748
1.7529284951322976
1.7536785180211798
1.7535535142063663
1.7530534989471116
1.752428479873043
1.7508034302804651
1.7484283577990052
1.7463032929471725
1.743303201391644
1.7395530869472335
1.7356779686880093
1.7318028504287852
1.7268026978362376
1.7221775566881314
1.715552354503006
1.710052186651204
1.704927030243843
1.6985518356883451
1.6925516525772883
1.6869264809106725
1.6808012939848018
1.6749261146885588
1.6686759239478743
1.6631757560960723
1.6571755729850153
1.6503003631702629
1.6449251991332745
1.6393000274666587
1.6340498672444839
1.6286747032074953
1.6244245735038303
1.6197994323557239
1.6157993102816859
1.611799188207648
1.6077990661336101
1.6042989593188268
1.6007988525040437
1.5976737571337016
1.5936736350596639
1.5920485854670858
1.5892985015411847
1.5874234443189794
1.5857983947264016
1.5839233375041963
1.5817982726523636
1.5797982116153446
1.5779231543931396
1.5755480819116796
1.5735480208746606
1.5714229560228279
1.5680478530228583
1.565797784356212
1.561047639393292
1.5560474868007448
1.549547288430433
1.5429220862453077
1.5344218268379772
1.5251715445417646
1.515921262245552
1.5061709646900845
1.4972956938383128
1.4886704306161689
1.4805451826532792
1.4752950224311043
1.471544907986694
1.4702948698385572
1.4731699575792718
1.4804201788384654
1.492545548875393
1.5111711172826319
1.5347968382824184
1.5656727805413984
1.6035489364299447
1.6484253059480574
1.698176824243904
1.7558035828730125
1.8180554826502273
1.88430750450148
1.95180956450087
2.0201866512039555
2.0868136844996488
2.147440534684286
2.201317178868984
2.2451935178685876
2.2736943876461075
2.289319864497818
2.2911949217200234
2.279069551683096
2.252818750572222
2.214442579424421
2.1649410687582016
2.1048142338328195
2.0371871700186164
1.9646849574266794
1.889932676168096
1.8166804406872767
1.745678273873104
1.6804262825403606
1.620924466689047
1.568172856837672
1.5220464491714225
1.4837952818384352
1.4524193243202002
1.4287936033204138
1.4122930997650074
1.4032928250984222
1.3992927030243845
1.401792779320658
1.4066679280983916
1.417168248542741
1.4297936338389234
1.4445440839869381
1.4592945341349528
1.4752950224311043
1.4904204840235602
1.5036708883938108
1.517796319467757
1.5289216589861752
1.5395469832453383
1.5471722159489731
1.5545474410229805
1.559922605059969
1.5646727500228887
1.568547868282113
1.5719229712820828
1.5732980132450332
1.5759230933561206
1.5777981505783258
1.578923184911649
1.5804232306894133
1.5819232764671776
1.582923306985687
1.5837983336893826
1.5857983947264016
1.5865484176152838
1.5881734672078616
1.5894235053559984
1.5910485549485762
1.592798608355968
1.5939236426892909
1.5957986999114964
1.5974237495040742
1.6002988372447888
1.6024239020966218
1.6052989898373364
1.6075490585039827
1.61017413861507
1.6127992187261575
1.6154242988372447
1.6181743827631458
1.621299478133488
1.6246745811334575
1.6281746879482406
1.631674794763024
1.635924924466689
1.639550035096286
1.6431751457258827
1.647425275429548
1.6519254127628407
1.6559255348368787
1.6613006988738672
1.6659258400219734
1.6705509811700798
1.6758011413922544
1.6816763206884975
1.6865514694662314
1.6921766411328472
1.697426801355022
1.7033019806512648
1.7089271523178808
1.7153023468733786
1.7213025299844356
1.7273027130954923
1.733427900021363
1.7395530869472335
1.7453032624286628
1.7513034455397198
1.7573036286507766
1.7629288003173924
1.7688039796136357
1.774179143650624
1.7800543229468673
1.7851794793542284
1.7913046662800989
1.79642982268746
1.8010549638355662
1.8064301278725547
1.811180272835475
1.8164304330576495
1.8199305398724328
1.8240556657612843
1.8280557878353223
1.8328059327982422
1.8359310281685843
1.8390561235389262
1.8421812189092686
1.844306283761101
1.8476813867610706
1.8489314249092075
1.8505564745017853
1.8519315164647359
1.8536815698721276
1.8545565965758233
1.8555566270943329
1.8558066347239601
1.856181646168401
1.8558066347239601
1.8544315927610096
1.8538065736869411
1.8518065126499221
1.849556443983276
1.847181371501816
1.845181310464797
1.8416812036500139
1.8383061006500443
1.8349309976500747
1.8305558641315958
1.8264307382427443
1.8220556047242653
1.8173054597613454
1.8120552995391705
1.8066801355021822
1.8019299905392623
1.79642982268746
1.7908046510208442
1.7854294869838556
1.7795543076876126
1.7735541245765558
1.7675539414654988
1.7618037659840693
1.7554285714285716
1.7484283577990052
1.7430531937620168
1.7363029877620777
1.7300527970213935
1.7245526291695914
1.7179274269844662
1.7115522324289683
1.705677053132725
1.6994268623920408
1.693426679280984
1.6879265114291817
1.681926328318125
1.6763011566515091
1.670050965910825
1.6650508133182775
1.6595506454664755
1.6543004852443006
1.6495503402813807
1.6436751609851377
1.6391750236518448
1.6341748710592976
1.6294247260963775
1.6261746269112216
1.6210494705038605
1.6171743522446362
1.6136742454298534
1.6095491195410014
1.6057990050965911
1.6024239020966218
1.5989237952818385
1.5959237037263099
1.5930486159855952
1.5906735435041353
1.5876734519486069
1.5854233832819604
1.5834233222449416
1.5811732535782954
1.5790481887264625
1.5766731162450025
1.5750480666524247
1.5727979979857785
1.5719229712820828
1.5704229255043185
1.5691728873561817
1.5676728415784174
1.5665478072450942
1.5649227576525162
1.5644227423932615
1.5631727042451247
1.5624226813562427
1.5615476546525469
1.5604226203192237
1.5605476241340372
1.559047578356273
1.559172582171087
1.5587975707266457
1.5589225745414594
1.55792254402295
1.5575475325785089
1.5536724143192846
1.553547410504471
1.5536724143192846
1.5534224066896571
1.5530473952452162
1.5536724143192846
1.553922421948912
1.5540474257637258
1.553922421948912
1.5540474257637258
1.5536724143192846
1.5540474257637258
1.553922421948912
1.5541724295785393
1.5545474410229805
1.5544224372081668
1.555172460097049
1.5550474562822352
1.5557974791711173
1.5556724753563036
1.5554224677266761
1.5554224677266761
1.55554747154149
1.5561724906155583
1.556672505874813
1.5569225135044404
1.5569225135044404
1.557797540208136
1.5575475325785089
1.5575475325785089
1.5580475478377636
1.55792254402295
1.5581725516525773
1.558297555467391
1.5585475630970183
1.5594225898007141
1.5595475936155279
1.5601726126895963
1.5604226203192237
1.56029761650441
1.560672627948851
1.5607976317636647
1.5605476241340372
1.561172643208106
1.5614226508377331
1.5626726889858698
1.5624226813562427
1.5625476851710562
1.5621726737266153
1.5629226966154972
1.563047700430311
1.563422711874752
1.5629226966154972
1.5632977080599384
1.5635477156895659
1.564172734763634
1.5644227423932615
1.5651727652821437
1.565797784356212
1.566172795800653
1.565422772911771
1.5660477919858395
1.5665478072450942
1.5664228034302805
1.56742283394879
1.5687978759117405
1.5689228797265542
1.5696729026154363
1.5704229255043185
1.5712979522080142
1.5724229865413375
1.5726729941709647
1.5729230018005922
1.5750480666524247
1.5760480971709343
1.5782981658375803
1.5786731772820215
1.580923245948668
1.5830483108005005
1.5850483718375195
1.5870484328745385
1.5894235053559984
1.5921735892818996
1.594798669392987
1.5985487838373975
1.6022988982818078
1.60542399365215
1.6100491348002564
1.614174260689108
1.6180493789483323
1.6216744895779291
1.6265496383556628
1.6317997985778374
1.6364249397259438
1.6416750999481187
1.6478002868739892
1.6535504623554185
1.6590506302072208
1.6654258247627187
1.6721760307626576
1.6781762138737144
1.684301400799585
1.691051606799524
1.6961767632068852
1.7028019653920103
1.708802148503067
1.7143023163548692
1.7196774803918575
1.7248026367992186
1.7295527817621388
1.7338029114658042
1.7383030487990967
1.741303140354625
1.7443032319101537
1.7471783196508683
1.7491783806878873
1.7510534379100926
1.752053468428602
1.7529284951322976
1.7536785180211798
1.7530534989471116
1.752428479873043
1.7508034302804651
1.7488033692434461
1.7458032776879178
1.7428031861323894
1.7400531022064882
1.7360529801324502
1.7311778313547166
1.7268026978362376
1.7216775414288765
1.7159273659474472
1.710427198095645
1.7044270149845882
1.698176824243904
1.6925516525772883
1.6865514694662314
1.6801762749107334
1.6738010803552354
1.6685509201330608
1.6618007141331217
1.6560505386516924
1.6504253669850764
1.6448001953184606
1.6393000274666587
1.6334248481704154
1.62917471846675
1.6241745658742028
1.6192994170964692
1.6162993255409406
1.6111741691335797
1.6075490585039827
1.6039239478743859
1.6005488448744163
1.596673726615192
1.5941736503189183
1.5920485854670858
1.5891734977263712
1.587298440504166
1.5855483870967744
1.5839233375041963
1.58167326883755
1.5797982116153446
1.5777981505783258
1.5752980742820522
1.5732980132450332
1.5712979522080142
1.567797845393231
1.564172734763634
1.561047639393292
1.5554224677266761
1.5494222846156194
1.542422070986053
1.5339218115787225
1.5251715445417646
1.5154212469862973
1.5054209418012026
1.4965456709494307
1.4880454115421002
1.4805451826532792
1.4745449995422222
1.4707948850978119
1.4710448927274393
1.4732949613940856
1.4807951902829066
1.4935455793939025
1.5117961363567003
1.5367968993194372
1.5679228492080448
1.6056740012817774
1.6509253822443313
1.7023019501327556
1.7590536820581684
1.8213055818353832
1.8880576189458909
1.9553096713156528
2.0235617542039246
2.0898137760551774
2.1508156376842553
2.204442274239326
2.2463185522019105
2.275069429609058
2.289944883571886
2.2911949217200234
2.2783195287942135
2.2511937009796443
2.2125675222022156
2.161690969573046
2.100939115573595
2.0326870326853235
1.9601848200933867
1.8849325235755487
1.8113052766502884
1.7415531479842525
1.6768011719107638
1.6175493636890774
1.5655477767265848
1.5195463728751488
1.4815452131717888
1.450544267097995
1.4284185918759726
1.409793023468734
1.4020427869502854
1.3987926877651295
1.4012927640614032
1.4075429548020875
1.4179182714316232
1.4304186529129916
1.4449190954313793
1.4605445722830899
1.475920041505173
1.491295510727256
1.5052959379863888
1.5180463270973845
1.5295466780602436
1.539671987060152
1.5474222235786004
1.55554747154149
1.5605476241340372
1.5652977690969574
1.5687978759117405
1.5719229712820828
1.5731730094302194
1.5759230933561206
1.5776731467635121
1.5791731925412764
1.5795482039857174
1.5819232764671776
1.5827983031708732
1.5841733451338236
1.5854233832819604
1.5871734366893522
1.5882984710226753
1.5895485091708121
1.5911735587633902
1.5930486159855952
1.5944236579485458
1.5965487228003785
1.5979237647633289
1.60067384868923
1.6029239173558765
1.6055489974669637
1.608174077578051
1.61017413861507
1.6131742301705987
1.6155493026520584
1.6190494094668417
1.6217994933927427
1.6254246040223395
1.6285496993926818
1.6320498062074649
1.6364249397259438
1.6400500503555409
1.6435501571703237
1.6476752830591754
1.6520504165776544
1.656925565355388
1.660550675984985
1.666050843836787
1.6709259926145208
1.6761761528366956
1.681926328318125
1.6880515152439954
1.6929266640217293
1.6980518204290902
1.704052003540147
1.7095521713919493
1.7150523392437513
1.7221775566881314
1.7274277169103063
1.733052888576922
1.7399280983916745
1.7465533005767997
1.7519284646137883
1.757553636280404
1.7636788232062746
1.7690539872432631
1.7748041627246927
1.780679342020936
1.7861795098727378
1.79167967772454
1.7970548417615282
1.802805017242958
