1.4386689046906949
1.4544193853572192
1.4696698507644885
1.485295327616199
1.4991707510605183
1.51279616687521
1.5240465102084415
1.5351718497268594
1.5432970976897489
1.5522973723563342
1.5581725516525773
1.5635477156895659
1.5676728415784174
1.5704229255043185
1.5732980132450332
1.5752980742820522
1.57692312387463
1.5784231696523943
1.5795482039857174
1.582048280281991
1.5821732840968048
1.5837983336893826
1.5855483870967744
1.5869234290597247
1.5876734519486069
1.588423474837489
1.5905485396893215
1.5920485854670858
1.5945486617633595
1.5959237037263099
1.5976737571337016
1.5999238258003479
1.6022988982818078
1.6039239478743859
1.6060490127262186
1.609049104281747
1.611424176763207
1.6139242530594806
1.6180493789483323
1.6201744438001648
1.6237995544297616
1.6277996765037996
1.63154979094821
1.6347998901333658
1.6380499893185219
1.6418001037629322
1.6456752220221567
1.6503003631702629
1.6543004852443006
1.6599256569109164
1.6641757866145819
1.669300943021943
1.6734260689107945
1.6790512405774103
1.6840513931699574
1.6900515762810144
1.695426740318003
1.700926908169805
1.7066770836512346
1.7136772972808008
1.7193024689474166
1.7251776482436598
1.7319278542435987
1.7375530259102145
1.7424281746879482
1.7490533768730736
1.7553035676137578
1.7605537278359324
1.7664289071321757
1.7733041169469284
1.7789292886135442
1.7835544297616506
1.789679616687521
1.7946797692800684
1.799554918057802
1.804805078279977
1.8095552232428969
1.8139303567613758
1.8190555131687367
1.8218055970946379
1.8268057496871855
1.8306808679464095
1.8354310129093294
1.8379310892056033
1.8411811883907592
1.8434312570574054
1.8461813409833063
1.8476813867610706
1.8504314706869718
1.852681539353618
1.853181554612873
1.8544315927610096
1.8559316385387736
1.8559316385387736
1.8549316080202642
1.8556816309091464
1.8549316080202642
1.8539315775017549
1.8516815088351086
1.8490564287240212
1.8475563829462571
1.8456813257240516
1.8429312417981507
1.8395561387981811
1.8359310281685843
1.8328059327982422
1.8276807763908811
1.8233056428724022
1.8184304940946685
1.814180364391003
1.808680196539201
1.8033050325022126
1.7980548722800378
1.7929297158726767
1.7868045289468062
1.781679372539445
1.7755541856135748
1.7696790063173315
1.762803796502579
1.7573036286507766
1.7509284340952787
1.744553239539781
1.7379280373546557
1.7324278695028534
1.726302682576983
1.718427442243721
1.7141773125400557
1.7074271065401168
1.7011769157994323
1.6948017212439344
1.6896765648365732
1.6838013855403302
1.6781762138737144
1.6726760460219123
1.6666758629108556
1.6604256721701711
1.655800531022065
1.6506753746147038
1.6449251991332745
1.6404250617999818
1.6370499588000123
1.63154979094821
1.6269246498001038
1.6236745506149481
1.6182993865779596
1.6150492873928037
1.6102991424298836
1.6071740470595417
1.6029239173558765
1.6000488296151616
1.5961737113559373
1.5937986388744774
1.591923581652272
1.58879848628193
1.586048402356029
1.5836733298745689
1.582048280281991
1.579673207800531
1.5770481276894437
1.5754230780968657
1.5737980285042878
1.5731730094302194
1.5706729331339457
1.5696729026154363
1.5682978606524856
1.5665478072450942
1.5667978148747217
1.5645477462080752
1.563422711874752
1.5624226813562427
1.561797662282174
1.5609226355784784
1.5614226508377331
1.559797601245155
1.5594225898007141
1.559047578356273
1.558297555467391
1.5576725363933226
1.5574225287636951
1.5544224372081668
1.5536724143192846
1.5544224372081668
1.5544224372081668
1.553547410504471
1.5540474257637258
1.5536724143192846
1.553922421948912
1.5537974181340983
1.5536724143192846
1.5532974028748436
1.5537974181340983
1.5545474410229805
1.5542974333933532
1.5545474410229805
1.555172460097049
1.555172460097049
1.554797448652608
1.555922482985931
1.555172460097049
1.5556724753563036
1.5556724753563036
1.5556724753563036
1.5564224982451857
1.5562974944303722
1.5572975249488816
1.5580475478377636
1.5574225287636951
1.55792254402295
1.5576725363933226
1.557797540208136
1.5580475478377636
1.5585475630970183
1.5589225745414594
1.559047578356273
1.5592975859859004
1.559172582171087
1.5607976317636647
1.559172582171087
1.5600476088747826
1.5604226203192237
1.559922605059969
1.5605476241340372
1.561172643208106
1.5615476546525469
1.5616726584673606
1.5621726737266153
1.561797662282174
1.5625476851710562
1.5624226813562427
1.5621726737266153
1.5626726889858698
1.5632977080599384
1.5632977080599384
1.5635477156895659
1.564297738578448
1.5646727500228887
1.5649227576525162
1.5656727805413984
1.5660477919858395
1.566172795800653
1.565797784356212
1.566172795800653
1.5664228034302805
1.56742283394879
1.5686728720969267
1.5691728873561817
1.5695478988006226
1.5697979064302499
1.570547929319132
1.5711729483932007
1.5717979674672689
1.5734230170598467
1.5741730399487288
1.5761731009857478
1.5770481276894437
1.578923184911649
1.5804232306894133
1.5822982879116183
1.5836733298745689
1.5862984099856563
1.5886734824671163
1.5915485702078311
1.5945486617633595
1.5969237342448195
1.6012988677632984
1.6044239631336406
1.6079240699484236
1.612174199652089
1.6167993408001955
1.6211744743186742
1.6250495925778985
1.6297997375408186
1.6356749168370617
1.6404250617999818
1.6461752372814111
1.6524254280220954
1.6579255958738974
1.6644257942442091
1.6701759697256386
1.6763011566515091
1.6825513473921934
1.6888015381328776
1.6946767174291208
1.7010519119846188
1.7075521103549303
1.7133022858363598
1.718427442243721
1.7231775872066408
1.7285527512436292
1.73230286568804
1.7361779839472642
1.7399280983916745
1.7434282052064578
1.7463032929471725
1.7489283730582599
1.7508034302804651
1.7523034760582294
1.7534285103915526
1.7535535142063663
1.7534285103915526
1.7529284951322976
1.7510534379100926
1.7486783654286326
1.7473033234656818
1.7441782280953397
1.7406781212805567
1.7368030030213324
1.732677877132481
1.7268026978362376
1.7231775872066408
1.7173024079103976
1.711177220984527
1.705677053132725
1.701301919614246
1.6944267097994934
1.6881765190588092
1.6824263435773796
1.6765511642811366
1.6701759697256386
1.6636757713553272
1.6574255806146427
1.651800408948027
1.645925229651784
1.6414250923184912
1.6354249092074344
1.630424756614887
1.6261746269112216
1.6211744743186742
1.616549333170568
1.6129242225409712
1.6079240699484236
1.6040489516891996
1.6007988525040437
1.5981737723929563
1.5965487228003785
1.5926736045411543
1.590423535874508
1.587923459578234
1.5857983947264016
1.5842983489486373
1.582048280281991
1.5797982116153446
1.5780481582079533
1.5770481276894437
1.5736730246894741
1.5719229712820828
1.5690478835413677
1.5660477919858395
1.5615476546525469
1.5570475173192542
1.5512973418378246
1.544422132023072
1.5367968993194372
1.5277966246528518
1.5189213538010804
1.5090460524307994
1.4992957548753318
1.490920499282815
1.4832952665791803
1.4765450605792412
1.4712949003570666
1.469919858394116
1.471919919431135
1.4776700949125645
1.489420453505051
1.5061709646900845
1.5282966399121067
1.557797540208136
1.5936736350596639
1.636674947355571
1.6858014465773492
1.7414281441694388
1.8021799981688895
1.8671819818720055
1.9354340647602772
2.0030611285744806
2.069938169499802
2.1333151036103395
2.1888167973876156
2.2344431897946104
2.267194189275796
2.2873198034607993
2.2920699484237193
2.2836946928312023
2.2621940366832485
2.2264429456465344
2.1783164769432664
2.1210647297585985
2.0551877193517867
1.983060518204291
1.908558244575335
1.8336809595019379
1.7629288003173924
1.6965517746513261
1.6356749168370617
1.5819232764671776
1.5332967925046541
1.4930455641346478
1.4597945493942077
1.4341687673574024
1.4157932065797907
1.4055428937650685
1.399417706839198
1.3996677144688254
1.4042928556169316
1.4126681112094486
1.4265435346537676
1.4406689657277139
1.455669423505356
1.4707948850978119
1.4856703390606403
1.5005457930234687
1.5145462202826014
1.525796563615833
1.5366718955046237
1.5454221625415814
1.552797387615589
1.5585475630970183
1.5640477309488205
1.5676728415784174
1.5706729331339457
1.5731730094302194
1.5755480819116796
1.5767981200598165
1.5786731772820215
1.5797982116153446
1.5814232612079226
1.5822982879116183
1.5841733451338236
1.5851733756523332
1.5855483870967744
1.587923459578234
1.5889234900967437
1.589923520615253
1.5917985778374584
1.5939236426892909
1.5957986999114964
1.5979237647633289
1.6002988372447888
1.6021738944669943
1.6042989593188268
1.6072990508743554
1.6091741080965607
1.6112991729483932
1.6139242530594806
1.6180493789483323
1.620924466689047
1.6236745506149481
1.627674672688986
1.6306747642445143
1.6347998901333658
1.638299996948149
1.6423001190221869
1.645925229651784
1.6501753593554491
1.6551755119479965
1.6588006225775933
1.6645507980590228
1.669175939207129
1.6744260994293039
1.679926267281106
1.684301400799585
1.6909266029847103
1.6960517593920712
1.701676931058687
1.7079271217993715
1.7135522934659873
1.7193024689474166
1.7255526596881008
1.7320528580584125
1.737803033539842
1.743678212836085
1.749678395947142
1.755553575243385
1.761553758354442
1.7668039185766167
1.7728041016876737
1.7789292886135442
1.7841794488357188
1.7898046205023346
1.7953047883541369
1.7998049256874293
1.8054300973540451
1.8096802270577106
1.8145553758354442
1.8186805017242957
1.8236806543168431
1.8273057649464401
1.8310558793908505
1.835306009094516
1.838431104464858
1.8409311807611317
1.844681295205542
1.8465563524277475
1.848306405835139
1.8508064821314127
1.8523065279091768
1.853181554612873
1.8543065889461958
1.8556816309091464
1.8556816309091464
1.8555566270943329
1.8551816156498917
1.8546816003906368
1.8533065584276864
1.851556505020295
1.8504314706869718
1.8480563982055118
1.8455563219092381
1.842806237983337
1.8398061464278084
1.836056031983398
1.8319309060945466
1.8275557725760676
1.8223056123538928
1.8178054750206
1.813430341502121
1.8084301889095737
1.8034300363170261
1.7981798760948515
1.7934297311319314
1.7873045442060609
1.7809293496505632
1.7751791741691336
1.7690539872432631
1.7630538041322064
1.756428601947081
1.7508034302804651
1.7449282509842219
1.7386780602435379
1.7324278695028534
1.7266776940214241
1.7201774956511124
1.713177282021546
1.708052125614185
1.7014269234290598
1.6951767326883755
1.689426557206946
1.683926389355144
1.677926206244087
1.6724260383922849
1.6666758629108556
1.6611756950590533
1.6559255348368787
1.6506753746147038
1.6451752067629017
1.6408000732444226
1.6356749168370617
1.6317997985778374
1.6265496383556628
1.6227995239112523
1.618549394207587
1.614549272133549
1.6106741538743248
1.6066740318002868
1.60304892117069
1.6004238410596028
1.596673726615192
1.5934236274300364
1.5912985625782037
1.5885484786523028
1.5867984252449112
1.5839233375041963
1.58167326883755
1.5795482039857174
1.5772981353190711
1.5751730704672384
1.5734230170598467
1.5719229712820828
1.5706729331339457
1.5691728873561817
1.5686728720969267
1.5672978301339764
1.5664228034302805
1.5644227423932615
1.5635477156895659
1.5621726737266153
1.5612976470229194
1.5609226355784784
1.5604226203192237
1.5596725974303416
1.559922605059969
1.5584225592822047
1.5581725516525773
1.5576725363933226
1.557797540208136
1.5544224372081668
1.5537974181340983
1.5540474257637258
1.5534224066896571
1.5537974181340983
1.5540474257637258
1.5541724295785393
1.5540474257637258
1.5536724143192846
1.5534224066896571
1.553547410504471
1.553922421948912
1.553922421948912
1.5540474257637258
1.5545474410229805
1.5550474562822352
1.5552974639118626
1.5554224677266761
1.5552974639118626
1.5552974639118626
1.5550474562822352
1.5554224677266761
1.5562974944303722
1.556797509689627
1.5564224982451857
1.5569225135044404
1.557172521134068
1.5569225135044404
1.5574225287636951
1.5575475325785089
1.557797540208136
1.557797540208136
1.55792254402295
1.5585475630970183
1.5589225745414594
1.5596725974303416
1.5596725974303416
1.5596725974303416
1.5594225898007141
1.5600476088747826
1.559922605059969
1.56029761650441
1.5605476241340372
1.5609226355784784
1.5615476546525469
1.5616726584673606
1.562297677541429
1.5620476699118016
1.5620476699118016
1.562297677541429
1.5624226813562427
1.5625476851710562
1.5626726889858698
1.5631727042451247
1.5635477156895659
1.5644227423932615
1.5645477462080752
1.5649227576525162
1.5646727500228887
1.5652977690969574
1.566297799615467
1.5656727805413984
1.566297799615467
1.567797845393231
1.56742283394879
1.5680478530228583
1.5690478835413677
1.5699229102450638
1.5695478988006226
1.5707979369487595
1.5716729636524553
1.5720479750968963
1.5740480361339153
1.5739230323191016
1.5754230780968657
1.5771731315042574
1.5787981810968352
1.5799232154301586
1.5821732840968048
1.5839233375041963
1.5861734061708426
1.5881734672078616
1.5911735587633902
1.5939236426892909
1.597173741874447
1.6005488448744163
1.6040489516891996
1.6080490737632376
1.6116741843928344
1.6155493026520584
1.6204244514297923
1.6245495773186438
1.6287997070223093
1.634299874874111
1.6405500656147955
1.6455502182073427
1.651425397503586
1.6579255958738974
1.6631757560960723
1.6695509506515702
1.675551133762627
1.6818013245033114
1.6876765037995543
1.6945517136143071
1.7011769157994323
1.7064270760216071
1.712427259132664
1.7179274269844662
1.7231775872066408
1.7269277016510514
1.7324278695028534
1.7360529801324502
1.7396780907620473
1.7431781975768303
1.746053285317545
1.7481783501693777
1.7508034302804651
1.7523034760582294
1.7534285103915526
1.7529284951322976
1.7534285103915526
1.752428479873043
1.7505534226508377
1.7494283883175148
1.748053346354564
1.7444282357249672
1.7415531479842525
1.737303018280587
1.7333028962065493
1.7288027588732566
1.7229275795770134
1.7174274117252115
1.7118022400585957
1.7065520798364209
1.7003018890957367
1.6945517136143071
1.6885515305032504
1.6825513473921934
1.6766761680959503
1.6704259773552659
1.6651758171330913
1.6584256111331521
1.6523004242072816
1.647050263985107
1.6409250770592365
1.6354249092074344
1.6310497756889553
1.6261746269112216
1.6215494857631152
1.616924344615009
1.61254921109653
1.6089241004669332
1.6049239783928952
1.6014238715781122
1.598673787652211
1.5960487075411238
1.592798608355968
1.5901735282448806
1.5885484786523028
1.5859233985412151
1.5834233222449416
1.5819232764671776
1.5802982268745993
1.5784231696523943
1.5762981048005615
1.5736730246894741
1.5724229865413375
1.5692978911709952
1.566172795800653
1.562297677541429
1.5574225287636951
1.5516723532822658
1.5454221625415814
1.536921903134251
1.528171636097293
1.5192963652455214
1.509546067690054
1.5002957853938415
1.4914205145420698
1.4831702627643666
1.4765450605792412
1.4724199346903897
1.469919858394116
1.4717949156163215
1.4777950987273782
1.4880454115421002
1.5036708883938108
1.526671590319529
1.5554224677266761
1.5906735435041353
1.6327998290963468
1.6821763359477524
1.7370530106509599
1.7973048493911556
1.8630568559831537
1.9301839045381024
1.9978109683523058
2.065438032166509
2.128439954832606
2.1853166905728325
2.2315681020538958
2.2656941434980316
2.2863197729422895
2.2923199560533463
2.2843197119052707
2.263194067201758
2.229443037202063
2.1821915952024904
2.1254398632770775
2.0596878566850796
1.9884356822412794
1.9130583819086275
1.838806115909299
1.7671789300210579
1.7014269234290598
1.6391750236518448
1.5847983642078922
1.5366718955046237
1.4954206366161078
1.4616696066164128
1.4357938169499802
1.4162932218390454
1.4051678823206275
1.3999177220984527
1.3997927182836392
1.4047928708761863
1.4139181493575854
1.4260435193945127
1.4392939237647635
1.4554194158757288
1.4704198736533707
1.485295327616199
1.500045777764214
1.513546189764092
1.5252965483565784
1.5360468764305553
1.5450471510971404
1.5529223914304024
1.5585475630970183
1.564297738578448
1.56742283394879
1.5707979369487595
1.5731730094302194
1.5752980742820522
1.57692312387463
1.5782981658375803
1.579673207800531
1.5815482650227364
1.5827983031708732
1.5841733451338236
1.5850483718375195
1.5861734061708426
1.5870484328745385
1.5889234900967437
1.589923520615253
1.592298593096713
1.5937986388744774
1.5960487075411238
1.5981737723929563
1.6002988372447888
1.6027989135410627
1.6041739555040133
1.6059240089114046
1.609049104281747
1.611799188207648
1.613799249244667
1.6170493484298227
1.6216744895779291
1.6241745658742028
1.627299661244545
1.631674794763024
1.6347998901333658
1.6381749931333354
1.6425501266518143
1.6465502487258523
1.6500503555406356
1.6549255043183693
1.6593006378368482
1.6644257942442091
1.669300943021943
1.6750511185033723
1.6796762596514787
1.6854264351329082
1.6899265724662007
1.6960517593920712
1.701301919614246
1.706927091280862
1.7138023010956145
1.7188024536881619
1.7255526596881008
1.7321778618732262
1.7379280373546557
1.743803216650899
1.7495533921323283
1.7554285714285716
1.761553758354442
1.7668039185766167
1.7730541093173011
1.778554277169103
1.7843044526505327
1.790929654835658
1.7949297769096957
1.7991799066133611
1.8049300820947904
1.8096802270577106
1.8139303567613758
1.8188055055391095
1.8238056581316568
1.8278057802056948
1.8314308908352916
1.8345559862056338
1.8381810968352306
1.8411811883907592
1.8439312723166599
1.8465563524277475
1.8484314096499528
1.8498064516129031
1.8525565355388043
1.8525565355388043
1.8543065889461958
1.855431623279519
1.8563066499832148
1.8558066347239601
1.8555566270943329
1.8544315927610096
1.853556566057314
1.8514315012054812
1.8505564745017853
1.8490564287240212
1.8453063142796107
1.842806237983337
1.8399311502426223
1.8359310281685843
1.8318059022797326
1.8278057802056948
1.8228056276131475
1.8175554673909728
1.8131803338724937
1.809055207983642
1.8034300363170261
1.7981798760948515
1.7931797235023041
1.7875545518356883
1.7810543534653769
1.7748041627246927
1.7691789910580769
1.7626787926877652
1.7563035981322672
1.750053407391583
1.7444282357249672
1.7384280526139104
1.7321778618732262
1.7260526749473555
1.7191774651326028
1.7136772972808008
1.7075521103549303
1.7010519119846188
1.6951767326883755
1.6898015686513872
1.6833013702810755
1.677926206244087
1.6724260383922849
1.666800866725669
1.6608006836146123
1.6560505386516924
1.6506753746147038
1.6453002105777155
1.6405500656147955
1.63629993591113
1.63154979094821
1.6267996459852903
1.6225495162816248
1.6181743827631458
1.614174260689108
1.6112991729483932
1.6064240241706595
1.6029239173558765
1.5996738181707206
1.5964237189855648
1.5926736045411543
1.5911735587633902
1.5889234900967437
1.5871734366893522
1.5837983336893826
1.5804232306894133
1.5794232001709037
1.5777981505783258
1.5754230780968657
1.5740480361339153
1.5731730094302194
1.5707979369487595
1.5695478988006226
1.568547868282113
1.5679228492080448
1.5652977690969574
1.5647977538377027
1.563422711874752
1.5624226813562427
1.561797662282174
1.561172643208106
1.5605476241340372
1.559922605059969
1.56029761650441
1.559172582171087
1.557797540208136
1.5581725516525773
1.5572975249488816
1.5550474562822352
1.5536724143192846
1.5532974028748436
1.553547410504471
1.553922421948912
1.5541724295785393
1.5537974181340983
1.5522973723563342
1.5537974181340983
1.553547410504471
1.5536724143192846
1.553922421948912
1.5541724295785393
1.5541724295785393
1.5544224372081668
1.5552974639118626
1.554797448652608
1.5550474562822352
1.554672444837794
1.5552974639118626
1.5556724753563036
1.5557974791711173
1.55554747154149
1.5565475020599995
1.5561724906155583
1.5569225135044404
1.5574225287636951
1.5576725363933226
1.5570475173192542
1.557797540208136
1.5575475325785089
1.5580475478377636
1.5580475478377636
1.5594225898007141
1.5587975707266457
1.559797601245155
1.5600476088747826
1.5605476241340372
1.5600476088747826
1.5600476088747826
1.5604226203192237
1.5604226203192237
1.56029761650441
1.561047639393292
1.5614226508377331
1.5620476699118016
1.5624226813562427
1.5621726737266153
1.561922666096988
1.5629226966154972
1.5629226966154972
1.5626726889858698
1.5631727042451247
1.5640477309488205
1.563422711874752
1.564172734763634
1.5645477462080752
1.5652977690969574
1.5635477156895659
1.565422772911771
1.5652977690969574
1.5659227881710258
1.5665478072450942
1.5676728415784174
1.5679228492080448
1.5679228492080448
1.5691728873561817
1.5690478835413677
1.5696729026154363
1.5707979369487595
1.5714229560228279
1.5717979674672689
1.5731730094302194
1.5759230933561206
1.5746730552079835
1.5781731620227668
1.5787981810968352
1.580923245948668
1.582048280281991
1.5837983336893826
1.5866734214300973
1.5890484939115572
1.5914235663930174
1.594798669392987
1.5990487990966522
1.6015488753929257
1.6049239783928952
1.608174077578051
1.6122992034669026
1.6160493179113133
1.6204244514297923
1.6254246040223395
1.6297997375408186
1.6350498977629933
1.6413000885036775
1.6463002410962249
1.6515504013183995
1.6579255958738974
1.6645507980590228
1.6701759697256386
1.677176183355205
1.682676351207007
1.6889265419476913
1.6950517288735618
1.702176946317942
1.7070520950956756
1.713177282021546
1.7183024384289072
1.7240526139103367
1.7278027283547472
1.732677877132481
1.7371780144657736
1.7403031098361157
1.7439282204657125
1.7468033082064272
1.7493033845027008
1.7503034150212105
1.7528034913174841
1.7529284951322976
1.7534285103915526
1.754053529465621
1.7526784875026704
1.7505534226508377
1.7490533768730736
1.7474283272804958
1.7444282357249672
1.7399280983916745
1.7371780144657736
1.7329278847621081
1.727052705465865
1.7228025757621999
1.7173024079103976
1.7110522171697136
1.7055520493179113
1.7004268929105502
1.6944267097994934
1.6884265266884364
1.6825513473921934
1.6759261452070682
1.6695509506515702
1.6636757713553272
1.6576755882442702
1.6515504013183995
1.6460502334665976
1.6400500503555409
1.6350498977629933
1.630424756614887
1.6259246192815942
1.6207994628742333
1.6166743369853815
1.612174199652089
1.6089241004669332
1.6049239783928952
1.6009238563188575
1.59829877620777
1.5956736960966826
1.592423596911527
1.5901735282448806
1.5885484786523028
1.5862984099856563
1.5830483108005005
1.582048280281991
1.5799232154301586
1.5780481582079533
1.576548112430189
1.57454805139317
1.5714229560228279
1.5682978606524856
1.566172795800653
1.5614226508377331
1.5565475020599995
1.5506723227637564
1.5437971129490036
1.5362968840601827
1.52704660176397
1.5181713309121982
1.5082960295419172
1.4986707358012636
1.489795464949492
1.4820452284310435
1.4757950376903592
1.4712949003570666
1.4702948698385572
1.4716699118015075
1.4792951445051423
1.4896704611346783
1.5074210028382216
1.5300466933194983
1.5594225898007141
1.5957986999114964
1.63867500839259
1.6884265266884364
1.744553239539781
1.8054300973540451
1.8706820886867885
1.9393091830195015
2.007561265907773
2.07393829157384
2.1369402142399365
2.1924419080172126
2.2368182622760706
2.268819238868374
2.2884448377941218
2.2920699484237193
2.2828196661275064
2.259318948942534
2.2233178502761928
2.1756913968321787
2.117314615314188
2.0501875667592393
1.9786853846858121
1.9033080843531602
1.8291808221686454
1.7583036591692862
1.6919266335032197
1.6319248023926511
1.5785481734672078
1.5302967009491257
1.490545487838374
1.458044495986816
1.4325437177648244
1.4137931455427717
1.4039178441724907
1.3986676839503158
1.4000427259132666
1.405792901394696
1.4139181493575854
1.4270435499130223
1.4409189733573413
1.4569194616534928
1.4722949308755762
1.487295388653218
1.5017958311716058
1.5151712393566699
1.5267965941343424
1.5372969145786919
1.5466722006897184
1.5534224066896571
1.5594225898007141
1.564297738578448
1.5679228492080448
1.5711729483932007
1.5737980285042878
1.5756730857264931
1.576548112430189
1.5787981810968352
1.5807982421338542
1.5821732840968048
1.5827983031708732
1.58404834131901
1.5851733756523332
1.5861734061708426
1.588048463393048
1.5890484939115572
1.5900485244300668
1.5921735892818996
1.594298654133732
1.596298715170751
1.59829877620777
1.6005488448744163
1.6019238868373669
1.6041739555040133
1.6067990356151007
1.6091741080965607
1.612174199652089
1.6147992797631765
1.6176743675038912
1.6207994628742333
1.6241745658742028
1.628049684133427
1.63154979094821
1.6347998901333658
1.6389250160222175
1.6435501571703237
1.6469252601702933
1.6511753898739585
1.655800531022065
1.659800653096103
1.664925809503464
1.6699259620960112
1.675176122318186
1.6800512710959197
1.6856764427625355
1.6911766106143375
1.6968017822809534
1.7019269386883145
1.7083021332438124
1.7141773125400557
1.7204275032807397
1.7261776787621694
1.733052888576922
1.7384280526139104
1.7441782280953397
1.7503034150212105
1.756428601947081
1.7616787621692556
1.7680539567247535
1.7729291055024872
1.7794293038727989
1.7848044679097874
1.7908046510208442
1.7956797997985778
1.800429944761498
1.8060551164281138
1.8105552537614062
1.8149303872798852
1.8190555131687367
1.8239306619464706
1.8279307840205086
1.8315558946501054
1.8351810052797022
1.8389311197241127
1.8414311960203864
1.844681295205542
1.8464313486129338
1.8485564134647665
1.8503064668721578
1.8525565355388043
1.853056550798059
1.8549316080202642
1.8556816309091464
1.856181646168401
1.8551816156498917
1.855431623279519
1.8540565813165686
1.8533065584276864
1.8514315012054812
1.8499314554277169
1.8480563982055118
1.845181310464797
1.842431226538896
1.8389311197241127
1.835306009094516
1.8315558946501054
1.8270557573168127
1.8224306161687065
1.817430463576159
1.81305533005768
1.8074301583910641
1.8029300210577714
1.7971798455763421
1.7926797082430495
1.7863045136875517
1.780679342020936
1.774179143650624
1.767803949095126
1.761928769798883
1.755553575243385
1.7503034150212105
1.7435532090212715
1.737303018280587
1.7315528427991578
1.7253026520584733
1.7193024689474166
1.7125522629474779
1.7063020722067934
1.7004268929105502
1.6944267097994934
1.6880515152439954
1.6821763359477524
1.6765511642811366
1.671676015503403
1.666050843836787
1.6599256569109164
1.6546754966887418
1.6495503402813807
1.6438001647999512
1.6391750236518448
1.6345498825037386
1.630424756614887
1.625674611651967
1.62204950102237
1.6179243751335184
1.613799249244667
1.609799127170629
1.606174016541032
1.60304892117069
1.5992988067262794
1.5961737113559373
1.5931736198004092
1.590798547318949
1.588423474837489
1.5861734061708426
1.5836733298745689
1.580923245948668
1.578923184911649
1.57692312387463
1.5751730704672384
1.5732980132450332
1.5726729941709647
1.5704229255043185
1.5692978911709952
1.5679228492080448
1.5665478072450942
1.5660477919858395
1.5645477462080752
1.5636727195043794
1.5620476699118016
1.561922666096988
1.5620476699118016
1.560672627948851
1.559797601245155
1.559922605059969
1.5589225745414594
1.558297555467391
1.5575475325785089
1.5572975249488816
1.5540474257637258
1.5545474410229805
1.5541724295785393
1.5537974181340983
1.5537974181340983
1.5534224066896571
1.5532974028748436
1.5541724295785393
1.553922421948912
1.5537974181340983
1.5534224066896571
1.5536724143192846
1.5537974181340983
1.5542974333933532
1.554672444837794
1.5550474562822352
1.5554224677266761
1.5550474562822352
1.5554224677266761
1.55554747154149
1.5552974639118626
1.5560474868007448
1.555922482985931
1.5569225135044404
1.556797509689627
1.5572975249488816
1.5574225287636951
1.5574225287636951
1.5570475173192542
1.5569225135044404
1.5574225287636951
1.55792254402295
1.5581725516525773
1.5581725516525773
1.5589225745414594
1.5594225898007141
1.5601726126895963
1.559172582171087
1.5605476241340372
1.5596725974303416
1.559922605059969
1.5605476241340372
1.560672627948851
1.561172643208106
1.5615476546525469
1.562297677541429
1.561797662282174
1.5621726737266153
1.5624226813562427
1.5624226813562427
1.5629226966154972
1.5629226966154972
1.5629226966154972
1.563422711874752
1.5640477309488205
1.564172734763634
1.56504776146733
1.5652977690969574
1.5659227881710258
1.565422772911771
1.5660477919858395
1.566172795800653
1.5660477919858395
1.5672978301339764
1.5679228492080448
1.568547868282113
1.5687978759117405
1.5696729026154363
1.5696729026154363
1.5707979369487595
1.5717979674672689
1.5720479750968963
1.5732980132450332
1.5747980590227975
1.5759230933561206
1.5772981353190711
1.5794232001709037
1.580923245948668
1.5825482955412458
1.5849233680227057
1.5867984252449112
1.5891734977263712
1.591923581652272
1.5952986846522417
1.5976737571337016
1.6009238563188575
1.6055489974669637
1.6092991119113744
1.6127992187261575
1.6171743522446362
1.6217994933927427
1.626049623096408
1.6309247718741418
1.6360499282815029
1.6413000885036775
1.6471752677999205
1.653425458540605
1.6591756340220343
1.6656758323923462
1.6720510269478437
1.6778012024292734
1.6835513779107028
1.6898015686513872
1.6964267708365124
1.7023019501327556
1.7089271523178808
1.7139273049104282
1.7196774803918575
1.7241776177251504
1.7286777550584431
1.7339279152806177
1.737428022095401
1.740928128910184
1.7441782280953397
1.7473033234656818
1.7494283883175148
1.7513034455397198
1.7534285103915526
1.7535535142063663
1.7536785180211798
1.7533035065767388
1.7518034607989748
1.7508034302804651
1.7485533616138187
1.7473033234656818
1.743678212836085
1.7400531022064882
1.7356779686880093
1.7315528427991578
1.726302682576983
1.7214275337992493
1.7161773735770747
1.710427198095645
1.7039269997253335
1.6991768547624133
1.6930516678365428
1.6874264961699272
1.6810513016144293
1.6743010956144901
1.6679259010589922
1.6623007293923764
1.656550553910947
1.6504253669850764
1.6454252143925292
1.6396750389110997
1.634299874874111
1.62917471846675
1.6247995849482713
1.6205494552446058
1.6157993102816859
1.6112991729483932
1.6075490585039827
1.6039239478743859
1.6001738334299753
1.5975487533188881
1.594673665578173
1.591923581652272
1.5895485091708121
1.587923459578234
1.5850483718375195
1.5836733298745689
1.58167326883755
1.579673207800531
1.5776731467635121
1.5757980895413068
1.5740480361339153
1.5719229712820828
1.5676728415784174
1.5651727652821437
1.5609226355784784
1.5562974944303722
1.550422315134129
1.5427970824304942
1.5340468153935363
1.525796563615833
1.5166712851344342
1.5066709799493394
1.4969206823938719
1.4891704458754236
1.481045197912534
1.4737949766533405
1.4710448927274393
1.4697948545793025
1.4727949461348309
1.480295175023652
1.4924205450605792
1.5111711172826319
1.5350468459120459
1.565797784356212
1.6034239326151312
1.6471752677999205
1.6976768089846492
1.7559285866878263
1.8178054750206
1.883682485427412
1.952184575945311
2.0213116855372784
2.086188665425581
2.148190557573168
2.201692190313425
2.2441934873500777
2.2735693838312936
2.290444898831141
2.291819940794092
2.2793195593127233
2.253568773461104
2.214692587054048
2.1649410687582016
2.105439252906888
2.0376871852778713
1.9645599536118656
1.889557664723655
1.8160554216132085
1.7463032929471725
1.6808012939848018
1.620924466689047
1.5689228797265542
1.522671468245491
1.4839202856532487
1.4526693319498276
1.4285435956907866
1.41204309213538
1.4026678060243538
1.3989176915799433
1.4007927488021485
1.4079179662465284
1.4166682332834866
1.429918637653737
1.4441690725424972
1.4594195379497665
1.4755450300607318
1.489795464949492
1.5036708883938108
1.5181713309121982
1.528671651356548
1.5394219794305246
1.547547227393414
1.5545474410229805
1.5607976317636647
1.5649227576525162
1.5684228644672995
1.5711729483932007
1.5742980437635425
1.5761731009857478
1.5774231391338847
1.5791731925412764
1.5805482345042268
1.5817982726523636
1.5830483108005005
1.584423352763451
1.5854233832819604
1.58642341380047
1.5875484481337934
1.5896735129856259
1.5910485549485762
1.592423596911527
1.5941736503189183
1.5957986999114964
1.5980487685781428
1.601048860133671
1.60304892117069
1.605048982207709
1.6087990966521197
1.6096741233558154
1.61254921109653
1.6155493026520584
1.6190494094668417
1.6207994628742333
1.624924588763085
1.628424695577868
1.6327998290963468
1.635549913022248
1.639550035096286
1.6440501724295786
1.6475502792443617
1.6516754051332134
1.656550553910947
1.660550675984985
1.6655508285775322
1.6706759849848933
1.6759261452070682
1.681926328318125
1.6864264656514176
1.6923016449476609
1.697426801355022
1.7033019806512648
1.7094271675771355
1.7154273506881925
1.7214275337992493
1.7274277169103063
1.7336779076509903
1.739803094576861
1.7455532700582903
1.7514284493545336
1.757553636280404
1.7626787926877652
1.7689289834284494
1.7756791894283883
1.7803043305764947
1.7861795098727378
1.7918046815393536
1.7965548265022737
1.8013049714651936
1.8063051240577412
1.8116802880947296
1.8155554063539538
1.8199305398724328
1.8239306619464706
1.8284307992797633
1.8325559251686148
1.836056031983398
1.8391811273537402
1.8416812036500139
1.8453063142796107
1.846806360057375
1.8489314249092075
1.8508064821314127
1.852681539353618
1.8543065889461958
1.8549316080202642
1.8551816156498917
1.8559316385387736
1.8556816309091464
1.8546816003906368
1.8548066042054507
1.8533065584276864
1.8513064973906674
1.8490564287240212
1.8473063753166297
1.844681295205542
1.8416812036500139
1.8386811120944853
1.8348059938352612
1.8298058412427136
1.8263057344279305
1.8216805932798243
1.817055452131718
1.813805352946562
1.8074301583910641
1.8020549943540758
1.7965548265022737
1.7913046662800989
1.7853044831690421
1.7784292733542895
1.773429120761742
1.7673039338358714
1.76080373546556
1.7545535447248757
1.7488033692434461
1.7426781823175757
1.7361779839472642
1.730302804651021
1.7244276253547777
1.7174274117252115
1.7118022400585957
1.7053020416882838
1.6991768547624133
1.6933016754661703
1.6874264961699272
1.681551316873684
1.6753011261329998
1.6710509964293345
1.66480080568865
1.6593006378368482
1.6540504776146734
1.6489253212073123
1.6444251838740198
1.6385500045777766
1.6340498672444839
1.629674733726005
1.6255496078371532
1.6215494857631152
1.6176743675038912
1.6131742301705987
1.6087990966521197
1.6056740012817774
1.6020488906521806
1.5989237952818385
1.5950486770226142
1.5926736045411543
1.5901735282448806
1.588423474837489
1.5850483718375195
1.582923306985687
1.5804232306894133
1.57929819635609
1.5762981048005615
1.5746730552079835
1.5731730094302194
1.5720479750968963
1.570172917874691
1.5687978759117405
1.567797845393231
1.566297799615467
1.565797784356212
1.564297738578448
1.563047700430311
1.561922666096988
1.561922666096988
1.5612976470229194
1.5601726126895963
1.5594225898007141
1.5589225745414594
1.5589225745414594
1.5576725363933226
1.5574225287636951
1.5565475020599995
1.5537974181340983
1.5537974181340983
1.553547410504471
1.5536724143192846
1.5536724143192846
1.5541724295785393
1.5530473952452162
1.553922421948912
1.5537974181340983
1.5540474257637258
1.553547410504471
1.5536724143192846
1.5534224066896571
1.5545474410229805
1.5545474410229805
1.554797448652608
1.5550474562822352
1.5565475020599995
1.5545474410229805
1.5550474562822352
1.5554224677266761
1.5556724753563036
1.5562974944303722
1.5556724753563036
1.5562974944303722
1.556797509689627
1.5575475325785089
1.5575475325785089
1.5575475325785089
1.557797540208136
1.557797540208136
1.5580475478377636
1.558297555467391
1.5589225745414594
1.5589225745414594
1.5600476088747826
1.5596725974303416
1.5604226203192237
1.5594225898007141
1.56029761650441
1.5605476241340372
1.561172643208106
1.560672627948851
1.561172643208106
1.5612976470229194
1.561922666096988
1.562297677541429
1.5626726889858698
1.5624226813562427
1.5625476851710562
1.563047700430311
1.5627976928006837
1.563422711874752
1.564172734763634
1.564172734763634
1.564172734763634
1.5649227576525162
1.5646727500228887
1.5647977538377027
1.5655477767265848
1.566297799615467
1.5659227881710258
1.5664228034302805
1.56742283394879
1.5676728415784174
1.5686728720969267
1.5691728873561817
1.5697979064302499
1.570547929319132
1.5709229407635732
1.5720479750968963
1.5722979827265235
1.5730480056154057
1.574923062837611
1.5761731009857478
1.5776731467635121
1.579673207800531
1.5811732535782954
1.5830483108005005
1.5849233680227057
1.5870484328745385
1.5895485091708121
1.5921735892818996
1.5961737113559373
1.599173802911466
1.6019238868373669
1.6060490127262186
1.609799127170629
1.6135492416150394
1.6170493484298227
1.6224245124668113
1.6265496383556628
1.63154979094821
1.6370499588000123
1.6429251380962555
1.6481752983184301
1.6541754814294871
1.6599256569109164
1.6661758476516009
1.6714260078737755
1.678676229132969
1.684676412244026
1.6909266029847103
1.6971767937253945
1.7035519882808923
1.709177159947508
1.7150523392437513
1.7204275032807397
1.7251776482436598
1.7289277626880704
1.7349279457991271
1.7380530411694692
1.7414281441694388
1.744553239539781
1.7471783196508683
1.7498033997619558
1.7513034455397198
1.7528034913174841
1.7534285103915526
1.7534285103915526
1.7535535142063663
1.7523034760582294
1.7506784264656514
1.7485533616138187
1.7454282662434768
1.7428031861323894
1.7395530869472335
1.7356779686880093
1.7309278237250891
1.7269277016510514
1.7206775109103671
1.715552354503006
1.7089271523178808
1.7038019959105197
1.6980518204290902
1.6920516373180334
1.685926450392163
1.6800512710959197
1.673676076540422
1.6683009125034334
1.6611756950590533
1.6556755272072514
1.6495503402813807
1.6440501724295786
1.6394250312814722
1.6345498825037386
1.6286747032074953
1.6245495773186438
1.6197994323557239
1.6146742759483628
1.6110491653187657
1.6069240394299142
1.60304892117069
1.6000488296151616
1.5965487228003785
1.5944236579485458
1.5917985778374584
1.5894235053559984
1.5875484481337934
1.585298379467147
1.5826732993560595
1.5814232612079226
1.5791731925412764
1.5775481429486986
1.5756730857264931
1.5724229865413375
1.5709229407635732
1.5676728415784174
1.5645477462080752
1.559797601245155
1.5549224524674214
1.5485472579119235
1.541672048097171
1.5332967925046541
1.5240465102084415
1.5161712698751793
1.5046709189123204
1.4955456404309213
1.4870453810235909
1.4797951597643972
1.4740449842829677
1.4709198889126254
1.469919858394116
1.4737949766533405
1.4812952055421613
1.4946706137272256
1.5146712240974152
1.539671987060152
1.5720479750968963
1.61017413861507
1.6555505233924375
1.707677114169744
1.7651788689840389
1.8283057954649493
1.895057832575457
1.9633099154637288
2.032062013611255
2.097063997314371
2.157940855128636
2.209692434461501
2.249943662831507
2.277819513534959
2.2911949217200234
2.289944883571886
2.27581945249794
2.2476935941648613
2.2083173924985506
2.1558157902768027
2.0945639210180973
2.025811822870571
1.952559587389752
1.8768072756126593
1.8041800592059083
1.7344279305398724
1.6706759849848933
1.6120491958372754
1.5600476088747826
1.5154212469862973
1.478295113986633
1.448169194616535
1.4262935270241401
1.4101680349131749
1.4020427869502854
1.399042695394757
1.4020427869502854
1.408917996765038
1.4190433057649465
1.4320437025055697
1.4465441450239571
1.4621696218756677
1.477920102542192
1.4926705526902067
1.5065459761345255
1.5195463728751488
1.5309217200231942
1.5399219946897795
1.54842225409711
1.5556724753563036
1.5609226355784784
1.5659227881710258
1.5687978759117405
1.5722979827265235
1.5750480666524247
1.5764231086153753
1.5772981353190711
1.57929819635609
1.580923245948668
1.581298257393109
1.5830483108005005
1.585298379467147
1.5857983947264016
1.5869234290597247
1.588048463393048
1.5896735129856259
1.590798547318949
1.5936736350596639
1.5949236732078005
1.596798730430006
1.598673787652211
1.601173863948485
1.602673909726249
1.6056740012817774
1.6075490585039827
1.6099241309854426
1.6130492263557847
1.6161743217261269
1.6187994018372145
1.6227995239112523
1.6259246192815942
1.629299722281564
1.633174840540788
1.635924924466689
1.6408000732444226
1.6443001800592059
1.6481752983184301
1.652550431836909
1.6576755882442702
1.6621757255775629
1.666800866725669
1.6721760307626576
1.6770511795403913
1.6821763359477524
1.6878015076143682
1.6931766716513565
1.6984268318735312
1.704177007354961
1.7106772057252724
1.716427381206702
1.7221775566881314
1.727927732169561
1.734552934354686
1.7410531327249978
1.7469283120212409
1.752428479873043
1.7589286782433546
1.7641788384655293
1.7696790063173315
1.775429181798761
1.7818043763542588
1.7868045289468062
1.7925547044282357
1.7976798608355968
1.8029300210577714
1.8074301583910641
1.8120552995391705
1.816305429242836
1.8208055665761285
1.8248056886501665
1.8296808374279
1.8325559251686148
1.836431043427839
1.8394311349833674
1.842806237983337
1.8450563066499832
1.8476813867610706
1.8493064363536484
1.851556505020295
1.853056550798059
1.8539315775017549
1.855431623279519
1.856181646168401
1.8559316385387736
1.8559316385387736
1.8556816309091464
1.8543065889461958
1.852681539353618
1.85105648976104
1.849556443983276
1.8474313791314432
1.8441812799462873
1.8420562150944548
1.8379310892056033
1.834055970946379
1.8301808526871548
1.8251807000946074
1.8210555742057557
1.8159304177983948
1.8113052766502884
1.8059301126133
1.8010549638355662
1.7958048036133916
1.7904296395764032
1.7848044679097874
1.7774292428357799
1.7724290902432325
1.7661788995025482
1.7600537125766778
1.7543035370952484
1.7490533768730736
1.7415531479842525
1.7348029419843134
1.7295527817621388
1.7228025757621999
1.7166773888363294
1.710427198095645
1.7045520187994019
1.698176824243904
1.6919266335032197
1.686301461836604
1.6805512863551746
1.6748011108737448
1.6701759697256386
1.6640507827997681
1.6590506302072208
1.653425458540605
1.6480502945036166
1.642675130466628
1.6380499893185219
1.6332998443556017
1.62917471846675
1.6242995696890163
1.6207994628742333
1.616549333170568
1.6131742301705987
1.6086740928373058
1.6046739707632678
1.6015488753929257
1.59829877620777
1.5949236732078005
1.5920485854670858
1.5900485244300668
1.587298440504166
1.585298379467147
1.5824232917264323
1.5802982268745993
1.5786731772820215
1.5760480971709343
1.5740480361339153
1.5727979979857785
1.5724229865413375
1.5700479140598773
1.5695478988006226
1.5675478377636038
1.567047822504349
1.5639227271340068
1.5639227271340068
1.5627976928006837
1.561922666096988
1.5612976470229194
1.560672627948851
1.560672627948851
1.5594225898007141
1.5587975707266457
1.5581725516525773
1.5575475325785089
1.5575475325785089
1.5561724906155583
1.553547410504471
1.5540474257637258
1.5540474257637258
1.5536724143192846
1.553547410504471
1.5545474410229805
1.553547410504471
1.5541724295785393
1.5540474257637258
1.5537974181340983
1.5537974181340983
1.553922421948912
1.5542974333933532
1.5544224372081668
1.5545474410229805
1.554797448652608
1.555172460097049
1.554672444837794
1.5552974639118626
1.55554747154149
1.555172460097049
1.5554224677266761
1.555922482985931
1.5565475020599995
1.556672505874813
1.5570475173192542
1.556797509689627
1.5581725516525773
1.5575475325785089
1.5580475478377636
1.5574225287636951
1.5580475478377636
1.55792254402295
1.5581725516525773
1.5592975859859004
1.5594225898007141
1.559922605059969
1.5595475936155279
1.5596725974303416
1.5604226203192237
1.561047639393292
1.5605476241340372
1.5605476241340372
1.5612976470229194
1.5616726584673606
1.5620476699118016
1.5627976928006837
1.562297677541429
1.5627976928006837
1.5629226966154972
1.5626726889858698
1.5631727042451247
1.563047700430311
1.564172734763634
1.5639227271340068
1.564297738578448
1.5649227576525162
1.5649227576525162
1.5655477767265848
1.5656727805413984
1.5659227881710258
1.5660477919858395
1.5666728110599077
1.5664228034302805
1.5680478530228583
1.568172856837672
1.569422894985809
1.570172917874691
1.570547929319132
1.5710479445783867
1.5715479598376416
1.572547990356151
1.5736730246894741
1.5752980742820522
1.5761731009857478
1.5780481582079533
1.5799232154301586
1.5814232612079226
1.5834233222449416
1.5851733756523332
1.5881734672078616
1.589923520615253
1.592798608355968
1.5961737113559373
1.5989237952818385
1.6025489059114353
1.6065490279854733
1.6100491348002564
1.6142992645039216
1.6187994018372145
1.6227995239112523
1.6275496688741722
1.632299813837092
1.637549974059267
1.6429251380962555
1.6496753440961944
1.6546754966887418
1.6608006836146123
1.6666758629108556
1.6733010650959808
1.679551255836665
1.685051423688467
1.6916766258735922
1.6983018280587177
1.7053020416882838
1.7099271828363902
1.7156773583178198
1.7213025299844356
1.7260526749473555
1.7301778008362072
1.7350529496139409
1.7386780602435379
1.741678151799066
1.7450532547990356
1.748053346354564
1.7501784112063965
1.752053468428602
1.7533035065767388
1.7534285103915526
1.7535535142063663
1.7528034913174841
1.7521784722434155
1.7499284035767695
1.7481783501693777
1.745678273873104
1.7424281746879482
1.7386780602435379
1.7349279457991271
1.7304278084658344
1.7253026520584733
1.7198024842066715
1.7145523239844966
1.7084271370586261
1.7030519730216378
1.6970517899105808
1.691051606799524
1.685051423688467
1.6794262520218513
1.6729260536515398
1.6663008514664144
1.6604256721701711
1.6546754966887418
1.6486753135776848
1.6433001495406965
1.6380499893185219
1.632299813837092
1.6279246803186131
1.6230495315408795
1.618924405652028
1.6142992645039216
1.609799127170629
1.6065490279854733
1.6027989135410627
1.5994238105410932
1.5956736960966826
1.5935486312448501
1.5911735587633902
1.5890484939115572
1.5869234290597247
1.5847983642078922
1.5827983031708732
1.5805482345042268
1.5786731772820215
1.57692312387463
1.5751730704672384
1.5734230170598467
1.5702979216895046
1.5679228492080448
1.563797723319193
1.5595475936155279
1.5540474257637258
1.5477972350230413
1.5397969908749656
1.531671742912076
1.522671468245491
1.5134211859492783
1.5037958922086248
1.4940455946531572
1.4867953733939634
1.4789201330607014
1.4730449537644583
1.4706698812829981
1.4706698812829981
1.4746700033570361
1.483420270393994
1.497670705282754
1.5171713003936889
1.5430470900601214
1.5757980895413068
1.6152992950224312
1.6618007141331217
1.7143023163548692
1.7740541398358105
1.836056031983398
1.903433088167974
1.971560167241432
2.039812250129704
2.1044392223883785
2.1643160496841336
2.2150675984984893
2.253943784905545
2.280194586016419
2.2915699331644643
2.289194860683004
2.2736943876461075
2.2439434797204507
2.201817194128239
2.1488155766472365
2.0865636768700218
2.0169365520187994
1.9431843012787255
1.8680570085757013
1.7951797845393231
1.7264276863917967
1.662800744651631
1.6052989898373364
1.5542974333933532
1.5111711172826319
1.4737949766533405
1.4450440992461928
1.423168431653798
1.4090430005798518
1.4009177526169623
1.3987926877651295
1.4022927945799126
1.4094180120242927
1.4201683400982696
1.4340437635425884
1.4485442060609761
1.4646696981719414
1.4800451673940245
1.4940455946531572
1.5081710257271035
1.5207964110232857
1.5319217505417035
1.5412970366527299
1.5501723075045015
1.5570475173192542
1.5615476546525469
1.5666728110599077
1.5696729026154363
1.5731730094302194
1.5747980590227975
1.5764231086153753
1.5779231543931396
1.57929819635609
1.5814232612079226
1.58167326883755
1.5831733146153144
1.584423352763451
1.5859233985412151
1.5867984252449112
1.5885484786523028
1.589923520615253
1.5912985625782037
1.5930486159855952
1.5955486922818691
1.5972987456892607
1.598798791467025
1.6014238715781122
1.6034239326151312
1.6057990050965911
1.6079240699484236
1.6109241615039522
1.6129242225409712
1.6161743217261269
1.6187994018372145
1.6224245124668113
1.6261746269112216
1.6297997375408186
1.6332998443556017
1.636674947355571
1.6409250770592365
1.6448001953184606
1.649050325022126
1.6528004394665363
1.6574255806146427
1.6624257332071901
1.667300881984924
1.6724260383922849
1.677551194799646
1.6834263740958892
1.6876765037995543
1.6936766869106112
1.6994268623920408
1.7053020416882838
1.7106772057252724
1.7170524002807703
1.7233025910214546
1.729427777947325
1.735427961058382
1.740928128910184
1.7470533158360546
1.7530534989471116
1.759178685872982
1.7646788537247842
1.7706790368358412
1.7763042085024567
1.7820543839838863
1.7873045442060609
1.7934297311319314
1.7981798760948515
1.803930051576281
1.8080551774651326
1.8128053224280527
1.8171804559465317
1.8211805780205697
1.8258057191686758
1.8299308450575276
1.832930936613056
1.8368060548722802
1.840431165501877
1.8434312570574054
1.8454313180944242
1.8474313791314432
1.8490564287240212
1.851556505020295
1.853181554612873
1.8536815698721276
1.8551816156498917
1.8559316385387736
1.8564316537980285
1.8556816309091464
1.8548066042054507
1.8545565965758233
1.8525565355388043
1.8509314859462265
1.849181432538835
1.8460563371684928
1.8436812646870329
1.8411811883907592
1.8370560625019074
1.8338059633167516
1.8294308297982727
1.82493069246498
1.8200555436872463
1.8146803796502577
1.81068025757622
1.805180089724418
1.8001799371318705
1.7946797692800684
1.788929593798639
1.7834294259468366
1.7771792352061526
1.7713040559099094
1.7651788689840389
1.7586786706137274
1.752428479873043
1.7469283120212409
1.7403031098361157
1.7344279305398724
1.7284277474288157
1.721927549058504
1.7156773583178198
1.7093021637623218
1.7033019806512648
1.6971767937253945
1.691426618243965
1.6858014465773492
1.679926267281106
1.6741760917996766
1.6685509201330608
1.663300759910886
1.6576755882442702
1.6524254280220954
1.6475502792443617
1.6424251228370008
1.6374249702444532
1.633174840540788
1.6285496993926818
1.6235495468001342
1.6201744438001648
1.6155493026520584
1.6115491805780204
1.608174077578051
1.6045489669484543
1.6009238563188575
1.5975487533188881
1.594798669392987
1.591923581652272
1.5895485091708121
1.5871734366893522
1.5846733603930783
1.5827983031708732
1.5799232154301586
1.5780481582079533
1.5760480971709343
1.5739230323191016
1.5730480056154057
1.5712979522080142
1.5697979064302499
1.568172856837672
1.5672978301339764
1.5655477767265848
1.5647977538377027
1.5635477156895659
1.5635477156895659
1.5612976470229194
1.561047639393292
1.5616726584673606
1.5604226203192237
1.56029761650441
1.5589225745414594
1.5584225592822047
1.5581725516525773
1.5575475325785089
1.5556724753563036
1.553547410504471
1.5534224066896571
1.55317239906003
1.553922421948912
1.5542974333933532
1.554797448652608
1.5540474257637258
1.554672444837794
1.553922421948912
1.5537974181340983
1.5536724143192846
1.553922421948912
1.5542974333933532
1.5541724295785393
1.5545474410229805
1.5552974639118626
1.555922482985931
1.5549224524674214
1.5554224677266761
1.5556724753563036
1.5556724753563036
1.5557974791711173
1.5564224982451857
1.5565475020599995
1.5565475020599995
1.5575475325785089
1.5574225287636951
1.5570475173192542
1.5576725363933226
1.5580475478377636
1.557797540208136
1.557797540208136
1.5581725516525773
1.5581725516525773
1.5589225745414594
1.56029761650441
1.5595475936155279
1.5600476088747826
1.56029761650441
1.5601726126895963
1.5601726126895963
1.56029761650441
1.5605476241340372
1.5624226813562427
1.5614226508377331
1.561922666096988
1.562297677541429
1.5626726889858698
1.5625476851710562
1.5626726889858698
1.5627976928006837
1.5626726889858698
1.5629226966154972
1.5635477156895659
1.5639227271340068
1.564172734763634
1.5646727500228887
1.564297738578448
1.5651727652821437
1.5656727805413984
1.565422772911771
1.5655477767265848
1.5665478072450942
1.5671728263191627
1.5679228492080448
1.5686728720969267
1.5695478988006226
1.5697979064302499
1.5711729483932007
1.5714229560228279
1.5720479750968963
1.5729230018005922
1.5736730246894741
1.5750480666524247
1.5767981200598165
1.5775481429486986
1.580048219244972
1.582048280281991
1.5835483260597554
1.5856733909115879
1.5876734519486069
1.590298532059694
1.5931736198004092
1.5965487228003785
1.5996738181707206
1.603173924985504
1.6071740470595417
1.6109241615039522
1.6151742912076175
1.6191744132816552
1.6234245429853207
1.6289247108371228
1.6329248329111608
1.6393000274666587
1.6435501571703237
1.6500503555406356
1.6559255348368787
1.6620507217627492
1.6686759239478743
1.6740510879848627
1.6800512710959197
1.6865514694662314
1.6929266640217293
1.698926847132786
1.7053020416882838
1.7110522171697136
1.7161773735770747
1.7218025452436905
1.727052705465865
1.731427838984344
1.7360529801324502
1.7391780755027926
1.7429281899472029
1.745678273873104
1.7488033692434461
1.7505534226508377
1.7519284646137883
1.7534285103915526
1.7535535142063663
1.7548035523545031
1.7521784722434155
1.7519284646137883
1.7501784112063965
1.7484283577990052
1.7446782433545946
1.7419281594286935
1.7383030487990967
1.7341779229102452
1.7296777855769523
1.725052644428846
1.7193024689474166
1.7138023010956145
1.7075521103549303
1.7019269386883145
1.6965517746513261
1.6901765800958282
1.6836763817255165
1.6783012176885281
1.6721760307626576
1.6663008514664144
1.659800653096103
1.6543004852443006
1.6483003021332439
1.6425501266518143
1.6369249549851985
1.631674794763024
1.6270496536149175
1.6225495162816248
1.6180493789483323
1.6132992339854122
1.61017413861507
1.6060490127262186
1.6021738944669943
1.599548814355907
1.5960487075411238
1.5934236274300364
1.5906735435041353
1.5886734824671163
1.58642341380047
1.5845483565782648
1.5826732993560595
1.580923245948668
1.578923184911649
1.5772981353190711
1.5751730704672384
1.5730480056154057
1.5700479140598773
1.5675478377636038
1.5632977080599384
1.559047578356273
1.55317239906003
1.5472972197637866
1.539671987060152
1.530671712393567
1.5210464186529131
1.5122961516159552
1.5022958464308604
1.493670583208716
1.485420331431013
1.4781701101718194
1.4727949461348309
1.4705448774681846
1.4707948850978119
1.4754200262459183
1.4851703238013856
1.5001707815790275
1.5206714072084722
1.547547227393414
1.5811732535782954
1.6221745048371838
1.669175939207129
1.7226775719473861
1.7820543839838863
1.8450563066499832
1.9131833857234413
1.9815604724265268
2.0490625324259164
2.113689504684591
2.17269130527665
2.221567796868801
2.258818933683279
2.2826946623126925
2.2921949522385328
2.2879448225348673
2.2696942655720695
2.2380683004242075
2.193941953794977
2.1396902981658377
2.0766883754997405
2.00643623157445
1.9316839503158667
1.8576816919461654
1.784929471724601
1.7161773735770747
1.6548005005035553
1.5970487380596332
1.5471722159489731
1.504420911282693
1.4692948393200476
1.4415439924314097
1.4206683553575243
1.4082929776909696
1.4005427411725213
1.3989176915799433
1.4030428174687948
1.4110430616168708
1.4221684011352886
1.436293832209235
1.450544267097995
1.466419751579333
1.4820452284310435
1.4961706595049897
1.5097960753196813
1.5224214606158635
1.5332967925046541
1.5434221015045624
1.550422315134129
1.5574225287636951
1.562297677541429
1.5665478072450942
1.5700479140598773
1.5732980132450332
1.5750480666524247
1.5767981200598165
1.5782981658375803
1.5799232154301586
1.581298257393109
1.5822982879116183
1.5831733146153144
1.5851733756523332
1.5859233985412151
1.5859233985412151
1.5885484786523028
1.5901735282448806
1.5917985778374584
1.5930486159855952
1.5956736960966826
1.597173741874447
1.599548814355907
1.6014238715781122
1.6039239478743859
1.6064240241706595
1.6085490890224923
1.6115491805780204
1.6132992339854122
1.6164243293557543
1.6197994323557239
1.6236745506149481
1.6265496383556628
1.6305497604297006
1.6332998443556017
1.637549974059267
1.6416750999481187
1.6456752220221567
1.649425336466567
1.6530504470961638
1.6579255958738974
1.6634257637256997
1.6689259315775018
1.673176061281167
1.6784262215033416
1.6836763817255165
1.6893015533921325
1.6946767174291208
1.699801873836482
1.7059270607623525
1.7116772362437818
1.7181774346140937
1.7244276253547777
1.7298027893917662
1.7366779992065189
1.7414281441694388
1.748053346354564
1.7539285256508073
1.7596787011322368
1.7653038727988526
1.7710540482802821
1.7771792352061526
1.782554399243141
1.7881795709097568
1.7946797692800684
1.7990549027985472
1.8030550248725852
1.8085551927243873
1.8128053224280527
1.8175554673909728
1.8219306009094518
1.8260557267983033
1.8298058412427136
1.8336809595019379
1.8369310586870937
1.8398061464278084
1.8434312570574054
1.8454313180944242
1.8480563982055118
1.8504314706869718
1.8514315012054812
1.8533065584276864
1.8545565965758233
1.8551816156498917
1.8564316537980285
1.8568066652424697
1.8559316385387736
1.8549316080202642
1.853556566057314
1.8525565355388043
1.8505564745017853
1.848806421094394
1.8464313486129338
1.8431812494277782
1.840431165501877
1.8371810663167212
1.8328059327982422
1.8284307992797633
1.8248056886501665
1.8190555131687367
1.8146803796502577
1.8096802270577106
1.8049300820947904
1.7990549027985472
1.7941797540208135
1.7881795709097568
1.7823043916135137
1.7763042085024567
1.7704290292062137
1.7643038422803432
1.7579286477248453
1.752053468428602
1.7461782891323587
1.739803094576861
1.7338029114658042
1.7276777245399335
1.7210525223548083
1.7150523392437513
1.7089271523178808
1.7024269539475692
1.6968017822809534
1.6908015991698966
1.6849264198736535
1.6789262367625966
1.6733010650959808
1.6683009125034334
1.662800744651631
1.6566755577257606
1.6516754051332134
1.6469252601702933
1.6415500961333047
1.6365499435407576
1.632299813837092
1.6279246803186131
1.6235495468001342
1.6195494247260964
1.6157993102816859
1.6110491653187657
1.6077990661336101
1.6040489516891996
1.6004238410596028
1.5972987456892607
1.5945486617633595
1.5916735740226449
1.5891734977263712
1.5871734366893522
1.584423352763451
1.5824232917264323
1.5799232154301586
1.5777981505783258
1.5755480819116796
1.5740480361339153
1.5727979979857785
1.5710479445783867
1.5692978911709952
1.5687978759117405
1.5669228186895352
1.5652977690969574
1.5645477462080752
1.5636727195043794
1.5626726889858698
1.561797662282174
1.5614226508377331
1.561172643208106
1.5601726126895963
1.5595475936155279
1.5595475936155279
1.5587975707266457
1.5575475325785089
1.5575475325785089
1.5561724906155583
1.5532974028748436
1.553922421948912
1.5537974181340983
1.5540474257637258
1.5536724143192846
1.5537974181340983
1.5542974333933532
1.5536724143192846
1.553547410504471
1.5540474257637258
1.5537974181340983
1.5536724143192846
1.5545474410229805
1.5542974333933532
1.5544224372081668
1.555172460097049
1.5554224677266761
1.5549224524674214
1.5550474562822352
1.5554224677266761
1.55554747154149
1.555922482985931
1.5561724906155583
1.5564224982451857
1.5561724906155583
1.5572975249488816
1.5572975249488816
1.5575475325785089
1.5574225287636951
1.557797540208136
1.5575475325785089
1.5581725516525773
1.5589225745414594
1.558672566911832
1.5596725974303416
1.559797601245155
1.559797601245155
1.559922605059969
1.56029761650441
1.5601726126895963
1.5601726126895963
1.5607976317636647
1.561047639393292
1.5616726584673606
1.5614226508377331
1.5616726584673606
1.5621726737266153
1.5624226813562427
1.563047700430311
1.5625476851710562
1.563047700430311
1.5629226966154972
1.5636727195043794
1.5640477309488205
1.5639227271340068
1.5645477462080752
1.5647977538377027
1.5649227576525162
1.5652977690969574
1.565797784356212
1.5660477919858395
1.566172795800653
1.567047822504349
1.5666728110599077
1.5680478530228583
1.5684228644672995
1.5697979064302499
1.5697979064302499
1.570547929319132
1.5711729483932007
1.5720479750968963
1.5722979827265235
1.5740480361339153
1.5754230780968657
1.5767981200598165
1.5782981658375803
1.5801732230597858
1.5817982726523636
1.5839233375041963
1.5855483870967744
1.5881734672078616
1.5906735435041353
1.5935486312448501
1.596673726615192
1.6000488296151616
1.6032989288003174
1.607424054689169
1.6111741691335797
1.6147992797631765
1.6194244209112827
1.6242995696890163
1.628424695577868
1.6337998596148564
1.6400500503555409
1.6445501876888333
1.6500503555406356
1.6568005615405743
1.662800744651631
1.6685509201330608
1.6749261146885588
1.6809262977996156
1.687051484725486
1.6931766716513565
1.699801873836482
1.7055520493179113
1.7114272286141545
1.7168023926511429
1.7224275643177587
1.7275527207251198
1.7321778618732262
1.7359279763176367
1.7391780755027926
1.742178167058321
1.7461782891323587
1.7488033692434461
1.7505534226508377
1.7521784722434155
1.753178502761925
1.754053529465621
1.7543035370952484
1.7534285103915526
1.7515534531693473
1.7495533921323283
1.7473033234656818
1.744553239539781
1.7415531479842525
1.7381780449842832
1.7341779229102452
1.7293027741325113
1.7238026062807095
1.7183024384289072
1.7135522934659873
1.7071770989104893
1.7011769157994323
1.6956767479476302
1.6895515610217597
1.6835513779107028
1.6781762138737144
1.6720510269478437
1.6651758171330913
1.6596756492812892
1.6535504623554185
1.647425275429548
1.641925107577746
1.6369249549851985
1.6314247871333964
1.6265496383556628
1.6224245124668113
1.6180493789483323
1.613799249244667
1.6092991119113744
1.6055489974669637
1.6017988830225531
1.599548814355907
1.5957986999114964
1.5925486007263405
1.5906735435041353
1.5886734824671163
1.5867984252449112
1.5836733298745689
1.5824232917264323
1.5806732383190405
1.578923184911649
1.57692312387463
1.5746730552079835
1.572547990356151
1.5702979216895046
1.5667978148747217
1.5636727195043794
1.5576725363933226
1.5530473952452162
1.5461721854304635
1.5387969603564562
1.5299216895046848
1.5205464033936582
1.5106711020233772
1.5019208349864193
1.4926705526902067
1.485420331431013
1.4775450910977508
1.4724199346903897
1.4704198736533707
1.4711698965422528
1.4760450453199865
1.4860453505050812
1.501170812097537
1.5229214758751182
1.5501723075045015
1.5846733603930783
1.6255496078371532
1.6733010650959808
1.7274277169103063
1.7873045442060609
1.851556505020295
1.9190585650196845
1.987310647907956
2.0548127079073457
2.1190646687215797
2.176691427350688
2.225192907498398
2.2611940061647386
2.2840697042756433
2.2924449598681598
2.2866947843867305
2.267194189275796
2.2348182012390514
2.1900668355357524
2.134565141758477
2.0708131962034972
1.9999360332041385
1.9253087557603688
1.8504314706869718
1.7784292733542895
1.7109272133548998
1.6484253059480574
1.5925486007263405
1.5431720938749351
1.5010458082827236
1.4665447553941466
1.4392939237647635
1.4189183019501328
1.4061679128391371
1.4002927335428939
1.3992927030243845
1.403792840357677
1.41204309213538
1.4237934507278664
1.4372938627277445
1.452544328135014
1.4680448011719107
1.483045258949553
1.4971706900234993
1.5117961363567003
1.5232964873195594
1.534546830652791
1.544047120578631
1.5519223609118933
1.5576725363933226
1.5626726889858698
1.5671728263191627
1.5696729026154363
1.5730480056154057
1.574923062837611
1.5766731162450025
1.5782981658375803
1.5795482039857174
1.581298257393109
1.5821732840968048
1.5835483260597554
1.5850483718375195
1.5866734214300973
1.58642341380047
1.58879848628193
1.5901735282448806
1.5916735740226449
1.592798608355968
1.5954236884670552
1.5972987456892607
1.599548814355907
1.6021738944669943
1.6036739402447586
1.6062990203558458
1.6085490890224923
1.6112991729483932
1.6135492416150394
1.6171743522446362
1.6195494247260964
1.6234245429853207
1.6267996459852903
1.6306747642445143
1.6341748710592976
1.6370499588000123
1.6423001190221869
1.6455502182073427
1.6493003326517535
1.6541754814294871
1.658550614947966
1.6636757713553272
1.6681759086886196
1.6734260689107945
1.6788012329477828
1.6841763969847714
1.6889265419476913
1.695801751762444
1.7006769005401776
1.7064270760216071
1.7130522782067326
1.7180524307992797
1.7245526291695914
1.7309278237250891
1.7366779992065189
1.7428031861323894
1.7485533616138187
1.7548035523545031
1.7599287087618642
1.765803888058107
1.7719290749839778
1.7774292428357799
1.7830544145023959
1.7891796014282664
1.7939297463911863
1.7996799218726158
1.8033050325022126
1.809055207983642
1.8136803491317484
1.8176804712057864
1.82255561998352
1.8268057496871855
1.8303058565019683
1.8338059633167516
1.838056093020417
1.8405561693166905
1.842806237983337
1.8460563371684928
1.8485564134647665
1.8501814630573443
1.8521815240943633
1.853556566057314
1.855431623279519
1.8553066194647054
1.8565566576128423
1.8558066347239601
1.855431623279519
1.8548066042054507
1.8538065736869411
1.8524315317239908
1.8504314706869718
1.8485564134647665
1.8459313333536789
1.8434312570574054
1.840306161687063
1.8365560472426528
1.8324309213538013
1.8288058107242042
1.8243056733909115
1.8191805169835507
1.8144303720206305
1.8095552232428969
1.8040550553910948
1.7993049104281746
1.7938047425763726
1.788054567094943
1.7821793877986998
1.776179204687643
1.7700540177617725
1.7638038270210883
1.7574286324655906
1.7519284646137883
1.7455532700582903
1.739303079317606
1.7333028962065493
1.727052705465865
1.7213025299844356
1.7145523239844966
1.7084271370586261
1.7023019501327556
1.6961767632068852
1.690301583910642
1.685051423688467
1.6788012329477828
1.6734260689107945
1.6679259010589922
1.6619257179479354
1.6566755577257606
1.651425397503586
1.647050263985107
1.6411750846888638
1.6365499435407576
1.6320498062074649
1.6275496688741722
1.6226745200964385
1.6192994170964692
1.6146742759483628
1.6107991576891385
1.6071740470595417
1.6037989440595721
1.6002988372447888
1.5970487380596332
1.5944236579485458
1.5914235663930174
1.5889234900967437
1.5869234290597247
1.584423352763451
1.5821732840968048
1.5797982116153446
1.5780481582079533
1.5754230780968657
1.5740480361339153
1.572547990356151
1.5707979369487595
1.5696729026154363
1.5689228797265542
1.5672978301339764
1.5655477767265848
1.5651727652821437
1.5639227271340068
1.5620476699118016
1.5615476546525469
1.561047639393292
1.5604226203192237
1.5600476088747826
1.5595475936155279
1.559172582171087
1.558672566911832
1.5580475478377636
1.5576725363933226
1.5545474410229805
1.5537974181340983
1.5537974181340983
1.5530473952452162
1.5537974181340983
1.5537974181340983
1.5541724295785393
1.5541724295785393
1.5540474257637258
1.5534224066896571
1.5536724143192846
1.5542974333933532
1.5532974028748436
1.5544224372081668
1.5545474410229805
1.5542974333933532
1.5554224677266761
1.5554224677266761
1.5552974639118626
1.5552974639118626
1.5561724906155583
1.5556724753563036
1.5557974791711173
1.556672505874813
1.556672505874813
1.556672505874813
1.5572975249488816
1.556797509689627
1.557172521134068
1.5575475325785089
1.55792254402295
1.5576725363933226
1.5584225592822047
1.558672566911832
1.5589225745414594
1.5592975859859004
1.559922605059969
1.559797601245155
1.560672627948851
1.5600476088747826
1.5605476241340372
1.5600476088747826
1.5604226203192237
1.5609226355784784
1.5614226508377331
1.5612976470229194
1.562297677541429
1.5621726737266153
1.5621726737266153
1.5626726889858698
1.5629226966154972
1.5624226813562427
1.5627976928006837
1.5631727042451247
1.5632977080599384
1.564172734763634
1.5646727500228887
1.5649227576525162
1.565422772911771
1.565422772911771
1.5659227881710258
1.5660477919858395
1.5659227881710258
1.5666728110599077
1.5682978606524856
1.567797845393231
1.569422894985809
1.5696729026154363
1.5709229407635732
1.5706729331339457
1.5711729483932007
1.5727979979857785
1.5737980285042878
1.5740480361339153
1.5752980742820522
1.5767981200598165
1.5781731620227668
1.5806732383190405
1.5817982726523636
1.5841733451338236
1.58642341380047
1.588423474837489
1.5905485396893215
1.5937986388744774
1.597173741874447
1.6001738334299753
1.6037989440595721
1.6075490585039827
1.6116741843928344
1.61492428357799
1.6207994628742333
1.6246745811334575
1.6287997070223093
1.6337998596148564
1.6389250160222175
1.6444251838740198
1.6505503707998903
1.6566755577257606
1.6625507370220038
1.6690509353923155
1.6753011261329998
1.6816763206884975
1.6879265114291817
1.693801690725425
1.700551896725364
1.7055520493179113
1.7119272438734092
1.7173024079103976
1.7229275795770134
1.7274277169103063
1.7318028504287852
1.735802972502823
1.7395530869472335
1.7429281899472029
1.746053285317545
1.7495533921323283
1.750428418836024
1.7521784722434155
1.7535535142063663
1.7534285103915526
1.753178502761925
1.7533035065767388
1.7514284493545336
1.7498033997619558
1.7471783196508683
1.7451782586138493
1.7415531479842525
1.7371780144657736
1.7335529038361768
1.7286777550584431
1.724302621539964
1.7183024384289072
1.7125522629474779
1.7070520950956756
1.701301919614246
1.6943017059846797
1.689051545762505
1.6833013702810755
1.677176183355205
1.6705509811700798
1.6651758171330913
1.6590506302072208
1.6529254432813503
1.647050263985107
1.6414250923184912
1.6364249397259438
1.631174779503769
1.6265496383556628
1.6217994933927427
1.6171743522446362
1.6136742454298534
1.6087990966521197
1.6052989898373364
1.6012988677632984
1.5979237647633289
1.5956736960966826
1.5934236274300364
1.590423535874508
1.5882984710226753
1.5861734061708426
1.5845483565782648
1.5824232917264323
1.5805482345042268
1.5780481582079533
1.5766731162450025
1.5750480666524247
1.5722979827265235
1.569422894985809
1.566172795800653
1.5626726889858698
1.5575475325785089
1.5525473799859615
1.5456721701712088
1.5372969145786919
1.5289216589861752
1.5191713614307079
1.5100460829493088
1.5005457930234687
1.4919205298013245
1.4840452894680625
1.4769200720236824
1.4720449232459487
1.4702948698385572
1.4721699270607624
1.4769200720236824
1.4875453962828455
1.5042959074678794
1.5255465559862058
1.5541724295785393
1.5892985015411847
1.6312997833185827
1.6784262215033416
1.7349279457991271
1.7963048188726465
1.8595567491683704
1.927183812982574
1.9946858729819636
2.063312967314676
2.1274399243140967
2.1833166295358137
2.2306930753502
2.2641940977202673
2.285694753868221
2.2926949674977877
2.284944730979339
2.264319101535081
2.229568041016877
2.1836916409802547
2.1263148899807733
2.0618129215369123
1.9904357432782982
1.9160584734641561
1.8409311807611317
1.7696790063173315
1.703676992095706
1.640675069429609
1.5859233985412151
1.5384219489120152
1.4964206671346172
1.462794640949736
1.4360438245796074
1.4174182561723685
1.4052928861354412
1.3996677144688254
1.3996677144688254
1.4046678670613728
1.4137931455427717
1.4252934965056308
1.4391689199499496
1.4545443891720329
1.469544846949675
1.485295327616199
1.4999207739494005
1.5129211706900234
1.52467152928251
1.535671864986114
1.5447971434675132
1.5530473952452162
1.5585475630970183
1.5635477156895659
1.5672978301339764
1.570547929319132
1.5729230018005922
1.5754230780968657
1.5770481276894437
1.5786731772820215
1.5799232154301586
1.5806732383190405
1.582048280281991
1.5837983336893826
1.5851733756523332
1.586048402356029
1.5870484328745385
1.5885484786523028
1.590423535874508
1.5916735740226449
1.5944236579485458
1.5961737113559373
1.5972987456892607
1.5994238105410932
1.6022988982818078
1.6040489516891996
1.6072990508743554
1.6091741080965607
1.6116741843928344
1.6142992645039216
1.6179243751335184
1.6201744438001648
1.6239245582445754
1.627299661244545
1.6310497756889553
1.6345498825037386
1.638299996948149
1.6421751152073734
1.6463002410962249
1.6508003784295175
1.6548005005035553
1.6591756340220343
1.6641757866145819
1.6689259315775018
1.6744260994293039
1.6796762596514787
1.6851764275032808
1.6905515915402693
1.6956767479476302
1.7014269234290598
1.7074271065401168
1.7126772667622914
1.7185524460585346
1.7254276558732873
1.7315528427991578
1.737428022095401
1.7428031861323894
1.749678395947142
1.7558035828730125
1.7610537430951874
1.7670539262062441
1.7740541398358105
1.7783042695394757
1.7846794640949737
1.7895546128727073
1.7953047883541369
1.8000549333170568
1.8045550706503495
1.8101802423169653
1.814305368205817
1.8188055055391095
1.8228056276131475
1.8270557573168127
1.8311808832056644
1.8351810052797022
1.8383061006500443
1.8414311960203864
1.8444312875759148
1.84630634479812
1.84868141727958
1.8496814477980896
1.852681539353618
1.853556566057314
1.8544315927610096
1.8553066194647054
1.8565566576128423
1.8568066652424697
1.855431623279519
1.8549316080202642
1.8538065736869411
1.8519315164647359
1.8505564745017853
1.8476813867610706
1.8460563371684928
1.8426812341685233
1.8393061311685537
1.8355560167241434
1.83205590990936
1.8276807763908811
1.8239306619464706
1.8179304788354138
1.813805352946562
1.8085551927243873
1.8034300363170261
1.7985548875392925
1.7928047120578632
1.7871795403912474
1.7811793572801906
1.7753041779839474
1.7689289834284494
1.762803796502579
1.7563035981322672
1.7509284340952787
1.7441782280953397
1.7389280678731651
1.7324278695028534
1.725927671132542
1.719552476577044
1.7136772972808008
1.7075521103549303
1.7014269234290598
1.6955517441328165
1.6891765495773186
1.6835513779107028
1.677926206244087
1.6724260383922849
1.6669258705404828
1.6610506912442398
1.6553005157628102
1.6509253822443313
1.6451752067629017
1.6398000427259134
1.635549913022248
1.63154979094821
1.6267996459852903
1.6226745200964385
1.6182993865779596
1.6150492873928037
1.6104241462446975
1.6069240394299142
1.603173924985504
1.599548814355907
1.597173741874447
1.5944236579485458
1.5910485549485762
1.5885484786523028
1.5865484176152838
1.5836733298745689
1.5811732535782954
1.5791731925412764
1.5775481429486986
1.5757980895413068
1.5734230170598467
1.5719229712820828
1.570547929319132
1.5691728873561817
1.5684228644672995
1.5669228186895352
1.5655477767265848
1.564172734763634
1.5635477156895659
1.5620476699118016
1.561922666096988
1.561172643208106
1.5601726126895963
1.559922605059969
1.5596725974303416
1.558672566911832
1.5587975707266457
1.5580475478377636
1.5575475325785089
1.5540474257637258
1.5536724143192846
1.5532974028748436
1.5540474257637258
1.553922421948912
1.5536724143192846
1.5542974333933532
1.553922421948912
1.5545474410229805
1.5544224372081668
1.5532974028748436
1.5541724295785393
1.5540474257637258
1.5540474257637258
1.5544224372081668
1.5544224372081668
1.554672444837794
1.555172460097049
1.555172460097049
1.5552974639118626
1.5554224677266761
1.55554747154149
1.5556724753563036
1.5569225135044404
1.5562974944303722
1.556797509689627
1.5575475325785089
1.556797509689627
1.55792254402295
1.5574225287636951
1.5576725363933226
1.5576725363933226
1.5581725516525773
1.558672566911832
1.5589225745414594
1.559172582171087
1.5596725974303416
1.559922605059969
1.559797601245155
1.559922605059969
1.5601726126895963
1.559797601245155
1.5604226203192237
1.5612976470229194
1.5614226508377331
1.561797662282174
1.5616726584673606
1.5625476851710562
1.5621726737266153
1.562297677541429
1.5626726889858698
1.5625476851710562
1.563047700430311
1.563422711874752
1.563422711874752
1.5645477462080752
1.5645477462080752
1.5644227423932615
1.5652977690969574
1.5652977690969574
1.5659227881710258
1.565797784356212
1.5660477919858395
1.5669228186895352
1.5679228492080448
1.5684228644672995
1.5697979064302499
1.5697979064302499
1.5706729331339457
1.5709229407635732
1.5719229712820828
1.57217297891171
1.5732980132450332
1.5739230323191016
1.5756730857264931
1.5770481276894437
1.5786731772820215
1.5806732383190405
1.5824232917264323
1.5850483718375195
1.58642341380047
1.5891734977263712
1.5910485549485762
1.594298654133732
1.5969237342448195
1.6015488753929257
1.6042989593188268
1.6086740928373058
1.6122992034669026
1.6167993408001955
1.6206744590594195
1.6247995849482713
1.6297997375408186
1.6350498977629933
1.6388000122074038
1.6460502334665976
1.6519254127628407
1.6580505996887114
1.6641757866145819
1.6710509964293345
1.6763011566515091
1.6828013550218206
1.689426557206946
1.6950517288735618
1.701676931058687
1.7066770836512346
1.7133022858363598
1.7190524613177893
1.7229275795770134
1.727927732169561
1.7328028809472946
1.7366779992065189
1.7404281136509292
1.7443032319101537
1.7470533158360546
1.7490533768730736
1.7519284646137883
1.7525534836878567
1.7530534989471116
1.7538035218359938
1.7534285103915526
1.7525534836878567
1.7510534379100926
1.7489283730582599
1.7471783196508683
1.743678212836085
1.7404281136509292
1.7370530106509599
1.7320528580584125
1.7275527207251198
1.7224275643177587
1.7174274117252115
1.7116772362437818
1.706052064577166
1.6994268623920408
1.6943017059846797
1.6878015076143682
1.6821763359477524
1.6760511490218817
1.6703009735404524
1.6636757713553272
1.6580505996887114
1.6516754051332134
1.645925229651784
1.6401750541703544
1.635924924466689
1.630424756614887
1.625674611651967
1.6214244819483017
1.616549333170568
1.6127992187261575
1.608174077578051
1.6047989745780817
1.601048860133671
1.5977987609485154
1.594798669392987
1.5920485854670858
1.5901735282448806
1.5881734672078616
1.5859233985412151
1.5841733451338236
1.582048280281991
1.5801732230597858
1.5777981505783258
1.5764231086153753
1.5744230475783563
1.5717979674672689
1.569422894985809
1.566172795800653
1.5616726584673606
1.5564224982451857
1.5510473342081972
1.5445471358378857
1.5357968688009278
1.5274216132084109
1.5189213538010804
1.5079210180974763
1.4990457472457046
1.4907954954680014
1.4824202398754844
1.4760450453199865
1.4709198889126254
1.4702948698385572
1.4720449232459487
1.4785451216162602
1.4910455030976288
1.5070459913937804
1.5295466780602436
1.559797601245155
1.5954236884670552
1.63867500839259
1.689051545762505
1.7439282204657125
1.805180089724418
1.8704320810571613
1.9381841486861782
2.0071862544633317
2.074063295388653
2.136690206610309
2.1919418927579577
2.236943266090884
2.268819238868374
2.2871947996459854
2.2920699484237193
2.281694631794183
2.259693960386975
2.2238178655354472
2.175191381572924
2.1170646076845605
2.0511875972777487
1.9793104037598803
1.9043081148716696
1.830055848872341
1.7594286935026096
1.6928016602069156
1.6320498062074649
1.5781731620227668
1.5315467390972626
1.4904204840235602
1.45816949980163
1.433043733024079
1.4155431989501632
1.4039178441724907
1.3997927182836392
1.4000427259132666
1.4056678975798824
1.4146681722464676
1.427168553727836
1.4411689809869686
1.4569194616534928
1.4720449232459487
1.4866703695791499
1.5014208197271646
1.514796227912229
1.5271716055787836
1.5377969298379466
1.5474222235786004
1.5532974028748436
1.5587975707266457
1.5645477462080752
1.568547868282113
1.5704229255043185
1.5742980437635425
1.5754230780968657
1.57692312387463
1.5782981658375803
1.5811732535782954
1.5805482345042268
1.582923306985687
1.5839233375041963
1.5850483718375195
1.5876734519486069
1.5885484786523028
1.5886734824671163
1.5900485244300668
1.5912985625782037
1.5941736503189183
1.5964237189855648
1.5980487685781428
1.5996738181707206
1.6020488906521806
1.605048982207709
1.6067990356151007
1.6095491195410014
1.6116741843928344
1.6147992797631765
1.6176743675038912
1.6202994476149783
1.624924588763085
1.6279246803186131
1.6319248023926511
1.6352999053926207
1.638299996948149
1.642675130466628
1.6471752677999205
1.6505503707998903
1.6553005157628102
1.6594256416516617
1.6646758018738366
1.6694259468367565
1.675176122318186
1.6804262825403606
1.6856764427625355
1.6909266029847103
1.6964267708365124
1.7014269234290598
1.708052125614185
1.7150523392437513
1.719927488021485
1.7265526902066104
1.7328028809472946
1.738553056428724
1.7450532547990356
1.7499284035767695
1.7560535905026398
1.7616787621692556
1.7674289376506853
1.7739291360209968
1.7789292886135442
1.7850544755394149
1.7914296700949126
1.7953047883541369
1.8010549638355662
