1.7349279457991271
1.7363029877620777
1.7369280068361461
1.7361779839472642
1.7346779381694999
1.733427900021363
1.7304278084658344
1.7276777245399335
1.7240526139103367
1.7200524918362987
1.714427320169683
1.7089271523178808
1.7030519730216378
1.6963017670216987
1.6885515305032504
1.6823013397625661
1.675676137577441
1.6689259315775018
1.6615507065034945
1.6543004852443006
1.6475502792443617
1.6405500656147955
1.633174840540788
1.6267996459852903
1.6201744438001648
1.6144242683187355
1.6086740928373058
1.6034239326151312
1.5980487685781428
1.5940486465041048
1.58879848628193
1.5847983642078922
1.5804232306894133
1.576548112430189
1.5729230018005922
1.5697979064302499
1.5672978301339764
1.5632977080599384
1.5589225745414594
1.554672444837794
1.5489222693563647
1.5422970671712395
1.5344218268379772
1.5256715598010193
1.5156712546159246
1.5052959379863888
1.4944206060975982
1.4829202551347391
1.4710448927274393
1.4606695760979034
1.452169316690573
1.4471691640980255
1.4466691488387708
1.4520443128757592
1.4634196600238045
1.4827952513199256
1.5100460829493088
1.54604718161565
1.5894235053559984
1.6415500961333047
1.7034269844660788
1.7735541245765558
1.8523065279091768
1.9344340342417676
2.015061494796594
2.090063783684805
2.155440778832362
2.208442396313364
2.2446935026093326
2.264694112979522
2.272694357127598
2.257568895535142
2.220442762535478
2.168066164128544
2.1036891994994966
2.0288119144260994
1.948934476760155
1.8664319589831233
1.7838044373912778
1.7044270149845882
1.6310497756889553
1.5659227881710258
1.5117961363567003
1.4667947630237739
1.4324187139500106
1.406917935728019
1.3912924588763085
1.383667226172674
1.383167210913419
1.3892923978392897
1.4007927488021485
1.4155431989501632
1.4325437177648244
1.4519193090609455
1.4696698507644885
1.4855453352458265
1.5009208044679097
1.5144212164677877
1.5269215979491562
1.5360468764305553
1.5447971434675132
1.5514223456526384
1.555922482985931
1.5605476241340372
1.563047700430311
1.5664228034302805
1.5682978606524856
1.5715479598376416
1.5735480208746606
1.5759230933561206
1.5785481734672078
1.5811732535782954
1.583298318430128
1.5861734061708426
1.5889234900967437
1.5920485854670858
1.5949236732078005
1.5989237952818385
1.6025489059114353
1.6060490127262186
1.6109241615039522
1.61492428357799
1.6191744132816552
1.623299539170507
1.628424695577868
1.6332998443556017
1.638299996948149
1.6435501571703237
1.6495503402813807
1.655425519577624
1.6614257026886807
1.6679259010589922
1.6740510879848627
1.6804262825403606
1.6873014923551135
1.6928016602069156
1.699676870021668
1.7064270760216071
1.7133022858363598
1.7206775109103671
1.7278027283547472
1.7350529496139409
1.7419281594286935
1.7490533768730736
1.7554285714285716
1.7625537888729514
1.7691789910580769
1.7759291970580158
1.7828044068727684
1.7888045899838252
1.7948047730948822
1.800804956205939
1.8060551164281138
1.8109302652058474
1.816180425428022
1.8204305551316875
1.8236806543168431
1.8283057954649493
1.8319309060945466
1.8349309976500747
1.8374310739463484
1.840306161687063
1.8418062074648274
1.8430562456129642
1.8444312875759148
1.8441812799462873
1.844806299020356
1.8435562608722191
1.8430562456129642
1.8409311807611317
1.8398061464278084
1.8371810663167212
1.8338059633167516
1.830055848872341
1.8261807306131168
1.8223056123538928
1.8175554673909728
1.8124303109836117
1.8069301431318094
1.8019299905392623
1.7961798150578325
1.7906796472060307
1.7848044679097874
1.7783042695394757
1.771429059724723
1.7644288460951567
1.7576786400952178
1.7513034455397198
1.7434282052064578
1.7368030030213324
1.7299277932065797
1.7233025910214546
1.7161773735770747
1.708802148503067
1.701301919614246
1.6946767174291208
1.6874264961699272
1.6805512863551746
1.673551072725608
1.6675508896145512
1.6604256721701711
1.6541754814294871
1.6484253059480574
1.6421751152073734
1.636674947355571
1.6310497756889553
1.6250495925778985
1.6196744285409101
1.6151742912076175
1.6115491805780204
1.6066740318002868
1.6017988830225531
1.59829877620777
1.5945486617633595
1.590798547318949
1.5874234443189794
1.58404834131901
1.5810482497634815
1.5776731467635121
1.5752980742820522
1.5731730094302194
1.5709229407635732
1.5689228797265542
1.5672978301339764
1.56504776146733
1.563422711874752
1.5616726584673606
1.5600476088747826
1.5589225745414594
1.5581725516525773
1.556797509689627
1.5561724906155583
1.5556724753563036
1.5540474257637258
1.5537974181340983
1.5530473952452162
1.5524223761711478
1.5514223456526384
1.551547349467452
1.5514223456526384
1.5511723380230111
1.5511723380230111
1.5511723380230111
1.55079732657857
1.5506723227637564
1.55079732657857
1.550422315134129
1.5509223303933837
1.5500473036896878
1.5505473189489425
1.5505473189489425
1.5510473342081972
1.5511723380230111
1.5525473799859615
1.5514223456526384
1.551547349467452
1.5517973570970793
1.5514223456526384
1.5521723685415205
1.552672383800775
1.552797387615589
1.5540474257637258
1.554672444837794
1.5554224677266761
1.5557974791711173
1.556797509689627
1.5575475325785089
1.5585475630970183
1.559797601245155
1.5612976470229194
1.5632977080599384
1.5651727652821437
1.5671728263191627
1.5696729026154363
1.5717979674672689
1.5746730552079835
1.5780481582079533
1.580923245948668
1.58404834131901
1.5886734824671163
1.5926736045411543
1.5980487685781428
1.6022988982818078
1.608174077578051
1.6135492416150394
1.6200494399853511
1.6261746269112216
1.6325498214667196
1.6389250160222175
1.645925229651784
1.6528004394665363
1.6603006683553576
1.667300881984924
1.6743010956144901
1.6814263130588702
1.6879265114291817
1.6946767174291208
1.7011769157994323
1.706927091280862
1.7126772667622914
1.717552415540025
1.7218025452436905
1.7268026978362376
1.7299277932065797
1.7333028962065493
1.734552934354686
1.7359279763176367
1.7369280068361461
1.736552995391705
1.735427961058382
1.7335529038361768
1.731427838984344
1.7278027283547472
1.7240526139103367
1.7208025147251809
1.7160523697622607
1.7096771752067628
1.703676992095706
1.697426801355022
1.6901765800958282
1.6836763817255165
1.6764261604663229
1.669300943021943
1.662800744651631
1.6556755272072514
1.6486753135776848
1.6413000885036775
1.6345498825037386
1.6277996765037996
1.6214244819483017
1.6155493026520584
1.6096741233558154
1.6040489516891996
1.5990487990966522
1.5944236579485458
1.5901735282448806
1.5846733603930783
1.5806732383190405
1.5780481582079533
1.5734230170598467
1.570547929319132
1.5675478377636038
1.5645477462080752
1.559922605059969
1.55554747154149
1.5497972960600603
1.5430470900601214
1.5357968688009278
1.5269215979491562
1.5172963042085024
1.5074210028382216
1.4957956480605488
1.4847953123569444
1.4727949461348309
1.4621696218756677
1.4542943815424054
1.4476691793572802
1.4464191412091434
1.4504192632831812
1.4612945951719718
1.480295175023652
1.505545945616016
1.5397969908749656
1.5825482955412458
1.6340498672444839
1.6939266945402387
1.762803796502579
1.840431165501877
1.9226836756492813
2.004186162907804
2.079688467055269
2.1461904965361494
2.2008171636097296
2.2405683767204807
2.263319071016572
2.2721943418683432
2.2611940061647386
2.227192968535417
2.176441419721061
2.1126894741660815
2.03968724631489
1.9605598315378279
1.878432325205237
1.7943047578356275
1.7148023316141239
1.6405500656147955
1.5736730246894741
1.5176713156529436
1.4722949308755762
1.4360438245796074
1.4096680196539202
1.3929175084688865
1.3845422528763696
1.3826671956541643
1.3877923520615254
1.3989176915799433
1.4134181340983307
1.4302936490981781
1.4490442213202308
1.4680448011719107
1.4841702932828762
1.4989207434308909
1.513546189764092
1.5245465254676962
1.535671864986114
1.544047120578631
1.5512973418378246
1.5556724753563036
1.559797601245155
1.5632977080599384
1.5659227881710258
1.5686728720969267
1.5709229407635732
1.57217297891171
1.5757980895413068
1.5786731772820215
1.5806732383190405
1.5835483260597554
1.5862984099856563
1.5885484786523028
1.5916735740226449
1.594673665578173
1.5980487685781428
1.6027989135410627
1.6056740012817774
1.6096741233558154
1.6146742759483628
1.6184243903927733
1.622924527726066
1.6275496688741722
1.632424817651906
1.637924985503708
1.6434251533555102
1.649050325022126
1.654550492873928
1.6608006836146123
1.6666758629108556
1.6726760460219123
1.6798012634662924
1.6856764427625355
1.6923016449476609
1.6984268318735312
1.7058020569475387
1.713177282021546
1.719927488021485
1.727052705465865
1.7340529190954315
1.7415531479842525
1.7484283577990052
1.7546785485396894
1.7623037812433242
1.7686789757988222
1.7753041779839474
1.7818043763542588
1.7885545823541977
1.7938047425763726
1.8005549485763115
1.8056801049836726
1.8108052613910337
1.8151803949095127
1.8198055360576189
1.8243056733909115
1.8279307840205086
1.8311808832056644
1.8345559862056338
1.8378060853907896
1.8405561693166905
1.8416812036500139
1.842806237983337
1.8434312570574054
1.844306283761101
1.8441812799462873
1.8434312570574054
1.8426812341685233
1.8413061922055727
1.8396811426129949
1.837306070131535
1.83443098239082
1.8308058717612232
1.826930753501999
1.8228056276131475
1.8179304788354138
1.8136803491317484
1.8075551622058779
1.8026800134281442
1.7971798455763421
1.7910546586504716
1.7851794793542284
1.7783042695394757
1.7713040559099094
1.765803888058107
1.7586786706137274
1.7515534531693473
1.7443032319101537
1.7375530259102145
1.730677816095462
1.723552598651082
1.7165523850215156
1.710802209540086
1.7024269539475692
1.695426740318003
1.6878015076143682
1.680676290169988
1.6743010956144901
1.6674258857997375
1.6614257026886807
1.6549255043183693
1.6493003326517535
1.6421751152073734
1.6367999511703848
1.63154979094821
1.6261746269112216
1.6199244361705374
1.6155493026520584
1.6110491653187657
1.6067990356151007
1.602673909726249
1.5985487838373975
1.5954236884670552
1.5912985625782037
1.587923459578234
1.5845483565782648
1.5814232612079226
1.5782981658375803
1.5760480971709343
1.5735480208746606
1.5715479598376416
1.5687978759117405
1.5671728263191627
1.5651727652821437
1.5631727042451247
1.5620476699118016
1.5601726126895963
1.5585475630970183
1.5576725363933226
1.5570475173192542
1.55554747154149
1.55554747154149
1.5544224372081668
1.5541724295785393
1.5532974028748436
1.5521723685415205
1.5520473647267068
1.5517973570970793
1.551547349467452
1.5505473189489425
1.55079732657857
1.5510473342081972
1.5511723380230111
1.5506723227637564
1.5505473189489425
1.5505473189489425
1.55079732657857
1.550422315134129
1.5505473189489425
1.5506723227637564
1.5516723532822658
1.5509223303933837
1.5510473342081972
1.5512973418378246
1.5514223456526384
1.5517973570970793
1.5521723685415205
1.552797387615589
1.5521723685415205
1.552672383800775
1.553547410504471
1.5542974333933532
1.555922482985931
1.5562974944303722
1.5564224982451857
1.5576725363933226
1.5589225745414594
1.5594225898007141
1.5625476851710562
1.5627976928006837
1.565422772911771
1.5676728415784174
1.5695478988006226
1.5722979827265235
1.5746730552079835
1.5775481429486986
1.5814232612079226
1.5841733451338236
1.5881734672078616
1.5930486159855952
1.5976737571337016
1.602673909726249
1.6080490737632376
1.6139242530594806
1.6192994170964692
1.6255496078371532
1.6325498214667196
1.638299996948149
1.6453002105777155
1.6528004394665363
1.6594256416516617
1.6665508590960418
1.6738010803552354
1.6809262977996156
1.6879265114291817
1.6948017212439344
1.7006769005401776
1.7064270760216071
1.7123022553178504
1.717552415540025
1.7223025605029452
1.7265526902066104
1.7305528122806482
1.7331778923917356
1.7348029419843134
1.7361779839472642
1.7356779686880093
1.7368030030213324
1.7348029419843134
1.7341779229102452
1.7316778466139713
1.7286777550584431
1.7254276558732873
1.7208025147251809
1.7158023621326335
1.7099271828363902
1.704052003540147
1.6980518204290902
1.6911766106143375
1.6844264046143986
1.6770511795403913
1.6705509811700798
1.6623007293923764
1.6566755577257606
1.6491753288369395
1.6420501113925596
1.6350498977629933
1.628424695577868
1.6219244972075564
1.6155493026520584
1.609799127170629
1.6045489669484543
1.5996738181707206
1.594673665578173
1.589923520615253
1.585298379467147
1.581298257393109
1.5776731467635121
1.5739230323191016
1.5706729331339457
1.5671728263191627
1.5646727500228887
1.5600476088747826
1.5560474868007448
1.5501723075045015
1.5436721091341898
1.5360468764305553
1.5277966246528518
1.517921323282571
1.5077960142826623
1.4965456709494307
1.4855453352458265
1.473544969023713
1.4626696371349224
1.4531693472090823
1.4471691640980255
1.4459191259498887
1.4502942594683677
1.460419568468276
1.4780451063570055
1.5035458845789973
1.5367968993194372
1.57929819635609
1.6301747489852596
1.6898015686513872
1.7578036439100315
1.8349309976500747
1.9170585039826655
1.9988109988708151
2.0746883144627217
2.1425653859065523
2.197942075869015
2.2380683004242075
2.2625690481276894
2.2731943723868526
2.263319071016572
2.2293180333872495
2.180316537980285
2.117689626758629
2.0454374217963194
1.9665600146488846
1.883557481612598
1.8005549485763115
1.7206775109103671
1.6455502182073427
1.5784231696523943
1.5215464339121678
1.4749200109866634
1.4380438856166264
1.4110430616168708
1.3935425275429547
1.383667226172674
1.3829172032837918
1.3874173406170842
1.3980426648762476
1.4124181035798211
1.4292936185796687
1.447294167912839
1.4657947325052645
1.482670247505112
1.4981707205420087
1.5117961363567003
1.5240465102084415
1.5351718497268594
1.5436721091341898
1.55079732657857
1.555922482985931
1.5596725974303416
1.5629226966154972
1.5656727805413984
1.5682978606524856
1.5706729331339457
1.5729230018005922
1.5757980895413068
1.5777981505783258
1.5807982421338542
1.5826732993560595
1.5859233985412151
1.5886734824671163
1.5914235663930174
1.5945486617633595
1.5977987609485154
1.6021738944669943
1.6056740012817774
1.6092991119113744
1.6136742454298534
1.6180493789483323
1.6230495315408795
1.6274246650593585
1.6321748100222786
1.6374249702444532
1.642675130466628
1.6484253059480574
1.6544254890591144
1.6599256569109164
1.6663008514664144
1.6723010345774711
1.6788012329477828
1.6851764275032808
1.6920516373180334
1.698176824243904
1.7054270455030978
1.7123022553178504
1.7191774651326028
1.726302682576983
1.7336779076509903
1.740553117465743
1.7473033234656818
1.754428540910062
1.7610537430951874
1.7676789452803126
1.7744291512802515
1.7814293649098176
1.7871795403912474
1.7936797387615588
1.7991799066133611
1.8049300820947904
1.810305246131779
1.81543040253914
1.8195555284279916
1.8238056581316568
1.8276807763908811
1.831680898464919
1.8343059785760063
1.8375560777611624
1.8399311502426223
1.8421812189092686
1.8429312417981507
1.8438062685018464
1.8444312875759148
1.8441812799462873
1.8434312570574054
1.8426812341685233
1.8420562150944548
1.8398061464278084
1.8376810815759759
1.8348059938352612
1.830930875576037
1.8270557573168127
1.8230556352427747
1.818555497909482
1.81305533005768
1.8088052003540147
1.8036800439466536
1.797554857020783
1.7918046815393536
1.785679494613483
1.7793043000579851
1.7730541093173011
1.7654288766136663
1.759178685872982
1.7521784722434155
1.7453032624286628
1.7384280526139104
1.731427838984344
1.7240526139103367
1.7170524002807703
1.710052186651204
1.7031769768364513
1.6956767479476302
1.6893015533921325
1.6811763054292428
1.6746761070589313
1.6684259163182469
1.6613006988738672
1.6556755272072514
1.6496753440961944
1.6434251533555102
1.6372999664296397
1.6319248023926511
1.6267996459852903
1.6207994628742333
1.6162993255409406
1.6120491958372754
1.607424054689169
1.6027989135410627
1.598798791467025
1.5949236732078005
1.5911735587633902
1.588048463393048
1.5854233832819604
1.58167326883755
1.5787981810968352
1.5750480666524247
1.5739230323191016
1.5711729483932007
1.5690478835413677
1.5676728415784174
1.565422772911771
1.563797723319193
1.5621726737266153
1.5604226203192237
1.558672566911832
1.55792254402295
1.556797509689627
1.5561724906155583
1.555172460097049
1.5550474562822352
1.5540474257637258
1.5534224066896571
1.552797387615589
1.552672383800775
1.5514223456526384
1.5509223303933837
1.5514223456526384
1.5511723380230111
1.5510473342081972
1.5510473342081972
1.5506723227637564
1.5509223303933837
1.5506723227637564
1.5505473189489425
1.550422315134129
1.5502973113193153
1.5510473342081972
1.5506723227637564
1.5509223303933837
1.5514223456526384
1.5514223456526384
1.5514223456526384
1.5519223609118933
1.5520473647267068
1.5514223456526384
1.5530473952452162
1.5532974028748436
1.5536724143192846
1.5544224372081668
1.5554224677266761
1.5556724753563036
1.5565475020599995
1.55792254402295
1.5585475630970183
1.5595475936155279
1.5612976470229194
1.5626726889858698
1.5645477462080752
1.5669228186895352
1.5689228797265542
1.5715479598376416
1.5744230475783563
1.5772981353190711
1.5805482345042268
1.5839233375041963
1.5875484481337934
1.5921735892818996
1.596798730430006
1.6020488906521806
1.607424054689169
1.6130492263557847
1.618924405652028
1.6250495925778985
1.63154979094821
1.6377999816888944
1.6441751762443924
1.6513003936887722
1.6588006225775933
1.6665508590960418
1.6730510574663533
1.679926267281106
1.6874264961699272
1.6935516830957975
1.7004268929105502
1.706052064577166
1.7116772362437818
1.717177404095584
1.7218025452436905
1.725927671132542
1.7298027893917662
1.7329278847621081
1.7348029419843134
1.735802972502823
1.736552995391705
1.7360529801324502
1.7355529648731955
1.7335529038361768
1.7319278542435987
1.7289277626880704
1.7255526596881008
1.7218025452436905
1.716427381206702
1.711177220984527
1.7053020416882838
1.6991768547624133
1.6920516373180334
1.6855514389477217
1.6788012329477828
1.6714260078737755
1.6643007904293954
1.656925565355388
1.6500503555406356
1.6423001190221869
1.6357999206518754
1.6294247260963775
1.6222995086519973
1.6166743369853815
1.6116741843928344
1.605048982207709
1.5996738181707206
1.594798669392987
1.5909235511337627
1.5862984099856563
1.582048280281991
1.5780481582079533
1.5742980437635425
1.5704229255043185
1.568172856837672
1.5645477462080752
1.5609226355784784
1.5565475020599995
1.5514223456526384
1.5446721396526994
1.536921903134251
1.5292966704306161
1.5196713766899625
1.5092960600604266
1.4979207129123815
1.4870453810235909
1.4754200262459183
1.4637946714682455
1.4546693929868466
1.4479191869869077
1.4455441145054475
1.448919217505417
1.4585445112460709
1.4749200109866634
1.4990457472457046
1.5321717581713308
1.572547990356151
1.6217994933927427
1.6803012787255471
1.7468033082064272
1.8226806237983337
1.9048081301309243
1.986560625019074
2.063812982573931
2.1329400921658985
2.1901918393505664
2.233193151646474
2.2599439680166022
2.2705692922757654
2.267069185460982
2.2355682241279338
2.188941801202429
2.127939939573351
2.0565627613147375
1.978310373241371
1.8964328745384076
1.8131803338724937
1.7320528580584125
1.6564255500961331
1.5882984710226753
1.5290466628009889
1.481420209356975
1.4436690572832422
1.4151681875057223
1.3951675771355327
1.3850422681356243
1.382417188024537
1.3865423139133886
1.3961676076540421
1.410543046357616
1.4264185308389539
1.4450440992461928
1.4630446485793636
1.4801701712088382
1.4957956480605488
1.5106711020233772
1.52229645680105
1.5337968077639088
1.5421720633564255
1.5494222846156194
1.554797448652608
1.5589225745414594
1.5624226813562427
1.5652977690969574
1.5675478377636038
1.5702979216895046
1.5734230170598467
1.5752980742820522
1.5775481429486986
1.5807982421338542
1.582923306985687
1.5849233680227057
1.5881734672078616
1.5910485549485762
1.5940486465041048
1.597173741874447
1.6012988677632984
1.6051739860225227
1.609049104281747
1.6135492416150394
1.6171743522446362
1.6215494857631152
1.6266746421704763
1.63154979094821
1.636674947355571
1.6413000885036775
1.6473002716147345
1.6533004547257912
1.6591756340220343
1.6656758323923462
1.6714260078737755
1.677926206244087
1.6844264046143986
1.6906765953550829
1.697426801355022
1.7038019959105197
1.7110522171697136
1.7188024536881619
1.7253026520584733
1.7325528733176672
1.7399280983916745
1.7465533005767997
1.7536785180211798
1.7605537278359324
1.7675539414654988
1.773804132206183
1.7804293343913085
1.786554521317179
1.7926797082430495
1.7990549027985472
1.8040550553910948
1.8096802270577106
1.8145553758354442
1.8193055207983642
1.8234306466872157
1.8268057496871855
1.8305558641315958
1.8343059785760063
1.8368060548722802
1.8393061311685537
1.8416812036500139
1.8429312417981507
1.8435562608722191
1.844306283761101
1.844306283761101
1.8439312723166599
1.842806237983337
1.8421812189092686
1.8395561387981811
1.8370560625019074
1.8350560014648885
1.8318059022797326
1.8274307687612537
1.8234306466872157
1.8193055207983642
1.8144303720206305
1.809180211798456
1.8036800439466536
1.7981798760948515
1.792429700613422
1.7871795403912474
1.7799293191320538
1.7730541093173011
1.7669289223914304
1.7599287087618642
1.7530534989471116
1.7461782891323587
1.739303079317606
1.7324278695028534
1.7251776482436598
1.718427442243721
1.7114272286141545
1.704177007354961
1.6969267860957673
1.6895515610217597
1.6823013397625661
1.6763011566515091
1.669675954466384
1.6630507522812585
1.6573005767998292
1.6504253669850764
1.644675191503647
1.63867500839259
1.6330498367259743
1.627174657429731
1.6219244972075564
1.616549333170568
1.6115491805780204
1.6080490737632376
1.6032989288003174
1.5997988219855341
1.5956736960966826
1.5920485854670858
1.5882984710226753
1.5851733756523332
1.5819232764671776
1.5786731772820215
1.576548112430189
1.5735480208746606
1.5715479598376416
1.569422894985809
1.56742283394879
1.5660477919858395
1.5646727500228887
1.5621726737266153
1.5607976317636647
1.5587975707266457
1.5576725363933226
1.557172521134068
1.5562974944303722
1.5552974639118626
1.5550474562822352
1.553922421948912
1.553547410504471
1.5536724143192846
1.5524223761711478
1.5520473647267068
1.5511723380230111
1.5512973418378246
1.551547349467452
1.5506723227637564
1.5509223303933837
1.550422315134129
1.5506723227637564
1.550422315134129
1.5505473189489425
1.5502973113193153
1.550422315134129
1.5509223303933837
1.5509223303933837
1.55079732657857
1.5517973570970793
1.5516723532822658
1.5511723380230111
1.5516723532822658
1.5517973570970793
1.5516723532822658
1.5525473799859615
1.55317239906003
1.553547410504471
1.5545474410229805
1.5549224524674214
1.5560474868007448
1.5561724906155583
1.5576725363933226
1.5585475630970183
1.559047578356273
1.5604226203192237
1.5629226966154972
1.5646727500228887
1.5659227881710258
1.5689228797265542
1.5714229560228279
1.5741730399487288
1.5767981200598165
1.5801732230597858
1.583298318430128
1.5870484328745385
1.5910485549485762
1.5961737113559373
1.6012988677632984
1.6067990356151007
1.6122992034669026
1.6181743827631458
1.6237995544297616
1.630049745170446
1.6367999511703848
1.6434251533555102
1.6503003631702629
1.6580505996887114
1.6644257942442091
1.6719260231330302
1.6793012482070377
1.686301461836604
1.6926766563921019
1.699301858577227
1.704927030243843
1.7105522019104589
1.7163023773918882
1.7209275185399944
1.7254276558732873
1.729052766502884
1.7321778618732262
1.734552934354686
1.735802972502823
1.7366779992065189
1.7370530106509599
1.7360529801324502
1.7341779229102452
1.7331778923917356
1.7295527817621388
1.7260526749473555
1.7220525528733177
1.7173024079103976
1.7116772362437818
1.706052064577166
1.7003018890957367
1.6930516678365428
1.686301461836604
1.6791762443922238
1.6726760460219123
1.665300820947905
1.6579255958738974
1.651050386059145
1.6433001495406965
1.636674947355571
1.631174779503769
1.6236745506149481
1.616924344615009
1.611424176763207
1.6065490279854733
1.601048860133671
1.5957986999114964
1.591923581652272
1.5871734366893522
1.5826732993560595
1.578923184911649
1.5751730704672384
1.5714229560228279
1.5686728720969267
1.56504776146733
1.5616726584673606
1.557172521134068
1.5521723685415205
1.5459221778008363
1.5382969450972015
1.5302967009491257
1.5209214148380994
1.511546128727073
1.4995457625049593
1.4891704458754236
1.4769200720236824
1.4656697286904508
1.4562944425794244
1.4485442060609761
1.4455441145054475
1.4476691793572802
1.4566694540238656
1.4717949156163215
1.4949206213568529
1.5260465712454605
1.5651727652821437
1.6135492416150394
1.6705509811700798
1.735802972502823
1.8109302652058474
1.8915577257606737
1.9736852320932645
2.0518126163518176
2.122314767906736
2.1816915799432355
2.227442976165044
2.2569438764610736
2.2696942655720695
2.2695692617572556
2.242193426313059
2.197567064424574
2.1385652638325143
2.0686881313516645
1.9915607776116215
1.9091832636494033
1.8273057649464401
1.7453032624286628
1.6684259163182469
1.598798791467025
1.5384219489120152
1.488545426801355
1.448919217505417
1.4195433210242012
1.3984176763206884
1.3864173100985748
1.3825421918393506
1.3854172795800654
1.3937925351725822
1.4076679586169012
1.4232934354686118
1.4417940000610372
1.4602945646534624
1.4780451063570055
1.4927955565050204
1.507546006653035
1.5210464186529131
1.5311717276528216
1.5407970213934752
1.54842225409711
1.553922421948912
1.558297555467391
1.5614226508377331
1.56504776146733
1.5671728263191627
1.570172917874691
1.5726729941709647
1.5750480666524247
1.5771731315042574
1.5797982116153446
1.5821732840968048
1.584423352763451
1.5870484328745385
1.590798547318949
1.5931736198004092
1.596673726615192
1.6004238410596028
1.6041739555040133
1.6085490890224923
1.6127992187261575
1.616924344615009
1.6216744895779291
1.6259246192815942
1.630799768059328
1.635549913022248
1.6405500656147955
1.6466752525406658
1.6528004394665363
1.6576755882442702
1.6644257942442091
1.6704259773552659
1.6765511642811366
1.6835513779107028
1.689426557206946
1.6963017670216987
1.7024269539475692
1.7096771752067628
1.7165523850215156
1.7241776177251504
1.7311778313547166
1.7381780449842832
1.7454282662434768
1.752053468428602
1.7590536820581684
1.7653038727988526
1.7720540787987915
1.778554277169103
1.7851794793542284
1.792054689168981
1.7970548417615282
1.8034300363170261
1.808680196539201
1.8131803338724937
1.8179304788354138
1.8224306161687065
1.8261807306131168
1.829305825983459
1.8339309671315653
1.836056031983398
1.8383061006500443
1.8411811883907592
1.8425562303537095
1.8433062532425917
1.844306283761101
1.8441812799462873
1.8435562608722191
1.8441812799462873
1.8418062074648274
1.8396811426129949
1.8378060853907896
1.8356810205389569
1.8326809289834285
1.8285558030945768
1.8243056733909115
1.82018054750206
1.8153053987243264
1.8096802270577106
1.8050550859096042
1.7991799066133611
1.7938047425763726
1.7875545518356883
1.7818043763542588
1.7756791894283883
1.7681789605395672
1.7618037659840693
1.7543035370952484
1.7479283425397505
1.7411781365398113
1.734302926725059
1.7265526902066104
1.7196774803918575
1.713177282021546
1.7053020416882838
1.6984268318735312
1.6913016144291515
1.683926389355144
1.6774261909848323
1.6709259926145208
1.6644257942442091
1.6581756035035249
1.6516754051332134
1.6458002258369702
1.6396750389110997
1.6339248634296701
1.6285496993926818
1.622924527726066
1.6179243751335184
1.6126742149113438
1.6086740928373058
1.6044239631336406
1.6004238410596028
1.596798730430006
1.5929236121707817
1.589923520615253
1.586048402356029
1.5822982879116183
1.578923184911649
1.5774231391338847
1.5750480666524247
1.5719229712820828
1.5697979064302499
1.5682978606524856
1.566297799615467
1.5644227423932615
1.562297677541429
1.5614226508377331
1.5592975859859004
1.5581725516525773
1.5572975249488816
1.5565475020599995
1.55554747154149
1.5554224677266761
1.5544224372081668
1.55317239906003
1.552797387615589
1.5522973723563342
1.551547349467452
1.5514223456526384
1.5514223456526384
1.551547349467452
1.5505473189489425
1.5510473342081972
1.5511723380230111
1.5514223456526384
1.5502973113193153
1.5505473189489425
1.5501723075045015
1.5501723075045015
1.5502973113193153
1.5505473189489425
1.5509223303933837
1.5511723380230111
1.5514223456526384
1.5511723380230111
1.5516723532822658
1.5516723532822658
1.5520473647267068
1.552797387615589
1.5521723685415205
1.5530473952452162
1.5540474257637258
1.5545474410229805
1.5554224677266761
1.5562974944303722
1.5570475173192542
1.558297555467391
1.559172582171087
1.559797601245155
1.5620476699118016
1.563797723319193
1.5659227881710258
1.5682978606524856
1.5714229560228279
1.5730480056154057
1.5759230933561206
1.5790481887264625
1.5831733146153144
1.5859233985412151
1.5900485244300668
1.5954236884670552
1.5999238258003479
1.6052989898373364
1.6109241615039522
1.6170493484298227
1.6225495162816248
1.6286747032074953
1.6349248939481797
1.64105008087405
1.6485503097628713
1.6560505386516924
1.662800744651631
1.6699259620960112
1.6769261757255778
1.6841763969847714
1.6906765953550829
1.6975518051698355
1.7033019806512648
1.7098021790215767
1.7145523239844966
1.7198024842066715
1.7246776329844051
1.7281777397991884
1.7318028504287852
1.7341779229102452
1.7359279763176367
1.7359279763176367
1.7368030030213324
1.7360529801324502
1.7344279305398724
1.7329278847621081
1.7304278084658344
1.7271777092806788
1.7231775872066408
1.718427442243721
1.7139273049104282
1.708052125614185
1.7015519272438735
1.6951767326883755
1.6876765037995543
1.6816763206884975
1.6753011261329998
1.66717587817011
1.6600506607257304
1.6526754356517228
1.6461752372814111
1.6389250160222175
1.6327998290963468
1.626049623096408
1.6191744132816552
1.6131742301705987
1.6075490585039827
1.6021738944669943
1.5972987456892607
1.5926736045411543
1.587923459578234
1.5836733298745689
1.5797982116153446
1.5757980895413068
1.5722979827265235
1.5692978911709952
1.566172795800653
1.5625476851710562
1.5585475630970183
1.5537974181340983
1.5480472426526688
1.5405470137638477
1.5322967619861447
1.5239215063936278
1.513921201208533
1.5030458693197426
1.4921705374309517
1.481045197912534
1.4689198278756064
1.4584195074312571
1.450544267097995
1.4462941373943297
1.4467941526535844
1.4537943662831507
1.4662947477645192
1.4875453962828455
1.5169212927640614
1.552672383800775
1.599173802911466
1.6533004547257912
1.716427381206702
1.7881795709097568
1.8684320200201423
1.9510595416119878
2.030561967833491
2.1036891994994966
2.16656611835078
2.215942625202185
2.249943662831507
2.267194189275796
2.272944364757225
2.2514437086092713
2.2115674916837063
2.1561908017212437
2.089188756981109
2.0139364604632712
1.9335590075380718
1.8505564745017853
1.7680539567247535
1.689426557206946
1.6177993713187049
1.5541724295785393
1.5014208197271646
1.459169530320139
1.4266685384685813
1.4026678060243538
1.3891673940244758
1.3830422070986053
1.383667226172674
1.3909174474318675
1.4032928250984222
1.4185432905056918
1.435918820764794
1.4547943968016601
1.4724199346903897
1.4887954344309824
1.5037958922086248
1.5175463118381298
1.5291716666158026
1.5381719412823878
1.5465471968749047
1.55317239906003
1.5569225135044404
1.5615476546525469
1.564297738578448
1.566297799615467
1.5696729026154363
1.5716729636524553
1.5737980285042878
1.5767981200598165
1.5790481887264625
1.5814232612079226
1.58404834131901
1.5869234290597247
1.5894235053559984
1.5925486007263405
1.5959237037263099
1.5994238105410932
1.6034239326151312
1.607049043244728
1.611799188207648
1.6156743064668722
1.6197994323557239
1.6245495773186438
1.6301747489852596
1.634424878688925
1.6393000274666587
1.645050202948088
1.6508003784295175
1.6563005462813196
1.6626757408368176
1.6690509353923155
1.6748011108737448
1.6813013092440567
1.6880515152439954
1.6940516983550522
1.7004268929105502
1.7075521103549303
1.7153023468733786
1.7223025605029452
1.7293027741325113
1.7368030030213324
1.7431781975768303
1.7499284035767695
1.7573036286507766
1.7638038270210883
1.7708040406506547
1.7773042390209661
1.7839294412060915
1.7899296243171485
1.7958048036133916
1.8021799981688895
1.8070551469466232
1.8116802880947296
1.8165554368724632
1.8214305856501969
1.8248056886501665
1.8286808069093905
1.8326809289834285
1.836056031983398
1.8386811120944853
1.8405561693166905
1.842431226538896
1.8435562608722191
1.8440562761314738
1.844306283761101
1.8435562608722191
1.8434312570574054
1.842306222724082
1.8406811731315043
1.8386811120944853
1.8363060396130253
1.8334309518723106
1.8299308450575276
1.8254307077242347
1.8210555742057557
1.8164304330576495
1.8114302804651021
1.8061801202429273
1.8005549485763115
1.7951797845393231
1.7893046052430799
1.7831794183172094
1.7768042237617114
1.769929013946959
1.7631788079470199
1.7561785943174535
1.7498033997619558
1.742553178502762
1.7346779381694999
1.728302743614002
1.7218025452436905
1.7149273354289376
1.7079271217993715
1.7000518814661092
1.6931766716513565
1.6861764580217904
1.679551255836665
1.6728010498367258
1.6659258400219734
1.6599256569109164
1.6533004547257912
1.6473002716147345
1.64105008087405
1.6354249092074344
1.630049745170446
1.6242995696890163
1.6191744132816552
1.6144242683187355
1.6099241309854426
1.6052989898373364
1.6016738792077396
1.5977987609485154
1.5936736350596639
1.5897985168004394
1.5862984099856563
1.5835483260597554
1.5804232306894133
1.5780481582079533
1.5755480819116796
1.5726729941709647
1.570547929319132
1.5690478835413677
1.566297799615467
1.564297738578448
1.5625476851710562
1.5620476699118016
1.559797601245155
1.5585475630970183
1.5576725363933226
1.5564224982451857
1.5557974791711173
1.5550474562822352
1.5544224372081668
1.5532974028748436
1.5530473952452162
1.5519223609118933
1.5520473647267068
1.5516723532822658
1.55079732657857
1.5512973418378246
1.5509223303933837
1.5510473342081972
1.5505473189489425
1.5506723227637564
1.550422315134129
1.5506723227637564
1.5505473189489425
1.5506723227637564
1.5500473036896878
1.5510473342081972
1.5510473342081972
1.5516723532822658
1.5521723685415205
1.5512973418378246
1.5512973418378246
1.5516723532822658
1.5524223761711478
1.5520473647267068
1.5525473799859615
1.5534224066896571
1.5537974181340983
1.5542974333933532
1.5556724753563036
1.5561724906155583
1.556797509689627
1.5576725363933226
1.559172582171087
1.559922605059969
1.5615476546525469
1.5636727195043794
1.56504776146733
1.5676728415784174
1.5699229102450638
1.5731730094302194
1.5752980742820522
1.5782981658375803
1.5817982726523636
1.5854233832819604
1.5894235053559984
1.5935486312448501
1.5990487990966522
1.6037989440595721
1.6092991119113744
1.6150492873928037
1.6207994628742333
1.627299661244545
1.6337998596148564
1.6396750389110997
1.647050263985107
1.6543004852443006
1.6615507065034945
1.6686759239478743
1.675551133762627
1.6825513473921934
1.689426557206946
1.695801751762444
1.702176946317942
1.7079271217993715
1.7134272896511735
1.7190524613177893
1.7230525833918273
1.7274277169103063
1.7305528122806482
1.7336779076509903
1.7351779534287546
1.7368030030213324
1.7366779992065189
1.7366779992065189
1.7351779534287546
1.733427900021363
1.730677816095462
1.7276777245399335
1.7240526139103367
1.719927488021485
1.714427320169683
1.7089271523178808
1.7030519730216378
1.6969267860957673
1.6895515610217597
1.6833013702810755
1.675551133762627
1.6689259315775018
1.6620507217627492
1.654550492873928
1.6483003021332439
1.64105008087405
1.633674855800043
1.6269246498001038
1.6204244514297923
1.614549272133549
1.6091741080965607
1.6034239326151312
1.598673787652211
1.5939236426892909
1.5890484939115572
1.584423352763451
1.5802982268745993
1.5770481276894437
1.5730480056154057
1.5702979216895046
1.5659227881710258
1.5631727042451247
1.5592975859859004
1.5550474562822352
1.549547288430433
1.542422070986053
1.534546830652791
1.5255465559862058
1.5160462660603655
1.5054209418012026
1.4942956022827847
1.483420270393994
1.4710448927274393
1.4606695760979034
1.4519193090609455
1.447294167912839
1.4459191259498887
1.451794305246132
1.4632946562089908
1.482295236060671
1.5092960600604266
1.5447971434675132
1.5886734824671163
1.6413000885036775
1.702551957762383
1.7728041016876737
1.8514315012054812
1.9334340037232582
2.0140614642780847
2.0890637531662954
2.15469075594348
2.206442335276345
2.2445684987945187
2.2649441206091496
2.2731943723868526
2.258693929868465
2.220817773979919
2.168816187017426
2.1036891994994966
2.029436933500168
1.9493094882045963
1.8668069704275645
1.7840544450209053
1.7046770226142156
1.631674794763024
1.5660477919858395
1.5114211249122593
1.467169774468215
1.4322937101351971
1.4074179509872737
1.391042451246681
1.3839172338023011
1.3830422070986053
1.3896674092837307
1.4006677449873348
1.4154181951353497
1.4325437177648244
1.4511692861720633
1.4700448622089297
1.4856703390606403
1.5012958159123508
1.514796227912229
1.5264215826899015
1.5366718955046237
1.5450471510971404
1.5517973570970793
1.5569225135044404
1.5600476088747826
1.5632977080599384
1.5660477919858395
1.5684228644672995
1.5712979522080142
1.5739230323191016
1.5761731009857478
1.5784231696523943
1.5810482497634815
1.583298318430128
1.5862984099856563
1.5891734977263712
1.5920485854670858
1.5952986846522417
1.5989237952818385
1.6019238868373669
1.6064240241706595
1.610549150059511
1.6147992797631765
1.618549394207587
1.6234245429853207
1.6281746879482406
1.6332998443556017
1.638299996948149
1.6438001647999512
1.649425336466567
1.6553005157628102
1.660925687429426
1.6678008972441787
1.6738010803552354
1.6803012787255471
1.6865514694662314
1.6935516830957975
1.6995518662068545
1.7063020722067934
1.7139273049104282
1.7204275032807397
1.7278027283547472
1.7350529496139409
1.742178167058321
1.7486783654286326
1.755553575243385
1.762803796502579
1.7689289834284494
1.776179204687643
1.782929410687582
1.7888045899838252
1.7948047730948822
1.8010549638355662
1.8066801355021822
1.811055269020661
1.816180425428022
1.820555558946501
1.8243056733909115
1.8283057954649493
1.8319309060945466
1.8349309976500747
1.8374310739463484
1.840431165501877
1.8420562150944548
1.8430562456129642
1.8439312723166599
1.8444312875759148
1.8444312875759148
1.8438062685018464
1.8426812341685233
1.8411811883907592
1.8393061311685537
1.8369310586870937
1.8338059633167516
1.8304308603167823
1.826555742057558
1.8223056123538928
1.817430463576159
1.812305307168798
1.807805169835505
1.8026800134281442
1.7968048341319012
1.7908046510208442
1.7846794640949737
1.778179265724662
1.771429059724723
1.764803857539598
1.7581786553544725
1.7508034302804651
1.7443032319101537
1.736552995391705
1.7301778008362072
1.7230525833918273
1.7158023621326335
1.708802148503067
1.7011769157994323
1.6949267250587483
1.6878015076143682
1.6801762749107334
1.6739260841700492
1.6670508743552965
1.6604256721701711
1.6548005005035553
1.6485503097628713
1.641925107577746
1.6369249549851985
1.6312997833185827
1.6255496078371532
1.6197994323557239
1.6157993102816859
1.610549150059511
1.6064240241706595
1.6017988830225531
1.598673787652211
1.5945486617633595
1.590298532059694
1.5874234443189794
1.58404834131901
1.5806732383190405
1.5781731620227668
1.5757980895413068
1.5734230170598467
1.5710479445783867
1.5692978911709952
1.5671728263191627
1.5649227576525162
1.5632977080599384
1.5616726584673606
1.5607976317636647
1.559047578356273
1.557797540208136
1.5570475173192542
1.556797509689627
1.555172460097049
1.554672444837794
1.553547410504471
1.5536724143192846
1.5524223761711478
1.5519223609118933
1.551547349467452
1.5512973418378246
1.5506723227637564
1.5511723380230111
1.55079732657857
1.551547349467452
1.5511723380230111
1.550422315134129
1.5500473036896878
1.5501723075045015
1.5509223303933837
1.5506723227637564
1.5510473342081972
1.550422315134129
1.5509223303933837
1.5514223456526384
1.551547349467452
1.5517973570970793
1.5516723532822658
1.5519223609118933
1.5519223609118933
1.5521723685415205
1.55317239906003
1.5536724143192846
1.5544224372081668
1.55554747154149
1.5557974791711173
1.5564224982451857
1.5576725363933226
1.558672566911832
1.5595475936155279
1.561797662282174
1.5629226966154972
1.5649227576525162
1.5671728263191627
1.5696729026154363
1.5720479750968963
1.5747980590227975
1.5776731467635121
1.5811732535782954
1.584423352763451
1.588423474837489
1.5929236121707817
1.5976737571337016
1.603173924985504
1.6079240699484236
1.6140492568742943
1.6194244209112827
1.6259246192815942
1.632299813837092
1.6388000122074038
1.6456752220221567
1.6528004394665363
1.6599256569109164
1.6670508743552965
1.6740510879848627
1.6811763054292428
1.6884265266884364
1.6951767326883755
1.7008019043549913
1.706927091280862
1.7121772515030367
1.7178024231696525
1.7228025757621999
1.7268026978362376
1.7301778008362072
1.7329278847621081
1.734552934354686
1.7359279763176367
1.7364279915768914
1.7364279915768914
1.7355529648731955
1.7336779076509903
1.7320528580584125
1.7281777397991884
1.7249276406140324
1.7208025147251809
1.7160523697622607
1.7101771904660177
1.704177007354961
1.697801812799463
1.6915516220587787
1.6840513931699574
1.6769261757255778
1.6698009582811977
1.6631757560960723
1.6564255500961331
1.649050325022126
1.6418001037629322
1.6349248939481797
1.6282996917630543
1.62204950102237
1.6160493179113133
1.6102991424298836
1.6045489669484543
1.5992988067262794
1.594798669392987
1.5901735282448806
1.5855483870967744
1.5815482650227364
1.5772981353190711
1.5735480208746606
1.5700479140598773
1.567047822504349
1.563797723319193
1.5604226203192237
1.5560474868007448
1.550422315134129
1.5432970976897489
1.5364218878749962
1.5279216284676658
1.5172963042085024
1.5077960142826623
1.4966706747642446
1.4847953123569444
1.4734199652088993
1.462419629505295
1.4531693472090823
1.447419171727653
1.4459191259498887
1.4502942594683677
1.460794579912717
1.4780451063570055
1.5041709036530655
1.5375469222083193
1.5801732230597858
1.6310497756889553
1.6908015991698966
1.7589286782433546
1.8361810357982116
1.920058595538194
2.000436048463393
2.076563371684927
2.1440654316843166
2.1989421063875243
2.2389433271279033
2.262694051942503
2.2721943418683432
2.263069063386944
2.228943021942808
2.178816492202521
2.116064577166051
2.043187353129673
1.9639349345377972
1.8818074282052064
1.7986798913541064
1.7183024384289072
1.6436751609851377
1.5767981200598165
1.51992138431959
1.4737949766533405
1.4375438703573717
1.410918057802057
1.3935425275429547
1.3845422528763696
1.383667226172674
1.3876673482467117
1.3984176763206884
1.412918118839076
1.4297936338389234
1.4486692098757896
1.466419751579333
1.482670247505112
1.4987957396160771
1.5126711630603962
1.5250465407269511
1.5350468459120459
1.5441721243934445
1.5502973113193153
1.5556724753563036
1.5595475936155279
1.5629226966154972
1.5656727805413984
1.568547868282113
1.5710479445783867
1.5737980285042878
1.5756730857264931
1.5777981505783258
1.5804232306894133
1.5834233222449416
1.5862984099856563
1.5886734824671163
1.5916735740226449
1.5945486617633595
1.5979237647633289
1.6019238868373669
1.6055489974669637
1.61017413861507
1.6142992645039216
1.618549394207587
1.6225495162816248
1.627674672688986
1.6320498062074649
1.6374249702444532
1.6429251380962555
1.649050325022126
1.6546754966887418
1.6608006836146123
1.666800866725669
1.6730510574663533
1.6788012329477828
1.6856764427625355
1.6923016449476609
1.6985518356883451
1.7055520493179113
1.713177282021546
1.7193024689474166
1.7266776940214241
1.7341779229102452
1.7408031250953704
1.7479283425397505
1.7548035523545031
1.761928769798883
1.7681789605395672
1.7750541703543201
1.7819293801690725
1.7878045594653156
1.7939297463911863
1.8001799371318705
1.8056801049836726
1.8101802423169653
1.8153053987243264
1.8198055360576189
1.8241806695760978
1.8276807763908811
1.831680898464919
1.835306009094516
1.837306070131535
1.8399311502426223
1.8415561998352001
1.8429312417981507
1.8441812799462873
1.8441812799462873
1.8445562913907285
1.8436812646870329
1.8429312417981507
1.8416812036500139
1.8394311349833674
1.837306070131535
1.8336809595019379
1.8306808679464095
1.8268057496871855
1.8230556352427747
1.818180486465041
1.8135553453169349
1.8080551774651326
1.8024300057985168
1.7971798455763421
1.7913046662800989
1.7851794793542284
1.7789292886135442
1.7724290902432325
1.765803888058107
1.758803674428541
1.7515534531693473
1.744553239539781
1.7379280373546557
1.7311778313547166
1.7238026062807095
1.716427381206702
1.7098021790215767
1.7030519730216378
1.6953017365031893
1.6884265266884364
1.6821763359477524
1.6743010956144901
1.6681759086886196
1.6614257026886807
1.6553005157628102
1.6488003173924985
1.6429251380962555
1.6370499588000123
1.631674794763024
1.6261746269112216
1.6210494705038605
1.6157993102816859
1.6115491805780204
1.6072990508743554
1.602673909726249
1.5989237952818385
1.5950486770226142
1.5915485702078311
1.5876734519486069
1.5846733603930783
1.5814232612079226
1.5785481734672078
1.5761731009857478
1.5736730246894741
1.5712979522080142
1.5692978911709952
1.5672978301339764
1.5647977538377027
1.5636727195043794
1.561922666096988
1.5595475936155279
1.558672566911832
1.5574225287636951
1.556672505874813
1.5556724753563036
1.5552974639118626
1.5549224524674214
1.5534224066896571
1.5532974028748436
1.5529223914304024
1.5524223761711478
1.5514223456526384
1.5511723380230111
1.5511723380230111
1.5511723380230111
1.55079732657857
1.5510473342081972
1.5509223303933837
1.5501723075045015
1.5501723075045015
1.5505473189489425
1.5505473189489425
1.550422315134129
1.5509223303933837
1.550422315134129
1.5509223303933837
1.5511723380230111
1.5512973418378246
1.551547349467452
1.5514223456526384
1.5521723685415205
1.5521723685415205
1.5525473799859615
1.55317239906003
1.5536724143192846
1.5542974333933532
1.555172460097049
1.5560474868007448
1.5565475020599995
1.5576725363933226
1.5585475630970183
1.5592975859859004
1.561172643208106
1.5636727195043794
1.5647977538377027
1.56742283394879
1.5697979064302499
1.5717979674672689
1.5740480361339153
1.5780481582079533
1.5807982421338542
1.5841733451338236
1.5876734519486069
1.5925486007263405
1.5975487533188881
1.6025489059114353
1.608174077578051
1.6135492416150394
1.6194244209112827
1.6246745811334575
1.63154979094821
1.6381749931333354
1.6444251838740198
1.651800408948027
1.6591756340220343
1.6663008514664144
1.6738010803552354
1.6805512863551746
1.6873014923551135
1.6936766869106112
1.7004268929105502
1.70617706839198
1.7129272743919186
1.7169273964659566
1.7220525528733177
1.726302682576983
1.7299277932065797
1.7329278847621081
1.735427961058382
1.7359279763176367
1.736552995391705
1.7361779839472642
1.735427961058382
1.7339279152806177
1.7320528580584125
1.7285527512436292
1.7251776482436598
1.7210525223548083
1.7154273506881925
1.7114272286141545
1.7045520187994019
1.6980518204290902
1.6915516220587787
1.6849264198736535
1.6778012024292734
1.6705509811700798
1.6635507675405132
1.656550553910947
1.6495503402813807
1.6423001190221869
1.6352999053926207
1.6289247108371228
1.62204950102237
1.6164243293557543
1.610549150059511
1.6059240089114046
1.5996738181707206
1.595173680837428
1.5901735282448806
1.5855483870967744
1.5811732535782954
1.5779231543931396
1.5736730246894741
1.5707979369487595
1.5679228492080448
1.564297738578448
1.5604226203192237
1.5562974944303722
1.5511723380230111
1.5442971282082585
1.5364218878749962
1.5280466322824793
1.5185463423566392
1.5081710257271035
1.4970456862086856
1.4866703695791499
1.4741699880977814
1.4630446485793636
1.4539193700979645
1.4471691640980255
1.4456691183202612
1.449294228949858
1.4595445417645803
1.4766700643940551
1.5017958311716058
1.534921842097232
1.5762981048005615
1.6267996459852903
1.6860514542069764
1.7529284951322976
1.8298058412427136
1.9113083285012362
1.993310831019013
2.0700631733146153
2.138440260017701
2.1944419690542314
2.2359432355723747
2.2613190099795526
2.2716943266090888
2.2649441206091496
2.232943144016846
2.184191656239509
2.122564775536363
2.0513126010925626
1.9724351939451277
1.8898076723532824
1.8065551316873685
1.7260526749473555
1.6509253822443313
1.583298318430128
1.5247965330973237
1.4784201178014467
1.4406689657277139
1.4126681112094486
1.3949175695059055
1.3846672566911833
1.382292184209723
1.3869173253578295
1.3971676381725515
1.4106680501724296
1.4281685842463454
1.4461691335795162
1.4642946867275002
1.4809201940977201
1.498045716727195
1.510796105838191
1.5232964873195594
1.5335468001342816
1.5427970824304942
1.5497972960600603
1.5556724753563036
1.5592975859859004
1.5626726889858698
1.565422772911771
1.5680478530228583
1.5707979369487595
1.5730480056154057
1.5756730857264931
1.5776731467635121
1.5806732383190405
1.5827983031708732
1.5849233680227057
1.587923459578234
1.5909235511337627
1.5944236579485458
1.5976737571337016
1.6015488753929257
1.605048982207709
1.6091741080965607
1.613424237800226
1.6176743675038912
1.62204950102237
1.6266746421704763
1.632424817651906
1.6367999511703848
1.642675130466628
1.6480502945036166
1.653800469985046
1.6594256416516617
1.6656758323923462
1.6720510269478437
1.6778012024292734
1.684676412244026
1.6911766106143375
1.697426801355022
1.704177007354961
1.7114272286141545
1.7185524460585346
1.7256776635029145
1.7328028809472946
1.7400531022064882
1.7468033082064272
1.7534285103915526
1.7605537278359324
1.7670539262062441
1.7736791283913693
1.780554338206122
1.7871795403912474
1.7928047120578632
1.7993049104281746
1.8044300668355358
1.8094302194280831
1.8148053834650717
1.8190555131687367
1.8233056428724022
1.8275557725760676
1.8308058717612232
1.8338059633167516
1.8374310739463484
1.8394311349833674
1.8410561845759452
1.8429312417981507
1.8435562608722191
1.8441812799462873
1.8439312723166599
1.8436812646870329
1.8426812341685233
1.841931211279641
1.840306161687063
1.8378060853907896
1.8346809900204473
1.8315558946501054
1.8275557725760676
1.8238056581316568
1.8188055055391095
1.8136803491317484
1.809180211798456
1.8041800592059083
1.798429883724479
1.7923046967986085
1.786554521317179
1.7800543229468673
1.773804132206183
1.7670539262062441
1.7600537125766778
1.7525534836878567
1.746053285317545
1.7389280678731651
1.7321778618732262
1.7251776482436598
1.7180524307992797
1.7116772362437818
1.7038019959105197
1.6966767784661398
1.6899265724662007
1.6823013397625661
1.6765511642811366
1.6689259315775018
1.662800744651631
1.6563005462813196
1.6505503707998903
1.6441751762443924
1.6380499893185219
1.6326748252815333
1.6275496688741722
1.621299478133488
1.6166743369853815
1.6120491958372754
1.6071740470595417
1.6035489364299447
1.5997988219855341
1.5957986999114964
1.5925486007263405
1.5881734672078616
1.585298379467147
1.5815482650227364
1.5794232001709037
1.5762981048005615
1.5736730246894741
1.5710479445783867
1.5697979064302499
1.5675478377636038
1.5660477919858395
1.564172734763634
1.561922666096988
1.561172643208106
1.559172582171087
1.5585475630970183
1.556672505874813
1.5565475020599995
1.5557974791711173
1.554797448652608
1.553922421948912
1.5529223914304024
1.552797387615589
1.5520473647267068
1.551547349467452
1.5519223609118933
1.5512973418378246
1.5520473647267068
1.5511723380230111
1.5514223456526384
1.5522973723563342
1.55079732657857
1.5505473189489425
1.55079732657857
1.550422315134129
1.550422315134129
1.55079732657857
1.5509223303933837
1.551547349467452
1.551547349467452
1.5514223456526384
1.5512973418378246
1.5521723685415205
1.5517973570970793
1.5517973570970793
1.5532974028748436
1.5530473952452162
1.55317239906003
1.5544224372081668
1.5552974639118626
1.5562974944303722
1.5560474868007448
1.5570475173192542
1.5584225592822047
1.559047578356273
1.5609226355784784
1.5632977080599384
1.5646727500228887
1.5665478072450942
1.5692978911709952
1.5719229712820828
1.5739230323191016
1.57692312387463
1.5802982268745993
1.5834233222449416
1.5881734672078616
1.592423596911527
1.5959237037263099
1.6009238563188575
1.6066740318002868
1.6120491958372754
1.6176743675038912
1.6244245735038303
1.6306747642445143
1.6376749778740807
1.6434251533555102
1.6504253669850764
1.6583006073183386
1.664925809503464
1.6730510574663533
1.679551255836665
1.686301461836604
1.6933016754661703
1.698926847132786
1.7050520340586566
1.710427198095645
1.716427381206702
1.7206775109103671
1.7255526596881008
1.729427777947325
1.7324278695028534
1.734552934354686
1.7359279763176367
1.7366779992065189
1.7359279763176367
1.735427961058382
1.7338029114658042
1.73230286568804
1.7291777703176978
1.7255526596881008
1.7218025452436905
1.7170524002807703
1.712052247688223
1.7059270607623525
1.699676870021668
1.6933016754661703
1.6854264351329082
1.679926267281106
1.6726760460219123
1.66480080568865
1.6576755882442702
1.6509253822443313
1.6436751609851377
1.6369249549851985
1.629674733726005
1.6227995239112523
1.6170493484298227
1.6120491958372754
1.6057990050965911
1.60067384868923
1.5959237037263099
1.5906735435041353
1.5862984099856563
1.582923306985687
1.5785481734672078
1.5746730552079835
1.5715479598376416
1.568172856837672
1.5656727805413984
1.5612976470229194
1.556797509689627
1.5516723532822658
1.5454221625415814
1.5379219336527605
1.5304217047639395
1.5200463881344035
1.510796105838191
1.5001707815790275
1.4876704000976593
1.476295052949614
1.4652947172460096
1.4557944273201697
1.448919217505417
1.4459191259498887
1.4484192022461622
1.4567944578386791
1.4730449537644583
1.4965456709494307
1.5276716208380383
1.5684228644672995
1.6167993408001955
1.6743010956144901
1.7404281136509292
1.81543040253914
1.8975579088717307
1.9791853999450668
2.05731278420362
2.126439893795587
2.18556669820246
2.2299430524613175
2.2581939146092105
2.2698192693868835
2.26869423505356
2.239443342387158
2.193691946165349
2.1338151188695944
2.0631879634998627
1.9850605792413099
1.903808099612415
1.8204305551316875
1.7391780755027926
1.6624257332071901
1.5935486312448501
1.5339218115787225
1.484545304727317
1.4462941373943297
1.4170432447279275
1.3966676229132968
1.3864173100985748
1.382417188024537
1.385542283394879
1.3949175695059055
1.408542985320597
1.4245434736167486
1.443794061098056
1.4616696066164128
1.4789201330607014
1.494545609912412
1.5090460524307994
1.521796441541795
1.5322967619861447
1.5411720328379164
1.5500473036896878
1.5549224524674214
1.5589225745414594
1.5621726737266153
1.5652977690969574
1.5671728263191627
1.5702979216895046
1.5726729941709647
1.5750480666524247
1.5776731467635121
1.580048219244972
1.5825482955412458
1.5851733756523332
1.5877984557634206
1.5906735435041353
1.5940486465041048
1.5974237495040742
1.6012988677632984
1.6047989745780817
1.6087990966521197
1.6132992339854122
1.616924344615009
1.6214244819483017
1.6262996307260353
1.631174779503769
1.635924924466689
1.6411750846888638
1.6469252601702933
1.6536754661702324
1.6590506302072208
1.6650508133182775
1.6718010193182167
1.6773011871700187
1.6836763817255165
1.6905515915402693
1.6964267708365124
1.703676992095706
1.7109272133548998
1.7176774193548388
1.7245526291695914
1.7318028504287852
1.73942808313242
1.7458032776879178
1.753178502761925
1.759553697317423
1.7665539109469892
1.7740541398358105
1.7803043305764947
1.7864295175023652
1.7919296853541673
1.79880489516892
1.8045550706503495
1.8088052003540147
1.814180364391003
1.8184304940946685
1.822180608539079
1.8274307687612537
1.830930875576037
1.834055970946379
1.8363060396130253
1.8395561387981811
1.8414311960203864
1.8425562303537095
1.8435562608722191
1.844306283761101
1.8440562761314738
1.8436812646870329
1.8430562456129642
1.8415561998352001
1.8405561693166905
1.838056093020417
1.835306009094516
1.8324309213538013
1.8280557878353223
1.8236806543168431
1.819430524613178
1.814180364391003
1.8104302499465927
1.8044300668355358
1.7989298989837337
1.7930547196874904
1.7866795251319927
1.780679342020936
1.774304147465438
1.7674289376506853
1.760428724021119
1.7535535142063663
1.7461782891323587
1.7396780907620473
1.733427900021363
1.7256776635029145
1.7188024536881619
1.7114272286141545
1.7043020111697744
1.6976768089846492
1.6898015686513872
1.6833013702810755
1.6765511642811366
1.6701759697256386
1.663300759910886
1.6570505691702018
1.6513003936887722
1.6453002105777155
1.6384250007629628
1.6332998443556017
1.6277996765037996
1.62204950102237
1.6172993560594502
1.6126742149113438
1.6085490890224923
1.6037989440595721
1.6002988372447888
1.5965487228003785
1.5920485854670858
1.5886734824671163
1.5849233680227057
1.5819232764671776
1.57929819635609
1.5766731162450025
1.5740480361339153
1.5719229712820828
1.5700479140598773
1.5682978606524856
1.565797784356212
1.563422711874752
1.561922666096988
1.561047639393292
1.5595475936155279
1.55792254402295
1.5572975249488816
1.5562974944303722
1.5554224677266761
1.5550474562822352
1.5540474257637258
1.5537974181340983
1.552672383800775
1.5522973723563342
1.5516723532822658
1.551547349467452
1.5512973418378246
1.5516723532822658
1.5511723380230111
1.5511723380230111
1.55079732657857
1.5514223456526384
1.550422315134129
1.5500473036896878
1.5501723075045015
1.5506723227637564
1.5500473036896878
1.55079732657857
1.5509223303933837
1.5514223456526384
1.5510473342081972
1.5516723532822658
1.5516723532822658
1.5524223761711478
1.5517973570970793
1.5524223761711478
1.5529223914304024
1.553922421948912
1.553922421948912
1.555172460097049
1.5554224677266761
1.5562974944303722
1.5569225135044404
1.5581725516525773
1.5596725974303416
1.5612976470229194
1.5624226813562427
1.5645477462080752
1.566297799615467
1.5687978759117405
1.5709229407635732
1.5736730246894741
1.57692312387463
1.5797982116153446
1.5827983031708732
1.5867984252449112
1.5917985778374584
1.5956736960966826
1.6014238715781122
1.6065490279854733
1.6119241920224616
1.6171743522446362
1.6235495468001342
1.6290497146519365
1.6360499282815029
1.6433001495406965
1.6499253517258217
1.6579255958738974
1.6641757866145819
1.6715510116885892
1.6784262215033416
1.685051423688467
1.6915516220587787
1.6979268166142767
1.7045520187994019
1.710052186651204
1.7150523392437513
1.7208025147251809
1.7248026367992186
1.7286777550584431
1.7320528580584125
1.734302926725059
1.7350529496139409
1.7364279915768914
1.7364279915768914
1.7355529648731955
1.7344279305398724
1.7329278847621081
1.7299277932065797
1.726302682576983
1.7224275643177587
1.7181774346140937
1.7119272438734092
1.7066770836512346
1.700926908169805
1.693426679280984
1.6874264961699272
1.6796762596514787
1.6733010650959808
1.6656758323923462
1.6588006225775933
1.651050386059145
1.643925168614765
1.6372999664296397
1.6310497756889553
1.6241745658742028
1.6181743827631458
1.61254921109653
1.6066740318002868
1.6014238715781122
1.5959237037263099
1.5915485702078311
1.5871734366893522
1.582923306985687
1.5797982116153446
1.5751730704672384
1.5710479445783867
1.5687978759117405
1.5656727805413984
1.561797662282174
1.557797540208136
1.5525473799859615
1.5465471968749047
1.5390469679860834
1.5309217200231942
1.521796441541795
1.511921140171514
1.5010458082827236
1.4896704611346783
1.478295113986633
1.4670447706534013
1.4572944730979338
1.449294228949858
1.4460441297647022
1.4484192022461622
1.4552944120609148
1.4701698660237434
1.4926705526902067
1.5235464949491868
1.561922666096988
1.609424115726188
1.6659258400219734
1.730302804651021
1.8043050630207222
1.8854325388348034
1.9679350566118352
2.0459374370555743
2.1175646229438154
2.177566454054384
2.224567888424329
2.2550688192388684
2.2693192541276286
2.270819299905393
2.2448185064241466
2.200942167424543
2.1438154240546896
2.073813287759026
1.9971859492782373
1.9156834620197152
1.8326809289834285
1.7509284340952787
1.673676076540422
1.6039239478743859
1.5429220862453077
1.4920455336161382
1.4515442976165045
1.4206683553575243
1.4006677449873348
1.3870423291726433
1.3826671956541643
1.38591729483932
1.3936675313577687
1.4070429395428328
1.4227934202093568
1.4409189733573413
1.4597945493942077
1.4764200567644277
1.4921705374309517
1.5069209875789666
1.519796380504776
1.5310467238380079
1.5410470290231024
1.5477972350230413
1.553922421948912
1.558297555467391
1.561922666096988
1.564172734763634
1.5672978301339764
1.5700479140598773
1.5719229712820828
1.5752980742820522
1.5775481429486986
1.5797982116153446
1.582048280281991
1.58404834131901
1.5870484328745385
1.590798547318949
1.5944236579485458
1.5965487228003785
1.6015488753929257
1.6040489516891996
1.608174077578051
1.61254921109653
1.6164243293557543
1.6204244514297923
1.626049623096408
1.630424756614887
1.6354249092074344
1.64105008087405
1.647425275429548
1.6516754051332134
1.6580505996887114
1.6639257789849544
1.6703009735404524
1.6763011566515091
1.6828013550218206
1.6893015533921325
1.6955517441328165
1.702176946317942
1.7099271828363902
1.7168023926511429
1.7238026062807095
1.730677816095462
1.7376780297250283
1.7446782433545946
1.752053468428602
1.7586786706137274
1.7653038727988526
1.7724290902432325
1.7794293038727989
1.7854294869838556
1.7914296700949126
1.7974298532059694
1.8026800134281442
1.8088052003540147
1.8135553453169349
1.8179304788354138
1.8219306009094518
1.8260557267983033
1.8299308450575276
1.8336809595019379
1.8363060396130253
1.8389311197241127
1.8410561845759452
1.8421812189092686
1.8435562608722191
1.8439312723166599
1.8440562761314738
1.8436812646870329
1.8431812494277782
1.842431226538896
1.8406811731315043
1.8389311197241127
1.8355560167241434
1.8325559251686148
1.8290558183538315
1.8246806848353525
1.82018054750206
1.8156804101687674
1.81068025757622
1.8050550859096042
1.7998049256874293
1.7950547807245094
1.7878045594653156
1.7820543839838863
1.7748041627246927
1.7684289681691947
1.7624287850581377
1.7546785485396894
1.7478033387249368
1.7410531327249978
1.7338029114658042
1.7271777092806788
1.7203024994659262
1.7129272743919186
1.705677053132725
1.698926847132786
1.6913016144291515
1.684301400799585
1.6784262215033416
1.671301004058962
1.6644257942442091
1.6583006073183386
1.6520504165776544
1.645925229651784
1.639925046540727
1.6339248634296701
1.6286747032074953
1.6234245429853207
1.6179243751335184
1.6136742454298534
1.6089241004669332
1.6049239783928952
1.6005488448744163
1.5974237495040742
1.5926736045411543
1.5891734977263712
1.5862984099856563
1.582923306985687
1.5799232154301586
1.5774231391338847
1.5741730399487288
1.57217297891171
1.5702979216895046
1.568172856837672
1.566172795800653
1.56504776146733
1.5626726889858698
1.561172643208106
1.5596725974303416
1.5581725516525773
1.5574225287636951
1.556672505874813
1.5556724753563036
1.5552974639118626
1.553922421948912
1.55317239906003
1.552672383800775
1.5524223761711478
1.5520473647267068
1.5516723532822658
1.5509223303933837
1.5510473342081972
1.5506723227637564
1.5509223303933837
1.5502973113193153
1.5500473036896878
1.5505473189489425
1.5510473342081972
1.550422315134129
1.5500473036896878
1.5506723227637564
1.5509223303933837
1.55079732657857
1.5510473342081972
1.5512973418378246
1.551547349467452
1.5514223456526384
1.5516723532822658
1.5520473647267068
1.5521723685415205
1.5529223914304024
1.553547410504471
1.5537974181340983
1.554672444837794
1.5556724753563036
1.5562974944303722
1.5570475173192542
1.558297555467391
1.5589225745414594
1.560672627948851
1.5625476851710562
1.5639227271340068
1.566172795800653
1.5684228644672995
1.5706729331339457
1.5730480056154057
1.5760480971709343
1.5790481887264625
1.5826732993560595
1.5856733909115879
1.5909235511337627
1.5955486922818691
1.5996738181707206
1.6051739860225227
1.6106741538743248
1.616549333170568
1.6222995086519973
1.6282996917630543
1.6347998901333658
1.6415500961333047
1.6481752983184301
1.6556755272072514
1.6630507522812585
1.6701759697256386
1.6774261909848323
1.6840513931699574
1.6911766106143375
1.6969267860957673
1.7030519730216378
1.7090521561326946
1.7150523392437513
1.7194274727622303
1.7246776329844051
1.7280527359843745
1.7313028351695303
1.7346779381694999
1.7350529496139409
1.7369280068361461
1.736552995391705
1.7360529801324502
1.7349279457991271
1.7329278847621081
1.731052827539903
1.7273027130954923
1.723552598651082
1.7189274575029754
1.7133022858363598
1.7075521103549303
1.7014269234290598
1.6949267250587483
1.6886765343180639
1.6820513321329387
1.6744260994293039
1.66717587817011
1.6614257026886807
1.6529254432813503
1.6461752372814111
1.6390500198370312
1.632299813837092
1.6259246192815942
1.6192994170964692
1.6135492416150394
1.6077990661336101
1.60304892117069
1.5977987609485154
1.5925486007263405
1.5881734672078616
1.5837983336893826
1.5797982116153446
1.5756730857264931
1.5722979827265235
1.5687978759117405
1.5655477767265848
1.5621726737266153
1.5589225745414594
1.553547410504471
1.5477972350230413
1.5407970213934752
1.5326717734305857
1.5231714835047456
1.5142962126529742
1.5032958769493698
1.4924205450605792
1.4809201940977201
1.4690448316904203
1.4586695150608844
1.4504192632831812
1.4460441297647022
1.447419171727653
1.4531693472090823
1.4667947630237739
1.4879204077272867
1.5167962889492477
1.5530473952452162
1.59829877620777
1.6529254432813503
1.7159273659474472
1.7878045594653156
1.8673069856868192
1.9499345072786645
2.0296869411297953
2.103064180425428
2.166441114535966
2.216692648091067
2.24969365520188
2.26731919309061
2.272944364757225
2.2521937314981537
2.2115674916837063
2.1566908169804986
2.0896887722403634
2.0139364604632712
1.9335590075380718
1.8504314706869718
1.7685539719840082
1.690301583910642
1.6172993560594502
1.5541724295785393
1.5017958311716058
1.4589195226905116
1.4265435346537676
1.4032928250984222
1.3897924130985444
1.382292184209723
1.3840422376171149
1.3915424665059357
1.4030428174687948
1.4189183019501328
1.4365438398388624
1.4547943968016601
1.4726699423200171
1.4890454420606098
1.504045899838252
1.5186713461714532
1.5287966551713614
1.5385469527268287
1.5465471968749047
1.5524223761711478
1.5570475173192542
1.561047639393292
1.563797723319193
1.56742283394879
1.5700479140598773
1.5715479598376416
1.5739230323191016
1.5762981048005615
1.578923184911649
1.5814232612079226
1.5841733451338236
1.5870484328745385
1.5895485091708121
1.5921735892818996
1.5961737113559373
1.6000488296151616
1.603173924985504
1.607049043244728
1.6116741843928344
1.6154242988372447
1.6201744438001648
1.6241745658742028
1.6294247260963775
1.633674855800043
1.639550035096286
1.6445501876888333
1.6513003936887722
1.6563005462813196
1.662800744651631
1.6689259315775018
1.6749261146885588
1.681926328318125
1.6884265266884364
1.6943017059846797
1.7015519272438735
1.708177129428999
1.7158023621326335
1.7223025605029452
1.729427777947325
1.7360529801324502
1.7431781975768303
1.7503034150212105
1.757553636280404
1.7640538346507157
1.7709290444654684
1.7775542466505936
1.7838044373912778
1.790054628131962
1.7958048036133916
1.802805017242958
1.807180150761437
1.8125553147984252
1.817055452131718
1.8204305551316875
1.8246806848353525
1.828930814539018
1.8324309213538013
1.8351810052797022
1.8379310892056033
1.8399311502426223
1.8418062074648274
1.8431812494277782
1.8440562761314738
1.8441812799462873
1.8441812799462873
1.842806237983337
1.842431226538896
1.8410561845759452
1.8390561235389262
1.8361810357982116
1.8331809442426834
1.8291808221686454
1.8258057191686758
1.8211805780205697
1.815805413983581
1.811180272835475
1.8063051240577412
1.8009299600207527
1.7951797845393231
1.7894296090578936
1.7831794183172094
1.776679219946898
1.769929013946959
1.7633038117618336
1.7570536210211494
1.749678395947142
1.7430531937620168
1.735427961058382
1.7285527512436292
1.7221775566881314
1.7146773277993104
1.706927091280862
1.7000518814661092
1.6929266640217293
1.6853014313180945
1.6798012634662924
1.6728010498367258
1.6658008362071597
1.6594256416516617
1.6536754661702324
1.6471752677999205
1.64105008087405
1.635174901577807
1.6294247260963775
1.6241745658742028
1.6191744132816552
1.6147992797631765
1.6099241309854426
1.6051739860225227
1.6022988982818078
1.5979237647633289
1.5939236426892909
1.5895485091708121
1.5866734214300973
1.5830483108005005
1.5799232154301586
1.5777981505783258
1.5747980590227975
1.5726729941709647
1.5707979369487595
1.5686728720969267
1.5665478072450942
1.5635477156895659
1.563047700430311
1.56029761650441
1.5596725974303416
1.559172582171087
1.5572975249488816
1.556797509689627
1.5557974791711173
1.555172460097049
1.5541724295785393
1.55317239906003
1.5530473952452162
1.5521723685415205
1.5519223609118933
1.551547349467452
1.5514223456526384
1.5510473342081972
1.5509223303933837
1.5511723380230111
1.5506723227637564
1.550422315134129
1.55079732657857
1.5502973113193153
1.5506723227637564
1.5506723227637564
1.5505473189489425
1.550422315134129
1.5512973418378246
1.5521723685415205
1.551547349467452
1.5516723532822658
1.5516723532822658
1.5517973570970793
1.5520473647267068
1.5520473647267068
1.5530473952452162
1.553547410504471
1.554672444837794
1.554797448652608
1.5549224524674214
1.5561724906155583
1.5564224982451857
1.5581725516525773
1.559172582171087
1.5601726126895963
1.5616726584673606
1.5640477309488205
1.5656727805413984
1.5679228492080448
1.570172917874691
1.5729230018005922
1.5751730704672384
1.5786731772820215
1.5815482650227364
1.5850483718375195
1.5894235053559984
1.5940486465041048
1.599173802911466
1.6044239631336406
1.6095491195410014
1.6152992950224312
1.6207994628742333
1.627299661244545
1.633549851985229
1.6401750541703544
1.6480502945036166
1.6548005005035553
1.6618007141331217
1.6685509201330608
1.675676137577441
1.683051362651448
1.6898015686513872
1.6961767632068852
1.7020519425031282
1.7078021179845577
1.7135522934659873
1.7189274575029754
1.723552598651082
1.7276777245399335
1.7308028199102756
1.7333028962065493
1.7356779686880093
1.7363029877620777
1.736552995391705
1.7360529801324502
1.7355529648731955
1.7331778923917356
1.730677816095462
1.7276777245399335
1.7241776177251504
1.7193024689474166
1.7143023163548692
1.7086771446882534
1.7028019653920103
1.6963017670216987
1.6891765495773186
1.6823013397625661
1.6759261452070682
1.6683009125034334
1.6615507065034945
1.6543004852443006
1.6469252601702933
1.6401750541703544
1.633174840540788
1.6261746269112216
1.6205494552446058
1.6144242683187355
1.608174077578051
1.6032989288003174
1.598673787652211
1.5932986236152227
1.5882984710226753
1.584423352763451
1.5804232306894133
1.5760480971709343
1.5731730094302194
1.5696729026154363
1.567047822504349
1.5631727042451247
1.5594225898007141
1.554672444837794
1.5481722464674825
1.5419220557267983
1.5340468153935363
1.52467152928251
1.5156712546159246
1.5047959227271341
1.4947956175420394
1.4825452436902982
1.4710448927274393
1.4601695608386487
1.4511692861720633
1.4461691335795162
1.4464191412091434
1.4519193090609455
1.4642946867275002
1.4839202856532487
1.5122961516159552
1.5469222083193457
1.5912985625782037
1.6444251838740198
1.7055520493179113
1.775804193243202
1.855431623279519
1.9376841334269232
2.017936582537309
2.092813867610706
2.157940855128636
2.2098174382763145
2.246068544572283
2.2658191473128455
2.272944364757225
2.256318857387005
2.218692709128086
2.1651910763878295
2.0999390850550856
2.0253118076113164
1.9453093661305583
1.8623068330942716
1.7799293191320538
1.7008019043549913
1.6274246650593585
1.5626726889858698
1.5080460219122898
1.4645446943571276
1.4300436414685507
1.4059179052095097
1.390292428357799
1.3834172185430464
1.383167210913419
1.3897924130985444
1.4016677755058444
1.416418225653859
1.4341687673574024
1.4527943357646413
1.4701698660237434
1.4871703848384046
1.5019208349864193
1.5154212469862973
1.5279216284676658
1.5372969145786919
1.5456721701712088
1.5516723532822658
1.556672505874813
1.5607976317636647
1.563797723319193
1.5666728110599077
1.5692978911709952
1.5707979369487595
1.5740480361339153
1.576548112430189
1.5785481734672078
1.5810482497634815
1.5835483260597554
1.586048402356029
1.5891734977263712
1.5916735740226449
1.595173680837428
1.5994238105410932
1.6027989135410627
1.6067990356151007
1.6115491805780204
1.614549272133549
1.6196744285409101
1.6234245429853207
1.6285496993926818
1.633549851985229
1.6385500045777766
1.6448001953184606
1.6501753593554491
1.655800531022065
1.6624257332071901
1.6683009125034334
1.6741760917996766
1.6808012939848018
1.686676473281045
1.6931766716513565
1.7008019043549913
1.7073021027253028
1.7141773125400557
1.721552537614063
1.7285527512436292
1.735427961058382
1.7424281746879482
1.7494283883175148
1.756428601947081
1.7629288003173924
1.769929013946959
1.7768042237617114
1.7834294259468366
1.7894296090578936
1.7954297921689504
1.8011799676503801
1.8060551164281138
1.8120552995391705
1.816305429242836
1.8204305551316875
1.8246806848353525
1.829305825983459
1.8323059175389873
1.8351810052797022
1.8375560777611624
1.8406811731315043
1.8416812036500139
1.842806237983337
1.844306283761101
1.844306283761101
1.844306283761101
1.8438062685018464
1.8426812341685233
1.8410561845759452
1.8396811426129949
1.8374310739463484
1.8335559556871244
1.8303058565019683
1.8264307382427443
1.8216805932798243
1.8171804559465317
1.811930295724357
1.8076801660206916
1.801554979094821
1.7963048188726465
1.7904296395764032
1.7841794488357188
1.7773042390209661
1.7709290444654684
1.7643038422803432
1.756803613391522
1.7501784112063965
1.7440532242805262
1.7364279915768914
1.7295527817621388
1.721927549058504
1.7150523392437513
1.708177129428999
1.7008019043549913
1.6939266945402387
1.6868014770958586
1.6796762596514787
1.6730510574663533
1.6669258705404828
1.6600506607257304
1.6539254737998597
1.6480502945036166
1.641925107577746
1.636674947355571
1.630424756614887
1.6245495773186438
1.6201744438001648
1.6152992950224312
1.6102991424298836
1.606174016541032
1.6021738944669943
1.5976737571337016
1.5939236426892909
1.5906735435041353
1.5871734366893522
1.5834233222449416
1.5806732383190405
1.5779231543931396
1.5752980742820522
1.5730480056154057
1.5711729483932007
1.5692978911709952
1.5666728110599077
1.5647977538377027
1.5631727042451247
1.5612976470229194
1.5600476088747826
1.5587975707266457
1.5576725363933226
1.5569225135044404
1.5561724906155583
1.5552974639118626
1.5537974181340983
1.5532974028748436
1.5530473952452162
1.5524223761711478
1.5519223609118933
1.5517973570970793
1.5524223761711478
1.5514223456526384
1.5512973418378246
1.5519223609118933
1.5512973418378246
1.550422315134129
1.5506723227637564
1.5510473342081972
1.5500473036896878
1.5501723075045015
1.5510473342081972
1.5511723380230111
1.5509223303933837
1.5516723532822658
1.5511723380230111
1.5500473036896878
1.551547349467452
1.5517973570970793
1.5519223609118933
1.5521723685415205
1.5525473799859615
1.5532974028748436
1.553922421948912
1.5549224524674214
1.5552974639118626
1.5564224982451857
1.5569225135044404
1.5585475630970183
1.5584225592822047
1.5600476088747826
1.5625476851710562
1.5640477309488205
1.5651727652821437
1.5676728415784174
1.5690478835413677
1.57217297891171
1.5750480666524247
1.5780481582079533
1.5811732535782954
1.5849233680227057
1.590423535874508
1.5930486159855952
1.5980487685781428
1.603173924985504
1.6091741080965607
1.6147992797631765
1.6196744285409101
1.6262996307260353
1.632424817651906
1.6394250312814722
1.6466752525406658
1.6523004242072816
1.6601756645405439
1.667675893429365
1.6749261146885588
1.6811763054292428
1.6886765343180639
1.6948017212439344
1.7015519272438735
1.7071770989104893
1.712802270577105
1.718427442243721
1.7230525833918273
1.7271777092806788
1.7305528122806482
1.7328028809472946
1.735427961058382
1.7360529801324502
1.736552995391705
1.7361779839472642
1.7351779534287546
1.7335529038361768
1.731052827539903
1.727927732169561
1.7246776329844051
1.7203024994659262
1.7154273506881925
1.7096771752067628
1.703676992095706
1.6966767784661398
1.6900515762810144
1.6835513779107028
1.6769261757255778
1.669300943021943
1.6626757408368176
1.6551755119479965
1.647425275429548
1.6413000885036775
1.6341748710592976
1.627299661244545
1.6211744743186742
1.6152992950224312
1.609799127170629
1.6037989440595721
1.598798791467025
1.5941736503189183
1.5896735129856259
1.5851733756523332
1.5810482497634815
1.5764231086153753
1.5734230170598467
1.5704229255043185
1.56742283394879
1.563422711874752
1.56029761650441
1.5554224677266761
1.5496722922452468
1.5426720786156805
1.5351718497268594
1.5260465712454605
1.5164212775048067
1.5065459761345255
1.4957956480605488
1.4839202856532487
1.4722949308755762
1.4614195989867855
1.452169316690573
1.4467941526535844
1.4460441297647022
1.4514192938016908
1.4617946104312267
1.4809201940977201
1.5072959990234076
1.541672048097171
1.5854233832819604
1.6372999664296397
1.697426801355022
1.7665539109469892
1.844806299020356
1.9266837977233193
2.0071862544633317
2.083563585314493
2.149190588091678
2.2033172399060033
2.242193426313059
2.2638190862758263
2.272819360942411
2.2601939756462293
2.224817896053957
2.1736913357951595
2.109939390240181
2.036937162388989
1.9571847285378583
1.8741821955015718
1.7915546739097263
1.7116772362437818
1.6372999664296397
1.5714229560228279
1.5151712393566699
1.4704198736533707
1.434668782616657
1.408917996765038
1.3921674855800044
1.3841672414319286
1.3830422070986053
1.3887923825800348
1.3991676992095705
1.4137931455427717
1.4311686758018738
1.4504192632831812
1.4670447706534013
1.4847953123569444
1.499670766319773
1.513921201208533
1.5252965483565784
1.5355468611713006
1.544047120578631
1.5512973418378246
1.555922482985931
1.56029761650441
1.5626726889858698
1.565422772911771
1.5684228644672995
1.5710479445783867
1.5734230170598467
1.5762981048005615
1.5785481734672078
1.5807982421338542
1.5830483108005005
1.5859233985412151
1.588048463393048
1.5912985625782037
1.595173680837428
1.5984237800225838
1.6015488753929257
1.6060490127262186
1.6104241462446975
1.613799249244667
1.6190494094668417
1.622924527726066
1.627674672688986
1.6325498214667196
1.6374249702444532
1.6438001647999512
1.649050325022126
1.6550505081331828
1.6608006836146123
1.6669258705404828
1.673176061281167
1.6793012482070377
1.685926450392163
1.6921766411328472
1.6990518509475998
1.7063020722067934
1.712802270577105
1.7201774956511124
1.727052705465865
1.7338029114658042
1.741303140354625
1.7481783501693777
1.755178563798944
1.7618037659840693
1.7685539719840082
1.775429181798761
1.7815543687246316
1.7884295785393842
1.794429761650441
1.8001799371318705
1.805555101168859
1.8109302652058474
1.8155554063539538
1.82018054750206
1.8243056733909115
1.8285558030945768
1.831305887020478
1.8348059938352612
1.8378060853907896
1.8400561540574358
1.842306222724082
1.8433062532425917
1.8436812646870329
1.8439312723166599
1.844681295205542
1.8434312570574054
1.8425562303537095
1.8416812036500139
