1.6559255348368787
1.6491753288369395
1.6433001495406965
1.6393000274666587
1.6346748863185523
1.6326748252815333
1.632424817651906
1.633549851985229
1.635174901577807
1.63867500839259
1.6423001190221869
1.6463002410962249
1.6520504165776544
1.6568005615405743
1.6624257332071901
1.6678008972441787
1.6726760460219123
1.6770511795403913
1.6805512863551746
1.6833013702810755
1.683926389355144
1.6834263740958892
1.6810513016144293
1.6770511795403913
1.6709259926145208
1.663300759910886
1.6553005157628102
1.6469252601702933
1.6364249397259438
1.626049623096408
1.6155493026520584
1.603173924985504
1.5911735587633902
1.5786731772820215
1.5651727652821437
1.5520473647267068
1.5382969450972015
1.5229214758751182
1.5047959227271341
1.484545304727317
1.4612945951719718
1.4375438703573717
1.4155431989501632
1.3989176915799433
1.3909174474318675
1.3962926114688559
1.419293313394574
1.4636696676534318
1.5330467848750269
1.6237995544297616
1.734302926725059
1.8576816919461654
1.9859356059450057
2.1004391003143406
2.1833166295358137
2.222317819757683
2.218067690054018
2.1638160344248787
2.0648130130924405
1.9400592059083834
1.806805139316996
1.6758011413922544
1.5605476241340372
1.4666697592089604
1.3987926877651295
1.3557913754692221
1.337915829950865
1.3395408795434431
1.3564163945432905
1.3829172032837918
1.4126681112094486
1.4435440534684285
1.4725449385052034
1.4975457014679403
1.5174213080233163
1.533671803949095
1.5461721854304635
1.5576725363933226
1.5676728415784174
1.5770481276894437
1.5865484176152838
1.5957986999114964
1.6049239783928952
1.6159243140964994
1.6261746269112216
1.6374249702444532
1.6485503097628713
1.6603006683553576
1.6709259926145208
1.6828013550218206
1.6949267250587483
1.7059270607623525
1.7159273659474472
1.7260526749473555
1.7361779839472642
1.7458032776879178
1.7530534989471116
1.7623037812433242
1.7676789452803126
1.7744291512802515
1.7790542924283579
1.782929410687582
1.7850544755394149
1.7868045289468062
1.78692953276162
1.7855544907986696
1.7833044221320231
1.7794293038727989
1.7764292123172705
1.769929013946959
1.7641788384655293
1.756803613391522
1.7486783654286326
1.7395530869472335
1.730302804651021
1.7206775109103671
1.7099271828363902
1.7011769157994323
1.6908015991698966
1.681551316873684
1.6726760460219123
1.66480080568865
1.6564255500961331
1.6493003326517535
1.6438001647999512
1.6388000122074038
1.635174901577807
1.6334248481704154
1.6329248329111608
1.6334248481704154
1.635174901577807
1.6385500045777766
1.6420501113925596
1.6463002410962249
1.6511753898739585
1.6563005462813196
1.6614257026886807
1.66717587817011
1.6726760460219123
1.6765511642811366
1.6805512863551746
1.6831763664662618
1.6841763969847714
1.6834263740958892
1.6811763054292428
1.6769261757255778
1.6706759849848933
1.6640507827997681
1.6559255348368787
1.6468002563554796
1.637549974059267
1.6270496536149175
1.6156743064668722
1.6039239478743859
1.5917985778374584
1.5794232001709037
1.566172795800653
1.553547410504471
1.5391719718008974
1.5249215369121372
1.506420972319712
1.4859203466902677
1.4629196447645496
1.439043916135136
1.417168248542741
1.399417706839198
1.3912924588763085
1.3954175847651602
1.416418225653859
1.459169530320139
1.52704660176397
1.6172993560594502
1.7264276863917967
1.8494314401684622
1.9781853694265574
2.0943139133884703
2.179191503646962
2.2219428083132424
2.2194427320169683
2.16794116031373
2.072188238166448
1.9479344462416457
1.8139303567613758
1.6836763817255165
1.5667978148747217
1.4720449232459487
1.4022927945799126
1.3575414288766137
1.3376658223212379
1.3385408490249338
1.3549163487655262
1.3806671346171453
1.410918057802057
1.4415439924314097
1.4710448927274393
1.4959206518753625
1.5161712698751793
1.5321717581713308
1.5452971587267679
1.5572975249488816
1.5667978148747217
1.5759230933561206
1.5857983947264016
1.5952986846522417
1.6044239631336406
1.61492428357799
1.6254246040223395
1.6361749320963164
1.6476752830591754
1.6595506454664755
1.6705509811700798
1.6824263435773796
1.693801690725425
1.7054270455030978
1.7161773735770747
1.7266776940214241
1.735427961058382
1.7449282509842219
1.7539285256508073
1.7614287545396283
1.768303964354381
1.773804132206183
1.7791792962431716
1.7828044068727684
1.7848044679097874
1.7861795098727378
1.786554521317179
1.7860545060579243
1.782929410687582
1.7799293191320538
1.7759291970580158
1.7704290292062137
1.763928830835902
1.757553636280404
1.7488033692434461
1.7410531327249978
1.731052827539903
1.7213025299844356
1.7116772362437818
1.7019269386883145
1.6920516373180334
1.6823013397625661
1.6734260689107945
1.6651758171330913
1.656925565355388
1.6500503555406356
1.6445501876888333
1.6394250312814722
1.6349248939481797
1.6329248329111608
1.6325498214667196
1.6334248481704154
1.6347998901333658
1.6380499893185219
1.6413000885036775
1.6458002258369702
1.651050386059145
1.6561755424665061
1.6613006988738672
1.666800866725669
1.6721760307626576
1.677176183355205
1.6800512710959197
1.683051362651448
1.6840513931699574
1.6835513779107028
1.6816763206884975
1.6770511795403913
1.6710509964293345
1.66480080568865
1.6568005615405743
1.6479252906888027
1.6380499893185219
1.6281746879482406
1.616549333170568
1.6051739860225227
1.5937986388744774
1.5801732230597858
1.567047822504349
1.553922421948912
1.5407970213934752
1.5251715445417646
1.5077960142826623
1.4871703848384046
1.4646696981719414
1.4407939695425276
1.4182932828760644
1.401042756431776
1.3909174474318675
1.3955425885799737
1.4146681722464676
1.4566694540238656
1.5220464491714225
1.6106741538743248
1.7191774651326028
1.8414311960203864
1.969935117648854
2.087563707388531
2.1753163853877377
2.220567766350291
2.2209427777947326
2.17269130527665
2.077813409833064
1.9554346751304668
1.8216805932798243
1.6909266029847103
1.5726729941709647
1.4766700643940551
1.4052928861354412
1.3591664784691917
1.337915829950865
1.3385408490249338
1.3535413068025757
1.3799171117282631
1.4094180120242927
1.4405439619129004
1.4701698660237434
1.4942956022827847
1.5149212317270424
1.5312967314676351
1.5447971434675132
1.556672505874813
1.5669228186895352
1.5757980895413068
1.585298379467147
1.5940486465041048
1.6040489516891996
1.614174260689108
1.6246745811334575
1.6357999206518754
1.6469252601702933
1.6593006378368482
1.6701759697256386
1.6816763206884975
1.693426679280984
1.7045520187994019
1.7153023468733786
1.7251776482436598
1.7355529648731955
1.744553239539781
1.7526784875026704
1.7603037202063052
1.7680539567247535
1.773804132206183
1.7789292886135442
1.7824293954283272
1.7851794793542284
1.786554521317179
1.7866795251319927
1.7858044984282968
1.7831794183172094
1.780554338206122
1.776554216132084
1.7709290444654684
1.7645538499099704
1.757553636280404
1.7491783806878873
1.7411781365398113
1.7311778313547166
1.7213025299844356
1.7110522171697136
1.701676931058687
1.6919266335032197
1.6828013550218206
1.6734260689107945
1.666050843836787
1.6573005767998292
1.6504253669850764
1.6441751762443924
1.6396750389110997
1.635174901577807
1.633174840540788
1.6320498062074649
1.633174840540788
1.6349248939481797
1.6380499893185219
1.6415500961333047
1.6458002258369702
1.6503003631702629
1.6561755424665061
1.6619257179479354
1.6665508590960418
1.6725510422070986
1.6763011566515091
1.6800512710959197
1.683051362651448
1.6834263740958892
1.6836763817255165
1.6823013397625661
1.6776761986144597
1.6714260078737755
1.66480080568865
1.6566755577257606
1.6483003021332439
1.637924985503708
1.6274246650593585
1.6167993408001955
1.6049239783928952
1.5941736503189183
1.5805482345042268
1.56742283394879
1.5537974181340983
1.5404220099490342
1.5252965483565784
1.5080460219122898
1.487295388653218
1.4652947172460096
1.4416689962462232
1.4181682790612506
1.401417767876217
1.3920424817651906
1.3942925504318369
1.414043153172399
1.4546693929868466
1.5212964262825404
1.6087990966521197
1.7174274117252115
1.8394311349833674
1.967560045167394
2.085688650166326
2.1735663319803464
2.219567735831782
2.2218178044984285
2.1735663319803464
2.0806884975737785
1.9578097476119267
1.8251807000946074
1.693426679280984
1.5750480666524247
1.478295113986633
1.4064179204687641
1.3599165013580736
1.33841584521012
1.3381658375804926
1.3527912839136937
1.3786670735801263
1.4084179815057831
1.4395439313943907
1.4685448164311656
1.4940455946531572
1.5149212317270424
1.5311717276528216
1.5451721549119541
1.5554224677266761
1.5659227881710258
1.5756730857264931
1.5846733603930783
1.5937986388744774
1.6037989440595721
1.6139242530594806
1.624049562059389
1.6356749168370617
1.647050263985107
1.6588006225775933
1.669675954466384
1.681926328318125
1.6933016754661703
1.7044270149845882
1.715177343058565
1.7254276558732873
1.7355529648731955
1.7444282357249672
1.753178502761925
1.7606787316507462
1.7685539719840082
1.7735541245765558
1.7784292733542895
1.7828044068727684
1.784929471724601
1.7859295022431105
1.78692953276162
1.7858044984282968
1.7831794183172094
1.7803043305764947
1.7755541856135748
1.7706790368358412
1.7650538651692254
1.7581786553544725
1.7490533768730736
1.7410531327249978
1.731427838984344
1.7218025452436905
1.7115522324289683
1.7020519425031282
1.6916766258735922
1.6825513473921934
1.673676076540422
1.665300820947905
1.6575505844294565
1.6503003631702629
1.6440501724295786
1.6385500045777766
1.6352999053926207
1.6330498367259743
1.6326748252815333
1.6334248481704154
1.6349248939481797
1.6380499893185219
1.6413000885036775
1.6456752220221567
1.6505503707998903
1.656550553910947
1.6613006988738672
1.6675508896145512
1.6715510116885892
1.6768011719107638
1.6798012634662924
1.6833013702810755
1.6838013855403302
1.6835513779107028
1.681926328318125
1.6780512100589007
1.6718010193182167
1.664925809503464
1.6563005462813196
1.6478002868739892
1.6385500045777766
1.6287997070223093
1.6175493636890774
1.6051739860225227
1.5921735892818996
1.580923245948668
1.5676728415784174
1.5545474410229805
1.5399219946897795
1.525796563615833
1.5077960142826623
1.4879204077272867
1.465544724875637
1.4409189733573413
1.4186682943205053
1.4009177526169623
1.3909174474318675
1.393917538987396
1.4146681722464676
1.4555444196905423
1.5212964262825404
1.6092991119113744
1.717552415540025
1.8393061311685537
1.9685600756859036
2.0858136539811394
2.1741913510544144
2.2198177434614093
2.2220678121280555
2.17269130527665
2.079938474684896
1.9573097323526718
1.8234306466872157
1.6919266335032197
1.5744230475783563
1.4776700949125645
1.405792901394696
1.360166508987701
1.3382908413953063
1.3382908413953063
1.353166295358135
1.3789170812097538
1.408917996765038
1.4395439313943907
1.4689198278756064
1.4939205908383435
1.5151712393566699
1.5315467390972626
1.5446721396526994
1.556672505874813
1.566172795800653
1.5756730857264931
1.5847983642078922
1.594673665578173
1.6034239326151312
1.6136742454298534
1.6244245735038303
1.6356749168370617
1.647050263985107
1.658925626392407
1.6709259926145208
1.6813013092440567
1.6941767021698662
1.704177007354961
1.7145523239844966
1.725052644428846
1.7355529648731955
1.7440532242805262
1.752053468428602
1.7609287392803734
1.768303964354381
1.773429120761742
1.778554277169103
1.7819293801690725
1.7851794793542284
1.7864295175023652
1.7861795098727378
1.7853044831690421
1.7835544297616506
1.7804293343913085
1.7769292275765252
1.7706790368358412
1.7645538499099704
1.7579286477248453
1.7494283883175148
1.740928128910184
1.7316778466139713
1.7213025299844356
1.7114272286141545
1.7019269386883145
1.6929266640217293
1.6828013550218206
1.6743010956144901
1.6651758171330913
1.657800592059084
1.6499253517258217
1.6445501876888333
1.6390500198370312
1.635174901577807
1.6337998596148564
1.6321748100222786
1.6334248481704154
1.6347998901333658
1.638299996948149
1.6420501113925596
1.645925229651784
1.6506753746147038
1.6561755424665061
1.6606756797997986
1.666425855281228
1.6719260231330302
1.6766761680959503
1.6796762596514787
1.6831763664662618
1.6840513931699574
1.6836763817255165
1.6814263130588702
1.677551194799646
1.6710509964293345
1.665300820947905
1.6571755729850153
1.6475502792443617
1.6390500198370312
1.6281746879482406
1.6174243598742637
1.6055489974669637
1.5930486159855952
1.5805482345042268
1.567797845393231
1.5541724295785393
1.5407970213934752
1.525796563615833
1.5079210180974763
1.4891704458754236
1.4659197363200782
1.4415439924314097
1.4189183019501328
1.4011677602465895
1.3912924588763085
1.3941675466170234
1.4136681417279582
1.4557944273201697
1.5195463728751488
1.607049043244728
1.7146773277993104
1.8365560472426528
1.9646849574266794
2.083188573870052
2.172066286202582
2.219567735831782
2.2225678273873104
2.1756913968321787
2.083188573870052
1.9613098544267098
1.8285558030945768
1.6964267708365124
1.5785481734672078
1.480295175023652
1.4079179662465284
1.3609165318765832
1.33841584521012
1.338040833765679
1.353041291543321
1.378042054506058
1.4080429700613422
1.4386689046906949
1.4680448011719107
1.493295571764275
1.5145462202826014
1.530546708578753
1.5441721243934445
1.555922482985931
1.5660477919858395
1.5751730704672384
1.5846733603930783
1.5937986388744774
1.6029239173558765
1.6135492416150394
1.6242995696890163
1.6349248939481797
1.6466752525406658
1.6588006225775933
1.670050965910825
1.6811763054292428
1.6928016602069156
1.7043020111697744
1.7143023163548692
1.7249276406140324
1.7340529190954315
1.743803216650899
1.7523034760582294
1.7600537125766778
1.7670539262062441
1.7731791131321146
1.7783042695394757
1.782554399243141
1.7850544755394149
1.7864295175023652
1.78692953276162
1.7855544907986696
1.7838044373912778
1.7800543229468673
1.7756791894283883
1.7711790520950956
1.7646788537247842
1.7576786400952178
1.7498033997619558
1.7406781212805567
1.7319278542435987
1.721927549058504
1.712427259132664
1.702176946317942
1.6920516373180334
1.6831763664662618
1.6748011108737448
1.6656758323923462
1.6581756035035249
1.6506753746147038
1.6448001953184606
1.639550035096286
1.6354249092074344
1.6337998596148564
1.6325498214667196
1.6327998290963468
1.634424878688925
1.6376749778740807
1.6409250770592365
1.6456752220221567
1.6505503707998903
1.6561755424665061
1.6608006836146123
1.6665508590960418
1.6715510116885892
1.6760511490218817
1.6793012482070377
1.683051362651448
1.6841763969847714
1.6833013702810755
1.6818013245033114
1.677926206244087
1.671676015503403
1.6650508133182775
1.6573005767998292
1.6481752983184301
1.6390500198370312
1.6287997070223093
1.6179243751335184
1.606174016541032
1.5937986388744774
1.58167326883755
1.5689228797265542
1.5554224677266761
1.542047059541612
1.5269215979491562
1.5101710867641225
1.4899204687643055
1.467544785912656
1.4439190649128697
1.4210433668019655
1.4029178136539813
1.3920424817651906
1.3931675160985137
1.4110430616168708
1.4506692709128086
1.5131711783196509
1.5980487685781428
1.7053020416882838
1.8253057039094212
1.953684621723075
2.073438276314585
2.1650660725730155
2.2170676595355086
2.223942869350261
2.1816915799432355
2.0934388866847744
1.9733102206488236
1.8406811731315043
1.7079271217993715
1.5885484786523028
1.488545426801355
1.4135431379131442
1.364166631061739
1.3394158757286294
1.3374158146916104
1.3515412457655567
1.3745419476912748
1.4047928708761863
1.4355438093203527
1.465544724875637
1.4914205145420698
1.5126711630603962
1.5292966704306161
1.5434221015045624
1.5550474562822352
1.5645477462080752
1.5741730399487288
1.5839233375041963
1.592798608355968
1.6022988982818078
1.6124242072817165
1.623299539170507
1.6337998596148564
1.6454252143925292
1.6575505844294565
1.6686759239478743
1.679926267281106
1.6915516220587787
1.7023019501327556
1.7130522782067326
1.723927610095523
1.7338029114658042
1.7428031861323894
1.751178441724906
1.759178685872982
1.7673039338358714
1.77267909787286
1.7784292733542895
1.781679372539445
1.7848044679097874
1.7864295175023652
1.7873045442060609
1.7858044984282968
1.7835544297616506
1.7810543534653769
1.776679219946898
1.771804071169164
1.76555388042848
1.759178685872982
1.7506784264656514
1.74180315561388
1.733052888576922
1.7231775872066408
1.713177282021546
1.7033019806512648
1.6936766869106112
1.684301400799585
1.675176122318186
1.6669258705404828
1.6594256416516617
1.6508003784295175
1.6449251991332745
1.6404250617999818
1.6357999206518754
1.6334248481704154
1.632424817651906
1.633174840540788
1.634424878688925
1.6370499588000123
1.6413000885036775
1.6445501876888333
1.6499253517258217
1.6551755119479965
1.6596756492812892
1.6654258247627187
1.6709259926145208
1.675676137577441
1.6793012482070377
1.6821763359477524
1.6836763817255165
1.6838013855403302
1.6811763054292428
1.6781762138737144
1.6726760460219123
1.666050843836787
1.6593006378368482
1.6500503555406356
1.6405500656147955
1.6297997375408186
1.6186743980224005
1.6072990508743554
1.5954236884670552
1.5830483108005005
1.5697979064302499
1.5569225135044404
1.5434221015045624
1.5290466628009889
1.5114211249122593
1.4915455183568835
1.4704198736533707
1.445794122135075
1.4225434125797296
1.4040428479873044
1.3927925046540726
1.391917477950377
1.4087929929502243
1.4450440992461928
1.5059209570604573
1.5894235053559984
1.6940516983550522
1.8139303567613758
1.9419342631305887
2.063812982573931
2.1588158818323313
2.2138175603503525
2.225442915128025
2.1876917630542927
2.1023141575365463
1.9841855525376142
1.8519315164647359
1.7190524613177893
1.5976737571337016
1.496045655690176
1.4194183172093875
1.3674167302468947
1.3411659291360212
1.3366657918027283
1.3495411847285377
1.3727918942838833
1.4020427869502854
1.432668721579638
1.4629196447645496
1.489295449690237
1.5102960905789362
1.5277966246528518
1.5417970519119846
1.5537974181340983
1.5645477462080752
1.5736730246894741
1.5822982879116183
1.592423596911527
1.601173863948485
1.6111741691335797
1.6221745048371838
1.633174840540788
1.6445501876888333
1.6561755424665061
1.6678008972441787
1.6793012482070377
1.6905515915402693
1.7019269386883145
1.712427259132664
1.7230525833918273
1.7331778923917356
1.742178167058321
1.7509284340952787
1.7590536820581684
1.7656788842432936
1.7728041016876737
1.7774292428357799
1.781679372539445
1.7853044831690421
1.7860545060579243
1.78692953276162
1.7861795098727378
1.7839294412060915
1.7815543687246316
1.7771792352061526
1.772179082613605
1.7660538956877345
1.7594286935026096
1.7510534379100926
1.7431781975768303
1.7335529038361768
1.7241776177251504
1.7139273049104282
1.7039269997253335
1.6946767174291208
1.6851764275032808
1.6758011413922544
1.6674258857997375
1.6594256416516617
1.6526754356517228
1.6455502182073427
1.6405500656147955
1.6361749320963164
1.633549851985229
1.632424817651906
1.6327998290963468
1.6341748710592976
1.637549974059267
1.6405500656147955
1.644675191503647
1.6496753440961944
1.6549255043183693
1.6595506454664755
1.6651758171330913
1.6701759697256386
1.6746761070589313
1.6791762443922238
1.6823013397625661
1.684676412244026
1.6841763969847714
1.6820513321329387
1.6783012176885281
1.6733010650959808
1.6666758629108556
1.658550614947966
1.6506753746147038
1.640675069429609
1.630799768059328
1.6197994323557239
1.608174077578051
1.5960487075411238
1.5837983336893826
1.5709229407635732
1.557797540208136
1.5450471510971404
1.5304217047639395
1.5134211859492783
1.493670583208716
1.471544907986694
1.448169194616535
1.4247934812463758
1.4052928861354412
1.3935425275429547
1.3921674855800044
1.4064179204687641
1.4417940000610372
1.4999207739494005
1.58167326883755
1.6853014313180945
1.8033050325022126
1.9313089388714257
2.0538126773888363
2.152565691091647
2.211317484054079
2.2260679342020935
2.1928169194616536
2.111439436017945
1.9958109073152868
1.8639318826868496
1.7305528122806482
1.6076740623187964
1.5045459150975067
1.4247934812463758
1.3707918332468643
1.342290963469344
1.3369157994323557
1.3476661275063326
1.3710418408764915
1.3996677144688254
1.4301686452833644
1.4602945646534624
1.4867953733939634
1.509546067690054
1.526671590319529
1.5405470137638477
1.5525473799859615
1.5632977080599384
1.5734230170598467
1.5822982879116183
1.5915485702078311
1.6005488448744163
1.610549150059511
1.6216744895779291
1.6320498062074649
1.6440501724295786
1.6555505233924375
1.6666758629108556
1.6780512100589007
1.6896765648365732
1.700926908169805
1.7113022247993408
1.7224275643177587
1.7321778618732262
1.741303140354625
1.7498033997619558
1.7581786553544725
1.7654288766136663
1.7719290749839778
1.7774292428357799
1.7815543687246316
1.7841794488357188
1.7860545060579243
1.78692953276162
1.7860545060579243
1.7843044526505327
1.7815543687246316
1.778179265724662
1.7725540940580462
1.7664289071321757
1.7599287087618642
1.752428479873043
1.7430531937620168
1.7341779229102452
1.7249276406140324
1.7146773277993104
1.7048020264290291
1.6953017365031893
1.6858014465773492
1.6773011871700187
1.6679259010589922
1.6599256569109164
1.6524254280220954
1.6460502334665976
1.6408000732444226
1.6361749320963164
1.6334248481704154
1.6332998443556017
1.6327998290963468
1.633549851985229
1.6369249549851985
1.6401750541703544
1.6449251991332745
1.6489253212073123
1.6540504776146734
1.6593006378368482
1.6650508133182775
1.6703009735404524
1.675176122318186
1.678676229132969
1.681926328318125
1.6840513931699574
1.683926389355144
1.6825513473921934
1.6791762443922238
1.6738010803552354
1.6670508743552965
1.6596756492812892
1.6506753746147038
1.6415500961333047
1.6310497756889553
1.6202994476149783
1.609049104281747
1.5970487380596332
1.5847983642078922
1.5715479598376416
1.5587975707266457
1.5451721549119541
1.5312967314676351
1.5142962126529742
1.4951706289864803
1.4730449537644583
1.449294228949858
1.4260435193945127
1.406542924283578
1.3930425122837
1.3916674703207497
1.4055428937650685
1.4392939237647635
1.4957956480605488
1.5760480971709343
1.6784262215033416
1.7961798150578325
1.9233086947233498
2.0473124790185246
2.1475655384990997
2.2093174230170596
2.226317941831721
2.1961920224616227
2.116939603869747
2.002811120944853
1.8716821192052981
1.737303018280587
1.6144242683187355
1.509546067690054
1.4291686147648548
1.3731669057283242
1.3431659901730402
1.33604077272866
1.3464160893581958
1.3690417798394727
1.3977926572466202
1.4286685995056
1.4584195074312571
1.4856703390606403
1.5080460219122898
1.525796563615833
1.5399219946897795
1.552672383800775
1.563047700430311
1.5722979827265235
1.581298257393109
1.590798547318949
1.6001738334299753
1.61017413861507
1.6206744590594195
1.631674794763024
1.643050141911069
1.6544254890591144
1.666050843836787
1.6781762138737144
1.6886765343180639
1.7003018890957367
1.7109272133548998
1.7218025452436905
1.733052888576922
1.7410531327249978
1.7494283883175148
1.7578036439100315
1.7653038727988526
1.7715540635395368
1.7768042237617114
1.7814293649098176
1.7841794488357188
1.7859295022431105
1.7868045289468062
1.7866795251319927
1.7844294564653462
1.7819293801690725
1.7778042542802208
1.7730541093173011
1.7670539262062441
1.7605537278359324
1.7521784722434155
1.7441782280953397
1.7350529496139409
1.7254276558732873
1.715177343058565
1.7058020569475387
1.695801751762444
1.686301461836604
1.6776761986144597
1.6686759239478743
1.6601756645405439
1.6529254432813503
1.6460502334665976
1.64105008087405
1.636674947355571
1.633674855800043
1.632424817651906
1.6329248329111608
1.6340498672444839
1.6370499588000123
1.6401750541703544
1.6440501724295786
1.6488003173924985
1.6540504776146734
1.658925626392407
1.6644257942442091
1.670050965910825
1.6745511032441176
1.678676229132969
1.6820513321329387
1.6838013855403302
1.6840513931699574
1.682676351207007
1.6788012329477828
1.6739260841700492
1.667675893429365
1.660550675984985
1.6519254127628407
1.6421751152073734
1.6317997985778374
1.6211744743186742
1.6092991119113744
1.5975487533188881
1.5857983947264016
1.5726729941709647
1.559047578356273
1.54604718161565
1.531671742912076
1.5154212469862973
1.4964206671346172
1.474294991912595
1.450919278542436
1.4280435804315317
1.4071679433576463
1.3940425428022096
1.391042451246681
1.403792840357677
1.4361688283944214
1.4915455183568835
1.5700479140598773
1.6714260078737755
1.7884295785393842
1.9151834467604603
2.040187261574145
2.141940366832484
2.2068173467207863
2.226817957090976
2.1999421369060337
2.123564806054872
2.010686361278115
1.880057374797815
1.7461782891323587
1.6214244819483017
1.514796227912229
1.4334187444685202
1.376041993469039
1.3444160283211768
1.3362907803582873
1.346291085543382
1.3670417188024537
1.3960426038392286
1.4269185460982088
1.4562944425794244
1.4835452742088078
1.506420972319712
1.5247965330973237
1.5394219794305246
1.551547349467452
1.5615476546525469
1.5716729636524553
1.580923245948668
1.5896735129856259
1.5992988067262794
1.6092991119113744
1.6201744438001648
1.6309247718741418
1.6421751152073734
1.6536754661702324
1.6661758476516009
1.6764261604663229
1.6881765190588092
1.6995518662068545
1.710427198095645
1.7206775109103671
1.7311778313547166
1.7400531022064882
1.7488033692434461
1.7574286324655906
1.764803857539598
1.7713040559099094
1.776554216132084
1.7811793572801906
1.7848044679097874
1.7863045136875517
1.786554521317179
1.7863045136875517
1.7841794488357188
1.7811793572801906
1.778179265724662
1.773429120761742
1.7675539414654988
1.7603037202063052
1.7529284951322976
1.7454282662434768
1.735427961058382
1.7260526749473555
1.7158023621326335
1.7064270760216071
1.6966767784661398
1.6868014770958586
1.677551194799646
1.669175939207129
1.6608006836146123
1.6536754661702324
1.647050263985107
1.6411750846888638
1.636674947355571
1.6337998596148564
1.632424817651906
1.6330498367259743
1.6340498672444839
1.6364249397259438
1.639550035096286
1.6445501876888333
1.6481752983184301
1.6531754509109775
1.6591756340220343
1.6640507827997681
1.669675954466384
1.6743010956144901
1.6781762138737144
1.6816763206884975
1.6835513779107028
1.683926389355144
1.682676351207007
1.6793012482070377
1.6744260994293039
1.667675893429365
1.660550675984985
1.6516754051332134
1.6425501266518143
1.632424817651906
1.6216744895779291
1.610549150059511
1.5980487685781428
1.5866734214300973
1.5736730246894741
1.5601726126895963
1.547547227393414
1.5321717581713308
1.5166712851344342
1.4974206976531268
1.4757950376903592
1.4524193243202002
1.4290436109500413
1.408542985320597
1.3945425580614643
1.3912924588763085
1.4026678060243538
1.4335437482833338
1.487295388653218
1.5645477462080752
1.6644257942442091
1.7803043305764947
1.9074332102420117
2.032187017426069
2.136565202795495
2.2039422589800712
2.2265679494613484
2.203692251350444
2.130065004425184
2.018561601611377
1.8891826532792138
1.7549285561693166
1.62917471846675
1.521796441541795
1.4377938779869992
1.379167088839381
1.3456660664693136
1.3357907650990326
1.3440410168767358
1.3655416730246894
1.3936675313577687
1.4246684774315623
1.4551694082461013
1.4831702627643666
1.5050459303567616
1.5239215063936278
1.5392969756157109
1.5509223303933837
1.5615476546525469
1.5711729483932007
1.5802982268745993
1.5895485091708121
1.598798791467025
1.6082990813928648
1.6191744132816552
1.6299247413556321
1.6415500961333047
1.6529254432813503
1.665300820947905
1.6763011566515091
1.6876765037995543
1.699301858577227
1.7101771904660177
1.7201774956511124
1.7304278084658344
1.739803094576861
1.7486783654286326
1.756803613391522
1.7640538346507157
1.7706790368358412
1.7763042085024567
1.7808043458357494
1.7840544450209053
1.7859295022431105
1.7866795251319927
1.7863045136875517
1.7846794640949737
1.7819293801690725
1.778554277169103
1.7736791283913693
1.7675539414654988
1.7611787469100009
1.753178502761925
1.7451782586138493
1.7363029877620777
1.7266776940214241
1.7166773888363294
1.706927091280862
1.697426801355022
1.6876765037995543
1.6781762138737144
1.669300943021943
1.662800744651631
1.6536754661702324
1.647050263985107
1.6418001037629322
1.6369249549851985
1.634424878688925
1.633174840540788
1.6325498214667196
1.633674855800043
1.63629993591113
1.639550035096286
1.6434251533555102
1.6486753135776848
1.653425458540605
1.6581756035035249
1.6639257789849544
1.668050904873806
1.6741760917996766
1.677926206244087
1.6814263130588702
1.6836763817255165
1.6838013855403302
1.6825513473921934
1.6803012787255471
1.6745511032441176
1.6681759086886196
1.6608006836146123
1.6520504165776544
1.6434251533555102
1.6337998596148564
1.6226745200964385
1.6110491653187657
1.5992988067262794
1.5870484328745385
1.5742980437635425
1.561047639393292
1.547547227393414
1.5342968230231637
1.5172963042085024
1.4986707358012636
1.477920102542192
1.4534193548387098
1.4297936338389234
1.4094180120242927
1.3952925809503465
1.391042451246681
1.4015427716910305
1.4314186834315012
1.4837952818384352
1.5601726126895963
1.6586756187627796
1.7740541398358105
1.9006830042420728
2.0260618305001987
2.132065065462203
2.202067201757866
2.2264429456465344
2.2048172856837676
2.134565141758477
2.0243117770928065
1.8953078402050845
1.7614287545396283
1.6339248634296701
1.526171575060274
1.4409189733573413
1.3810421460615863
1.3470411084322642
1.3354157536545914
1.3439160130619219
1.3644166386913665
1.3929175084688865
1.4232934354686118
1.4534193548387098
1.481045197912534
1.5047959227271341
1.5227964720603047
1.5379219336527605
1.5500473036896878
1.5615476546525469
1.5706729331339457
1.580048219244972
1.5889234900967437
1.59829877620777
1.6080490737632376
1.6187994018372145
1.6297997375408186
1.6411750846888638
1.6526754356517228
1.6638007751701407
1.675676137577441
1.6868014770958586
1.6986768395031586
1.7095521713919493
1.7196774803918575
1.7298027893917662
1.739303079317606
1.7479283425397505
1.7570536210211494
1.763928830835902
1.7708040406506547
1.7756791894283883
1.7811793572801906
1.783679433576464
1.7859295022431105
1.7870545365764336
1.7863045136875517
1.78455446028016
1.7821793877986998
1.7784292733542895
1.773804132206183
1.7680539567247535
1.761553758354442
1.7541785332804345
1.7455532700582903
1.7364279915768914
1.7271777092806788
1.7170524002807703
1.7071770989104893
1.697301797540208
1.6876765037995543
1.6785512253181556
1.6699259620960112
1.6618007141331217
1.6541754814294871
1.6473002716147345
1.641925107577746
1.6374249702444532
1.634299874874111
1.6321748100222786
1.632424817651906
1.6337998596148564
1.6364249397259438
1.6389250160222175
1.6435501571703237
1.6484253059480574
1.6530504470961638
1.6581756035035249
1.6638007751701407
1.6694259468367565
1.6738010803552354
1.6780512100589007
1.6811763054292428
1.6835513779107028
1.6838013855403302
1.6831763664662618
1.6801762749107334
1.6745511032441176
1.6683009125034334
1.6615507065034945
1.6529254432813503
1.6434251533555102
1.6334248481704154
1.622924527726066
1.6111741691335797
1.5992988067262794
1.587298440504166
1.5746730552079835
1.561922666096988
1.5481722464674825
1.5340468153935363
1.517921323282571
1.499670766319773
1.4777950987273782
1.454044373912778
1.430668660542619
1.4101680349131749
1.3952925809503465
1.3914174626911222
1.4007927488021485
1.4300436414685507
1.483045258949553
1.5592975859859004
1.6570505691702018
1.77267909787286
1.899057954649495
2.025186803796503
2.1313150425733207
2.200942167424543
2.226692953276162
2.2050672933133946
2.1353151646473587
2.026561845759453
1.8966828821680348
1.7621787774285103
1.6361749320963164
1.5275466170232246
1.4415439924314097
1.381667165135655
1.347166112247078
1.3366657918027283
1.3436660054322949
1.3639166234321116
1.3922924893948179
1.4232934354686118
1.454044373912778
1.4809201940977201
1.5046709189123204
1.5227964720603047
1.5374219183935056
1.5499222998748743
1.5609226355784784
1.570547929319132
1.580048219244972
1.5890484939115572
1.598798791467025
1.608174077578051
1.6187994018372145
1.6299247413556321
1.6408000732444226
1.6528004394665363
1.6641757866145819
1.6754261299478135
1.6871764885402998
1.6985518356883451
1.7093021637623218
1.719927488021485
1.7296777855769523
1.7395530869472335
1.748053346354564
1.756428601947081
1.7641788384655293
1.7705540330210272
1.775804193243202
1.7810543534653769
1.783679433576464
1.7859295022431105
1.7868045289468062
1.7864295175023652
1.7846794640949737
1.782554399243141
1.7784292733542895
1.7739291360209968
1.7686789757988222
1.7614287545396283
1.7550535599841306
1.7454282662434768
1.7361779839472642
1.7271777092806788
1.7168023926511429
1.7075521103549303
1.6971767937253945
1.6879265114291817
1.678676229132969
1.670050965910825
1.6611756950590533
1.6543004852443006
1.6481752983184301
1.6424251228370008
1.6372999664296397
1.6340498672444839
1.632424817651906
1.6327998290963468
1.634299874874111
1.63629993591113
1.6396750389110997
1.6433001495406965
1.6480502945036166
1.6531754509109775
1.6579255958738974
1.6635507675405132
1.669175939207129
1.673551072725608
1.6780512100589007
1.6816763206884975
1.683926389355144
1.683926389355144
1.6828013550218206
1.6803012787255471
1.675176122318186
1.6686759239478743
1.6608006836146123
1.653800469985046
1.6438001647999512
1.633674855800043
1.6230495315408795
1.6119241920224616
1.6000488296151616
1.5875484481337934
1.5747980590227975
1.5621726737266153
1.5479222388378553
1.5347968382824184
1.5184213385418257
1.4997957701345868
1.478295113986633
1.4547943968016601
1.4309186681722466
1.4104180425428021
1.3956675923947877
1.3907924436170536
1.4007927488021485
1.429543626209296
1.4811702017273476
1.5560474868007448
1.6536754661702324
1.7688039796136357
1.8949328287606435
2.020811670278024
2.128064943388165
2.1993171178319653
2.226317941831721
2.2074423657948543
2.1381902523880734
2.03018695638905
1.9011830195013275
1.7666789147618032
1.639925046540727
1.5307967162083804
1.4442940763573107
1.3832922147282327
1.3479161351359599
1.3354157536545914
1.3435410016174811
1.3632916043580432
1.3909174474318675
1.4219183935056612
1.452169316690573
1.4797951597643972
1.5036708883938108
1.52229645680105
1.537671926023133
1.5500473036896878
1.5604226203192237
1.5704229255043185
1.5795482039857174
1.58879848628193
1.5979237647633289
1.6082990813928648
1.6182993865779596
1.6285496993926818
1.6401750541703544
1.651800408948027
1.6636757713553272
1.6749261146885588
1.6864264656514176
1.6980518204290902
1.709177159947508
1.7190524613177893
1.7298027893917662
1.7391780755027926
1.7481783501693777
1.755553575243385
1.7629288003173924
1.7703040253914
1.7756791894283883
1.7804293343913085
1.7835544297616506
1.7855544907986696
1.78692953276162
1.7863045136875517
1.784929471724601
1.7826794030579547
1.7791792962431716
1.7739291360209968
1.7684289681691947
1.7620537736136967
1.7535535142063663
1.745678273873104
1.7366779992065189
1.727052705465865
1.717552415540025
1.7075521103549303
1.6983018280587177
1.6884265266884364
1.6789262367625966
1.6701759697256386
1.6620507217627492
1.6543004852443006
1.6479252906888027
1.6418001037629322
1.6372999664296397
1.634424878688925
1.632299813837092
1.633174840540788
1.633674855800043
1.636674947355571
1.639925046540727
1.6428001342814416
1.6475502792443617
1.6533004547257912
1.6579255958738974
1.6635507675405132
1.6690509353923155
1.6734260689107945
1.6781762138737144
1.6811763054292428
1.6833013702810755
1.6836763817255165
1.6833013702810755
1.6803012787255471
1.675551133762627
1.6690509353923155
1.6618007141331217
1.6536754661702324
1.6440501724295786
1.6337998596148564
1.6236745506149481
1.6126742149113438
1.6002988372447888
1.5877984557634206
1.5754230780968657
1.5621726737266153
1.5490472731711782
1.5354218573564866
1.5186713461714532
1.5006707968382824
1.4787951292458876
1.4552944120609148
1.431918698690756
1.4106680501724296
1.3962926114688559
1.390292428357799
1.3999177220984527
1.4287936033204138
1.4789201330607014
1.5534224066896571
1.6506753746147038
1.7646788537247842
1.8896826685384687
2.016811548203986
2.1250648518326365
2.197692068239387
2.2259429303872795
2.2086924039429916
2.1413153477584155
2.0341870784630878
1.9056831568346204
1.7708040406506547
1.6443001800592059
1.533671803949095
1.4464191412091434
1.3847922605059968
1.3481661427655873
1.3359157689138461
1.3425409710989715
1.3632916043580432
1.390292428357799
1.4209183629871518
1.451294289986877
1.4791701406903288
1.5029208655049286
1.5216714377269813
1.536921903134251
1.5497972960600603
1.56029761650441
1.5700479140598773
1.5790481887264625
1.5886734824671163
1.5977987609485154
1.607424054689169
1.6181743827631458
1.6285496993926818
1.639925046540727
1.6515504013183995
1.663300759910886
1.6745511032441176
1.6864264656514176
1.6976768089846492
1.708802148503067
1.7193024689474166
1.7295527817621388
1.73942808313242
1.7475533310953093
1.7559285866878263
1.7636788232062746
1.7704290292062137
1.7755541856135748
1.780179326761681
1.7846794640949737
1.7858044984282968
1.7868045289468062
1.7874295480208746
1.7846794640949737
1.7824293954283272
1.7789292886135442
1.774179143650624
1.7686789757988222
1.7620537736136967
1.7548035523545031
1.746053285317545
1.7368030030213324
1.7281777397991884
1.7179274269844662
1.707677114169744
1.6980518204290902
1.6888015381328776
1.6793012482070377
1.670800988799707
1.6620507217627492
1.6549255043183693
1.6478002868739892
1.6423001190221869
1.6377999816888944
1.634424878688925
1.6330498367259743
1.6321748100222786
1.633674855800043
1.6360499282815029
1.6390500198370312
1.643050141911069
1.6475502792443617
1.6528004394665363
1.6576755882442702
1.6630507522812585
1.6690509353923155
1.673676076540422
1.6781762138737144
1.6823013397625661
1.6831763664662618
1.6841763969847714
1.6828013550218206
1.679926267281106
1.675176122318186
1.6689259315775018
1.6618007141331217
1.6528004394665363
1.6445501876888333
1.634299874874111
1.6237995544297616
1.6124242072817165
1.6007988525040437
1.588048463393048
1.5754230780968657
1.563047700430311
1.5489222693563647
1.5352968535416731
1.5186713461714532
1.5005457930234687
1.4787951292458876
1.456169438764611
1.4317936948759424
1.4110430616168708
1.3961676076540421
1.3909174474318675
1.399417706839198
1.427918576616718
1.4785451216162602
1.552672383800775
1.6500503555406356
1.7634288155766473
1.8900576799829099
2.017186559648427
2.1253148594622635
2.197567064424574
2.225442915128025
2.2093174230170596
2.141190343943602
2.0345620899075287
1.9055581530198065
1.7709290444654684
1.643925168614765
1.5335468001342816
1.4464191412091434
1.3849172643208107
1.3489161656544695
1.3349157383953367
1.3430409863582262
1.3629165929136022
1.3904174321726128
1.4210433668019655
1.4515442976165045
1.4792951445051423
1.503170873134556
1.5219214453566088
1.53654689168981
1.5491722769859921
1.5601726126895963
1.5699229102450638
1.5786731772820215
1.5881734672078616
1.597173741874447
1.6071740470595417
1.6181743827631458
1.6290497146519365
1.640300057985168
1.6504253669850764
1.663300759910886
1.6749261146885588
1.686301461836604
1.697426801355022
1.7086771446882534
1.7194274727622303
1.729427777947325
1.7389280678731651
1.7475533310953093
1.7554285714285716
1.7629288003173924
1.7701790215765862
1.775804193243202
1.7804293343913085
1.7833044221320231
1.7858044984282968
1.786554521317179
1.7864295175023652
1.7848044679097874
1.7828044068727684
1.7788042847987304
1.7740541398358105
1.768303964354381
1.761553758354442
1.7548035523545031
1.7459282815027315
1.7369280068361461
1.7271777092806788
1.7173024079103976
1.707677114169744
1.6979268166142767
1.6879265114291817
1.6794262520218513
1.6704259773552659
1.6618007141331217
1.6543004852443006
1.6479252906888027
1.6428001342814416
1.637549974059267
1.634424878688925
1.6326748252815333
1.6321748100222786
1.633549851985229
1.635924924466689
1.6394250312814722
1.6433001495406965
1.6475502792443617
1.6529254432813503
1.6580505996887114
1.6638007751701407
1.6686759239478743
1.673551072725608
1.6774261909848323
1.6816763206884975
1.6834263740958892
1.683926389355144
1.683051362651448
1.6801762749107334
1.6753011261329998
1.668800927762688
1.6616757103183082
1.653800469985046
1.6440501724295786
1.634424878688925
1.623299539170507
1.6119241920224616
1.6004238410596028
1.587923459578234
1.5755480819116796
1.5620476699118016
1.5482972502822963
1.5347968382824184
1.5189213538010804
1.5002957853938415
1.478295113986633
1.4554194158757288
1.4309186681722466
1.410918057802057
1.3960426038392286
1.3907924436170536
1.4004177373577074
1.4287936033204138
1.479420148319956
1.553922421948912
1.6506753746147038
1.7666789147618032
1.8915577257606737
2.018936613055818
2.126439893795587
2.1984420911282694
2.2261929380169074
2.2081923886837367
2.139940305795465
2.03256202887051
1.9040581072420424
1.7691789910580769
1.6423001190221869
1.5321717581713308
1.445794122135075
1.3839172338023011
1.3479161351359599
1.3359157689138461
1.3429159825434127
1.3642916348765526
1.3909174474318675
1.421293374431593
1.4519193090609455
1.4796701559495833
1.5027958616901151
1.5220464491714225
1.5366718955046237
1.5500473036896878
1.561172643208106
1.5700479140598773
1.5795482039857174
1.5881734672078616
1.5990487990966522
1.6071740470595417
1.6181743827631458
1.6294247260963775
1.640300057985168
1.6524254280220954
1.6639257789849544
1.6749261146885588
1.6865514694662314
1.697301797540208
1.7090521561326946
1.719927488021485
1.7295527817621388
1.7389280678731651
1.7479283425397505
1.7570536210211494
1.7634288155766473
1.7701790215765862
1.775804193243202
1.7809293496505632
1.7834294259468366
1.7854294869838556
1.7868045289468062
1.786554521317179
1.78455446028016
1.782554399243141
1.778679280983917
1.774304147465438
1.7680539567247535
1.7616787621692556
1.754053529465621
1.7458032776879178
1.7363029877620777
1.7273027130954923
1.717552415540025
1.707677114169744
1.6976768089846492
1.6884265266884364
1.6789262367625966
1.6706759849848933
1.6619257179479354
1.6543004852443006
1.6476752830591754
1.6416750999481187
1.6371749626148258
1.634299874874111
1.6330498367259743
1.6321748100222786
1.6330498367259743
1.635924924466689
1.6391750236518448
1.643050141911069
1.6478002868739892
1.6530504470961638
1.6586756187627796
1.6636757713553272
1.6689259315775018
1.6733010650959808
1.6788012329477828
1.681551316873684
1.6833013702810755
1.684301400799585
1.682676351207007
1.6798012634662924
1.6746761070589313
1.669175939207129
1.6611756950590533
1.6533004547257912
1.6443001800592059
1.634424878688925
1.623299539170507
1.6122992034669026
1.6001738334299753
1.5876734519486069
1.574923062837611
1.5625476851710562
1.5482972502822963
1.5354218573564866
1.5186713461714532
1.500045777764214
1.4792951445051423
1.4555444196905423
1.4316686910611285
1.410543046357616
1.395917600024415
1.391042451246681
1.4000427259132666
1.4286685995056
1.4796701559495833
1.553922421948912
1.6508003784295175
1.765803888058107
1.8915577257606737
2.0176865749076818
2.125689870906705
2.197817072054201
2.226317941831721
2.209692434461501
2.1416903592028564
2.033437055574206
1.9050581377605518
1.7709290444654684
1.6429251380962555
1.532921781060213
1.4460441297647022
1.384417249061556
1.3480411389507738
1.33604077272866
1.3430409863582262
1.3629165929136022
1.39066743980224
1.4210433668019655
1.4514192938016908
1.4797951597643972
1.5032958769493698
1.521796441541795
1.5370469069490644
1.5499222998748743
1.5607976317636647
1.5699229102450638
1.579673207800531
1.5886734824671163
1.5977987609485154
1.6072990508743554
1.6184243903927733
1.6287997070223093
1.6404250617999818
1.651800408948027
1.6635507675405132
1.6749261146885588
1.6864264656514176
1.6979268166142767
1.7089271523178808
1.7193024689474166
1.7298027893917662
1.738553056428724
1.7473033234656818
1.7556785790581988
1.7634288155766473
1.7703040253914
1.7756791894283883
1.7800543229468673
1.7834294259468366
1.7858044984282968
1.7866795251319927
1.785679494613483
1.7850544755394149
1.7826794030579547
1.7789292886135442
1.774304147465438
1.7684289681691947
1.7614287545396283
1.7543035370952484
1.7459282815027315
1.7370530106509599
1.7273027130954923
1.7176774193548388
1.707677114169744
1.6984268318735312
1.688301522873623
1.6790512405774103
1.6703009735404524
1.6621757255775629
1.6543004852443006
1.6478002868739892
1.6420501113925596
1.6372999664296397
1.6346748863185523
1.6326748252815333
1.6321748100222786
1.6340498672444839
1.635924924466689
1.6390500198370312
1.6431751457258827
1.6481752983184301
1.6528004394665363
1.6574255806146427
1.6635507675405132
1.6681759086886196
1.6734260689107945
1.6778012024292734
1.6813013092440567
1.6828013550218206
1.6841763969847714
1.6829263588366346
1.6808012939848018
1.6750511185033723
1.6690509353923155
1.6619257179479354
1.653425458540605
1.6441751762443924
1.6341748710592976
1.6236745506149481
1.612174199652089
1.6004238410596028
1.588423474837489
1.5757980895413068
1.5620476699118016
1.5486722617267374
1.5351718497268594
1.5190463576158941
1.500420789208655
1.479420148319956
1.4557944273201697
1.431543687246315
1.410918057802057
1.3962926114688559
1.39066743980224
1.3999177220984527
1.4281685842463454
1.4784201178014467
1.5529223914304024
1.6489253212073123
1.7634288155766473
1.8898076723532824
2.0165615405743584
2.1248148442030095
2.1971920529801325
2.2260679342020935
2.208817407757805
2.141565355388043
2.034812097537156
1.9063081759086886
1.771804071169164
1.645050202948088
1.5344218268379772
1.447294167912839
1.385167271950438
1.3485411542100285
1.3357907650990326
1.3430409863582262
1.3624165776543475
1.3897924130985444
1.4205433515427108
1.451794305246132
1.4796701559495833
1.5026708578753014
1.5216714377269813
1.5367968993194372
1.5497972960600603
1.5605476241340372
1.5696729026154363
1.5790481887264625
1.5881734672078616
1.5975487533188881
1.6079240699484236
1.6179243751335184
1.6286747032074953
1.6400500503555409
1.6515504013183995
1.6639257789849544
1.6746761070589313
1.6861764580217904
1.6975518051698355
1.7079271217993715
1.7190524613177893
1.729052766502884
1.7389280678731651
1.7475533310953093
1.7556785790581988
1.7638038270210883
1.7700540177617725
1.775804193243202
1.7804293343913085
1.7834294259468366
1.7858044984282968
1.7868045289468062
1.786554521317179
1.7843044526505327
1.782554399243141
1.7788042847987304
1.774304147465438
1.7686789757988222
1.7623037812433242
1.7539285256508073
1.7468033082064272
1.7371780144657736
1.7275527207251198
1.7176774193548388
1.7079271217993715
1.6983018280587177
1.6888015381328776
1.6794262520218513
1.6705509811700798
1.6620507217627492
1.6546754966887418
1.6483003021332439
1.6420501113925596
1.6376749778740807
1.6345498825037386
1.6325498214667196
1.632299813837092
1.633174840540788
1.6360499282815029
1.6389250160222175
1.6429251380962555
1.6471752677999205
1.6529254432813503
1.6576755882442702
1.6634257637256997
1.6685509201330608
1.6734260689107945
1.6784262215033416
1.6811763054292428
1.6834263740958892
1.683926389355144
1.683051362651448
1.6801762749107334
1.675676137577441
1.6694259468367565
1.6625507370220038
1.6540504776146734
1.6445501876888333
1.6345498825037386
1.6239245582445754
1.6119241920224616
1.6012988677632984
1.588423474837489
1.5755480819116796
1.5624226813562427
1.549547288430433
1.5352968535416731
1.519796380504776
1.5010458082827236
1.4801701712088382
1.4564194463942381
1.433043733024079
1.4117930845057527
1.3967926267281106
1.39066743980224
1.399417706839198
1.4270435499130223
1.4761700491348004
1.5500473036896878
1.6463002410962249
1.7594286935026096
1.8854325388348034
2.0125614185003204
2.1214397412030395
2.1956920072023682
2.225567918942839
2.210067445905942
2.145065462202826
2.0389372234260077
1.9113083285012362
1.776679219946898
1.6481752983184301
1.5375469222083193
1.4495442365794855
1.3867923215430158
1.3494161809137242
1.3362907803582873
1.3426659749137853
1.3615415509506514
1.3892923978392897
1.4195433210242012
1.4495442365794855
1.4780451063570055
1.5016708273567918
1.5206714072084722
1.5360468764305553
1.5494222846156194
1.56029761650441
1.569422894985809
1.578923184911649
1.5881734672078616
1.5972987456892607
1.6067990356151007
1.6174243598742637
1.6282996917630543
1.6396750389110997
1.651425397503586
1.662800744651631
1.6743010956144901
1.685926450392163
1.6970517899105808
1.7074271065401168
1.7186774498733484
1.7285527512436292
1.7381780449842832
1.7468033082064272
1.7554285714285716
1.7631788079470199
1.769929013946959
1.7751791741691336
1.7803043305764947
1.7831794183172094
1.785679494613483
1.7866795251319927
1.7866795251319927
1.78455446028016
1.7823043916135137
1.7790542924283579
1.7744291512802515
1.768303964354381
1.7625537888729514
1.7546785485396894
1.7465533005767997
1.737428022095401
1.7281777397991884
1.7194274727622303
1.7084271370586261
1.698926847132786
1.6885515305032504
1.6794262520218513
1.6714260078737755
1.6625507370220038
1.6550505081331828
1.6484253059480574
1.6424251228370008
1.6376749778740807
1.6346748863185523
1.6330498367259743
1.632424817651906
1.6332998443556017
1.635924924466689
1.6391750236518448
1.642675130466628
1.6471752677999205
1.6524254280220954
1.6574255806146427
1.6630507522812585
1.6679259010589922
1.6734260689107945
1.677926206244087
1.6809262977996156
1.6828013550218206
1.683926389355144
1.6834263740958892
1.6800512710959197
1.6749261146885588
1.669175939207129
1.6611756950590533
1.6541754814294871
1.6444251838740198
1.6347998901333658
1.6235495468001342
1.6126742149113438
1.6002988372447888
1.5885484786523028
1.5762981048005615
1.5631727042451247
1.5496722922452468
1.5355468611713006
1.51992138431959
1.5014208197271646
1.480670186468093
1.4572944730979338
1.4331687368388928
1.4124181035798211
1.3966676229132968
1.3909174474318675
1.3987926877651295
1.4264185308389539
1.4745449995422222
1.547547227393414
1.6440501724295786
1.757553636280404
1.8839324930570391
2.010061342204047
2.119564683980834
2.1945669728690453
2.2259429303872795
2.2114424878688923
2.1464405041657764
2.0410622882778404
1.9134333933530687
1.7788042847987304
1.6508003784295175
1.53892196417127
1.4506692709128086
1.3872923368022707
1.3499161961729789
1.33604077272866
1.3421659596545306
1.3612915433210242
1.3890423902096622
1.4185432905056918
1.450169255653554
1.4777950987273782
1.5015458235419783
1.5209214148380994
1.535671864986114
1.548797265541551
1.5595475936155279
1.5697979064302499
1.5790481887264625
1.588048463393048
1.5972987456892607
1.6077990661336101
1.6172993560594502
1.6282996917630543
1.6396750389110997
1.6505503707998903
1.6623007293923764
1.6741760917996766
1.6856764427625355
1.697301797540208
1.7075521103549303
1.7188024536881619
1.7293027741325113
1.7383030487990967
1.7469283120212409
1.7560535905026398
1.763553819391461
1.7695540025025178
1.7760542008728295
1.7800543229468673
1.783679433576464
1.7854294869838556
1.78692953276162
1.7870545365764336
1.7851794793542284
1.7830544145023959
1.7794293038727989
1.7740541398358105
1.7684289681691947
1.761928769798883
1.7545535447248757
1.7464282967619862
1.737428022095401
1.7278027283547472
1.7186774498733484
1.708052125614185
1.6990518509475998
1.6886765343180639
1.6794262520218513
1.6710509964293345
1.6624257332071901
1.6553005157628102
1.6485503097628713
1.6421751152073734
1.6370499588000123
1.6346748863185523
1.6330498367259743
1.6325498214667196
1.6332998443556017
1.6352999053926207
1.6390500198370312
1.6424251228370008
1.6475502792443617
1.6523004242072816
1.6574255806146427
1.663300759910886
1.668050904873806
1.6726760460219123
1.6780512100589007
1.6810513016144293
1.6834263740958892
1.6840513931699574
1.6833013702810755
1.6801762749107334
1.6754261299478135
1.6698009582811977
1.6626757408368176
1.6543004852443006
1.643925168614765
1.6345498825037386
1.6241745658742028
1.6129242225409712
1.60067384868923
1.58879848628193
1.5762981048005615
1.5627976928006837
1.5497972960600603
1.5359218726157415
1.51992138431959
1.5021708426160465
1.480670186468093
1.4570444654683066
1.4331687368388928
1.41204309213538
1.3965426190984833
1.3904174321726128
1.3987926877651295
1.4262935270241401
1.475045014801477
1.5479222388378553
1.6435501571703237
1.7570536210211494
1.8819324320200201
2.009686330759606
2.119689687795648
2.194191961424604
2.226692953276162
2.21169249549852
2.1470655232398452
2.0416873073519093
1.9136834009826962
1.7793043000579851
1.651800408948027
1.5402970061342205
1.451294289986877
1.3884173711355938
1.3497911923581651
1.3362907803582873
1.3417909482100894
1.3607915280617695
1.388667378765221
1.41916830957976
1.449294228949858
1.4771700796533098
1.5016708273567918
1.519796380504776
1.5359218726157415
1.5491722769859921
1.559922605059969
1.5692978911709952
1.57929819635609
1.5874234443189794
1.5970487380596332
1.6067990356151007
1.6171743522446362
1.6281746879482406
1.6393000274666587
1.651800408948027
1.6623007293923764
1.673676076540422
1.686301461836604
1.697426801355022
1.7083021332438124
1.7181774346140937
1.7286777550584431
1.7383030487990967
1.7471783196508683
1.7549285561693166
1.7633038117618336
1.7695540025025178
1.775804193243202
1.7804293343913085
1.7834294259468366
1.7851794793542284
1.7866795251319927
1.786554521317179
1.7848044679097874
1.782554399243141
1.7791792962431716
1.774304147465438
1.7689289834284494
1.7629288003173924
1.7545535447248757
1.7464282967619862
1.7376780297250283
1.7286777550584431
1.7185524460585346
1.708177129428999
1.6988018433179723
1.689426557206946
1.6798012634662924
1.6710509964293345
1.6626757408368176
1.654550492873928
1.6481752983184301
1.6424251228370008
1.6377999816888944
1.634299874874111
1.6321748100222786
1.632424817651906
1.633549851985229
1.6360499282815029
1.6390500198370312
1.642675130466628
1.6483003021332439
1.6519254127628407
1.657800592059084
1.6630507522812585
1.6689259315775018
1.6733010650959808
1.677926206244087
1.6818013245033114
1.6829263588366346
1.6838013855403302
1.6831763664662618
1.6803012787255471
1.6761761528366956
1.6698009582811977
1.6621757255775629
1.6540504776146734
1.6445501876888333
1.6350498977629933
1.6250495925778985
1.6129242225409712
1.601173863948485
1.5895485091708121
1.5767981200598165
1.5640477309488205
1.5501723075045015
1.5364218878749962
1.5206714072084722
1.502420850245674
1.4816702169866023
1.4572944730979338
1.4349187902462845
1.4124181035798211
1.3969176305429243
1.3901674245429854
1.3984176763206884
1.4249184850611898
1.4731699575792718
1.5451721549119541
1.6398000427259134
1.7529284951322976
1.8783073213904233
2.005686208685568
2.1165645924253056
2.1928169194616536
2.2256929227576525
2.212442518387402
2.1488155766472365
2.044812402722251
1.9175585192419202
1.782929410687582
1.6548005005035553
1.5430470900601214
1.4534193548387098
1.3885423749504076
1.351041230506302
1.3365407879879148
1.3416659443952759
1.360166508987701
1.3876673482467117
1.4185432905056918
1.448919217505417
1.4769200720236824
1.5009208044679097
1.5200463881344035
1.535671864986114
1.54842225409711
1.5589225745414594
1.5691728873561817
1.5786731772820215
1.5874234443189794
1.5972987456892607
1.6071740470595417
1.616924344615009
1.6277996765037996
1.6391750236518448
1.6504253669850764
1.660925687429426
1.6739260841700492
1.685051423688467
1.6966767784661398
1.7075521103549303
1.718427442243721
1.7284277474288157
1.7370530106509599
1.7469283120212409
1.755178563798944
1.7629288003173924
1.7695540025025178
1.7753041779839474
1.7804293343913085
1.7830544145023959
1.7861795098727378
1.7870545365764336
1.7863045136875517
1.7850544755394149
1.7826794030579547
1.7791792962431716
1.7750541703543201
1.7690539872432631
1.7630538041322064
1.7550535599841306
1.7473033234656818
1.7376780297250283
1.7291777703176978
1.7188024536881619
1.7083021332438124
1.6991768547624133
1.6896765648365732
1.6801762749107334
1.6714260078737755
1.6636757713553272
1.6553005157628102
1.6484253059480574
1.6428001342814416
1.6381749931333354
1.6346748863185523
1.633174840540788
1.632299813837092
1.6332998443556017
1.6354249092074344
1.63867500839259
1.6425501266518143
1.6478002868739892
1.6523004242072816
1.6566755577257606
1.6626757408368176
1.6683009125034334
1.673176061281167
1.6778012024292734
1.6809262977996156
1.6834263740958892
1.6840513931699574
1.6831763664662618
1.679926267281106
1.6765511642811366
1.6701759697256386
1.662925748466445
1.6546754966887418
1.645050202948088
1.635549913022248
1.624924588763085
1.6136742454298534
1.6014238715781122
1.5897985168004394
1.57692312387463
1.563797723319193
1.5502973113193153
1.5370469069490644
1.5211714224677266
1.5030458693197426
1.4812952055421613
1.458044495986816
1.4349187902462845
1.4141681569872129
1.3967926267281106
1.3905424359874266
1.397417645802179
1.4234184392834255
1.4714199041718803
1.5432970976897489
1.6380499893185219
1.750428418836024
1.8748072145756403
2.0026861171300396
2.113564500869778
2.191066866054262
2.22494289986877
2.213692556535539
2.1521906796472057
2.0490625324259164
1.9220586565752127
1.787679555650502
1.6591756340220343
1.5465471968749047
1.456044434949797
1.3912924588763085
1.3516662495803706
1.3365407879879148
1.3412909329508347
1.359416486098819
1.3864173100985748
1.4175432599871822
1.4476691793572802
1.4760450453199865
1.4997957701345868
1.5192963652455214
1.5350468459120459
1.54842225409711
1.559172582171087
1.5687978759117405
1.5781731620227668
1.5871734366893522
1.5960487075411238
1.6066740318002868
1.6167993408001955
1.627299661244545
1.6385500045777766
1.6503003631702629
1.6616757103183082
1.6739260841700492
1.684676412244026
1.6965517746513261
1.7074271065401168
1.7174274117252115
1.7280527359843745
1.737803033539842
1.7463032929471725
1.755178563798944
1.7620537736136967
1.7690539872432631
1.7751791741691336
1.7795543076876126
1.7828044068727684
1.7859295022431105
1.7868045289468062
1.7864295175023652
1.7850544755394149
1.782554399243141
1.7800543229468673
1.774679158909879
1.7691789910580769
1.7630538041322064
1.7558035828730125
1.747678334910123
1.7384280526139104
1.7295527817621388
1.7193024689474166
1.709177159947508
1.699676870021668
1.6904265877254554
1.6808012939848018
1.6719260231330302
1.6634257637256997
1.6555505233924375
1.6489253212073123
1.6428001342814416
1.638299996948149
1.6349248939481797
1.6327998290963468
1.632424817651906
1.6332998443556017
1.6357999206518754
1.6385500045777766
1.6423001190221869
1.6469252601702933
1.6519254127628407
1.6571755729850153
1.662925748466445
1.6686759239478743
1.673551072725608
1.677551194799646
1.6809262977996156
1.6833013702810755
1.6836763817255165
1.6831763664662618
1.680676290169988
1.6768011719107638
1.6704259773552659
1.6631757560960723
1.6549255043183693
1.6456752220221567
1.6356749168370617
1.625674611651967
1.6136742454298534
1.6021738944669943
1.5900485244300668
1.5774231391338847
1.5646727500228887
1.5505473189489425
1.5382969450972015
1.521796441541795
1.504045899838252
1.4827952513199256
1.4599195532090212
1.4355438093203527
1.4142931608020264
1.3977926572466202
1.39066743980224
1.3975426496169927
1.4224184087649159
1.4682948088015382
1.53892196417127
1.6326748252815333
1.7443032319101537
1.8688070314645835
1.9965609302041687
2.10956437879574
2.188566789757988
2.224317880794702
2.2150675984984893
2.155690786461989
2.0540626850184633
1.927933835871456
1.7934297311319314
1.6646758018738366
1.5506723227637564
1.4594195379497665
1.3935425275429547
1.3532912991729484
1.3366657918027283
1.3410409253212072
1.3586664632099368
1.3849172643208107
1.4161682180242319
1.4461691335795162
1.4749200109866634
1.4994207586901458
1.5186713461714532
1.5346718344676047
1.5476722312082278
1.5581725516525773
1.568172856837672
1.5779231543931396
1.587298440504166
1.5957986999114964
1.6062990203558458
1.6159243140964994
1.626424634540849
1.637924985503708
1.6505503707998903
1.6611756950590533
1.6734260689107945
1.6844264046143986
1.6955517441328165
1.706927091280862
1.717177404095584
1.7274277169103063
1.7370530106509599
1.7463032929471725
1.7548035523545031
1.7629288003173924
1.7691789910580769
1.7751791741691336
1.7794293038727989
1.7830544145023959
1.7850544755394149
1.78692953276162
1.7864295175023652
1.7853044831690421
1.7831794183172094
1.7794293038727989
1.7755541856135748
1.7691789910580769
1.7630538041322064
1.7563035981322672
1.7475533310953093
1.7388030640583514
1.7295527817621388
1.7201774956511124
1.710052186651204
1.700176885280923
1.6900515762810144
1.6809262977996156
1.6724260383922849
1.6634257637256997
1.6555505233924375
1.649050325022126
1.6433001495406965
1.6390500198370312
1.6349248939481797
1.632424817651906
1.632299813837092
1.633174840540788
1.6354249092074344
1.6380499893185219
1.6424251228370008
1.6476752830591754
1.6520504165776544
1.6571755729850153
1.6624257332071901
1.6681759086886196
1.6726760460219123
1.6768011719107638
1.6809262977996156
1.6834263740958892
1.6841763969847714
1.6834263740958892
1.680676290169988
1.6759261452070682
1.6703009735404524
1.6631757560960723
1.6551755119479965
1.645925229651784
1.6361749320963164
1.6257996154667806
1.6140492568742943
1.6025489059114353
1.590423535874508
1.5780481582079533
1.5645477462080752
1.551547349467452
1.5377969298379466
1.52229645680105
1.5041709036530655
1.4832952665791803
1.4601695608386487
1.436293832209235
1.4146681722464676
1.3982926725058749
1.3909174474318675
1.3965426190984833
1.41916830957976
1.4672947782830286
1.5375469222083193
1.629674733726005
1.741303140354625
1.8651819208349865
1.9926858119449447
2.1064392834253973
2.186816736350597
2.223942869350261
2.2170676595355086
2.158065858943449
2.057187780388806
1.931558946501053
1.7963048188726465
1.667675893429365
1.5536724143192846
1.461169591357158
1.395042573320719
1.3540413220618306
1.3365407879879148
1.340290902432325
1.3580414441358686
1.3850422681356243
1.4155431989501632
1.44529410687582
1.4737949766533405
1.4985457319864497
1.5185463423566392
1.5342968230231637
1.5479222388378553
1.55792254402295
1.568547868282113
1.5776731467635121
1.5867984252449112
1.5970487380596332
1.6052989898373364
1.6160493179113133
1.6274246650593585
1.6380499893185219
1.6498003479110082
1.6613006988738672
1.6724260383922849
1.683926389355144
1.695426740318003
1.7064270760216071
1.7170524002807703
1.7271777092806788
1.7368030030213324
1.7458032776879178
1.7549285561693166
1.7621787774285103
1.7686789757988222
1.7748041627246927
1.7793043000579851
1.7830544145023959
1.784929471724601
1.7866795251319927
1.7864295175023652
1.785679494613483
1.7830544145023959
1.7798043153172398
1.7753041779839474
1.769804010132145
1.7634288155766473
1.7561785943174535
1.7475533310953093
1.7388030640583514
1.7298027893917662
1.719927488021485
1.7096771752067628
1.700176885280923
1.6904265877254554
1.6810513016144293
1.6730510574663533
1.6639257789849544
1.6563005462813196
1.6488003173924985
1.6433001495406965
1.6384250007629628
1.6352999053926207
1.6327998290963468
1.632299813837092
1.633674855800043
1.6352999053926207
1.6385500045777766
1.6418001037629322
1.6466752525406658
1.6519254127628407
1.6564255500961331
1.6620507217627492
1.668050904873806
1.6719260231330302
1.6766761680959503
1.6804262825403606
1.683051362651448
1.6835513779107028
1.6834263740958892
1.6809262977996156
1.6760511490218817
1.6704259773552659
1.66480080568865
1.6553005157628102
1.6466752525406658
1.6364249397259438
1.6262996307260353
1.6151742912076175
1.6035489364299447
1.5912985625782037
1.5786731772820215
1.5655477767265848
1.5524223761711478
1.5386719565416427
1.5232964873195594
1.5057959532456433
1.485295327616199
1.4617946104312267
1.4384188970610674
1.416043214209418
1.3995427106540117
1.3911674550614948
1.3961676076540421
1.418793298135319
1.4632946562089908
1.5315467390972626
1.622924527726066
1.7329278847621081
1.8563066499832148
1.984560563982055
2.0989390545365767
2.1823165990173043
2.222817835016938
2.2188177129429
2.1645660573137606
2.065563035981323
1.9411842402417065
1.8064301278725547
1.6763011566515091
1.5607976317636647
1.467169774468215
1.3980426648762476
1.3562913907284768
1.3375408185064244
1.3396658833582569
1.3562913907284768
1.3825421918393506
1.4121680959501939
1.443419049653615
1.4722949308755762
1.4971706900234993
1.5171713003936889
1.5327967772453994
1.54604718161565
1.557797540208136
1.5675478377636038
1.5767981200598165
1.58642341380047
1.5950486770226142
1.6045489669484543
1.6152992950224312
1.625674611651967
1.6370499588000123
1.6484253059480574
1.6608006836146123
1.6714260078737755
1.6833013702810755
1.6943017059846797
1.7050520340586566
1.7165523850215156
1.7264276863917967
1.7359279763176367
1.7451782586138493
1.7536785180211798
1.761928769798883
1.7681789605395672
1.7740541398358105
1.7799293191320538
1.7826794030579547
1.785679494613483
1.7863045136875517
1.786554521317179
1.7855544907986696
1.782929410687582
1.7804293343913085
1.7756791894283883
1.7701790215765862
1.7641788384655293
1.7569286172063356
1.7483033539841915
1.739803094576861
1.730302804651021
1.7205525070955536
1.7106772057252724
1.700926908169805
1.6911766106143375
1.681926328318125
1.6728010498367258
1.6644257942442091
1.6570505691702018
1.6500503555406356
1.643925168614765
1.6385500045777766
1.6350498977629933
1.633174840540788
1.632299813837092
1.6329248329111608
1.6352999053926207
1.6388000122074038
1.6421751152073734
1.6460502334665976
1.6513003936887722
1.6563005462813196
1.6611756950590533
1.6675508896145512
1.6730510574663533
1.6766761680959503
1.6800512710959197
1.683051362651448
1.6841763969847714
1.6836763817255165
1.6810513016144293
1.6761761528366956
1.671176000244148
1.6645507980590228
1.6561755424665061
1.6469252601702933
1.6369249549851985
1.6274246650593585
1.6157993102816859
1.6046739707632678
1.5917985778374584
1.5795482039857174
1.5667978148747217
1.5534224066896571
1.5395469832453383
1.524296517838069
1.5072959990234076
1.4856703390606403
1.4632946562089908
1.4392939237647635
1.417168248542741
1.3996677144688254
1.3912924588763085
1.3951675771355327
1.417168248542741
1.4597945493942077
1.52704660176397
1.6172993560594502
1.7261776787621694
1.8496814477980896
1.9775603503524888
2.0936888943144014
2.178816492202521
2.2219428083132424
2.2196927396465957
2.168066164128544
2.071813226722007
1.9480594500564592
1.813430341502121
1.6833013702810755
1.5665478072450942
1.471544907986694
1.4016677755058444
1.3577914365062411
1.3375408185064244
1.338790856654561
1.3557913754692221
1.3805421308023316
1.4110430616168708
1.4416689962462232
1.4704198736533707
1.495670644245735
1.516296273689993
1.5320467543565173
1.5465471968749047
1.5574225287636951
1.5666728110599077
1.576548112430189
1.5854233832819604
1.594798669392987
1.6046739707632678
1.614549272133549
1.625174596392712
1.63629993591113
1.6479252906888027
1.658550614947966
1.6709259926145208
1.682676351207007
1.6948017212439344
1.7051770378734703
1.7154273506881925
1.7260526749473555
1.7355529648731955
1.7449282509842219
1.7536785180211798
1.7611787469100009
1.7680539567247535
1.7740541398358105
1.7793043000579851
1.782554399243141
1.7846794640949737
1.786554521317179
1.786554521317179
1.7854294869838556
1.7833044221320231
1.7815543687246316
1.775429181798761
1.7704290292062137
1.7644288460951567
1.757178624835963
1.7488033692434461
1.7400531022064882
1.7309278237250891
1.7205525070955536
1.7113022247993408
1.7014269234290598
1.6915516220587787
1.6820513321329387
1.6740510879848627
1.6646758018738366
1.6568005615405743
1.6500503555406356
1.643925168614765
1.6388000122074038
1.635549913022248
1.633174840540788
1.6319248023926511
1.633174840540788
1.6354249092074344
1.6388000122074038
1.6414250923184912
1.6460502334665976
1.6500503555406356
1.6564255500961331
1.6615507065034945
1.666800866725669
1.6724260383922849
1.6763011566515091
1.6803012787255471
1.6828013550218206
1.6836763817255165
1.6833013702810755
1.6818013245033114
1.6769261757255778
1.6709259926145208
1.6646758018738366
1.6568005615405743
1.6471752677999205
1.6377999816888944
1.627174657429731
1.6160493179113133
1.6041739555040133
1.592423596911527
1.5805482345042268
1.567047822504349
1.553922421948912
1.5401720023194068
1.5247965330973237
1.5074210028382216
1.487295388653218
1.464419690542314
1.4400439466536454
1.4181682790612506
1.4004177373577074
1.3914174626911222
1.3949175695059055
1.4166682332834866
1.458044495986816
1.5236714987640003
1.6135492416150394
1.721927549058504
1.8449313028351695
1.9725601977599416
2.0898137760551774
2.176316415906247
2.220442762535478
2.221067781609546
2.170691244239632
2.076188360240486
1.9526845912045656
1.818555497909482
1.688301522873623
1.5706729331339457
1.4746700033570361
1.4040428479873044
1.3587914670247507
1.338040833765679
1.3382908413953063
1.3542913296914578
1.379667104098636
1.4102930387279886
1.4407939695425276
1.4705448774681846
1.4950456251716666
1.515921262245552
1.531671742912076
1.5454221625415814
1.557172521134068
1.5667978148747217
1.5760480971709343
1.5850483718375195
1.5945486617633595
1.6039239478743859
1.6147992797631765
1.625299600207526
1.635924924466689
1.647425275429548
1.6588006225775933
1.6709259926145208
1.6824263435773796
1.693801690725425
1.7048020264290291
1.7153023468733786
1.7256776635029145
1.735302957243568
1.7444282357249672
1.7530534989471116
1.7618037659840693
1.7676789452803126
1.7736791283913693
1.7784292733542895
1.7824293954283272
1.7848044679097874
1.786554521317179
1.7863045136875517
1.7854294869838556
1.783679433576464
1.7800543229468673
1.776179204687643
1.7708040406506547
1.7643038422803432
1.7570536210211494
1.7498033997619558
1.7400531022064882
1.7315528427991578
1.7213025299844356
1.7118022400585957
1.701676931058687
1.6921766411328472
1.6829263588366346
1.6738010803552354
1.6651758171330913
1.6571755729850153
1.6503003631702629
1.6440501724295786
1.6388000122074038
1.635549913022248
1.633674855800043
1.6317997985778374
1.6330498367259743
1.635174901577807
1.6377999816888944
1.6416750999481187
1.6461752372814111
1.6508003784295175
1.6561755424665061
1.6614257026886807
1.667300881984924
1.6721760307626576
1.6765511642811366
1.6805512863551746
1.6825513473921934
1.6836763817255165
1.6841763969847714
1.681551316873684
1.6773011871700187
1.671676015503403
1.6645507980590228
1.6570505691702018
1.6478002868739892
1.6381749931333354
1.6275496688741722
1.616549333170568
1.6047989745780817
1.5932986236152227
1.5802982268745993
1.5672978301339764
1.5542974333933532
1.5405470137638477
1.5252965483565784
1.5080460219122898
1.488170415356914
1.4647947019867549
1.4411689809869686
1.418793298135319
1.4005427411725213
1.3911674550614948
1.3940425428022096
1.4145431684316538
1.4557944273201697
1.5210464186529131
1.6096741233558154
1.7174274117252115
1.8390561235389262
1.9683100680562762
2.086063661610767
2.174941373943297
2.219942747276223
2.2219428083132424
2.1734413281655325
2.079563463240455
1.9583097628711814
1.8236806543168431
1.6920516373180334
1.5740480361339153
1.4774200872829373
1.4051678823206275
1.3600415051728874
1.3382908413953063
1.337915829950865
1.3537913144322031
1.379167088839381
1.4091680043946653
1.4391689199499496
1.4689198278756064
1.4942956022827847
1.5142962126529742
1.5312967314676351
1.5449221472823267
1.5565475020599995
1.5666728110599077
1.5764231086153753
1.5841733451338236
1.5941736503189183
1.6039239478743859
1.6140492568742943
1.6241745658742028
1.6357999206518754
1.6476752830591754
1.6588006225775933
1.670050965910825
1.6816763206884975
1.693426679280984
1.704052003540147
1.7149273354289376
1.7251776482436598
1.7350529496139409
1.7441782280953397
1.7529284951322976
1.7605537278359324
1.7674289376506853
1.7736791283913693
1.7789292886135442
1.782554399243141
1.7843044526505327
1.7866795251319927
1.7864295175023652
1.7861795098727378
1.7838044373912778
1.7799293191320538
1.776179204687643
1.771429059724723
1.7650538651692254
1.7570536210211494
1.7491783806878873
1.7410531327249978
1.7313028351695303
1.721552537614063
1.711177220984527
1.702176946317942
1.6920516373180334
1.682676351207007
1.6740510879848627
1.6650508133182775
1.6570505691702018
1.6504253669850764
1.644675191503647
1.6391750236518448
1.6354249092074344
1.6334248481704154
1.6321748100222786
1.6329248329111608
1.6346748863185523
1.6376749778740807
1.6413000885036775
1.645925229651784
1.6509253822443313
1.6550505081331828
1.6623007293923764
1.667300881984924
1.6721760307626576
1.6759261452070682
1.6803012787255471
1.6825513473921934
1.6831763664662618
1.6838013855403302
1.6818013245033114
1.6773011871700187
1.6710509964293345
1.664925809503464
1.6568005615405743
1.6478002868739892
1.6380499893185219
1.6277996765037996
1.6170493484298227
1.6051739860225227
1.5932986236152227
1.5805482345042268
1.5675478377636038
1.5541724295785393
1.5410470290231024
1.5260465712454605
1.5085460371715445
1.4879204077272867
1.4654197210608235
1.4415439924314097
1.4190433057649465
1.4005427411725213
1.3909174474318675
1.3941675466170234
1.4144181646168401
1.4551694082461013
1.520296395764031
1.6079240699484236
1.7160523697622607
1.8374310739463484
1.965559984130375
2.0838135929441206
2.172316293832209
2.2196927396465957
2.222317819757683
2.174441358684042
2.0814385204626604
1.9609348429822688
1.8263057344279305
1.6946767174291208
1.5770481276894437
1.4792951445051423
1.4070429395428328
1.3609165318765832
1.338790856654561
1.3381658375804926
1.3532912991729484
1.378417065950499
1.4071679433576463
1.4387939085055086
1.4680448011719107
1.49379558702353
1.513921201208533
1.530171697134312
1.5442971282082585
1.5564224982451857
1.566172795800653
1.5757980895413068
1.5842983489486373
1.5931736198004092
1.6036739402447586
1.6132992339854122
1.6239245582445754
1.6350498977629933
1.6468002563554796
1.658550614947966
1.6695509506515702
1.6811763054292428
1.6928016602069156
1.7038019959105197
1.7143023163548692
1.7248026367992186
1.7350529496139409
1.743803216650899
1.7534285103915526
1.7606787316507462
1.7674289376506853
1.7735541245765558
1.7790542924283579
1.782554399243141
1.784929471724601
1.786554521317179
1.7863045136875517
1.785679494613483
1.7835544297616506
1.7810543534653769
1.7778042542802208
1.7710540482802821
1.7654288766136663
1.7578036439100315
1.7494283883175148
1.7410531327249978
1.731427838984344
1.7216775414288765
1.712052247688223
1.7028019653920103
1.6925516525772883
1.682676351207007
1.6743010956144901
1.6650508133182775
1.6574255806146427
1.6509253822443313
1.6448001953184606
1.639550035096286
1.6357999206518754
1.633174840540788
1.6325498214667196
1.6329248329111608
1.6350498977629933
1.6371749626148258
1.6414250923184912
1.6451752067629017
1.651050386059145
1.6555505233924375
1.6608006836146123
1.6661758476516009
1.6723010345774711
1.6760511490218817
1.6803012787255471
1.6828013550218206
1.6836763817255165
1.683051362651448
1.6816763206884975
1.677176183355205
1.6721760307626576
1.66480080568865
1.6566755577257606
1.6481752983184301
1.6393000274666587
1.6281746879482406
1.6172993560594502
1.606174016541032
1.5935486312448501
1.5815482650227364
1.568547868282113
1.554797448652608
1.5414220404675436
1.5264215826899015
1.5092960600604266
1.4886704306161689
1.4666697592089604
1.4429190343943603
1.4202933439130834
1.4019177831354717
1.391042451246681
1.3934175237281412
1.4124181035798211
1.452544328135014
1.515921262245552
1.6029239173558765
1.7096771752067628
1.8303058565019683
1.9593097933896908
2.078438428907132
2.1690661946470535
2.2179426862392044
2.223192846461379
2.1786914883877073
2.088063722647786
1.9673100375377666
1.833305948057497
1.7015519272438735
1.5824232917264323
1.4841702932828762
1.409793023468734
1.3626665852839748
1.3389158604693747
1.337290810876797
1.3520412610248116
1.3766670125431073
1.4059179052095097
1.4371688589129308
1.4662947477645192
1.4922955412457657
1.5131711783196509
1.530171697134312
1.5435471053193763
1.554797448652608
1.565422772911771
1.574923062837611
1.5839233375041963
1.592798608355968
1.603173924985504
1.6122992034669026
1.6234245429853207
1.634424878688925
1.6463002410962249
1.6581756035035249
1.669300943021943
1.6809262977996156
1.6924266487624744
1.702926969206824
1.7141773125400557
1.724302621539964
1.7335529038361768
1.7431781975768303
1.7519284646137883
1.760428724021119
1.7669289223914304
1.773429120761742
1.778179265724662
1.7821793877986998
1.7850544755394149
1.7864295175023652
1.7866795251319927
1.7864295175023652
1.7839294412060915
1.7810543534653769
1.776679219946898
1.7710540482802821
1.7651788689840389
1.7585536667989135
1.7498033997619558
1.7414281441694388
1.7321778618732262
1.7228025757621999
1.7126772667622914
1.7033019806512648
1.693426679280984
1.6840513931699574
1.6750511185033723
1.6658008362071597
1.6583006073183386
1.651050386059145
1.6448001953184606
1.639550035096286
1.6356749168370617
1.6334248481704154
1.632299813837092
1.6330498367259743
1.6354249092074344
1.6377999816888944
1.6408000732444226
1.6454252143925292
1.6496753440961944
1.6553005157628102
1.6603006683553576
1.666800866725669
1.671176000244148
1.6749261146885588
1.6800512710959197
1.682676351207007
1.6836763817255165
1.6834263740958892
1.681551316873684
1.677176183355205
1.6721760307626576
1.6658008362071597
1.657800592059084
1.6493003326517535
1.6398000427259134
1.6299247413556321
1.6182993865779596
1.606174016541032
1.5945486617633595
1.5819232764671776
1.5692978911709952
1.5564224982451857
1.5429220862453077
1.5282966399121067
1.5112961210974456
1.4914205145420698
1.4682948088015382
1.4439190649128697
1.4217933896908477
1.4029178136539813
1.3916674703207497
1.3931675160985137
1.4100430310983612
1.4484192022461622
1.509546067690054
1.5949236732078005
1.699801873836482
1.8199305398724328
1.9483094576860867
2.069063142796106
2.162565996276742
2.2161926328318122
2.224817896053957
2.184691671498764
2.0973140049439984
1.9788103885006256
1.8454313180944242
1.7125522629474779
1.5921735892818996
1.4924205450605792
1.4156682027649772
1.3660416882839443
1.3405409100619525
1.3377908261360516
1.3500411999877926
1.3742919400616473
1.4036678365428634
1.434668782616657
1.4642946867275002
1.4901704763939327
1.5117961363567003
1.5289216589861752
1.5429220862453077
1.5541724295785393
1.5644227423932615
1.5744230475783563
1.583298318430128
1.592798608355968
1.6016738792077396
1.6116741843928344
1.6221745048371838
1.6340498672444839
1.6456752220221567
1.6560505386516924
1.6683009125034334
1.6798012634662924
1.691426618243965
1.7024269539475692
1.7133022858363598
1.7236776024658955
1.733052888576922
1.7423031708731347
1.7509284340952787
1.7593036896877956
1.7665539109469892
1.7729291055024872
1.778179265724662
1.7823043916135137
1.7843044526505327
1.7860545060579243
1.7863045136875517
1.785679494613483
1.7848044679097874
1.7814293649098176
1.7773042390209661
1.7716790673543503
1.765928891872921
1.759178685872982
1.750428418836024
1.7424281746879482
1.7328028809472946
1.7229275795770134
1.7135522934659873
1.7045520187994019
1.6936766869106112
1.6841763969847714
1.6758011413922544
1.6665508590960418
1.6595506454664755
1.6516754051332134
1.645050202948088
1.6398000427259134
1.6365499435407576
1.6337998596148564
1.6321748100222786
1.6326748252815333
1.6345498825037386
1.6371749626148258
1.640675069429609
1.6445501876888333
1.6496753440961944
1.6544254890591144
1.6591756340220343
1.6656758323923462
1.6709259926145208
1.6754261299478135
1.6796762596514787
1.6825513473921934
1.6829263588366346
1.6844264046143986
1.6814263130588702
1.6781762138737144
1.673676076540422
1.6659258400219734
1.658925626392407
1.6500503555406356
1.6405500656147955
1.629674733726005
1.6186743980224005
1.6071740470595417
1.5954236884670552
1.582923306985687
