1.7328028809472946
1.7423031708731347
1.7514284493545336
1.760428724021119
1.7674289376506853
1.7750541703543201
1.7810543534653769
1.7873045442060609
1.7921796929837945
1.7966798303170874
1.8006799523911254
1.803180028687399
1.8053050935392316
1.8053050935392316
1.8049300820947904
1.8033050325022126
1.8010549638355662
1.7973048493911556
1.7934297311319314
1.7886795861690117
1.7830544145023959
1.777054231391339
1.7696790063173315
1.7621787774285103
1.7533035065767388
1.7443032319101537
1.7350529496139409
1.7251776482436598
1.715177343058565
1.7059270607623525
1.6953017365031893
1.685051423688467
1.6750511185033723
1.6654258247627187
1.6544254890591144
1.6453002105777155
1.63629993591113
1.627299661244545
1.6190494094668417
1.6119241920224616
1.6046739707632678
1.5984237800225838
1.5932986236152227
1.5881734672078616
1.58404834131901
1.5810482497634815
1.5797982116153446
1.5777981505783258
1.5784231696523943
1.5795482039857174
1.5815482650227364
1.5851733756523332
1.5896735129856259
1.5950486770226142
1.6004238410596028
1.6079240699484236
1.6150492873928037
1.6222995086519973
1.631174779503769
1.6396750389110997
1.6486753135776848
1.656550553910947
1.66480080568865
1.6720510269478437
1.6778012024292734
1.6828013550218206
1.6865514694662314
1.688301522873623
1.6904265877254554
1.6899265724662007
1.689051545762505
1.6856764427625355
1.6811763054292428
1.675551133762627
1.668800927762688
1.6608006836146123
1.6516754051332134
1.6423001190221869
1.632424817651906
1.6226745200964385
1.613424237800226
1.6025489059114353
1.592298593096713
1.5821732840968048
1.5715479598376416
1.5620476699118016
1.5524223761711478
1.5411720328379164
1.5284216437269205
1.513921201208533
1.4975457014679403
1.4792951445051423
1.4599195532090212
1.4411689809869686
1.4229184240241708
1.4076679586169012
1.4004177373577074
1.4046678670613728
1.4224184087649159
1.4571694692831203
1.508796044801172
1.5785481734672078
1.66480080568865
1.7670539262062441
1.8806823938718833
1.9950608844264046
2.097189001129185
2.1773164464247565
2.225192907498398
2.2443184911648917
2.2200677510910367
2.1555657826471757
2.0598128604998935
1.9471844233527635
1.826555742057558
1.7093021637623218
1.6029239173558765
1.5122961516159552
1.4405439619129004
1.3922924893948179
1.3652916653950622
1.3549163487655262
1.3582914517654958
1.3714168523209327
1.3917924741355632
1.4155431989501632
1.4409189733573413
1.4657947325052645
1.489295449690237
1.5092960600604266
1.5251715445417646
1.5375469222083193
1.5477972350230413
1.5565475020599995
1.5644227423932615
1.5709229407635732
1.5777981505783258
1.5849233680227057
1.592798608355968
1.5996738181707206
1.6087990966521197
1.6170493484298227
1.6274246650593585
1.6365499435407576
1.6468002563554796
1.6559255348368787
1.6656758323923462
1.675676137577441
1.686301461836604
1.6960517593920712
1.70617706839198
1.7163023773918882
1.726302682576983
1.7356779686880093
1.7451782586138493
1.7543035370952484
1.7630538041322064
1.769804010132145
1.7773042390209661
1.7839294412060915
1.7890545976134526
1.794054750206
1.7980548722800378
1.8009299600207527
1.8043050630207222
1.805555101168859
1.805180089724418
1.8043050630207222
1.8024300057985168
1.799554918057802
1.7959298074282053
1.792054689168981
1.7866795251319927
1.7815543687246316
1.7748041627246927
1.7673039338358714
1.7586786706137274
1.7503034150212105
1.7411781365398113
1.7319278542435987
1.7218025452436905
1.712052247688223
1.7020519425031282
1.6919266335032197
1.6821763359477524
1.6720510269478437
1.6619257179479354
1.6520504165776544
1.6428001342814416
1.633174840540788
1.6244245735038303
1.6166743369853815
1.6095491195410014
1.6022988982818078
1.5964237189855648
1.5916735740226449
1.5867984252449112
1.5831733146153144
1.5802982268745993
1.5786731772820215
1.5781731620227668
1.5784231696523943
1.5804232306894133
1.5826732993560595
1.5865484176152838
1.5912985625782037
1.5965487228003785
1.6029239173558765
1.609799127170629
1.6176743675038912
1.625674611651967
1.6340498672444839
1.643050141911069
1.6515504013183995
1.6596756492812892
1.6675508896145512
1.6739260841700492
1.6800512710959197
1.6841763969847714
1.6873014923551135
1.6893015533921325
1.6905515915402693
1.6898015686513872
1.6881765190588092
1.6841763969847714
1.679551255836665
1.6734260689107945
1.6654258247627187
1.6576755882442702
1.6486753135776848
1.6388000122074038
1.6290497146519365
1.6192994170964692
1.6089241004669332
1.598798791467025
1.58879848628193
1.5787981810968352
1.5687978759117405
1.558672566911832
1.5489222693563647
1.5367968993194372
1.5236714987640003
1.5081710257271035
1.4911705069124424
1.4726699423200171
1.4534193548387098
1.4349187902462845
1.417168248542741
1.4044178594317454
1.401042756431776
1.4091680043946653
1.432668721579638
1.4732949613940856
1.531671742912076
1.607049043244728
1.698926847132786
1.8063051240577412
1.9215586413159582
2.0341870784630878
2.128814966277047
2.198567094943083
2.2351932126834924
2.24156840723899
2.2011921750541705
2.124439832758568
2.020811670278024
1.9041831110568561
1.7841794488357188
1.6694259468367565
1.5676728415784174
1.4839202856532487
1.4201683400982696
1.3802921231727043
1.359416486098819
1.3551663563951537
1.3627915890987885
1.3795421002838222
1.4002927335428939
1.4249184850611898
1.449669240394299
1.4749200109866634
1.4972956938383128
1.5152962431714836
1.5315467390972626
1.5410470290231024
1.5505473189489425
1.559047578356273
1.5664228034302805
1.5729230018005922
1.5804232306894133
1.5885484786523028
1.5955486922818691
1.6035489364299447
1.6126742149113438
1.6210494705038605
1.630799768059328
1.640300057985168
1.6504253669850764
1.6593006378368482
1.6695509506515702
1.679551255836665
1.6896765648365732
1.6995518662068545
1.7101771904660177
1.7206775109103671
1.7295527817621388
1.7390530716879788
1.7485533616138187
1.7570536210211494
1.7651788689840389
1.7729291055024872
1.7799293191320538
1.7854294869838556
1.7911796624652854
1.796054811243019
1.7993049104281746
1.8033050325022126
1.804805078279977
1.8050550859096042
1.8046800744651632
1.8040550553910948
1.801554979094821
1.7986798913541064
1.7950547807245094
1.7903046357615895
1.7846794640949737
1.778554277169103
1.772179082613605
1.7644288460951567
1.7563035981322672
1.7470533158360546
1.7375530259102145
1.7278027283547472
1.718427442243721
1.7084271370586261
1.6984268318735312
1.6880515152439954
1.6783012176885281
1.6681759086886196
1.6583006073183386
1.6491753288369395
1.639925046540727
1.6299247413556321
1.621299478133488
1.6136742454298534
1.6060490127262186
1.6005488448744163
1.5945486617633595
1.5891734977263712
1.5850483718375195
1.582048280281991
1.580048219244972
1.5780481582079533
1.5780481582079533
1.578923184911649
1.5810482497634815
1.5839233375041963
1.588423474837489
1.5932986236152227
1.5984237800225838
1.6056740012817774
1.6129242225409712
1.6205494552446058
1.6286747032074953
1.6371749626148258
1.645925229651784
1.6543004852443006
1.6624257332071901
1.6703009735404524
1.6761761528366956
1.6820513321329387
1.6856764427625355
1.6888015381328776
1.6900515762810144
1.6905515915402693
1.6889265419476913
1.6864264656514176
1.6825513473921934
1.677551194799646
1.6704259773552659
1.6623007293923764
1.6540504776146734
1.6454252143925292
1.6349248939481797
1.6255496078371532
1.6157993102816859
1.6052989898373364
1.595173680837428
1.5849233680227057
1.5751730704672384
1.5649227576525162
1.5554224677266761
1.5450471510971404
1.5320467543565173
1.517921323282571
1.5021708426160465
1.4849203161717581
1.4659197363200782
1.4467941526535844
1.4276685689870905
1.4115430768761255
1.401792779320658
1.4021677907650991
1.416043214209418
1.4456691183202612
1.4927955565050204
1.5570475173192542
1.6390500198370312
1.7370530106509599
1.8481814020203253
1.9635599230933563
2.070938200018311
2.158065858943449
2.2156926175725578
2.2419434186834315
2.231193090609455
2.176816431165502
2.088438734092227
1.9798104190191352
1.8596817529831844
1.7408031250953704
1.6302997528000733
1.5347968382824184
1.4579194921720025
1.4029178136539813
1.3707918332468643
1.3560413830988496
1.3565413983581043
1.3667917111728265
1.385542283394879
1.408917996765038
1.4334187444685202
1.4592945341349528
1.4832952665791803
1.5039208960234383
1.521796441541795
1.5340468153935363
1.5449221472823267
1.553922421948912
1.562297677541429
1.5689228797265542
1.5761731009857478
1.5830483108005005
1.590423535874508
1.5981737723929563
1.6067990356151007
1.6159243140964994
1.6245495773186438
1.6339248634296701
1.6438001647999512
1.6528004394665363
1.6635507675405132
1.6728010498367258
1.6833013702810755
1.6939266945402387
1.7035519882808923
1.7135522934659873
1.7233025910214546
1.733427900021363
1.7430531937620168
1.7515534531693473
1.7599287087618642
1.7675539414654988
1.7753041779839474
1.7818043763542588
1.787679555650502
1.7931797235023041
1.7973048493911556
1.8005549485763115
1.803930051576281
1.8049300820947904
1.8053050935392316
1.804805078279977
1.8033050325022126
1.800804956205939
1.7971798455763421
1.7934297311319314
1.7879295632801295
1.7831794183172094
1.7764292123172705
1.7695540025025178
1.7611787469100009
1.7528034913174841
1.7440532242805262
1.734302926725059
1.724302621539964
1.7149273354289376
1.7048020264290291
1.6946767174291208
1.6844264046143986
1.6746761070589313
1.6645507980590228
1.6544254890591144
1.6445501876888333
1.63629993591113
1.6270496536149175
1.6182993865779596
1.6110491653187657
1.6042989593188268
1.5977987609485154
1.592798608355968
1.5882984710226753
1.5841733451338236
1.580923245948668
1.578923184911649
1.5777981505783258
1.5779231543931396
1.57929819635609
1.5821732840968048
1.5849233680227057
1.5901735282448806
1.5954236884670552
1.6021738944669943
1.6080490737632376
1.6156743064668722
1.623299539170507
1.6317997985778374
1.640675069429609
1.649050325022126
1.6571755729850153
1.6651758171330913
1.6723010345774711
1.677926206244087
1.6831763664662618
1.6868014770958586
1.689051545762505
1.6900515762810144
1.6896765648365732
1.6884265266884364
1.6854264351329082
1.6809262977996156
1.6746761070589313
1.667675893429365
1.659800653096103
1.651050386059145
1.6416750999481187
1.6320498062074649
1.6215494857631152
1.6116741843928344
1.6014238715781122
1.5910485549485762
1.5810482497634815
1.5714229560228279
1.5609226355784784
1.5512973418378246
1.5402970061342205
1.5269215979491562
1.51279616687521
1.4959206518753625
1.4772950834681233
1.4584195074312571
1.4396689352092042
1.4215433820612202
1.406917935728019
1.4004177373577074
1.4052928861354412
1.4247934812463758
1.4610445875423446
1.5149212317270424
1.5859233985412151
1.673551072725608
1.7773042390209661
1.8918077333903012
2.0054362010559403
2.106314279610584
2.183066621906186
2.228693014313181
2.2439434797204507
2.2155676137577442
2.1473155308694722
2.049687551499985
1.9349340495010225
1.8149303872798852
1.6984268318735312
1.592798608355968
1.504045899838252
1.4347937864314706
1.3884173711355938
1.3636666158024844
1.3544163335062716
1.3596664937284464
1.373291909543138
1.3937925351725822
1.417668263801996
1.443794061098056
1.4685448164311656
1.4914205145420698
1.5106711020233772
1.5267965941343424
1.5387969603564562
1.5485472579119235
1.5574225287636951
1.5651727652821437
1.5720479750968963
1.5785481734672078
1.5859233985412151
1.5935486312448501
1.601048860133671
1.61017413861507
1.6190494094668417
1.6281746879482406
1.637549974059267
1.6473002716147345
1.6570505691702018
1.6665508590960418
1.6770511795403913
1.6869264809106725
1.6970517899105808
1.707677114169744
1.717552415540025
1.727052705465865
1.736552995391705
1.7459282815027315
1.7549285561693166
1.7631788079470199
1.7709290444654684
1.7775542466505936
1.7841794488357188
1.790054628131962
1.7946797692800684
1.79880489516892
1.8019299905392623
1.8045550706503495
1.8050550859096042
1.8049300820947904
1.8044300668355358
1.8021799981688895
1.7994299142429884
1.796054811243019
1.7919296853541673
1.7861795098727378
1.7803043305764947
1.773804132206183
1.7664289071321757
1.7580536515396588
1.7491783806878873
1.7404281136509292
1.730302804651021
1.7209275185399944
1.7110522171697136
1.700926908169805
1.6909266029847103
1.6809262977996156
1.6710509964293345
1.6606756797997986
1.6508003784295175
1.6414250923184912
1.632299813837092
1.624049562059389
1.6155493026520584
1.6084240852076785
1.6017988830225531
1.5955486922818691
1.590798547318949
1.58642341380047
1.5821732840968048
1.5801732230597858
1.5781731620227668
1.5777981505783258
1.5781731620227668
1.5806732383190405
1.5831733146153144
1.5867984252449112
1.5920485854670858
1.5979237647633289
1.6036739402447586
1.6111741691335797
1.6186743980224005
1.6261746269112216
1.6346748863185523
1.643925168614765
1.6521754203924681
1.6604256721701711
1.6683009125034334
1.6753011261329998
1.6803012787255471
1.685051423688467
1.688301522873623
1.6889265419476913
1.6905515915402693
1.6900515762810144
1.6876765037995543
1.684301400799585
1.6793012482070377
1.6724260383922849
1.66480080568865
1.656550553910947
1.6469252601702933
1.6376749778740807
1.6277996765037996
1.6180493789483323
1.6076740623187964
1.5976737571337016
1.587298440504166
1.5774231391338847
1.5682978606524856
1.5574225287636951
1.5472972197637866
1.534921842097232
1.521796441541795
1.5062959685048982
1.4887954344309824
1.4700448622089297
1.4511692861720633
1.4324187139500106
1.4155431989501632
1.4032928250984222
1.4011677602465895
1.4114180730613117
1.4371688589129308
1.4801701712088382
1.5406720175786617
1.6187994018372145
1.712802270577105
1.8215555894650106
1.9369341105380415
2.0474374828333386
2.1395652943510237
2.205317300943022
2.23781829279458
2.2379432966093935
2.192566911832026
2.1120644550920136
2.0051861934263133
1.8876826075014497
1.7681789605395672
1.6553005157628102
1.5556724753563036
1.4741699880977814
1.4135431379131442
1.37641700491348
1.3579164403210546
1.3555413678395947
1.3639166234321116
1.3810421460615863
1.40254280220954
1.4281685842463454
1.4535443586535233
1.4780451063570055
1.4994207586901458
1.5181713309121982
1.5320467543565173
1.5427970824304942
1.5520473647267068
1.5600476088747826
1.5679228492080448
1.5747980590227975
1.5817982726523636
1.5890484939115572
1.5964237189855648
1.6051739860225227
1.613799249244667
1.622924527726066
1.6319248023926511
1.6416750999481187
1.651800408948027
1.6610506912442398
1.671301004058962
1.6811763054292428
1.691426618243965
1.701301919614246
1.7118022400585957
1.7218025452436905
1.7313028351695303
1.740928128910184
1.7505534226508377
1.7585536667989135
1.766303903317362
1.7739291360209968
1.780679342020936
1.7861795098727378
1.7918046815393536
1.7966798303170874
1.8001799371318705
1.8030550248725852
1.8044300668355358
1.8053050935392316
1.8049300820947904
1.8036800439466536
1.8013049714651936
1.7978048646504103
1.7939297463911863
1.789679616687521
1.7838044373912778
1.7780542619098483
1.7708040406506547
1.7630538041322064
1.7541785332804345
1.7454282662434768
1.7360529801324502
1.726302682576983
1.7165523850215156
1.7071770989104893
1.6964267708365124
1.686676473281045
1.6768011719107638
1.6663008514664144
1.6559255348368787
1.6468002563554796
1.6374249702444532
1.6282996917630543
1.6200494399853511
1.6129242225409712
1.6052989898373364
1.599173802911466
1.5936736350596639
1.5886734824671163
1.584423352763451
1.58167326883755
1.57929819635609
1.5779231543931396
1.5780481582079533
1.5790481887264625
1.5815482650227364
1.585298379467147
1.5889234900967437
1.594298654133732
1.5997988219855341
1.607049043244728
1.614174260689108
1.6217994933927427
1.6297997375408186
1.6384250007629628
1.6475502792443617
1.655800531022065
1.6635507675405132
1.6710509964293345
1.677176183355205
1.6821763359477524
1.6864264656514176
1.6885515305032504
1.6899265724662007
1.6899265724662007
1.6886765343180639
1.6860514542069764
1.6814263130588702
1.6763011566515091
1.669175939207129
1.6611756950590533
1.6526754356517228
1.6431751457258827
1.633549851985229
1.6235495468001342
1.6136742454298534
1.6032989288003174
1.5932986236152227
1.5831733146153144
1.5726729941709647
1.5631727042451247
1.5529223914304024
1.542422070986053
1.5299216895046848
1.515546250801111
1.4987957396160771
1.481045197912534
1.4615446028015993
1.443294045838801
1.4246684774315623
1.4092930082094792
1.401042756431776
1.4035428327280495
1.4199183324686422
1.4527943357646413
1.5034208807641836
1.5712979522080142
1.6560505386516924
1.7566786095767084
1.8696820581682791
1.984310556352428
2.088438734092227
2.170941251869259
2.222692831202124
2.243443464461196
2.224317880794702
2.163691030610065
2.070938200018311
1.957684743797113
1.8375560777611624
1.7193024689474166
1.612174199652089
1.5192963652455214
1.445794122135075
1.3954175847651602
1.3664166997283853
1.3555413678395947
1.3571664174321727
1.3700418103579821
1.3892923978392897
1.4136681417279582
1.4389189123203223
1.4645446943571276
1.487420392468032
1.507546006653035
1.5236714987640003
1.5375469222083193
1.5470472121341592
1.5557974791711173
1.5645477462080752
1.5710479445783867
1.5772981353190711
1.5845483565782648
1.591923581652272
1.5999238258003479
1.6084240852076785
1.6174243598742637
1.6265496383556628
1.635924924466689
1.6456752220221567
1.6550505081331828
1.6650508133182775
1.675676137577441
1.6851764275032808
1.6949267250587483
1.70617706839198
1.7154273506881925
1.7251776482436598
1.7351779534287546
1.7448032471694084
1.7534285103915526
1.7614287545396283
1.7691789910580769
1.7764292123172705
1.7826794030579547
1.7888045899838252
1.7941797540208135
1.7981798760948515
1.8013049714651936
1.8043050630207222
1.805180089724418
1.8049300820947904
1.804805078279977
1.802805017242958
1.800429944761498
1.7965548265022737
1.7921796929837945
1.78692953276162
1.7814293649098176
1.7750541703543201
1.7676789452803126
1.7594286935026096
1.7514284493545336
1.7420531632435072
1.7328028809472946
1.7223025605029452
1.7129272743919186
1.7031769768364513
1.6928016602069156
1.6825513473921934
1.6725510422070986
1.6625507370220038
1.6529254432813503
1.643050141911069
1.633674855800043
1.6250495925778985
1.6170493484298227
1.6095491195410014
1.6029239173558765
1.596798730430006
1.591923581652272
1.5871734366893522
1.582923306985687
1.5806732383190405
1.5782981658375803
1.5777981505783258
1.5790481887264625
1.5799232154301586
1.5824232917264323
1.5862984099856563
1.5909235511337627
1.5965487228003785
1.602673909726249
1.6100491348002564
1.6174243598742637
1.624924588763085
1.633549851985229
1.6425501266518143
1.6505503707998903
1.6586756187627796
1.6678008972441787
1.6733010650959808
1.6791762443922238
1.6834263740958892
1.6875514999847407
1.6891765495773186
1.6900515762810144
1.6900515762810144
1.6881765190588092
1.684676412244026
1.679926267281106
1.6738010803552354
1.6661758476516009
1.6583006073183386
1.6495503402813807
1.6393000274666587
1.629674733726005
1.6190494094668417
1.6095491195410014
1.5994238105410932
1.5897985168004394
1.5795482039857174
1.5691728873561817
1.559047578356273
1.5492972808008056
1.5379219336527605
1.5244215216528825
1.5092960600604266
1.492545548875393
1.4740449842829677
1.4544193853572192
1.4355438093203527
1.4179182714316232
1.405417889950255
1.4004177373577074
1.4084179815057831
1.4302936490981781
1.4702948698385572
1.5272966093935971
1.6017988830225531
1.6929266640217293
1.7990549027985472
1.914433423871578
2.0266868495742667
2.1238148136845
2.1953169957579273
2.2336931669057285
2.2419434186834315
2.2050672933133946
2.1299400006103704
2.02781188390759
1.9116833399456772
1.7910546586504716
1.6770511795403913
1.5742980437635425
1.4886704306161689
1.4239184545426802
1.3820421765800959
1.360541520432142
1.3544163335062716
1.361416547135838
1.377292031617176
1.3982926725058749
1.4227934202093568
1.4486692098757896
1.4734199652088993
1.4955456404309213
1.5145462202826014
1.5295466780602436
1.540922025208289
1.5505473189489425
1.559047578356273
1.566172795800653
1.5732980132450332
1.5801732230597858
1.588048463393048
1.594798669392987
1.60304892117069
1.611799188207648
1.6205494552446058
1.6297997375408186
1.6396750389110997
1.6495503402813807
1.6591756340220343
1.669300943021943
1.6794262520218513
1.6888015381328776
1.6991768547624133
1.709177159947508
1.7203024994659262
1.7289277626880704
1.7386780602435379
1.7484283577990052
1.7563035981322672
1.764803857539598
1.7719290749839778
1.7791792962431716
1.7853044831690421
1.7905546433912167
1.796054811243019
1.799554918057802
1.8024300057985168
1.8043050630207222
1.8053050935392316
1.8049300820947904
1.8040550553910948
1.8014299752800074
1.79880489516892
1.7953047883541369
1.7906796472060307
1.7853044831690421
1.778679280983917
1.772179082613605
1.7644288460951567
1.7563035981322672
1.7475533310953093
1.7381780449842832
1.7285527512436292
1.7191774651326028
1.7089271523178808
1.6990518509475998
1.6886765343180639
1.678676229132969
1.668800927762688
1.658550614947966
1.649050325022126
1.6394250312814722
1.6302997528000733
1.6225495162816248
1.6139242530594806
1.607424054689169
1.6000488296151616
1.5945486617633595
1.5897985168004394
1.5856733909115879
1.582048280281991
1.579673207800531
1.5782981658375803
1.5777981505783258
1.57929819635609
1.580923245948668
1.5836733298745689
1.588048463393048
1.5929236121707817
1.598798791467025
1.6046739707632678
1.6122992034669026
1.6200494399853511
1.6274246650593585
1.636674947355571
1.6453002105777155
1.6540504776146734
1.6618007141331217
1.669300943021943
1.6758011413922544
1.6810513016144293
1.685051423688467
1.688301522873623
1.689426557206946
1.6901765800958282
1.689426557206946
1.6868014770958586
1.682676351207007
1.6776761986144597
1.6709259926145208
1.663300759910886
1.654550492873928
1.6458002258369702
1.635549913022248
1.625674611651967
1.6161743217261269
1.6056740012817774
1.5952986846522417
1.5855483870967744
1.5751730704672384
1.565797784356212
1.55554747154149
1.5457971739860226
1.532921781060213
1.5189213538010804
1.5030458693197426
1.4855453352458265
1.4662947477645192
1.447794183172094
1.4286685995056
1.41204309213538
1.4020427869502854
1.4015427716910305
1.414793176061281
1.443419049653615
1.4895454573198645
1.55317239906003
1.6337998596148564
1.730677816095462
1.8413061922055727
1.9573097323526718
2.0645630054628135
2.153315713980529
2.2130675374614706
2.240943388164922
2.232943144016846
2.181566576128422
2.0953139439069797
1.9863106173894467
1.8683070162053286
1.7486783654286326
1.6371749626148258
1.5407970213934752
1.4626696371349224
1.4059179052095097
1.372916898098697
1.3565413983581043
1.3556663716544084
1.3660416882839443
1.384292245246742
1.406917935728019
1.4324187139500106
1.4574194769127478
1.482295236060671
1.5025458540604877
1.51992138431959
1.5332967925046541
1.5446721396526994
1.553547410504471
1.561797662282174
1.5689228797265542
1.5757980895413068
1.5826732993560595
1.5901735282448806
1.5976737571337016
1.6062990203558458
1.6151742912076175
1.6239245582445754
1.6330498367259743
1.6434251533555102
1.6526754356517228
1.6625507370220038
1.6724260383922849
1.6829263588366346
1.6928016602069156
1.7026769615771966
1.7129272743919186
1.7228025757621999
1.7328028809472946
1.7419281594286935
1.7509284340952787
1.7593036896877956
1.7673039338358714
1.7750541703543201
1.7818043763542588
1.7870545365764336
1.7923046967986085
1.7971798455763421
1.8006799523911254
1.8029300210577714
1.8050550859096042
1.8050550859096042
1.8049300820947904
1.8033050325022126
1.8003049409466843
1.7978048646504103
1.7939297463911863
1.7893046052430799
1.7831794183172094
1.776554216132084
1.7703040253914
1.761928769798883
1.7534285103915526
1.7443032319101537
1.7346779381694999
1.725052644428846
1.715552354503006
1.7053020416882838
1.6955517441328165
1.6851764275032808
1.6754261299478135
1.665300820947905
1.6555505233924375
1.6456752220221567
1.63629993591113
1.627299661244545
1.6191744132816552
1.6116741843928344
1.6046739707632678
1.59829877620777
1.5931736198004092
1.5877984557634206
1.5842983489486373
1.5814232612079226
1.5791731925412764
1.5780481582079533
1.5779231543931396
1.57929819635609
1.5815482650227364
1.5851733756523332
1.5897985168004394
1.5945486617633595
1.601173863948485
1.607424054689169
1.6151742912076175
1.6230495315408795
1.6312997833185827
1.639925046540727
1.6484253059480574
1.6568005615405743
1.6646758018738366
1.671676015503403
1.677926206244087
1.6825513473921934
1.6868014770958586
1.689426557206946
1.6904265877254554
1.6904265877254554
1.6893015533921325
1.6861764580217904
1.6813013092440567
1.675551133762627
1.6681759086886196
1.6604256721701711
1.651425397503586
1.6421751152073734
1.6319248023926511
1.6224245124668113
1.6122992034669026
1.6019238868373669
1.5914235663930174
1.582048280281991
1.5722979827265235
1.562297677541429
1.5516723532822658
1.5410470290231024
1.5279216284676658
1.513921201208533
1.4974206976531268
1.479045136875515
1.4595445417645803
1.4409189733573413
1.4226684163945433
1.4079179662465284
1.4004177373577074
1.4046678670613728
1.4230434278389843
1.4577944883571887
1.5110461134678184
1.5801732230597858
1.666800866725669
1.769804010132145
1.8830574663533433
1.9974359569078648
2.0989390545365767
2.1785664845728934
2.2265679494613484
2.2436934720908233
2.219192724387341
2.153065706350902
2.05731278420362
1.9436843165379802
1.8231806390575884
1.70617706839198
1.599548814355907
1.5096710715048678
1.4385439008758814
1.3914174626911222
1.364166631061739
1.3547913449507127
1.3584164555803095
1.3717918637653737
1.3925424970244453
1.416418225653859
1.4420440076906644
1.4670447706534013
1.4902954802087467
1.5096710715048678
1.5259215674306468
1.537671926023133
1.5481722464674825
1.5570475173192542
1.56504776146733
1.5715479598376416
1.5780481582079533
1.5855483870967744
1.5931736198004092
1.60067384868923
1.6089241004669332
1.6186743980224005
1.6274246650593585
1.6364249397259438
1.647050263985107
1.656550553910947
1.6665508590960418
1.6764261604663229
1.6865514694662314
1.6963017670216987
1.7066770836512346
1.7170524002807703
1.7265526902066104
1.7361779839472642
1.746053285317545
1.7548035523545031
1.7629288003173924
1.7701790215765862
1.778554277169103
1.7833044221320231
1.789679616687521
1.7946797692800684
1.798429883724479
1.8016799829096348
1.8043050630207222
1.805180089724418
1.8050550859096042
1.8041800592059083
1.8023050019837032
1.7991799066133611
1.7961798150578325
1.7918046815393536
1.7864295175023652
1.780679342020936
1.774179143650624
1.7669289223914304
1.7586786706137274
1.7499284035767695
1.7404281136509292
1.7311778313547166
1.7213025299844356
1.711177220984527
1.7014269234290598
1.691426618243965
1.6813013092440567
1.6715510116885892
1.6614257026886807
1.6513003936887722
1.6418001037629322
1.632424817651906
1.6237995544297616
1.6156743064668722
1.6089241004669332
1.6019238868373669
1.5959237037263099
1.5909235511337627
1.5865484176152838
1.583298318430128
1.5801732230597858
1.5784231696523943
1.5774231391338847
1.5782981658375803
1.5802982268745993
1.5830483108005005
1.5866734214300973
1.5915485702078311
1.597173741874447
1.6032989288003174
1.6109241615039522
1.618549394207587
1.625674611651967
1.6346748863185523
1.643925168614765
1.6524254280220954
1.6599256569109164
1.6678008972441787
1.6744260994293039
1.6800512710959197
1.684301400799585
1.6879265114291817
1.690301583910642
1.6900515762810144
1.6896765648365732
1.6875514999847407
1.683926389355144
1.6793012482070377
1.6728010498367258
1.6655508285775322
1.6566755577257606
1.6479252906888027
1.637924985503708
1.628424695577868
1.618549394207587
1.608174077578051
1.5976737571337016
1.587923459578234
1.5780481582079533
1.5676728415784174
1.5584225592822047
1.5480472426526688
1.5362968840601827
1.522171452986236
1.5066709799493394
1.4900454725791192
1.4711698965422528
1.451794305246132
1.4336687520981475
1.4159182103946044
1.4041678518021181
1.4005427411725213
1.4102930387279886
1.4352938016907255
1.4771700796533098
1.5374219183935056
1.6146742759483628
1.707677114169744
1.816305429242836
1.9311839350566118
2.0429373455000457
2.135940183721427
2.2030672322763754
2.237068269905698
2.2386933194982754
2.1955670033875547
2.116189580980865
2.0111863765373696
1.8938077944273202
1.773429120761742
1.6599256569109164
1.5594225898007141
1.4774200872829373
1.416043214209418
1.377292031617176
1.3586664632099368
1.35504135258034
1.3631666005432295
1.3805421308023316
1.4015427716910305
1.427168553727836
1.452544328135014
1.4769200720236824
1.4985457319864497
1.5165462813196202
1.5312967314676351
1.5421720633564255
1.551547349467452
1.56029761650441
1.5676728415784174
1.57454805139317
1.580923245948668
1.5885484786523028
1.5964237189855648
1.6041739555040133
1.6132992339854122
1.6224245124668113
1.6310497756889553
1.6409250770592365
1.6508003784295175
1.660925687429426
1.670800988799707
1.680676290169988
1.6909266029847103
1.7004268929105502
1.711177220984527
1.7208025147251809
1.730677816095462
1.740178106021302
1.7501784112063965
1.7580536515396588
1.7656788842432936
1.773429120761742
1.7800543229468673
1.7858044984282968
1.79167967772454
1.7961798150578325
1.7999299295022433
1.8025550096133305
1.8049300820947904
1.8056801049836726
1.804805078279977
1.8034300363170261
1.801554979094821
1.7980548722800378
1.794429761650441
1.7901796319467758
1.7843044526505327
1.7783042695394757
1.7716790673543503
1.7640538346507157
1.7560535905026398
1.7463032929471725
1.737303018280587
1.7269277016510514
1.7174274117252115
1.7074271065401168
1.697426801355022
1.6869264809106725
1.677176183355205
1.66717587817011
1.6570505691702018
1.6473002716147345
1.6374249702444532
1.62917471846675
1.6202994476149783
1.6136742454298534
1.6056740012817774
1.599548814355907
1.5935486312448501
1.5894235053559984
1.584423352763451
1.58167326883755
1.57929819635609
1.5786731772820215
1.5780481582079533
1.5787981810968352
1.581298257393109
1.5842983489486373
1.5892985015411847
1.5935486312448501
1.5994238105410932
1.6064240241706595
1.6140492568742943
1.621299478133488
1.6297997375408186
1.6388000122074038
1.6465502487258523
1.655800531022065
1.6641757866145819
1.6705509811700798
1.6761761528366956
1.6814263130588702
1.685926450392163
1.689051545762505
1.6899265724662007
1.691051606799524
1.6889265419476913
1.6864264656514176
1.6824263435773796
1.6768011719107638
1.6695509506515702
1.6620507217627492
1.653425458540605
1.6441751762443924
1.6339248634296701
1.6246745811334575
1.6146742759483628
1.6042989593188268
1.5941736503189183
1.5839233375041963
1.5737980285042878
1.5635477156895659
1.5542974333933532
1.5434221015045624
1.5307967162083804
1.516296273689993
1.5006707968382824
1.4827952513199256
1.4636696676534318
1.44529410687582
1.4265435346537676
1.410543046357616
1.401417767876217
1.4027928098391673
1.417168248542741
1.4491692251350443
1.4986707358012636
1.564172734763634
1.6479252906888027
1.7474283272804958
1.8596817529831844
1.9748102664265876
2.080438489944151
2.1648160649433885
2.2196927396465957
2.2428184453871274
2.2278179876094852
2.1691911984618675
2.0786884365367597
1.9673100375377666
1.8478063905758844
1.7301778008362072
1.6204244514297923
1.526546586504715
1.451669301431318
1.3987926877651295
1.3677917416913359
1.3552913602099674
1.357041413617359
1.3686667683950315
1.3876673482467117
1.4110430616168708
1.436668843653676
1.4617946104312267
1.485795342875454
1.5059209570604573
1.522671468245491
1.5355468611713006
1.5462971892452775
1.5549224524674214
1.563047700430311
1.570172917874691
1.5771731315042574
1.5839233375041963
1.5912985625782037
1.5990487990966522
1.6075490585039827
1.6164243293557543
1.6257996154667806
1.6345498825037386
1.6445501876888333
1.6541754814294871
1.6643007904293954
1.6743010956144901
1.6844264046143986
1.6940516983550522
1.7043020111697744
1.7150523392437513
1.7246776329844051
1.7344279305398724
1.7440532242805262
1.7526784875026704
1.7609287392803734
1.7691789910580769
1.7759291970580158
1.7823043916135137
1.7883045747245705
1.7928047120578632
1.7974298532059694
1.8010549638355662
1.8034300363170261
1.8049300820947904
1.8053050935392316
1.804805078279977
1.8034300363170261
1.8001799371318705
1.7973048493911556
1.7933047273171179
1.787679555650502
1.7820543839838863
1.775804193243202
1.7685539719840082
1.7603037202063052
1.7519284646137883
1.7430531937620168
1.7335529038361768
1.723552598651082
1.7136772972808008
1.7039269997253335
1.6939266945402387
1.6835513779107028
1.6734260689107945
1.6636757713553272
1.6536754661702324
1.6441751762443924
1.6349248939481797
1.6259246192815942
1.6179243751335184
1.6104241462446975
1.6036739402447586
1.5975487533188881
1.5920485854670858
1.5876734519486069
1.5836733298745689
1.5802982268745993
1.5786731772820215
1.5777981505783258
1.5781731620227668
1.5795482039857174
1.582048280281991
1.5862984099856563
1.5901735282448806
1.5959237037263099
1.6020488906521806
1.6089241004669332
1.6161743217261269
1.6242995696890163
1.6325498214667196
1.6413000885036775
1.6500503555406356
1.6581756035035249
1.6656758323923462
1.6730510574663533
1.678676229132969
1.6833013702810755
1.687051484725486
1.6893015533921325
1.6905515915402693
1.6899265724662007
1.6881765190588092
1.6848014160588396
1.6804262825403606
1.6746761070589313
1.6674258857997375
1.6595506454664755
1.6499253517258217
1.6405500656147955
1.6306747642445143
1.620924466689047
1.6109241615039522
1.6009238563188575
1.590298532059694
1.5806732383190405
1.5699229102450638
1.5604226203192237
1.5505473189489425
1.5392969756157109
1.5260465712454605
1.5116711325418866
1.4946706137272256
1.4764200567644277
1.4571694692831203
1.4384188970610674
1.4201683400982696
1.4060429090243234
1.4002927335428939
1.4059179052095097
1.4270435499130223
1.4637946714682455
1.5185463423566392
1.5912985625782037
1.6800512710959197
1.7844294564653462
1.9000579851680046
2.012311410870693
2.1120644550920136
2.187441755424665
2.2305680715353864
2.2435684682760093
2.21169249549852
2.1413153477584155
2.0425623340556047
1.9270588091677603
1.8066801355021822
1.691051606799524
1.58642341380047
1.4987957396160771
1.430668660542619
1.38591729483932
1.3615415509506514
1.3546663411358988
1.360166508987701
1.3742919400616473
1.3954175847651602
1.4201683400982696
1.4451691030610065
1.4704198736533707
1.492920560319834
1.5121711478011413
1.5276716208380383
1.5392969756157109
1.5491722769859921
1.5580475478377636
1.5655477767265848
1.5722979827265235
1.5791731925412764
1.5867984252449112
1.5937986388744774
1.6017988830225531
1.61017413861507
1.6195494247260964
1.6285496993926818
1.637924985503708
1.6480502945036166
1.6575505844294565
1.6674258857997375
1.6783012176885281
1.6878015076143682
1.6975518051698355
1.7078021179845577
1.7185524460585346
1.7274277169103063
1.7376780297250283
1.7470533158360546
1.755178563798944
1.763553819391461
1.771429059724723
1.7784292733542895
1.7840544450209053
1.7903046357615895
1.7953047883541369
1.798429883724479
1.8019299905392623
1.8045550706503495
1.8054300973540451
1.8053050935392316
1.8044300668355358
1.8025550096133305
1.7990549027985472
1.7958048036133916
1.7910546586504716
1.7858044984282968
1.7800543229468673
1.7736791283913693
1.7654288766136663
1.757553636280404
1.7489283730582599
1.7399280983916745
1.730302804651021
1.7201774956511124
1.710052186651204
1.7003018890957367
1.6901765800958282
1.6800512710959197
1.6704259773552659
1.6599256569109164
1.6501753593554491
1.6408000732444226
1.6317997985778374
1.6230495315408795
1.61492428357799
1.6075490585039827
1.6014238715781122
1.5952986846522417
1.590423535874508
1.5859233985412151
1.5827983031708732
1.5801732230597858
1.5785481734672078
1.5784231696523943
1.578923184911649
1.5805482345042268
1.5834233222449416
1.587298440504166
1.592298593096713
1.5979237647633289
1.6042989593188268
1.6115491805780204
1.6195494247260964
1.627174657429731
1.6357999206518754
1.644675191503647
1.6529254432813503
1.6606756797997986
1.6684259163182469
1.6749261146885588
1.6801762749107334
1.6848014160588396
1.6880515152439954
1.6899265724662007
1.6905515915402693
1.6900515762810144
1.6874264961699272
1.6833013702810755
1.6783012176885281
1.6720510269478437
1.6645507980590228
1.6559255348368787
1.6469252601702933
1.6371749626148258
1.6275496688741722
1.6172993560594502
1.607424054689169
1.5970487380596332
1.5869234290597247
1.576548112430189
1.5664228034302805
1.557172521134068
1.5469222083193457
1.5347968382824184
1.5214214300973539
1.5059209570604573
1.4880454115421002
1.4691698355052338
1.450169255653554
1.4314186834315012
1.4146681722464676
1.4029178136539813
1.401042756431776
1.4117930845057527
1.4384188970610674
1.4820452284310435
1.5431720938749351
1.6215494857631152
1.7161773735770747
1.8254307077242347
1.941434247871334
2.0509375896481217
2.1426903897213663
2.2069423505356
2.2384433118686484
2.237318277535325
2.1906918546098213
2.1085643482772305
2.0016860866115302
1.883557481612598
1.7643038422803432
1.6508003784295175
1.5524223761711478
1.4716699118015075
1.4121680959501939
1.3754169743949705
1.3577914365062411
1.355416364024781
1.3644166386913665
1.381667165135655
1.4039178441724907
1.4285435956907866
1.4547943968016601
1.4789201330607014
1.4997957701345868
1.5184213385418257
1.5320467543565173
1.5431720938749351
1.5517973570970793
1.561172643208106
1.5680478530228583
1.5751730704672384
1.5815482650227364
1.5891734977263712
1.5961737113559373
1.605048982207709
1.6139242530594806
1.6231745353556932
1.631674794763024
1.641925107577746
1.651800408948027
1.6615507065034945
1.671301004058962
1.6810513016144293
1.6913016144291515
1.7015519272438735
1.712052247688223
1.721552537614063
1.731427838984344
1.7411781365398113
1.7501784112063965
1.7590536820581684
1.7666789147618032
1.7736791283913693
1.780179326761681
1.7866795251319927
1.792054689168981
1.7963048188726465
1.7999299295022433
1.8025550096133305
1.805180089724418
1.8050550859096042
1.804805078279977
1.8036800439466536
1.8014299752800074
1.7979298684652243
1.794429761650441
1.789679616687521
1.7841794488357188
1.7776792504654073
1.7705540330210272
1.762803796502579
1.7541785332804345
1.7453032624286628
1.736552995391705
1.726302682576983
1.7169273964659566
1.7066770836512346
1.6966767784661398
1.6865514694662314
1.6769261757255778
1.666425855281228
1.6568005615405743
1.6469252601702933
1.6374249702444532
1.628424695577868
1.6200494399853511
1.61254921109653
1.6057990050965911
1.5992988067262794
1.5940486465041048
1.5886734824671163
1.5847983642078922
1.5817982726523636
1.5790481887264625
1.5780481582079533
1.5775481429486986
1.5791731925412764
1.5810482497634815
1.5845483565782648
1.5890484939115572
1.5939236426892909
1.5997988219855341
1.6057990050965911
1.6136742454298534
1.6215494857631152
1.6299247413556321
1.6388000122074038
1.647050263985107
1.6550505081331828
1.6635507675405132
1.671176000244148
1.6766761680959503
1.682676351207007
1.686301461836604
1.6889265419476913
1.6901765800958282
1.6900515762810144
1.6891765495773186
1.6861764580217904
1.6821763359477524
1.6768011719107638
1.669175939207129
1.6613006988738672
1.6528004394665363
1.6438001647999512
1.6334248481704154
1.624049562059389
1.6140492568742943
1.6035489364299447
1.5935486312448501
1.5837983336893826
1.5729230018005922
1.5635477156895659
1.553547410504471
1.5429220862453077
1.5304217047639395
1.515796258430738
1.4997957701345868
1.4825452436902982
1.462794640949736
1.4439190649128697
1.4252934965056308
1.4095430158391065
1.401417767876217
1.403417828913236
1.4189183019501328
1.4515442976165045
1.5009208044679097
1.568172856837672
1.6521754203924681
1.752428479873043
1.8653069246498002
1.9798104190191352
2.0850636310922575
2.16794116031373
2.2214427930539875
2.2433184606463823
2.2256929227576525
2.166441114535966
2.074188299203467
1.9626848963896604
1.8426812341685233
1.7244276253547777
1.6155493026520584
1.5225464644306772
1.4482941984313487
1.3969176305429243
1.3674167302468947
1.3551663563951537
1.3575414288766137
1.3697918027283549
1.3890423902096622
1.4126681112094486
1.4375438703573717
1.4630446485793636
1.4866703695791499
1.507546006653035
1.5235464949491868
1.5359218726157415
1.5462971892452775
1.555172460097049
1.5639227271340068
1.5704229255043185
1.5770481276894437
1.5842983489486373
1.5917985778374584
1.5996738181707206
1.6084240852076785
1.6170493484298227
1.626049623096408
1.6354249092074344
1.6454252143925292
1.6551755119479965
1.66480080568865
1.6745511032441176
1.6849264198736535
1.6953017365031893
1.7051770378734703
1.7153023468733786
1.7253026520584733
1.7350529496139409
1.7441782280953397
1.7534285103915526
1.7613037507248146
1.7690539872432631
1.7768042237617114
1.7831794183172094
1.7878045594653156
1.7936797387615588
1.7980548722800378
1.8013049714651936
1.8036800439466536
1.8054300973540451
1.8050550859096042
1.8045550706503495
1.8030550248725852
1.800429944761498
1.7966798303170874
1.7926797082430495
1.7873045442060609
1.7818043763542588
1.7750541703543201
1.76792895290994
1.7600537125766778
1.752428479873043
1.7420531632435072
1.73230286568804
1.7231775872066408
1.7129272743919186
1.7031769768364513
1.6930516678365428
1.6831763664662618
1.6730510574663533
1.662800744651631
1.6528004394665363
1.6438001647999512
1.634299874874111
1.6255496078371532
1.6172993560594502
1.61017413861507
1.6032989288003174
1.596798730430006
1.5916735740226449
1.587298440504166
1.5836733298745689
1.5805482345042268
1.5790481887264625
1.5786731772820215
1.5781731620227668
1.580048219244972
1.5819232764671776
1.5859233985412151
1.590798547318949
1.5957986999114964
1.6024239020966218
1.609424115726188
1.6177993713187049
1.6246745811334575
1.6330498367259743
1.641925107577746
1.6508003784295175
1.6586756187627796
1.666425855281228
1.6738010803552354
1.6794262520218513
1.6836763817255165
1.6878015076143682
1.689426557206946
1.690301583910642
1.6899265724662007
1.6878015076143682
1.684676412244026
1.679551255836665
1.6739260841700492
1.6663008514664144
1.6584256111331521
1.6493003326517535
1.639550035096286
1.6302997528000733
1.6200494399853511
1.6100491348002564
1.6000488296151616
1.5897985168004394
1.57929819635609
1.5699229102450638
1.56029761650441
1.549547288430433
1.538046937467574
1.5251715445417646
1.5100460829493088
1.493295571764275
1.4745449995422222
1.4552944120609148
1.4367938474684896
1.4190433057649465
1.4051678823206275
1.4004177373577074
1.4072929471724602
1.4291686147648548
1.4677947935422835
1.5250465407269511
1.5980487685781428
1.6886765343180639
1.7938047425763726
1.908933256019776
2.0213116855372784
2.119439680166021
2.1923169042023987
2.232943144016846
2.2426934415723134
2.2074423657948543
2.134565141758477
2.033437055574206
1.9174335154271065
1.7974298532059694
1.681926328318125
1.5785481734672078
1.4920455336161382
1.4261685232093266
1.383667226172674
1.3610415356913967
1.3551663563951537
1.3607915280617695
1.3762920010986663
1.3972926419873655
1.421668385876034
1.447419171727653
1.471919919431135
1.4944206060975982
1.513546189764092
1.528546647541734
1.5404220099490342
1.5502973113193153
1.558672566911832
1.5660477919858395
1.5730480056154057
1.5795482039857174
1.5870484328745385
1.5944236579485458
1.6021738944669943
1.6111741691335797
1.6202994476149783
1.6294247260963775
1.6388000122074038
1.6489253212073123
1.6584256111331521
1.6684259163182469
1.6790512405774103
1.6885515305032504
1.6983018280587177
1.7089271523178808
1.7189274575029754
1.7291777703176978
1.7381780449842832
1.747678334910123
1.7563035981322672
1.7641788384655293
1.7720540787987915
1.7790542924283579
1.784929471724601
1.7903046357615895
1.7954297921689504
1.7993049104281746
1.8019299905392623
1.8046800744651632
1.805180089724418
1.804805078279977
1.8040550553910948
1.8018049867244483
1.7986798913541064
1.7949297769096957
1.7906796472060307
1.7854294869838556
1.7790542924283579
1.7724290902432325
1.7650538651692254
1.7566786095767084
1.7479283425397505
1.7388030640583514
1.7288027588732566
1.7190524613177893
1.7095521713919493
1.699301858577227
1.689051545762505
1.6793012482070377
1.6698009582811977
1.6593006378368482
1.649425336466567
1.6396750389110997
1.630799768059328
1.6225495162816248
1.6150492873928037
1.6082990813928648
1.6009238563188575
1.5950486770226142
1.5900485244300668
1.5854233832819604
1.5822982879116183
1.57929819635609
1.5785481734672078
1.5779231543931396
1.578923184911649
1.5811732535782954
1.5836733298745689
1.5877984557634206
1.5926736045411543
1.5984237800225838
1.6047989745780817
1.6120491958372754
1.6196744285409101
1.6277996765037996
1.6365499435407576
1.644675191503647
1.6535504623554185
1.6615507065034945
1.6695509506515702
1.6754261299478135
1.6809262977996156
1.6851764275032808
1.6881765190588092
1.6899265724662007
1.6906765953550829
1.6889265419476913
1.686676473281045
1.6838013855403302
1.6781762138737144
1.671176000244148
1.6636757713553272
1.6553005157628102
1.6460502334665976
1.6361749320963164
1.626424634540849
1.6164243293557543
1.6064240241706595
1.596298715170751
1.586048402356029
1.5757980895413068
1.5656727805413984
1.5561724906155583
1.5452971587267679
1.5321717581713308
1.5195463728751488
1.5041709036530655
1.4862953581347087
1.4674197820978425
1.448169194616535
1.4302936490981781
1.412918118839076
1.4022927945799126
1.4015427716910305
1.4136681417279582
1.4421690115054782
1.487295388653218
1.550422315134129
1.630799768059328
1.7271777092806788
1.8371810663167212
1.9526845912045656
2.061437910092471
2.1505656300546283
2.211317484054079
2.2399433576464127
2.2341931821649834
2.1836916409802547
2.0986890469069492
1.990560747093112
1.871307107760857
1.752428479873043
1.640675069429609
1.544422132023072
1.4646696981719414
1.4072929471724602
1.3721668752098148
1.3569164098025452
1.3559163792840356
1.3659166844691304
1.3840422376171149
1.406542924283578
1.4312936796166877
1.4569194616534928
1.4809201940977201
1.502045838801233
1.51992138431959
1.5335468001342816
1.5441721243934445
1.5532974028748436
1.561922666096988
1.5684228644672995
1.5755480819116796
1.5821732840968048
1.5900485244300668
1.5972987456892607
1.6062990203558458
1.6147992797631765
1.623299539170507
1.6327998290963468
1.6429251380962555
1.6520504165776544
1.6623007293923764
1.6721760307626576
1.6828013550218206
1.6924266487624744
1.7026769615771966
1.712802270577105
1.7225525681325726
1.7325528733176672
1.742178167058321
1.7509284340952787
1.7594286935026096
1.7668039185766167
1.7744291512802515
1.7811793572801906
1.7873045442060609
1.7926797082430495
1.7971798455763421
1.8005549485763115
1.8033050325022126
1.8046800744651632
1.8050550859096042
1.8041800592059083
1.8034300363170261
1.8014299752800074
1.7976798608355968
1.7939297463911863
1.7893046052430799
1.7828044068727684
1.7768042237617114
1.7701790215765862
1.7618037659840693
1.754053529465621
1.7446782433545946
1.7351779534287546
1.725052644428846
1.7154273506881925
1.7059270607623525
1.6955517441328165
1.6853014313180945
1.675676137577441
1.6655508285775322
1.655425519577624
1.6458002258369702
1.636674947355571
1.6274246650593585
1.6195494247260964
1.611799188207648
1.6046739707632678
1.5984237800225838
1.5934236274300364
1.5877984557634206
1.58404834131901
1.5811732535782954
1.5791731925412764
1.5780481582079533
1.5775481429486986
1.579673207800531
1.58167326883755
1.585298379467147
1.5896735129856259
1.5949236732078005
1.6002988372447888
1.607424054689169
1.61492428357799
1.6230495315408795
1.631174779503769
1.6396750389110997
1.6485503097628713
1.6568005615405743
1.6641757866145819
1.6720510269478437
1.6784262215033416
1.682676351207007
1.6861764580217904
1.6888015381328776
1.6900515762810144
1.6909266029847103
1.6885515305032504
1.6855514389477217
1.6810513016144293
1.6750511185033723
1.668050904873806
1.6603006683553576
1.651800408948027
1.6424251228370008
1.632299813837092
1.6222995086519973
1.6122992034669026
1.6020488906521806
1.5917985778374584
1.582048280281991
1.5724229865413375
1.561797662282174
1.5516723532822658
1.5411720328379164
1.528171636097293
1.513921201208533
1.4969206823938719
1.479045136875515
1.460044557023835
1.4411689809869686
1.4227934202093568
1.4074179509872737
1.4006677449873348
1.4046678670613728
1.423543443098239
1.4579194921720025
1.510796105838191
1.580923245948668
1.6674258857997375
1.769929013946959
1.883682485427412
1.9984359874263742
2.100689107943968
2.1793165074617757
2.226692953276162
2.2439434797204507
2.2181926938688314
2.1524406872768336
2.0556877346110416
1.9421842707602162
1.8215555894650106
1.7051770378734703
1.598798791467025
1.5082960295419172
1.4377938779869992
1.3897924130985444
1.3639166234321116
1.3547913449507127
1.3586664632099368
1.3726668904690695
1.3929175084688865
1.416418225653859
1.4421690115054782
1.4667947630237739
1.4906704916531877
1.5101710867641225
1.5256715598010193
1.5384219489120152
1.5480472426526688
1.5564224982451857
1.5639227271340068
1.5719229712820828
1.5786731772820215
1.585298379467147
1.5930486159855952
1.6012988677632984
1.6099241309854426
1.6191744132816552
1.6274246650593585
1.6367999511703848
1.6471752677999205
1.6570505691702018
1.666425855281228
1.6765511642811366
1.6875514999847407
1.6963017670216987
1.7070520950956756
1.7174274117252115
1.7271777092806788
1.7364279915768914
1.7459282815027315
1.754428540910062
1.7624287850581377
1.7705540330210272
1.7775542466505936
1.783679433576464
1.7898046205023346
1.7946797692800684
1.7989298989837337
1.8020549943540758
1.8044300668355358
1.804805078279977
1.8050550859096042
1.8040550553910948
1.8023050019837032
1.7993049104281746
1.7963048188726465
1.79167967772454
1.7861795098727378
1.7809293496505632
1.774304147465438
1.766303903317362
1.7579286477248453
1.7499284035767695
1.7410531327249978
1.731052827539903
1.7220525528733177
1.7115522324289683
1.7010519119846188
1.6913016144291515
1.6809262977996156
1.6705509811700798
1.6615507065034945
1.6511753898739585
1.6418001037629322
1.6320498062074649
1.6239245582445754
1.6159243140964994
1.6086740928373058
1.6019238868373669
1.5959237037263099
1.5910485549485762
1.5862984099856563
1.5825482955412458
1.5799232154301586
1.5785481734672078
1.5781731620227668
1.5786731772820215
1.580923245948668
1.5826732993560595
1.5866734214300973
1.5917985778374584
1.5975487533188881
1.6037989440595721
1.6102991424298836
1.6182993865779596
1.6262996307260353
1.634424878688925
1.6443001800592059
1.651800408948027
1.659800653096103
1.6674258857997375
1.6745511032441176
1.6800512710959197
1.6851764275032808
1.6876765037995543
1.6895515610217597
1.6905515915402693
1.6896765648365732
1.6878015076143682
1.6836763817255165
1.6793012482070377
1.6726760460219123
1.665300820947905
1.6566755577257606
1.647425275429548
1.6381749931333354
1.627674672688986
1.6184243903927733
1.608174077578051
1.5977987609485154
1.5877984557634206
1.5776731467635121
1.567797845393231
1.5581725516525773
1.547547227393414
1.5351718497268594
1.5220464491714225
1.507170995208594
1.4895454573198645
1.4704198736533707
1.452169316690573
1.432668721579638
1.4156682027649772
1.4035428327280495
1.4006677449873348
1.410543046357616
1.4355438093203527
1.477920102542192
1.5377969298379466
1.6146742759483628
1.7083021332438124
1.8165554368724632
1.931933957945494
2.0425623340556047
2.135940183721427
2.2031922360911893
2.237568285164953
2.239068330942717
2.1958170110171817
2.1151895504623552
2.010311349833674
1.893057771538438
1.7731791131321146
1.6593006378368482
1.5587975707266457
1.4772950834681233
1.4155431989501632
1.377167027802362
1.3577914365062411
1.3547913449507127
1.3631666005432295
1.380417126987518
1.4020427869502854
1.4262935270241401
1.452544328135014
1.4771700796533098
1.4986707358012636
1.5171713003936889
1.5312967314676351
1.5422970671712395
1.5520473647267068
1.5604226203192237
1.5672978301339764
1.5742980437635425
1.5817982726523636
1.5886734824671163
1.5954236884670552
1.6046739707632678
1.6131742301705987
1.6225495162816248
1.63154979094821
1.6413000885036775
1.6511753898739585
1.6601756645405439
1.6710509964293345
1.680676290169988
1.6901765800958282
1.7008019043549913
1.7113022247993408
1.7211775261696218
1.7305528122806482
1.7403031098361157
1.7494283883175148
1.7585536667989135
1.765928891872921
1.7735541245765558
1.7804293343913085
1.7868045289468062
1.79167967772454
1.7966798303170874
1.8005549485763115
1.8029300210577714
1.8043050630207222
1.804805078279977
1.804805078279977
1.802805017242958
1.801554979094821
1.7985548875392925
1.7943047578356275
1.7890545976134526
1.7844294564653462
1.778554277169103
1.7709290444654684
1.7631788079470199
1.7546785485396894
1.7468033082064272
1.7368030030213324
1.7265526902066104
1.7170524002807703
1.707677114169744
1.6970517899105808
1.6868014770958586
1.6770511795403913
1.666800866725669
1.6563005462813196
1.6473002716147345
1.637924985503708
1.6287997070223093
1.6206744590594195
1.6122992034669026
1.6056740012817774
1.599173802911466
1.5940486465041048
1.5885484786523028
1.5847983642078922
1.5811732535782954
1.5795482039857174
1.5774231391338847
1.5781731620227668
1.5791731925412764
1.5814232612079226
1.584423352763451
1.58879848628193
1.5939236426892909
1.5996738181707206
1.6067990356151007
1.613799249244667
1.6216744895779291
1.6297997375408186
1.63867500839259
1.6473002716147345
1.6564255500961331
1.6631757560960723
1.671301004058962
1.6766761680959503
1.6821763359477524
1.6864264656514176
1.6889265419476913
1.690301583910642
1.6905515915402693
1.6889265419476913
1.6865514694662314
1.6818013245033114
1.6760511490218817
1.670050965910825
1.6614257026886807
1.6530504470961638
1.6435501571703237
1.633174840540788
1.6234245429853207
1.613799249244667
1.6040489516891996
1.5929236121707817
1.583298318430128
1.5724229865413375
1.563047700430311
1.5532974028748436
1.5425470748008667
1.5299216895046848
1.5154212469862973
1.4995457625049593
1.481045197912534
1.4619196142460402
1.443294045838801
1.4247934812463758
1.4091680043946653
1.4015427716910305
1.4032928250984222
1.4197933286538287
1.452919339579455
1.5027958616901151
1.5707979369487595
1.6556755272072514
1.7561785943174535
1.8691820429090245
1.9849355754264961
2.088563737907041
2.1710662556840727
2.2233178502761928
2.2433184606463823
2.2238178655354472
2.162440992461928
2.069563158055361
1.9573097323526718
1.8371810663167212
1.7186774498733484
1.6109241615039522
1.5185463423566392
1.4460441297647022
1.3952925809503465
1.36691671498764
1.35504135258034
1.3577914365062411
1.3714168523209327
1.3901674245429854
1.414043153172399
1.4389189123203223
1.4641696829126867
1.4875453962828455
1.5074210028382216
1.5250465407269511
1.5370469069490644
1.5465471968749047
1.555922482985931
1.563797723319193
1.5709229407635732
1.5775481429486986
1.5842983489486373
1.5921735892818996
1.5999238258003479
1.6084240852076785
1.6176743675038912
1.6259246192815942
1.635924924466689
1.6458002258369702
1.6555505233924375
1.6644257942442091
1.675551133762627
1.6855514389477217
1.6951767326883755
1.7059270607623525
1.7166773888363294
1.725927671132542
1.735302957243568
1.7451782586138493
1.7541785332804345
1.7620537736136967
1.7691789910580769
1.7774292428357799
1.7830544145023959
1.7888045899838252
1.794429761650441
1.7979298684652243
1.8013049714651936
1.8044300668355358
1.805180089724418
1.8053050935392316
1.8045550706503495
1.8030550248725852
1.7999299295022433
1.79642982268746
1.792429700613422
1.7871795403912474
1.7813043610950041
1.7750541703543201
1.7676789452803126
1.7593036896877956
1.7498033997619558
1.741678151799066
1.7315528427991578
1.7225525681325726
1.7126772667622914
1.7019269386883145
1.6921766411328472
1.6818013245033114
1.6723010345774711
1.6619257179479354
1.6520504165776544
1.642675130466628
1.6332998443556017
1.6244245735038303
1.6164243293557543
1.6095491195410014
1.6022988982818078
1.5965487228003785
1.5917985778374584
1.5867984252449112
1.5836733298745689
1.5804232306894133
1.5786731772820215
1.5776731467635121
1.5785481734672078
1.5795482039857174
1.5824232917264323
1.58642341380047
1.5911735587633902
1.596798730430006
1.6035489364299447
1.610549150059511
1.6176743675038912
1.6257996154667806
1.6345498825037386
1.643050141911069
1.6515504013183995
1.6594256416516617
1.6679259010589922
1.6745511032441176
1.6796762596514787
1.684301400799585
1.6879265114291817
1.6895515610217597
1.6906765953550829
1.6900515762810144
1.6879265114291817
1.684301400799585
1.6794262520218513
1.673176061281167
1.6655508285775322
1.6575505844294565
1.6485503097628713
1.63867500839259
1.6289247108371228
1.6190494094668417
1.609424115726188
1.59829877620777
1.588423474837489
1.5782981658375803
1.568547868282113
1.5584225592822047
1.5485472579119235
1.5362968840601827
1.5234214911343729
1.5082960295419172
1.4911705069124424
1.4724199346903897
1.4532943510238958
1.4345437788018434
1.4169182409131138
1.4036678365428634
1.4006677449873348
1.4092930082094792
1.4336687520981475
1.4749200109866634
1.5335468001342816
1.609424115726188
1.7026769615771966
1.8093052156132694
1.9248087405011138
2.0364371471297344
2.1314400463881347
2.1996921292764062
2.2355682241279338
2.2404433729056676
2.1990671102023374
2.121314737388226
2.017186559648427
1.8991829584643085
1.7804293343913085
1.6656758323923462
1.5645477462080752
1.481045197912534
1.418793298135319
1.3790420850245675
1.3592914822840054
1.3547913449507127
1.3622915738395336
1.379292092654195
1.4016677755058444
1.4259185155796992
1.4511692861720633
1.476295052949614
1.497670705282754
1.5160462660603655
1.5309217200231942
1.5421720633564255
1.551547349467452
1.5600476088747826
1.5669228186895352
1.5741730399487288
1.5807982421338542
1.588423474837489
1.5954236884670552
1.6047989745780817
1.6136742454298534
1.6215494857631152
1.6306747642445143
1.640675069429609
1.6503003631702629
1.6600506607257304
1.6698009582811977
1.6801762749107334
1.6904265877254554
1.7004268929105502
1.7106772057252724
1.7206775109103671
1.7304278084658344
1.7404281136509292
1.7488033692434461
1.757553636280404
1.7653038727988526
1.7729291055024872
1.780179326761681
1.7861795098727378
1.79167967772454
1.7959298074282053
1.8000549333170568
1.8025550096133305
1.8046800744651632
1.8053050935392316
1.805555101168859
1.8036800439466536
1.801554979094821
1.798429883724479
1.794054750206
1.7904296395764032
1.78455446028016
1.7783042695394757
1.7720540787987915
1.7636788232062746
1.755178563798944
1.7465533005767997
1.7370530106509599
1.727052705465865
1.7176774193548388
1.7075521103549303
1.6979268166142767
1.6875514999847407
1.677551194799646
1.667300881984924
1.6576755882442702
1.6476752830591754
1.638299996948149
1.6289247108371228
1.6211744743186742
1.613424237800226
1.6064240241706595
1.6001738334299753
1.5937986388744774
1.5894235053559984
1.5849233680227057
1.58167326883755
1.5794232001709037
1.5777981505783258
1.5779231543931396
1.5794232001709037
1.581298257393109
1.5841733451338236
1.5886734824671163
1.5932986236152227
1.5992988067262794
1.606174016541032
1.613424237800226
1.6217994933927427
1.6297997375408186
1.6384250007629628
1.6469252601702933
1.6549255043183693
1.6630507522812585
1.6704259773552659
1.6763011566515091
1.6823013397625661
1.6856764427625355
1.6885515305032504
1.6901765800958282
1.690301583910642
1.689051545762505
1.686301461836604
1.6821763359477524
1.6764261604663229
1.669675954466384
1.6624257332071901
1.653425458540605
1.6443001800592059
1.634424878688925
1.6241745658742028
1.6150492873928037
1.6045489669484543
1.5937986388744774
1.5839233375041963
1.5740480361339153
1.563797723319193
1.5536724143192846
1.5431720938749351
1.5309217200231942
1.516296273689993
1.5007958006530961
1.4824202398754844
1.4634196600238045
1.4446690878017519
1.4257935117648854
1.4099180272835474
1.4012927640614032
1.4029178136539813
1.4184182866908779
1.450169255653554
1.4987957396160771
1.566172795800653
1.6496753440961944
1.7494283883175148
1.8623068330942716
1.9766853236487931
2.082188543351543
2.166316110721153
2.2200677510910367
2.2428184453871274
2.2264429456465344
2.167566148869289
2.0763133640552995
1.9649349650563068
1.8450563066499832
1.7266776940214241
1.6179243751335184
1.5245465254676962
1.450169255653554
1.397417645802179
1.3672917264320812
1.3556663716544084
1.3572914212469864
1.3695417950987274
1.3887923825800348
1.4119180883205664
1.4374188665425582
1.4626696371349224
1.4860453505050812
1.5065459761345255
1.5230464796899321
1.5359218726157415
1.5469222083193457
1.5550474562822352
1.5635477156895659
1.5702979216895046
1.5770481276894437
1.584423352763451
1.5916735740226449
1.5989237952818385
1.6080490737632376
1.6166743369853815
1.6259246192815942
1.6352999053926207
1.6456752220221567
1.6550505081331828
1.6645507980590228
1.6746761070589313
1.6848014160588396
1.6946767174291208
1.7050520340586566
1.7153023468733786
1.725052644428846
1.7346779381694999
1.744553239539781
1.7526784875026704
1.7611787469100009
1.7691789910580769
1.7764292123172705
1.7826794030579547
1.7886795861690117
1.7938047425763726
1.7983048799096653
1.8011799676503801
1.8038050477614673
1.8049300820947904
1.8050550859096042
1.8043050630207222
1.8029300210577714
1.8001799371318705
1.7969298379467147
1.7928047120578632
1.7875545518356883
1.7820543839838863
1.7755541856135748
1.76792895290994
1.7600537125766778
1.7510534379100926
1.7423031708731347
1.7328028809472946
1.7233025910214546
1.7133022858363598
1.7030519730216378
1.6926766563921019
1.683051362651448
1.6728010498367258
1.662800744651631
1.652550431836909
1.6435501571703237
1.6340498672444839
1.625174596392712
1.6170493484298227
1.6102991424298836
1.60304892117069
1.597173741874447
1.5917985778374584
1.5874234443189794
1.5835483260597554
1.5805482345042268
1.5787981810968352
1.5779231543931396
1.5777981505783258
1.580048219244972
1.5826732993560595
1.5859233985412151
1.5906735435041353
1.5960487075411238
1.6021738944669943
1.6085490890224923
1.616924344615009
1.6247995849482713
1.6332998443556017
1.6418001037629322
1.6504253669850764
1.6586756187627796
1.666425855281228
1.673176061281167
1.6785512253181556
1.6838013855403302
1.6873014923551135
1.689051545762505
1.6908015991698966
1.6899265724662007
1.6880515152439954
1.684301400799585
1.6801762749107334
1.673676076540422
1.666050843836787
1.6588006225775933
1.6495503402813807
1.6400500503555409
1.62917471846675
1.6200494399853511
1.6096741233558154
1.6000488296151616
1.5895485091708121
1.5794232001709037
1.5695478988006226
1.5596725974303416
1.549547288430433
1.5381719412823878
1.52467152928251
1.5092960600604266
1.492920560319834
1.474294991912595
1.4551694082461013
1.4361688283944214
1.418793298135319
1.4049178746910003
1.4001677297280801
1.4071679433576463
1.4300436414685507
1.4692948393200476
1.526171575060274
1.6001738334299753
1.6906765953550829
1.7965548265022737
1.9119333475753044
2.024686788537248
2.121689748832667
2.193691946165349
2.233318155461287
2.2424434339426864
2.2059423200170905
2.1316900540177617
2.0306869716483047
1.9139334086123234
1.7938047425763726
1.6783012176885281
1.5756730857264931
1.4899204687643055
1.425168492690817
1.3820421765800959
1.3607915280617695
1.3549163487655262
1.3610415356913967
1.3770420239875485
1.3981676686910611
1.4229184240241708
1.447794183172094
1.4731699575792718
1.4949206213568529
1.5149212317270424
1.5290466628009889
1.5407970213934752
1.5505473189489425
1.559172582171087
1.5664228034302805
1.5735480208746606
1.5802982268745993
1.587298440504166
1.5945486617633595
1.603173924985504
1.6119241920224616
1.6206744590594195
1.6297997375408186
1.6396750389110997
1.6491753288369395
1.658925626392407
1.6690509353923155
1.6785512253181556
1.6889265419476913
1.698926847132786
1.7096771752067628
1.7194274727622303
1.729427777947325
1.7391780755027926
1.748053346354564
1.7566786095767084
1.7650538651692254
1.772304086428419
1.7790542924283579
1.7851794793542284
1.7905546433912167
1.7951797845393231
1.7999299295022433
1.8026800134281442
1.8044300668355358
1.805180089724418
1.8053050935392316
1.803930051576281
1.801554979094821
1.7985548875392925
1.7951797845393231
1.7908046510208442
1.7851794793542284
1.7790542924283579
1.7724290902432325
1.7646788537247842
1.7559285866878263
1.7475533310953093
1.7380530411694692
1.728302743614002
1.7189274575029754
1.7089271523178808
1.698926847132786
1.6884265266884364
1.678676229132969
1.6686759239478743
1.658550614947966
1.6488003173924985
1.6390500198370312
1.630049745170446
1.6219244972075564
1.614174260689108
1.6066740318002868
1.6004238410596028
1.5949236732078005
1.5896735129856259
1.585298379467147
1.582048280281991
1.579673207800531
1.5777981505783258
1.5780481582079533
1.5794232001709037
1.5802982268745993
1.5837983336893826
1.5882984710226753
1.5926736045411543
1.5992988067262794
1.6049239783928952
1.6122992034669026
1.6200494399853511
1.6282996917630543
1.6370499588000123
1.645925229651784
1.6543004852443006
1.6620507217627492
1.6695509506515702
1.675551133762627
1.6810513016144293
1.6856764427625355
1.6885515305032504
1.6898015686513872
1.6905515915402693
1.6893015533921325
1.6868014770958586
1.682676351207007
1.6769261757255778
1.6709259926145208
1.662925748466445
1.6546754966887418
1.6456752220221567
1.6346748863185523
1.6254246040223395
1.6154242988372447
1.6049239783928952
1.594798669392987
1.5850483718375195
1.57454805139317
1.5647977538377027
1.5550474562822352
1.5445471358378857
1.5320467543565173
1.5185463423566392
1.5022958464308604
1.484670308542131
1.4656697286904508
1.4465441450239571
1.427918576616718
1.4112930692464982
1.4015427716910305
1.4031678212836085
1.4162932218390454
1.4464191412091434
1.4939205908383435
1.558297555467391
1.6401750541703544
1.7388030640583514
1.8501814630573443
1.9648099612414929
2.0723132419812615
2.1591908932767723
2.21644264046144
2.2419434186834315
2.2304430677205724
2.1756913968321787
2.0865636768700218
1.9769353312784204
1.8576816919461654
1.7381780449842832
1.6282996917630543
1.532546769615772
1.4564194463942381
1.401792779320658
1.3699168065431684
1.3562913907284768
1.3565413983581043
1.3677917416913359
1.3864173100985748
1.4092930082094792
1.4347937864314706
1.4602945646534624
1.4839202856532487
1.5047959227271341
1.5216714377269813
1.5350468459120459
1.5451721549119541
1.554672444837794
1.562297677541429
1.5697979064302499
1.5761731009857478
1.5835483260597554
1.5906735435041353
1.5984237800225838
1.6069240394299142
1.6159243140964994
1.624924588763085
1.6341748710592976
1.6444251838740198
1.6541754814294871
1.6634257637256997
1.6739260841700492
1.6834263740958892
1.693801690725425
1.7034269844660788
1.7143023163548692
1.7244276253547777
1.7339279152806177
1.7435532090212715
1.752428479873043
1.7596787011322368
1.767803949095126
1.7755541856135748
1.7818043763542588
1.787679555650502
1.7930547196874904
1.7980548722800378
1.8011799676503801
1.8034300363170261
1.8050550859096042
1.8053050935392316
1.8044300668355358
1.803180028687399
1.800429944761498
1.7970548417615282
1.7933047273171179
1.7879295632801295
1.782554399243141
1.7764292123172705
1.7690539872432631
1.76080373546556
1.7521784722434155
1.7429281899472029
1.7335529038361768
1.7241776177251504
1.714427320169683
1.7043020111697744
1.6941767021698662
1.684301400799585
1.6738010803552354
1.6639257789849544
1.6549255043183693
1.6445501876888333
1.6350498977629933
1.626049623096408
1.6184243903927733
1.61017413861507
1.6035489364299447
1.5972987456892607
1.592298593096713
1.5877984557634206
1.5834233222449416
1.5805482345042268
1.5784231696523943
1.5775481429486986
1.5786731772820215
1.5790481887264625
1.5825482955412458
1.5850483718375195
1.589923520615253
1.5952986846522417
1.6019238868373669
1.6086740928373058
1.616924344615009
1.6235495468001342
1.6325498214667196
1.6414250923184912
1.6498003479110082
1.6576755882442702
1.666050843836787
1.6729260536515398
1.6790512405774103
1.6834263740958892
1.6865514694662314
1.6893015533921325
1.690301583910642
1.6905515915402693
1.6884265266884364
1.6851764275032808
1.680676290169988
1.6741760917996766
1.666800866725669
1.658550614947966
1.6499253517258217
1.6404250617999818
1.6306747642445143
1.6206744590594195
1.6106741538743248
1.6004238410596028
1.5901735282448806
1.580048219244972
1.570172917874691
1.5604226203192237
1.5505473189489425
1.5385469527268287
1.5259215674306468
1.5109211096530044
1.4941705984679707
1.4756700338755455
1.4565444502090519
1.437043855098117
1.4195433210242012
1.405417889950255
1.3997927182836392
1.4066679280983916
1.427918576616718
1.4667947630237739
1.5220464491714225
1.5945486617633595
1.6844264046143986
1.789679616687521
1.904558122501297
2.0176865749076818
2.1165645924253056
2.1904418469801934
2.2319431134983367
2.2435684682760093
2.209692434461501
2.137190221869564
2.0366871547593615
1.9214336375011445
1.8001799371318705
1.685051423688467
1.5814232612079226
1.4941705984679707
1.4274185613574633
1.3841672414319286
1.361416547135838
1.3544163335062716
1.3604165166173285
1.3755419782097842
1.3965426190984833
1.4210433668019655
1.4464191412091434
1.471544907986694
1.4939205908383435
1.513546189764092
1.5280466322824793
1.5401720023194068
1.5499222998748743
1.558297555467391
1.5660477919858395
1.572547990356151
1.579673207800531
1.58642341380047
1.5939236426892909
1.6016738792077396
1.6107991576891385
1.6202994476149783
1.6294247260963775
1.6393000274666587
1.649425336466567
1.6584256111331521
1.6685509201330608
1.678676229132969
1.6885515305032504
1.6984268318735312
1.709177159947508
1.7191774651326028
1.7286777550584431
1.7384280526139104
1.747678334910123
1.756428601947081
1.763928830835902
1.7720540787987915
1.7788042847987304
1.785679494613483
1.7904296395764032
1.7955547959837643
1.79880489516892
1.8023050019837032
1.8043050630207222
1.8050550859096042
1.8049300820947904
1.80355504013184
1.8020549943540758
1.7985548875392925
1.7950547807245094
1.790929654835658
1.7858044984282968
1.7795543076876126
1.7725540940580462
1.764803857539598
1.7566786095767084
1.7478033387249368
1.7391780755027926
1.7289277626880704
1.719552476577044
1.7103021942808314
1.6994268623920408
1.6891765495773186
1.6794262520218513
1.6690509353923155
1.6590506302072208
1.6501753593554491
1.6394250312814722
1.6302997528000733
1.6221745048371838
1.6144242683187355
1.6076740623187964
1.6005488448744163
1.5952986846522417
1.589923520615253
1.5854233832819604
1.5819232764671776
1.5794232001709037
1.5782981658375803
1.5776731467635121
1.5782981658375803
1.5810482497634815
1.5834233222449416
1.5882984710226753
1.592798608355968
1.5981737723929563
1.6044239631336406
1.6120491958372754
1.6197994323557239
1.6287997070223093
1.636674947355571
1.6456752220221567
1.653425458540605
1.6619257179479354
1.669175939207129
1.6761761528366956
1.6805512863551746
1.6855514389477217
1.6881765190588092
1.690301583910642
1.690301583910642
1.6898015686513872
1.6869264809106725
1.683051362651448
1.6776761986144597
1.6709259926145208
1.663300759910886
1.6549255043183693
1.6456752220221567
1.6360499282815029
1.626049623096408
1.6162993255409406
1.6060490127262186
1.5957986999114964
1.5855483870967744
1.5756730857264931
1.5656727805413984
1.555922482985931
1.5465471968749047
1.5330467848750269
1.5196713766899625
1.5036708883938108
1.486545365764336
1.4666697592089604
1.447794183172094
1.4289186071352276
1.4124181035798211
1.4019177831354717
1.401792779320658
1.4142931608020264
1.4430440382091738
1.4887954344309824
1.5522973723563342
1.6327998290963468
1.7304278084658344
1.840806176946318
1.9558096865749077
2.0639379863887446
2.153315713980529
2.2129425336466566
2.2405683767204807
2.233318155461287
2.1813165684987945
2.0948139286477248
1.9868106326487014
1.8670569780571917
1.7485533616138187
1.6371749626148258
1.5402970061342205
1.4616696066164128
1.405792901394696
1.3716668599505601
1.3562913907284768
1.3560413830988496
1.3664166997283853
1.3841672414319286
1.4072929471724602
1.4325437177648244
1.4577944883571887
1.482295236060671
1.5029208655049286
1.5207964110232857
1.5334217963194676
1.5446721396526994
1.5540474257637258
1.561922666096988
1.5687978759117405
1.5757980895413068
1.5836733298745689
1.590298532059694
1.5975487533188881
1.6064240241706595
1.6152992950224312
1.6236745506149481
1.633549851985229
1.6438001647999512
1.653800469985046
1.6630507522812585
1.6728010498367258
1.6829263588366346
1.6930516678365428
1.7026769615771966
1.713177282021546
1.7234275948362683
1.7331778923917356
1.7434282052064578
1.751178441724906
1.7598037049470505
1.767803949095126
1.7749291665395062
1.7815543687246316
1.7874295480208746
1.7930547196874904
1.7979298684652243
1.800804956205939
1.8033050325022126
1.8050550859096042
1.8049300820947904
1.8043050630207222
1.8034300363170261
1.8005549485763115
1.7969298379467147
1.7936797387615588
1.7885545823541977
1.7828044068727684
1.776679219946898
1.7686789757988222
1.7610537430951874
1.7529284951322976
1.7439282204657125
1.734302926725059
1.7246776329844051
1.7153023468733786
1.7048020264290291
1.6940516983550522
1.6849264198736535
1.6744260994293039
1.6641757866145819
1.6543004852443006
1.6453002105777155
1.6354249092074344
1.6266746421704763
1.6191744132816552
1.611424176763207
1.6049239783928952
1.5981737723929563
1.5926736045411543
1.5881734672078616
1.5839233375041963
1.5807982421338542
1.578923184911649
1.5781731620227668
1.5782981658375803
1.5791731925412764
1.5821732840968048
1.5851733756523332
1.5905485396893215
1.5955486922818691
1.6004238410596028
1.6087990966521197
1.6155493026520584
1.6235495468001342
1.6320498062074649
1.6411750846888638
1.649050325022126
1.6576755882442702
1.6659258400219734
1.6724260383922849
1.6781762138737144
1.6833013702810755
1.686676473281045
1.6886765343180639
1.6904265877254554
1.6899265724662007
1.688301522873623
1.6854264351329082
1.6808012939848018
1.6748011108737448
1.6675508896145512
1.6596756492812892
1.6505503707998903
1.6405500656147955
1.63154979094821
1.6217994933927427
1.6107991576891385
1.601173863948485
1.5911735587633902
1.5805482345042268
1.5706729331339457
1.561172643208106
1.5511723380230111
1.5395469832453383
1.5267965941343424
1.5120461439863278
1.4959206518753625
1.4766700643940551
1.4577944883571887
1.4385439008758814
1.420793359172338
1.4064179204687641
1.4004177373577074
1.405792901394696
1.4257935117648854
1.4635446638386183
1.5176713156529436
1.5895485091708121
1.6784262215033416
1.7823043916135137
1.8976829126865444
2.011061372722556
2.1106894131290628
2.1864417249061554
2.2303180639057585
2.2439434797204507
2.212317514572588
2.1425653859065523
2.0434373607593006
1.9284338511307106
1.8076801660206916
1.691426618243965
1.5871734366893522
1.4990457472457046
1.430668660542619
1.38591729483932
1.3622915738395336
1.3552913602099674
1.360166508987701
1.3742919400616473
1.3952925809503465
1.4202933439130834
1.4451691030610065
1.4702948698385572
1.4927955565050204
1.5120461439863278
1.5280466322824793
1.539671987060152
1.549547288430433
1.5584225592822047
1.5651727652821437
1.5720479750968963
1.5794232001709037
1.58642341380047
1.5936736350596639
1.6019238868373669
1.611424176763207
1.6199244361705374
1.6290497146519365
1.638299996948149
1.6485503097628713
1.6581756035035249
1.6679259010589922
1.6784262215033416
1.6880515152439954
1.6983018280587177
1.7084271370586261
1.7185524460585346
1.7284277474288157
1.7381780449842832
1.7471783196508683
1.755553575243385
1.763553819391461
1.7715540635395368
1.778179265724662
1.7848044679097874
1.7911796624652854
1.7949297769096957
1.7986798913541064
1.8030550248725852
1.8046800744651632
1.8053050935392316
1.8050550859096042
1.8040550553910948
1.8023050019837032
1.7990549027985472
1.7955547959837643
1.7911796624652854
1.7855544907986696
1.7795543076876126
1.7735541245765558
1.7650538651692254
1.756428601947081
1.7483033539841915
1.7391780755027926
1.7291777703176978
1.7191774651326028
1.710052186651204
1.6995518662068545
1.6899265724662007
1.679551255836665
1.669300943021943
1.6591756340220343
1.6496753440961944
1.6404250617999818
1.630799768059328
1.6226745200964385
1.6147992797631765
1.6071740470595417
1.601048860133671
1.5955486922818691
1.589923520615253
1.5856733909115879
1.5826732993560595
1.5797982116153446
1.5777981505783258
1.5779231543931396
1.5787981810968352
1.5807982421338542
1.5834233222449416
1.5877984557634206
1.592798608355968
1.5976737571337016
1.6044239631336406
1.61254921109653
1.6194244209112827
1.6282996917630543
1.6370499588000123
1.644675191503647
1.653800469985046
1.6615507065034945
1.668800927762688
1.6758011413922544
1.6804262825403606
1.6851764275032808
1.6881765190588092
1.6899265724662007
1.6906765953550829
1.6898015686513872
1.6874264961699272
1.6833013702810755
1.6780512100589007
1.671301004058962
1.663300759910886
1.655800531022065
1.6458002258369702
1.6364249397259438
1.6262996307260353
1.616549333170568
1.6060490127262186
1.5960487075411238
1.586048402356029
1.5756730857264931
1.5669228186895352
1.5560474868007448
1.5457971739860226
1.533671803949095
1.519796380504776
1.5042959074678794
1.4864203619495224
1.4677947935422835
1.4487942136906033
1.4301686452833644
1.412793115024262
1.4022927945799126
1.401792779320658
1.4136681417279582
1.4420440076906644
1.4875453962828455
1.5500473036896878
1.6301747489852596
1.7268026978362376
1.8370560625019074
1.9526845912045656
2.06106289864803
2.1501906186101873
2.21169249549852
2.2404433729056676
2.2345681936094244
2.1835666371654407
2.0981890316476943
1.990185735648671
1.8710571001312295
1.7516784569841608
1.640300057985168
1.5431720938749351
1.4641696829126867
1.4076679586169012
1.3731669057283242
1.3565413983581043
1.356166386913663
1.3659166844691304
1.3839172338023011
1.4070429395428328
1.431918698690756
1.4569194616534928
1.4820452284310435
1.5022958464308604
1.5204213995788447
1.5335468001342816
1.5445471358378857
1.5541724295785393
1.5616726584673606
1.5687978759117405
1.5756730857264931
1.582923306985687
1.5896735129856259
1.5972987456892607
1.606174016541032
1.6151742912076175
1.6236745506149481
1.6329248329111608
1.6429251380962555
1.6521754203924681
1.6618007141331217
1.6728010498367258
1.682676351207007
1.6925516525772883
1.702551957762383
1.7143023163548692
1.7229275795770134
1.732677877132481
1.7424281746879482
1.7514284493545336
1.759178685872982
1.7673039338358714
1.7749291665395062
1.7811793572801906
1.7873045442060609
1.7928047120578632
1.7971798455763421
1.800804956205939
1.803180028687399
1.8046800744651632
1.8053050935392316
1.8045550706503495
1.80355504013184
1.8005549485763115
1.7976798608355968
1.7939297463911863
1.7886795861690117
1.7834294259468366
1.7768042237617114
1.769804010132145
1.7614287545396283
1.7539285256508073
1.7443032319101537
1.7341779229102452
1.7249276406140324
1.7154273506881925
1.7058020569475387
1.6953017365031893
1.6853014313180945
1.675176122318186
1.6646758018738366
1.6551755119479965
1.6454252143925292
1.63629993591113
1.6270496536149175
1.618924405652028
1.6116741843928344
1.6044239631336406
1.5985487838373975
1.5925486007263405
1.588423474837489
1.5841733451338236
1.5811732535782954
1.5786731772820215
1.5779231543931396
1.5779231543931396
1.57929819635609
1.5819232764671776
1.5850483718375195
1.590423535874508
1.5949236732078005
1.601173863948485
1.6079240699484236
