1.57692312387463
1.5839233375041963
1.5912985625782037
1.6000488296151616
1.608174077578051
1.6177993713187049
1.6266746421704763
1.635924924466689
1.6453002105777155
1.6553005157628102
1.6650508133182775
1.6748011108737448
1.6851764275032808
1.6951767326883755
1.7044270149845882
1.7161773735770747
1.7255526596881008
1.735427961058382
1.7450532547990356
1.7539285256508073
1.761553758354442
1.7691789910580769
1.7769292275765252
1.782929410687582
1.7899296243171485
1.7935547349467453
1.7980548722800378
1.801554979094821
1.80355504013184
1.8061801202429273
1.8053050935392316
1.8041800592059083
1.8023050019837032
1.8001799371318705
1.7968048341319012
1.7921796929837945
1.7868045289468062
1.7818043763542588
1.7744291512802515
1.7680539567247535
1.7596787011322368
1.7505534226508377
1.74180315561388
1.7324278695028534
1.7226775719473861
1.7129272743919186
1.7026769615771966
1.6919266335032197
1.6825513473921934
1.6719260231330302
1.6619257179479354
1.6524254280220954
1.6421751152073734
1.6332998443556017
1.6250495925778985
1.6174243598742637
1.609424115726188
1.6029239173558765
1.596673726615192
1.5906735435041353
1.58642341380047
1.583298318430128
1.5802982268745993
1.5786731772820215
1.5781731620227668
1.5772981353190711
1.5799232154301586
1.5826732993560595
1.5865484176152838
1.590798547318949
1.5955486922818691
1.60304892117069
1.6099241309854426
1.6170493484298227
1.625674611651967
1.6346748863185523
1.642675130466628
1.6511753898739585
1.659800653096103
1.6674258857997375
1.6754261299478135
1.6794262520218513
1.6836763817255165
1.6873014923551135
1.689426557206946
1.6923016449476609
1.6896765648365732
1.6881765190588092
1.6840513931699574
1.6790512405774103
1.6720510269478437
1.6655508285775322
1.6574255806146427
1.6484253059480574
1.6390500198370312
1.629674733726005
1.6192994170964692
1.609049104281747
1.5997988219855341
1.5882984710226753
1.5780481582079533
1.5684228644672995
1.5585475630970183
1.5485472579119235
1.5374219183935056
1.5240465102084415
1.5085460371715445
1.4914205145420698
1.4731699575792718
1.4535443586535233
1.4337937559129612
1.417293252357555
1.4044178594317454
1.4002927335428939
1.408917996765038
1.432668721579638
1.473919980468154
1.5312967314676351
1.6071740470595417
1.699301858577227
1.8054300973540451
1.9210586260567035
2.0329370403149514
2.128314951017792
2.1980670796838284
2.2349432050538653
2.241318399609363
2.201442182683798
2.124439832758568
2.0213116855372784
1.9035580919827875
1.7838044373912778
1.6694259468367565
1.5672978301339764
1.483045258949553
1.421168370616779
1.3799171117282631
1.35979149754326
1.3547913449507127
1.3626665852839748
1.3789170812097538
1.3999177220984527
1.4249184850611898
1.4502942594683677
1.475045014801477
1.4974206976531268
1.5169212927640614
1.5299216895046848
1.541672048097171
1.5514223456526384
1.5594225898007141
1.5667978148747217
1.5735480208746606
1.5806732383190405
1.5871734366893522
1.5955486922818691
1.6034239326151312
1.6124242072817165
1.6215494857631152
1.6310497756889553
1.640300057985168
1.6500503555406356
1.6600506607257304
1.6690509353923155
1.6791762443922238
1.6899265724662007
1.7000518814661092
1.7105522019104589
1.7205525070955536
1.730302804651021
1.7400531022064882
1.7489283730582599
1.7578036439100315
1.7646788537247842
1.7725540940580462
1.7798043153172398
1.7858044984282968
1.7908046510208442
1.796054811243019
1.7996799218726158
1.802805017242958
1.804805078279977
1.8050550859096042
1.8049300820947904
1.803180028687399
1.8018049867244483
1.7985548875392925
1.7946797692800684
1.7904296395764032
1.784929471724601
1.7789292886135442
1.771429059724723
1.7638038270210883
1.7558035828730125
1.7469283120212409
1.7371780144657736
1.7278027283547472
1.7179274269844662
1.7083021332438124
1.698176824243904
1.6880515152439954
1.677551194799646
1.6678008972441787
1.6579255958738974
1.6483003021332439
1.6389250160222175
1.629674733726005
1.6217994933927427
1.6136742454298534
1.6062990203558458
1.6001738334299753
1.594298654133732
1.58879848628193
1.5851733756523332
1.5815482650227364
1.5794232001709037
1.5784231696523943
1.5786731772820215
1.5790481887264625
1.5806732383190405
1.5845483565782648
1.588048463393048
1.5935486312448501
1.5992988067262794
1.6051739860225227
1.6130492263557847
1.6204244514297923
1.6289247108371228
1.6377999816888944
1.6464252449110386
1.6549255043183693
1.6630507522812585
1.669675954466384
1.6759261452070682
1.681551316873684
1.6856764427625355
1.6885515305032504
1.6900515762810144
1.6905515915402693
1.689426557206946
1.6865514694662314
1.6828013550218206
1.6765511642811366
1.6701759697256386
1.6625507370220038
1.653800469985046
1.643925168614765
1.6349248939481797
1.6255496078371532
1.6152992950224312
1.6046739707632678
1.594798669392987
1.5839233375041963
1.5742980437635425
1.564172734763634
1.5545474410229805
1.5437971129490036
1.5315467390972626
1.5176713156529436
1.5016708273567918
1.4841702932828762
1.4650447096163823
1.44529410687582
1.4270435499130223
1.410918057802057
1.4012927640614032
1.4016677755058444
1.417168248542741
1.447794183172094
1.4954206366161078
1.5609226355784784
1.6434251533555102
1.7415531479842525
1.8528065431684317
1.9689350871303444
2.075188329721976
2.1608159428693505
2.2173176671651356
2.2424434339426864
2.229568041016877
2.1736913357951595
2.083938596758934
1.973560228278451
1.853556566057314
1.7351779534287546
1.625674611651967
1.530546708578753
1.454919400616474
1.4009177526169623
1.3694167912839137
1.3560413830988496
1.3566664021729178
1.3686667683950315
1.3864173100985748
1.4099180272835474
1.4355438093203527
1.460419568468276
1.4840452894680625
1.5052959379863888
1.52229645680105
1.5351718497268594
1.5459221778008363
1.555172460097049
1.5625476851710562
1.5696729026154363
1.5766731162450025
1.5836733298745689
1.5912985625782037
1.598673787652211
1.6084240852076785
1.6161743217261269
1.625299600207526
1.6350498977629933
1.6440501724295786
1.653800469985046
1.6639257789849544
1.673551072725608
1.6834263740958892
1.6940516983550522
1.704927030243843
1.7143023163548692
1.7246776329844051
1.734552934354686
1.7435532090212715
1.7518034607989748
1.7606787316507462
1.7686789757988222
1.775804193243202
1.7819293801690725
1.7886795861690117
1.7938047425763726
1.7976798608355968
1.8010549638355662
1.8036800439466536
1.8050550859096042
1.8056801049836726
1.8050550859096042
1.8023050019837032
1.800429944761498
1.7973048493911556
1.7930547196874904
1.788054567094943
1.782554399243141
1.775804193243202
1.7684289681691947
1.7600537125766778
1.7519284646137883
1.7430531937620168
1.7335529038361768
1.7240526139103367
1.713177282021546
1.704052003540147
1.6929266640217293
1.6841763969847714
1.673176061281167
1.6636757713553272
1.653425458540605
1.6441751762443924
1.6349248939481797
1.6261746269112216
1.6177993713187049
1.6104241462446975
1.6035489364299447
1.5980487685781428
1.5917985778374584
1.5875484481337934
1.582923306985687
1.580923245948668
1.5785481734672078
1.5779231543931396
1.5786731772820215
1.5794232001709037
1.5821732840968048
1.5862984099856563
1.5897985168004394
1.5955486922818691
1.6017988830225531
1.6084240852076785
1.6161743217261269
1.6244245735038303
1.6332998443556017
1.6414250923184912
1.6508003784295175
1.6583006073183386
1.666050843836787
1.6734260689107945
1.678676229132969
1.6834263740958892
1.6865514694662314
1.689051545762505
1.690301583910642
1.690301583910642
1.6880515152439954
1.6853014313180945
1.6803012787255471
1.673676076540422
1.6666758629108556
1.6586756187627796
1.6495503402813807
1.639925046540727
1.6306747642445143
1.6207994628742333
1.6102991424298836
1.6007988525040437
1.5900485244300668
1.579673207800531
1.5700479140598773
1.56029761650441
1.550422315134129
1.5379219336527605
1.525796563615833
1.5097960753196813
1.4939205908383435
1.4755450300607318
1.4554194158757288
1.4364188360240486
1.4190433057649465
1.405792901394696
1.4006677449873348
1.406542924283578
1.4291686147648548
1.4670447706534013
1.5227964720603047
1.5955486922818691
1.685926450392163
1.790929654835658
1.9063081759086886
2.0193116245002596
2.117314615314188
2.1906918546098213
2.2319431134983367
2.2433184606463823
2.2086924039429916
2.136440198980682
2.036187139500107
1.9206836146122623
1.79880489516892
1.683926389355144
1.5802982268745993
1.4944206060975982
1.427918576616718
1.384417249061556
1.3610415356913967
1.3552913602099674
1.3606665242469558
1.3754169743949705
1.3966676229132968
1.4214183782464065
1.4467941526535844
1.4711698965422528
1.4941705984679707
1.5132961821344646
1.528546647541734
1.5410470290231024
1.5505473189489425
1.5581725516525773
1.5656727805413984
1.5730480056154057
1.579673207800531
1.5865484176152838
1.5941736503189183
1.6021738944669943
1.6115491805780204
1.6201744438001648
1.6299247413556321
1.6390500198370312
1.6484253059480574
1.6580505996887114
1.6683009125034334
1.6781762138737144
1.688301522873623
1.6988018433179723
1.7090521561326946
1.7186774498733484
1.7288027588732566
1.7383030487990967
1.7470533158360546
1.756428601947081
1.7643038422803432
1.7720540787987915
1.778679280983917
1.7853044831690421
1.7910546586504716
1.7955547959837643
1.7994299142429884
1.802805017242958
1.80355504013184
1.8050550859096042
1.8053050935392316
1.803930051576281
1.8021799981688895
1.7989298989837337
1.7955547959837643
1.7904296395764032
1.7855544907986696
1.7798043153172398
1.77267909787286
1.7651788689840389
1.7565536057618945
1.7479283425397505
1.7381780449842832
1.7295527817621388
1.7189274575029754
1.710052186651204
1.699301858577227
1.6893015533921325
1.6790512405774103
1.6686759239478743
1.6590506302072208
1.6499253517258217
1.6405500656147955
1.6309247718741418
1.6225495162816248
1.6150492873928037
1.6072990508743554
1.60067384868923
1.595173680837428
1.5897985168004394
1.5856733909115879
1.5824232917264323
1.5795482039857174
1.5782981658375803
1.5777981505783258
1.578923184911649
1.5810482497634815
1.5841733451338236
1.5875484481337934
1.5921735892818996
1.5976737571337016
1.6046739707632678
1.6119241920224616
1.6206744590594195
1.628049684133427
1.635924924466689
1.6451752067629017
1.653425458540605
1.6621757255775629
1.669300943021943
1.675176122318186
1.680676290169988
1.6851764275032808
1.6881765190588092
1.6901765800958282
1.6904265877254554
1.6896765648365732
1.687051484725486
1.6833013702810755
1.677926206244087
1.6710509964293345
1.6635507675405132
1.6551755119479965
1.6458002258369702
1.63629993591113
1.626424634540849
1.6164243293557543
1.606174016541032
1.5964237189855648
1.5859233985412151
1.5754230780968657
1.565797784356212
1.5562974944303722
1.5450471510971404
1.5337968077639088
1.519796380504776
1.5034208807641836
1.4860453505050812
1.4674197820978425
1.448169194616535
1.4292936185796687
1.4125431073946348
1.4020427869502854
1.401417767876217
1.4141681569872129
1.4431690420239875
1.4889204382457961
1.551547349467452
1.6320498062074649
1.7286777550584431
1.8390561235389262
1.9554346751304668
2.063312967314676
2.1519406720175787
2.2126925260170296
2.240943388164922
2.2340681783501695
2.1823165990173043
2.096438978240303
1.987310647907956
1.8679320047608874
1.7488033692434461
1.6377999816888944
1.5407970213934752
1.4626696371349224
1.4061679128391371
1.3720418713950011
1.3567914059877317
1.3560413830988496
1.366541703543199
1.3846672566911833
1.4066679280983916
1.4321687063203834
1.457669484542375
1.4811702017273476
1.5030458693197426
1.5209214148380994
1.5341718192083498
1.5449221472823267
1.5544224372081668
1.5615476546525469
1.5684228644672995
1.5756730857264931
1.5826732993560595
1.5900485244300668
1.5979237647633289
1.6066740318002868
1.61492428357799
1.6241745658742028
1.6337998596148564
1.6429251380962555
1.6526754356517228
1.6625507370220038
1.6725510422070986
1.682676351207007
1.6928016602069156
1.7028019653920103
1.7130522782067326
1.7233025910214546
1.7325528733176672
1.7423031708731347
1.7510534379100926
1.758803674428541
1.7674289376506853
1.774679158909879
1.781679372539445
1.7875545518356883
1.7934297311319314
1.7970548417615282
1.8006799523911254
1.8034300363170261
1.8043050630207222
1.8053050935392316
1.8045550706503495
1.8033050325022126
1.8009299600207527
1.7973048493911556
1.7939297463911863
1.7886795861690117
1.782929410687582
1.7769292275765252
1.7696790063173315
1.7614287545396283
1.7529284951322976
1.7444282357249672
1.7340529190954315
1.7248026367992186
1.7150523392437513
1.7053020416882838
1.6953017365031893
1.6856764427625355
1.6750511185033723
1.6645507980590228
1.6548005005035553
1.6454252143925292
1.6360499282815029
1.6270496536149175
1.6199244361705374
1.6116741843928344
1.6044239631336406
1.5989237952818385
1.5921735892818996
1.587923459578234
1.5842983489486373
1.580923245948668
1.5787981810968352
1.5785481734672078
1.5777981505783258
1.5797982116153446
1.581298257393109
1.5861734061708426
1.5896735129856259
1.594673665578173
1.6009238563188575
1.6079240699484236
1.6151742912076175
1.623299539170507
1.6325498214667196
1.640300057985168
1.6495503402813807
1.6580505996887114
1.66480080568865
1.6718010193182167
1.6770511795403913
1.6825513473921934
1.686676473281045
1.6891765495773186
1.6900515762810144
1.690301583910642
1.6885515305032504
1.685926450392163
1.6809262977996156
1.6745511032441176
1.667675893429365
1.6599256569109164
1.6513003936887722
1.6414250923184912
1.6317997985778374
1.6217994933927427
1.6120491958372754
1.6015488753929257
1.5929236121707817
1.581298257393109
1.5706729331339457
1.5615476546525469
1.5511723380230111
1.5402970061342205
1.5277966246528518
1.5132961821344646
1.4967956785790582
1.477920102542192
1.4592945341349528
1.4399189428388317
1.421293374431593
1.4067929319132053
1.4005427411725213
1.405417889950255
1.4245434736167486
1.460419568468276
1.513921201208533
1.5849233680227057
1.6726760460219123
1.7755541856135748
1.8901826837977234
2.003561143833735
2.105189245277261
2.182441602832118
2.228693014313181
2.2441934873500777
2.216067629016999
2.1480655537583546
2.0504375743888668
1.9360590838343454
1.8151803949095127
1.6985518356883451
1.5945486617633595
1.5041709036530655
1.435043794061098
1.3894174016541032
1.3635416119876704
1.355416364024781
1.3589164708395642
1.3735419171727652
1.3935425275429547
1.418043275246437
1.4435440534684285
1.4681698049867247
1.491295510727256
1.5114211249122593
1.5267965941343424
1.5390469679860834
1.549547288430433
1.557172521134068
1.5647977538377027
1.57217297891171
1.5787981810968352
1.586048402356029
1.5932986236152227
1.6015488753929257
1.6095491195410014
1.6191744132816552
1.628049684133427
1.637924985503708
1.6480502945036166
1.6573005767998292
1.666425855281228
1.677176183355205
1.6878015076143682
1.6975518051698355
1.7079271217993715
1.7174274117252115
1.7276777245399335
1.7371780144657736
1.7461782891323587
1.7554285714285716
1.7634288155766473
1.7713040559099094
1.7778042542802208
1.7843044526505327
1.790054628131962
1.7941797540208135
1.7986798913541064
1.8025550096133305
1.8040550553910948
1.8044300668355358
1.8046800744651632
1.80355504013184
1.8025550096133305
1.7994299142429884
1.7958048036133916
1.7914296700949126
1.7860545060579243
1.7800543229468673
1.7736791283913693
1.7660538956877345
1.7579286477248453
1.7491783806878873
1.73942808313242
1.731052827539903
1.7213025299844356
1.7105522019104589
1.7006769005401776
1.6906765953550829
1.6803012787255471
1.6703009735404524
1.6611756950590533
1.6505503707998903
1.6411750846888638
1.6319248023926511
1.6234245429853207
1.6152992950224312
1.6085490890224923
1.6017988830225531
1.5961737113559373
1.590798547318949
1.5859233985412151
1.5827983031708732
1.5805482345042268
1.5777981505783258
1.5780481582079533
1.5787981810968352
1.5799232154301586
1.5834233222449416
1.5874234443189794
1.592798608355968
1.597173741874447
1.6051739860225227
1.611424176763207
1.618924405652028
1.6267996459852903
1.635174901577807
1.6443001800592059
1.6530504470961638
1.660925687429426
1.6685509201330608
1.6750511185033723
1.6801762749107334
1.684301400799585
1.6879265114291817
1.6893015533921325
1.691051606799524
1.6898015686513872
1.6873014923551135
1.6841763969847714
1.6784262215033416
1.671301004058962
1.6640507827997681
1.655800531022065
1.6469252601702933
1.637549974059267
1.6275496688741722
1.6176743675038912
1.6075490585039827
1.5974237495040742
1.5871734366893522
1.5766731162450025
1.5667978148747217
1.5570475173192542
1.5465471968749047
1.5344218268379772
1.522171452986236
1.5054209418012026
1.488170415356914
1.4697948545793025
1.449794244209113
1.431543687246315
1.4144181646168401
1.4032928250984222
1.4007927488021485
1.4116680806909392
1.4385439008758814
1.4824202398754844
1.5436721091341898
1.6224245124668113
1.7176774193548388
1.8264307382427443
1.9423092745750299
2.051937620166631
2.1431904049806207
2.2081923886837367
2.2393183385723443
2.2366932584612567
2.189816827906125
2.1071893063142797
2.000186040833766
1.881557420575579
1.7616787621692556
1.6491753288369395
1.5509223303933837
1.4701698660237434
1.410918057802057
1.3745419476912748
1.3576664326914274
1.3562913907284768
1.3651666615802482
1.3819171727652821
1.4044178594317454
1.4292936185796687
1.4552944120609148
1.4792951445051423
1.5007958006530961
1.5192963652455214
1.5335468001342816
1.5435471053193763
1.5541724295785393
1.5612976470229194
1.56742283394879
1.5750480666524247
1.5824232917264323
1.589923520615253
1.5972987456892607
1.6055489974669637
1.6140492568742943
1.6230495315408795
1.6334248481704154
1.6424251228370008
1.6519254127628407
1.6618007141331217
1.6720510269478437
1.6814263130588702
1.6921766411328472
1.7028019653920103
1.712052247688223
1.7221775566881314
1.7320528580584125
1.74180315561388
1.7508034302804651
1.758803674428541
1.7668039185766167
1.7740541398358105
1.7818043763542588
1.7873045442060609
1.7926797082430495
1.7963048188726465
1.800804956205939
1.803180028687399
1.8045550706503495
1.804805078279977
1.8046800744651632
1.8036800439466536
1.800804956205939
1.7981798760948515
1.7938047425763726
1.7890545976134526
1.7835544297616506
1.778179265724662
1.769929013946959
1.7623037812433242
1.7539285256508073
1.7449282509842219
1.735802972502823
1.7260526749473555
1.7160523697622607
1.7064270760216071
1.6963017670216987
1.686301461836604
1.6760511490218817
1.6654258247627187
1.655425519577624
1.6463002410962249
1.636674947355571
1.6281746879482406
1.6207994628742333
1.6122992034669026
1.60542399365215
1.599173802911466
1.5935486312448501
1.5882984710226753
1.58404834131901
1.5810482497634815
1.5786731772820215
1.5782981658375803
1.5779231543931396
1.578923184911649
1.5819232764671776
1.5851733756523332
1.5892985015411847
1.5944236579485458
1.60067384868923
1.607049043244728
1.614549272133549
1.6224245124668113
1.6309247718741418
1.6393000274666587
1.6478002868739892
1.6559255348368787
1.6636757713553272
1.671176000244148
1.6778012024292734
1.6824263435773796
1.6860514542069764
1.6891765495773186
1.6905515915402693
1.6900515762810144
1.6891765495773186
1.6861764580217904
1.6814263130588702
1.6753011261329998
1.6683009125034334
1.660550675984985
1.6521754203924681
1.6428001342814416
1.6326748252815333
1.6237995544297616
1.6131742301705987
1.602673909726249
1.592798608355968
1.5826732993560595
1.5720479750968963
1.5624226813562427
1.552797387615589
1.5414220404675436
1.5292966704306161
1.5151712393566699
1.4984207281716362
1.4800451673940245
1.4622946256904814
1.4416689962462232
1.4230434278389843
1.4081679738761559
1.4005427411725213
1.4039178441724907
1.4217933896908477
1.455669423505356
1.506795983764153
1.5754230780968657
1.6614257026886807
1.7624287850581377
1.875682241279336
1.990560747093112
2.0933138828699605
2.1741913510544144
2.2244428846095157
2.2438184759056368
2.2219428083132424
2.158565874202704
2.0643129978331856
1.9506845301675466
1.8304308603167823
1.7126772667622914
1.6062990203558458
1.5142962126529742
1.4430440382091738
1.3936675313577687
1.3659166844691304
1.355416364024781
1.3580414441358686
1.3711668446913052
1.3907924436170536
1.4142931608020264
1.440293954283273
1.4652947172460096
1.4884204229865414
1.508796044801172
1.5250465407269511
1.5375469222083193
1.5477972350230413
1.5565475020599995
1.5636727195043794
1.5706729331339457
1.5779231543931396
1.5849233680227057
1.592423596911527
1.6001738334299753
1.6087990966521197
1.6177993713187049
1.6266746421704763
1.6369249549851985
1.6458002258369702
1.6559255348368787
1.664925809503464
1.675676137577441
1.6856764427625355
1.6959267555772577
1.70617706839198
1.7163023773918882
1.7261776787621694
1.7364279915768914
1.7453032624286628
1.7533035065767388
1.7620537736136967
1.769804010132145
1.776679219946898
1.7838044373912778
1.7894296090578936
1.7939297463911863
1.7979298684652243
1.8019299905392623
1.8034300363170261
1.8054300973540451
1.805180089724418
1.8043050630207222
1.8024300057985168
1.7996799218726158
1.7966798303170874
1.7925547044282357
1.7874295480208746
1.7814293649098176
1.774304147465438
1.7673039338358714
1.759178685872982
1.7506784264656514
1.741303140354625
1.7316778466139713
1.7226775719473861
1.712052247688223
1.702551957762383
1.6920516373180334
1.6820513321329387
1.6718010193182167
1.6624257332071901
1.6521754203924681
1.643050141911069
1.6327998290963468
1.6246745811334575
1.616924344615009
1.6091741080965607
1.6029239173558765
1.596798730430006
1.5915485702078311
1.5867984252449112
1.5827983031708732
1.5806732383190405
1.5781731620227668
1.5777981505783258
1.5787981810968352
1.5799232154301586
1.5831733146153144
1.5871734366893522
1.5911735587633902
1.5964237189855648
1.602673909726249
1.61017413861507
1.6175493636890774
1.625299600207526
1.6356749168370617
1.643050141911069
1.651425397503586
1.659800653096103
1.6679259010589922
1.6740510879848627
1.6798012634662924
1.6840513931699574
1.6878015076143682
1.6896765648365732
1.6906765953550829
1.6896765648365732
1.6878015076143682
1.6845514084292124
1.6793012482070377
1.6723010345774711
1.6656758323923462
1.6575505844294565
1.6479252906888027
1.6390500198370312
1.6285496993926818
1.618924405652028
1.6085490890224923
1.59829877620777
1.5891734977263712
1.5777981505783258
1.568547868282113
1.5584225592822047
1.5479222388378553
1.5362968840601827
1.522671468245491
1.5076710104678488
1.4901704763939327
1.4721699270607624
1.4524193243202002
1.433918759727775
1.416418225653859
1.4035428327280495
1.4001677297280801
1.4095430158391065
1.4347937864314706
1.4761700491348004
1.534921842097232
1.611424176763207
1.7046770226142156
1.8126803186132388
1.9284338511307106
2.039187231055635
2.1338151188695944
2.2006921597949156
2.237068269905698
2.2410683919797356
2.198317087313456
2.1184396496475113
2.014436475722526
1.8968078859828486
1.7763042085024567
1.6621757255775629
1.5621726737266153
1.4789201330607014
1.417293252357555
1.37879207739494
1.359041474654378
1.3546663411358988
1.3635416119876704
1.3795421002838222
1.4016677755058444
1.4265435346537676
1.4519193090609455
1.4760450453199865
1.4985457319864497
1.5171713003936889
1.5310467238380079
1.5422970671712395
1.5520473647267068
1.559797601245155
1.5679228492080448
1.5739230323191016
1.581298257393109
1.5881734672078616
1.5956736960966826
1.6045489669484543
1.6126742149113438
1.621299478133488
1.63154979094821
1.64105008087405
1.6505503707998903
1.6601756645405439
1.6705509811700798
1.6804262825403606
1.6908015991698966
1.7006769005401776
1.7110522171697136
1.7211775261696218
1.7309278237250891
1.7408031250953704
1.7499284035767695
1.757553636280404
1.765803888058107
1.7730541093173011
1.7799293191320538
1.7858044984282968
1.7919296853541673
1.79642982268746
1.7996799218726158
1.8030550248725852
1.803930051576281
1.8053050935392316
1.8050550859096042
1.8038050477614673
1.8011799676503801
1.7986798913541064
1.794429761650441
1.789679616687521
1.7840544450209053
1.7783042695394757
1.7709290444654684
1.763553819391461
1.754428540910062
1.746053285317545
1.736552995391705
1.7276777245399335
1.7178024231696525
1.708052125614185
1.6970517899105808
1.6875514999847407
1.677176183355205
1.66717587817011
1.656925565355388
1.6473002716147345
1.6376749778740807
1.6290497146519365
1.6205494552446058
1.6129242225409712
1.6056740012817774
1.5996738181707206
1.5939236426892909
1.5890484939115572
1.5845483565782648
1.581298257393109
1.5790481887264625
1.5775481429486986
1.5780481582079533
1.57929819635609
1.5811732535782954
1.5845483565782648
1.5889234900967437
1.5934236274300364
1.5994238105410932
1.606174016541032
1.613799249244667
1.6211744743186742
1.629299722281564
1.6388000122074038
1.6466752525406658
1.6553005157628102
1.663300759910886
1.670050965910825
1.6769261757255778
1.6816763206884975
1.685926450392163
1.6886765343180639
1.6904265877254554
1.690301583910642
1.6888015381328776
1.6860514542069764
1.6820513321329387
1.6768011719107638
1.6695509506515702
1.6621757255775629
1.653425458540605
1.6441751762443924
1.6350498977629933
1.624049562059389
1.6144242683187355
1.6044239631336406
1.5952986846522417
1.5836733298745689
1.5735480208746606
1.5639227271340068
1.5541724295785393
1.5434221015045624
1.530671712393567
1.5167962889492477
1.5005457930234687
1.482670247505112
1.4637946714682455
1.4447940916165654
1.4256685079500717
1.4102930387279886
1.4006677449873348
1.4027928098391673
1.4184182866908779
1.449794244209113
1.498045716727195
1.56504776146733
1.6481752983184301
1.7470533158360546
1.8593067415387434
1.974310251167333
2.0803134861293375
2.1646910611285746
2.2198177434614093
2.2429434492019413
2.2276929837946717
2.1694412060914945
2.079188451796014
1.9683100680562762
1.8479313943906979
1.7301778008362072
1.6207994628742333
1.5269215979491562
1.4520443128757592
1.399042695394757
1.3684167607654043
1.3556663716544084
1.357041413617359
1.3694167912839137
1.3872923368022707
1.410918057802057
1.4364188360240486
1.4612945951719718
1.4849203161717581
1.5061709646900845
1.522671468245491
1.5354218573564866
1.546422193060091
1.555172460097049
1.5629226966154972
1.5696729026154363
1.57692312387463
1.5837983336893826
1.5910485549485762
1.599548814355907
1.607049043244728
1.6164243293557543
1.6254246040223395
1.6347998901333658
1.6444251838740198
1.6544254890591144
1.6641757866145819
1.6744260994293039
1.685051423688467
1.6940516983550522
1.7048020264290291
1.7146773277993104
1.7245526291695914
1.734302926725059
1.743678212836085
1.753178502761925
1.7605537278359324
1.7686789757988222
1.7756791894283883
1.7819293801690725
1.7886795861690117
1.7935547349467453
1.7978048646504103
1.8011799676503801
1.8040550553910948
1.8045550706503495
1.805555101168859
1.8044300668355358
1.8030550248725852
1.800429944761498
1.7970548417615282
1.7925547044282357
1.7878045594653156
1.7826794030579547
1.775429181798761
1.7681789605395672
1.7600537125766778
1.752053468428602
1.7428031861323894
1.733052888576922
1.7236776024658955
1.7139273049104282
1.7038019959105197
1.6936766869106112
1.6836763817255165
1.6740510879848627
1.6636757713553272
1.6535504623554185
1.6438001647999512
1.6346748863185523
1.6259246192815942
1.6179243751335184
1.610549150059511
1.6041739555040133
1.5974237495040742
1.5920485854670858
1.5871734366893522
1.583298318430128
1.5810482497634815
1.5785481734672078
1.5780481582079533
1.5782981658375803
1.580048219244972
1.582923306985687
1.5859233985412151
1.5914235663930174
1.5956736960966826
1.6015488753929257
1.6082990813928648
1.6166743369853815
1.6244245735038303
1.6327998290963468
1.6420501113925596
1.649425336466567
1.658550614947966
1.666050843836787
1.6726760460219123
1.6780512100589007
1.6834263740958892
1.686676473281045
1.689426557206946
1.690301583910642
1.6901765800958282
1.6884265266884364
1.6851764275032808
1.6805512863551746
1.6745511032441176
1.6665508590960418
1.6593006378368482
1.6496753440961944
1.6401750541703544
1.630799768059328
1.6204244514297923
1.6107991576891385
1.6000488296151616
1.5901735282448806
1.57929819635609
1.569422894985809
1.560672627948851
1.5501723075045015
1.5382969450972015
1.5256715598010193
1.5105460982085634
1.4944206060975982
1.4755450300607318
1.4562944425794244
1.4371688589129308
1.419293313394574
1.4056678975798824
1.4000427259132666
1.406542924283578
1.427543565172277
1.4659197363200782
1.5219214453566088
1.594673665578173
1.685051423688467
1.7893046052430799
1.9041831110568561
2.017311563463241
2.1163145847956786
2.189441816461684
2.2315681020538958
2.2436934720908233
2.210067445905942
2.137565233314005
2.0379371929074983
1.9220586565752127
1.8018049867244483
1.684676412244026
1.5826732993560595
1.4950456251716666
1.4286685995056
1.3847922605059968
1.361791558580279
1.3547913449507127
1.3611665395062105
1.3755419782097842
1.3962926114688559
1.4209183629871518
1.4460441297647022
1.4707948850978119
1.49379558702353
1.5132961821344646
1.5277966246528518
1.5402970061342205
1.549547288430433
1.5581725516525773
1.5664228034302805
1.5720479750968963
1.579673207800531
1.5866734214300973
1.594673665578173
1.6019238868373669
1.6106741538743248
1.6200494399853511
1.6290497146519365
1.6384250007629628
1.6485503097628713
1.6579255958738974
1.6679259010589922
1.6781762138737144
1.6881765190588092
1.698176824243904
1.7086771446882534
1.718427442243721
1.7284277474288157
1.7381780449842832
1.7468033082064272
1.7556785790581988
1.7638038270210883
1.7716790673543503
1.7779292580950348
1.7848044679097874
1.7908046510208442
1.7955547959837643
1.79880489516892
1.8020549943540758
1.8041800592059083
1.8054300973540451
1.8050550859096042
1.8040550553910948
1.8021799981688895
1.7991799066133611
1.7953047883541369
1.7908046510208442
1.7858044984282968
1.7791792962431716
1.7731791131321146
1.7653038727988526
1.7579286477248453
1.7484283577990052
1.7390530716879788
1.7304278084658344
1.7200524918362987
1.7109272133548998
1.6999268776512955
1.689426557206946
1.6803012787255471
1.669300943021943
1.6595506454664755
1.649425336466567
1.640675069429609
1.6312997833185827
1.6227995239112523
1.6152992950224312
1.6075490585039827
1.601048860133671
1.5952986846522417
1.589923520615253
1.5857983947264016
1.5822982879116183
1.5802982268745993
1.5780481582079533
1.5781731620227668
1.578923184911649
1.5806732383190405
1.583298318430128
1.5874234443189794
1.592423596911527
1.5970487380596332
1.6044239631336406
1.6109241615039522
1.6190494094668417
1.6275496688741722
1.6360499282815029
1.6449251991332745
1.6526754356517228
1.6618007141331217
1.6683009125034334
1.6750511185033723
1.680676290169988
1.6849264198736535
1.6879265114291817
1.6900515762810144
1.6904265877254554
1.6899265724662007
1.6875514999847407
1.6838013855403302
1.6783012176885281
1.6710509964293345
1.6638007751701407
1.6555505233924375
1.6464252449110386
1.636674947355571
1.6274246650593585
1.6171743522446362
1.6069240394299142
1.5965487228003785
1.58642341380047
1.5754230780968657
1.5659227881710258
1.5562974944303722
1.54604718161565
1.5342968230231637
1.5206714072084722
1.5052959379863888
1.4876704000976593
1.4687948240607929
1.449669240394299
1.4302936490981781
1.4136681417279582
1.4026678060243538
1.4007927488021485
1.41204309213538
1.4401689504684592
1.4844203009125034
1.5459221778008363
1.6247995849482713
1.7203024994659262
1.8294308297982727
1.9459343852046267
2.0548127079073457
2.144940458388012
2.2089424115726186
2.239068330942717
2.2364432508316296
2.1880667744987337
2.1044392223883785
1.997685964537492
1.8785573290200508
1.7584286629841
1.6475502792443617
1.5490472731711782
1.4694198431348613
1.410543046357616
1.3741669362468338
1.3571664174321727
1.35504135258034
1.3650416577654347
1.3827921994689778
1.4055428937650685
1.4300436414685507
1.4551694082461013
1.4796701559495833
1.5012958159123508
1.5196713766899625
1.5324217658009582
1.5437971129490036
1.5529223914304024
1.561172643208106
1.5676728415784174
1.5751730704672384
1.582048280281991
1.5890484939115572
1.5976737571337016
1.605048982207709
1.61492428357799
1.6226745200964385
1.6326748252815333
1.6424251228370008
1.6523004242072816
1.6614257026886807
1.671301004058962
1.6818013245033114
1.6918016296884062
1.701801934873501
1.7119272438734092
1.7223025605029452
1.7320528580584125
1.741678151799066
1.7503034150212105
1.7586786706137274
1.7666789147618032
1.774179143650624
1.7798043153172398
1.78692953276162
1.7926797082430495
1.79642982268746
1.8003049409466843
1.8029300210577714
1.8044300668355358
1.804805078279977
1.804805078279977
1.8038050477614673
1.8013049714651936
1.7981798760948515
1.7949297769096957
1.7893046052430799
1.7835544297616506
1.7775542466505936
1.7705540330210272
1.7614287545396283
1.754428540910062
1.7448032471694084
1.735302957243568
1.725927671132542
1.717552415540025
1.7063020722067934
1.6964267708365124
1.6864264656514176
1.6761761528366956
1.6654258247627187
1.6560505386516924
1.6463002410962249
1.6369249549851985
1.628049684133427
1.6180493789483323
1.6122992034669026
1.6049239783928952
1.5992988067262794
1.5932986236152227
1.5886734824671163
1.5839233375041963
1.5815482650227364
1.5787981810968352
1.5777981505783258
1.5790481887264625
1.579673207800531
1.58167326883755
1.5847983642078922
1.5894235053559984
1.5954236884670552
1.6000488296151616
1.6069240394299142
1.6140492568742943
1.62204950102237
1.629674733726005
1.6393000274666587
1.6481752983184301
1.655800531022065
1.6641757866145819
1.6714260078737755
1.6784262215033416
1.681926328318125
1.6858014465773492
1.6885515305032504
1.6908015991698966
1.6899265724662007
1.6889265419476913
1.685926450392163
1.6820513321329387
1.6759261452070682
1.6690509353923155
1.6615507065034945
1.6529254432813503
1.6428001342814416
1.6341748710592976
1.6235495468001342
1.613424237800226
1.6032989288003174
1.5930486159855952
1.5824232917264323
1.5715479598376416
1.5625476851710562
1.552672383800775
1.5419220557267983
1.5294216742454299
1.514796227912229
1.4995457625049593
1.4804201788384654
1.4616696066164128
1.4424190191351054
1.4245434736167486
1.4087929929502243
1.4007927488021485
1.403417828913236
1.4202933439130834
1.4555444196905423
1.5059209570604573
1.5742980437635425
1.6600506607257304
1.761553758354442
1.874932218390454
1.9896857203894163
2.093188879055147
2.1735663319803464
2.2244428846095157
2.2435684682760093
2.222692831202124
2.1595659047212132
2.06581304361095
1.9530596026490068
1.8324309213538013
1.715177343058565
1.6075490585039827
1.515921262245552
1.443794061098056
1.3945425580614643
1.3660416882839443
1.3565413983581043
1.3579164403210546
1.3710418408764915
1.39066743980224
1.4141681569872129
1.4400439466536454
1.4652947172460096
1.487795403912473
1.5085460371715445
1.5251715445417646
1.5370469069490644
1.5474222235786004
1.5564224982451857
1.5636727195043794
1.5714229560228279
1.5777981505783258
1.5851733756523332
1.5920485854670858
1.5996738181707206
1.6087990966521197
1.6176743675038912
1.6279246803186131
1.6361749320963164
1.6458002258369702
1.6568005615405743
1.6655508285775322
1.675676137577441
1.6853014313180945
1.6956767479476302
1.706052064577166
1.716427381206702
1.7258026673177282
1.735802972502823
1.7444282357249672
1.7533035065767388
1.761928769798883
1.7701790215765862
1.777054231391339
1.7834294259468366
1.7893046052430799
1.794429761650441
1.798429883724479
1.8013049714651936
1.803930051576281
1.8049300820947904
1.8049300820947904
1.8044300668355358
1.8021799981688895
1.7998049256874293
1.7965548265022737
1.7921796929837945
1.7871795403912474
1.7814293649098176
1.7750541703543201
1.7675539414654988
1.7593036896877956
1.750053407391583
1.7410531327249978
1.7318028504287852
1.7223025605029452
1.7119272438734092
1.7024269539475692
1.6921766411328472
1.682676351207007
1.6724260383922849
1.6618007141331217
1.6520504165776544
1.6423001190221869
1.6327998290963468
1.624924588763085
1.6166743369853815
1.6095491195410014
1.602673909726249
1.5972987456892607
1.5914235663930174
1.5874234443189794
1.5830483108005005
1.5806732383190405
1.5786731772820215
1.5776731467635121
1.5779231543931396
1.5802982268745993
1.5827983031708732
1.5866734214300973
1.5912985625782037
1.597173741874447
1.603173924985504
1.6099241309854426
1.6175493636890774
1.625299600207526
1.6341748710592976
1.643050141911069
1.6513003936887722
1.6596756492812892
1.6665508590960418
1.6738010803552354
1.6800512710959197
1.684301400799585
1.6879265114291817
1.6899265724662007
1.690301583910642
1.6898015686513872
1.6875514999847407
1.6844264046143986
1.6790512405774103
1.6729260536515398
1.6655508285775322
1.6573005767998292
1.6483003021332439
1.6391750236518448
1.6297997375408186
1.6192994170964692
1.6089241004669332
1.5985487838373975
1.5886734824671163
1.5784231696523943
1.568172856837672
1.5584225592822047
1.5482972502822963
1.5366718955046237
1.524296517838069
1.5082960295419172
1.491295510727256
1.4727949461348309
1.453669362468337
1.434293771172216
1.4166682332834866
1.4041678518021181
1.4004177373577074
1.4090430005798518
1.4331687368388928
1.474294991912595
1.5322967619861447
1.6075490585039827
1.7006769005401776
1.8075551622058779
1.9229336832789088
2.0345620899075287
2.130440015869625
2.1991921140171513
2.2356932279427473
2.2411933957945496
2.2004421521652886
2.1230647907956177
2.0204366588335825
1.9023080538346506
1.7821793877986998
1.6685509201330608
1.5669228186895352
1.4827952513199256
1.420043336283456
1.3797921079134496
1.3591664784691917
1.3547913449507127
1.3626665852839748
1.3786670735801263
1.4004177373577074
1.425168492690817
1.4506692709128086
1.4757950376903592
1.4974206976531268
1.515921262245552
1.5300466933194983
1.5417970519119846
1.5514223456526384
1.5594225898007141
1.5669228186895352
1.5732980132450332
1.580923245948668
1.5876734519486069
1.5950486770226142
1.6041739555040133
1.6127992187261575
1.6214244819483017
1.630049745170446
1.6408000732444226
1.6504253669850764
1.6600506607257304
1.6698009582811977
1.6800512710959197
1.6900515762810144
1.699801873836482
1.7105522019104589
1.7204275032807397
1.7301778008362072
1.7403031098361157
1.7489283730582599
1.757178624835963
1.7653038727988526
1.7730541093173011
1.7795543076876126
1.7858044984282968
1.79167967772454
1.7959298074282053
1.7999299295022433
1.8029300210577714
1.8046800744651632
1.8058051087984863
1.804805078279977
1.8036800439466536
1.801554979094821
1.7985548875392925
1.7936797387615588
1.790054628131962
1.7844294564653462
1.778679280983917
1.7719290749839778
1.7636788232062746
1.7558035828730125
1.7473033234656818
1.737428022095401
1.7276777245399335
1.7180524307992797
1.7074271065401168
1.6979268166142767
1.6879265114291817
1.677176183355205
1.669175939207129
1.657800592059084
1.6483003021332439
1.6385500045777766
1.6299247413556321
1.6211744743186742
1.6139242530594806
1.6064240241706595
1.6000488296151616
1.5939236426892909
1.5894235053559984
1.5855483870967744
1.58167326883755
1.5795482039857174
1.5781731620227668
1.5780481582079533
1.5791731925412764
1.5811732535782954
1.5837983336893826
1.587923459578234
1.5941736503189183
1.599173802911466
1.6056740012817774
1.6131742301705987
1.620924466689047
1.6295497299111912
1.637549974059267
1.6464252449110386
1.6550505081331828
1.6630507522812585
1.6701759697256386
1.6773011871700187
1.6814263130588702
1.6854264351329082
1.688301522873623
1.6904265877254554
1.6904265877254554
1.6896765648365732
1.6864264656514176
1.682676351207007
1.6766761680959503
1.6704259773552659
1.662925748466445
1.6539254737998597
1.6444251838740198
1.635549913022248
1.6257996154667806
1.6151742912076175
1.6040489516891996
1.594798669392987
1.584423352763451
1.5741730399487288
1.5639227271340068
1.554672444837794
1.544047120578631
1.5321717581713308
1.5175463118381298
1.5014208197271646
1.483420270393994
1.4646696981719414
1.445419110690634
1.4277935728019044
1.4102930387279886
1.401417767876217
1.4024177983947264
1.417293252357555
1.4484192022461622
1.495670644245735
1.5616726584673606
1.6449251991332745
1.7434282052064578
1.8556816309091464
1.9714351634266183
2.0769383831293684
2.162565996276742
2.2181926938688314
2.2429434492019413
2.228943021942808
2.172191290017395
2.0823135471663567
1.9718101748710595
1.8516815088351086
1.7338029114658042
1.6237995544297616
1.5290466628009889
1.4531693472090823
1.4004177373577074
1.3690417798394727
1.3560413830988496
1.3562913907284768
1.3684167607654043
1.3871673329874568
1.4104180425428021
1.4360438245796074
1.4612945951719718
1.4847953123569444
1.505545945616016
1.5224214606158635
1.5350468459120459
1.546422193060091
1.55554747154149
1.5632977080599384
1.5696729026154363
1.5777981505783258
1.5837983336893826
1.590423535874508
1.5989237952818385
1.607049043244728
1.6166743369853815
1.6250495925778985
1.6349248939481797
1.6444251838740198
1.6540504776146734
1.6640507827997681
1.6743010956144901
1.6840513931699574
1.6941767021698662
1.7044270149845882
1.7149273354289376
1.7246776329844051
1.7344279305398724
1.743678212836085
1.752428479873043
1.7598037049470505
1.7688039796136357
1.775429181798761
1.7821793877986998
1.788929593798639
1.7929297158726767
1.7979298684652243
1.800804956205939
1.8036800439466536
1.804805078279977
1.804805078279977
1.8046800744651632
1.8029300210577714
1.8010549638355662
1.7968048341319012
1.7931797235023041
1.7878045594653156
1.7823043916135137
1.775804193243202
1.7690539872432631
1.7601787163914915
1.752053468428602
1.743303201391644
1.7333028962065493
1.723927610095523
1.7140523087252417
1.7044270149845882
1.6936766869106112
1.6836763817255165
1.6739260841700492
1.6640507827997681
1.653425458540605
1.6443001800592059
1.6345498825037386
1.626049623096408
1.6186743980224005
1.6099241309854426
1.6040489516891996
1.5974237495040742
1.591923581652272
1.587298440504166
1.584423352763451
1.5805482345042268
1.5782981658375803
1.5782981658375803
1.5785481734672078
1.5804232306894133
1.5821732840968048
1.5861734061708426
1.590798547318949
1.5957986999114964
1.60067384868923
1.609049104281747
1.6161743217261269
1.6241745658742028
1.6330498367259743
1.6418001037629322
1.6500503555406356
1.6583006073183386
1.6661758476516009
1.6729260536515398
1.678676229132969
1.6844264046143986
1.6871764885402998
1.6895515610217597
1.6908015991698966
1.690301583910642
1.688301522873623
1.6853014313180945
1.6804262825403606
1.6739260841700492
1.66717587817011
1.6586756187627796
1.6498003479110082
1.6405500656147955
1.630799768059328
1.620924466689047
1.6106741538743248
1.6005488448744163
1.5905485396893215
1.580048219244972
1.5699229102450638
1.5601726126895963
1.5511723380230111
1.5382969450972015
1.5260465712454605
1.5111711172826319
1.4941705984679707
1.4756700338755455
1.4569194616534928
1.4372938627277445
1.4201683400982696
1.405417889950255
1.4002927335428939
1.4072929471724602
1.427543565172277
1.4656697286904508
1.5210464186529131
1.5939236426892909
1.6833013702810755
1.7878045594653156
1.9031830805383465
2.0164365367595445
2.1151895504623552
2.1888167973876156
2.231443098239082
2.2433184606463823
2.210567461165197
2.138815271462142
2.039187231055635
1.9234336985381635
1.8029300210577714
1.6873014923551135
1.5826732993560595
1.496045655690176
1.4294186223944823
1.3846672566911833
1.36216657002472
1.3546663411358988
1.3604165166173285
1.3754169743949705
1.3960426038392286
1.4204183477278969
1.4464191412091434
1.4706698812829981
1.4940455946531572
1.51279616687521
1.5280466322824793
1.5399219946897795
1.5499222998748743
1.558297555467391
1.566172795800653
1.5724229865413375
1.5795482039857174
1.5862984099856563
1.5935486312448501
1.6027989135410627
1.6111741691335797
1.6200494399853511
1.6289247108371228
1.6390500198370312
1.649050325022126
1.6583006073183386
1.6679259010589922
1.6780512100589007
1.6881765190588092
1.6983018280587177
1.7090521561326946
1.7189274575029754
1.7284277474288157
1.7386780602435379
1.7473033234656818
1.7560535905026398
1.7640538346507157
1.7713040559099094
1.7783042695394757
1.78455446028016
1.7906796472060307
1.7948047730948822
1.79880489516892
1.8025550096133305
1.8040550553910948
1.8050550859096042
1.8049300820947904
1.8041800592059083
1.801554979094821
1.7993049104281746
1.7956797997985778
1.7911796624652854
1.7859295022431105
1.7799293191320538
1.7731791131321146
1.7649288613544114
1.7563035981322672
1.7486783654286326
1.73942808313242
1.729427777947325
1.7196774803918575
1.710052186651204
1.6995518662068545
1.6893015533921325
1.6798012634662924
1.6704259773552659
1.659800653096103
1.6495503402813807
1.640300057985168
1.6310497756889553
1.6225495162816248
1.6144242683187355
1.6075490585039827
1.6007988525040437
1.595173680837428
1.590423535874508
1.5857983947264016
1.5826732993560595
1.580048219244972
1.5781731620227668
1.5781731620227668
1.5791731925412764
1.5805482345042268
1.5837983336893826
1.588048463393048
1.5925486007263405
1.5980487685781428
1.6047989745780817
1.6120491958372754
1.6196744285409101
1.628049684133427
1.63629993591113
1.6449251991332745
1.6533004547257912
1.6616757103183082
1.6681759086886196
1.6745511032441176
1.6810513016144293
1.6858014465773492
1.6880515152439954
1.6898015686513872
1.6904265877254554
1.6896765648365732
1.6871764885402998
1.6831763664662618
1.6774261909848323
1.671676015503403
1.6638007751701407
1.6553005157628102
1.6465502487258523
1.636674947355571
1.6262996307260353
1.6164243293557543
1.6065490279854733
1.5957986999114964
1.58642341380047
1.5759230933561206
1.565797784356212
1.5557974791711173
1.5457971739860226
1.5337968077639088
1.51992138431959
1.5039208960234383
1.486545365764336
1.4674197820978425
1.4487942136906033
1.4297936338389234
1.412793115024262
1.4020427869502854
1.4011677602465895
1.4137931455427717
1.4415439924314097
1.487295388653218
1.5497972960600603
1.6305497604297006
1.7253026520584733
1.8363060396130253
1.9510595416119878
2.0605628833887755
2.1500656147953734
2.2110674764244513
2.2401933652760397
2.2348182012390514
2.184316660054323
2.0993140659810177
1.9914357737968078
1.8724321420941803
1.7526784875026704
1.6414250923184912
1.544422132023072
1.4649197058015686
1.4074179509872737
1.3731669057283242
1.3571664174321727
1.3556663716544084
1.3662916959135716
1.38354222235786
1.4059179052095097
1.4316686910611285
1.4574194769127478
1.481045197912534
1.502045838801233
1.5201713919492172
1.5330467848750269
1.5441721243934445
1.5536724143192846
1.5614226508377331
1.5689228797265542
1.5759230933561206
1.5836733298745689
1.5896735129856259
1.5969237342448195
1.6057990050965911
1.61492428357799
1.6241745658742028
1.6329248329111608
1.6425501266518143
1.6526754356517228
1.6620507217627492
1.6723010345774711
1.6824263435773796
1.6923016449476609
1.7030519730216378
1.713177282021546
1.7228025757621999
1.7321778618732262
1.742553178502762
1.7509284340952787
1.7594286935026096
1.7673039338358714
1.7751791741691336
1.781679372539445
1.7870545365764336
1.7930547196874904
1.7968048341319012
1.800429944761498
1.8033050325022126
1.8050550859096042
1.8049300820947904
1.8056801049836726
1.80355504013184
1.8005549485763115
1.7979298684652243
1.794429761650441
1.7890545976134526
1.7831794183172094
1.777054231391339
1.7695540025025178
1.7624287850581377
1.7535535142063663
1.7439282204657125
1.7344279305398724
1.725052644428846
1.7156773583178198
1.7054270455030978
1.6955517441328165
1.6854264351329082
1.675551133762627
1.6654258247627187
1.6550505081331828
1.6456752220221567
1.635924924466689
1.627299661244545
1.6195494247260964
1.6115491805780204
1.6044239631336406
1.5984237800225838
1.5930486159855952
1.588423474837489
1.5842983489486373
1.580923245948668
1.5787981810968352
1.5781731620227668
1.5781731620227668
1.578923184911649
1.5819232764671776
1.585298379467147
1.5897985168004394
1.5945486617633595
1.601173863948485
1.6077990661336101
1.61492428357799
1.6227995239112523
1.6314247871333964
1.6404250617999818
1.6483003021332439
1.6560505386516924
1.6650508133182775
1.671301004058962
1.6773011871700187
1.683051362651448
1.6865514694662314
1.6891765495773186
1.6905515915402693
1.6900515762810144
1.6889265419476913
1.6860514542069764
1.6810513016144293
1.675676137577441
1.6678008972441787
1.6601756645405439
1.6513003936887722
1.6420501113925596
1.632424817651906
1.6225495162816248
1.6129242225409712
1.6020488906521806
1.5916735740226449
1.5826732993560595
1.5711729483932007
1.5621726737266153
1.5516723532822658
1.5405470137638477
1.528171636097293
1.5134211859492783
1.4979207129123815
1.4787951292458876
1.4601695608386487
1.4401689504684592
1.4217933896908477
1.4071679433576463
1.4005427411725213
1.4051678823206275
1.4239184545426802
1.4589195226905116
1.5109211096530044
1.5811732535782954
1.6681759086886196
1.7708040406506547
1.8850575273903623
1.9988109988708151
2.100814111758782
2.1789414960173348
2.226817957090976
2.2440684835352642
2.218942716757714
2.152565691091647
2.0560627460554826
1.9419342631305887
1.8218055970946379
1.7048020264290291
1.5985487838373975
1.5090460524307994
1.4384188970610674
1.390292428357799
1.3646666463209938
1.35504135258034
1.3582914517654958
1.3731669057283242
1.3930425122837
1.4167932370983
1.4417940000610372
1.4679197973570972
1.4899204687643055
1.5097960753196813
1.526171575060274
1.5382969450972015
1.5482972502822963
1.557172521134068
1.564297738578448
1.5711729483932007
1.5779231543931396
1.5856733909115879
1.592798608355968
1.6009238563188575
1.609799127170629
1.6186743980224005
1.6277996765037996
1.6372999664296397
1.6468002563554796
1.6568005615405743
1.6661758476516009
1.6768011719107638
1.686301461836604
1.6965517746513261
1.708177129428999
1.7170524002807703
1.727052705465865
1.736552995391705
1.7459282815027315
1.754428540910062
1.7623037812433242
1.7703040253914
1.7773042390209661
1.7834294259468366
1.789679616687521
1.7946797692800684
1.79880489516892
1.8020549943540758
1.8043050630207222
1.8054300973540451
1.8046800744651632
1.8044300668355358
1.802805017242958
1.7991799066133611
1.79642982268746
1.79167967772454
1.7868045289468062
1.7808043458357494
1.7740541398358105
1.766303903317362
1.7579286477248453
1.7499284035767695
1.7411781365398113
1.731052827539903
1.7218025452436905
1.7115522324289683
1.701301919614246
1.6919266335032197
1.6813013092440567
1.6709259926145208
1.6611756950590533
1.651425397503586
1.6424251228370008
1.6325498214667196
1.6239245582445754
1.6164243293557543
1.6087990966521197
1.6021738944669943
1.5964237189855648
1.5909235511337627
1.5861734061708426
1.5825482955412458
1.5801732230597858
1.5781731620227668
1.5779231543931396
1.5785481734672078
1.5801732230597858
1.582923306985687
1.5869234290597247
1.5916735740226449
1.5977987609485154
1.60304892117069
1.610549150059511
1.618549394207587
1.6261746269112216
1.6345498825037386
1.6429251380962555
1.6516754051332134
1.6600506607257304
1.6678008972441787
1.6745511032441176
1.6796762596514787
1.684676412244026
1.6879265114291817
1.6895515610217597
1.690301583910642
1.6893015533921325
1.6878015076143682
1.6840513931699574
1.6793012482070377
1.6729260536515398
1.6650508133182775
1.656550553910947
1.6481752983184301
1.637924985503708
1.628424695577868
1.618549394207587
1.6082990813928648
1.5975487533188881
1.587923459578234
1.5776731467635121
1.5676728415784174
1.557797540208136
1.5476722312082278
1.5355468611713006
1.5231714835047456
1.506795983764153
1.489295449690237
1.4711698965422528
1.4511692861720633
1.4329187292092656
1.4151681875057223
1.4027928098391673
1.4006677449873348
1.4110430616168708
1.4360438245796074
1.4781701101718194
1.538046937467574
1.6156743064668722
1.7096771752067628
1.817430463576159
1.9325589770195624
2.0438123722037416
2.136815210425123
2.203692251350444
2.237568285164953
2.2393183385723443
2.1946919766838584
2.113939512314219
2.009311319315165
1.890682699056978
1.7701790215765862
1.6575505844294565
1.557797540208136
1.4755450300607318
1.4145431684316538
1.3779170506912441
1.3584164555803095
1.35504135258034
1.3632916043580432
1.3807921384319588
1.4029178136539813
1.4274185613574633
1.4535443586535233
1.4775450910977508
1.4994207586901458
1.5172963042085024
1.5314217352824486
1.5426720786156805
1.5529223914304024
1.56029761650441
1.568172856837672
1.5750480666524247
1.5814232612079226
1.5882984710226753
1.596298715170751
1.6042989593188268
1.61254921109653
1.6224245124668113
1.631674794763024
1.6414250923184912
1.651050386059145
1.6603006683553576
1.671676015503403
1.6805512863551746
1.6911766106143375
1.701676931058687
1.7110522171697136
1.7211775261696218
1.7309278237250891
1.7411781365398113
1.7495533921323283
1.7581786553544725
1.7664289071321757
1.7733041169469284
1.7798043153172398
1.7868045289468062
1.792054689168981
1.796054811243019
1.7999299295022433
1.802805017242958
1.8056801049836726
1.8060551164281138
1.8046800744651632
1.803930051576281
1.8010549638355662
1.7981798760948515
1.7943047578356275
1.7898046205023346
1.7844294564653462
1.778179265724662
1.7711790520950956
1.7629288003173924
1.754428540910062
1.7453032624286628
1.7363029877620777
1.7268026978362376
1.7176774193548388
1.7074271065401168
1.6970517899105808
1.686301461836604
1.6769261757255778
1.6665508590960418
1.6561755424665061
1.6469252601702933
1.637549974059267
1.6287997070223093
1.620924466689047
1.61254921109653
1.606174016541032
1.5989237952818385
1.5937986388744774
1.588423474837489
1.5837983336893826
1.581298257393109
1.5795482039857174
1.5779231543931396
1.5782981658375803
1.5795482039857174
1.5817982726523636
1.5846733603930783
1.5891734977263712
1.5935486312448501
1.5994238105410932
1.6065490279854733
1.614174260689108
1.6216744895779291
1.6305497604297006
1.6376749778740807
1.647050263985107
1.6555505233924375
1.6635507675405132
1.6706759849848933
1.6769261757255778
1.6821763359477524
1.686301461836604
1.6884265266884364
1.690301583910642
1.6906765953550829
1.6884265266884364
1.6861764580217904
1.6821763359477524
1.6763011566515091
1.6694259468367565
1.6621757255775629
1.652550431836909
1.6436751609851377
1.6340498672444839
1.6237995544297616
1.613424237800226
1.6035489364299447
1.5932986236152227
1.5835483260597554
1.572547990356151
1.5625476851710562
1.553547410504471
1.5431720938749351
1.5304217047639395
1.5156712546159246
1.4999207739494005
1.4811702017273476
1.462419629505295
1.4427940305795466
1.4240434583574937
1.4091680043946653
1.4005427411725213
1.403417828913236
1.4202933439130834
1.4537943662831507
1.5037958922086248
1.5717979674672689
1.656925565355388
1.7580536515396588
1.8706820886867885
1.985435590685751
2.0899387798699913
2.1718162785729542
2.222692831202124
2.2439434797204507
2.2233178502761928
2.1619409772026734
2.067438093203528
1.9550596636860256
1.8350560014648885
1.7170524002807703
1.6087990966521197
1.5167962889492477
1.4449190954313793
1.394667561876278
1.3666667073580125
1.355416364024781
1.3576664326914274
1.371291848506119
1.390292428357799
1.4139181493575854
1.4396689352092042
1.4649197058015686
1.4879204077272867
1.508421033356731
1.5251715445417646
1.5372969145786919
1.5472972197637866
1.5561724906155583
1.5639227271340068
1.5700479140598773
1.5775481429486986
1.5847983642078922
1.5921735892818996
1.6000488296151616
1.609049104281747
1.6175493636890774
1.6266746421704763
1.6356749168370617
1.6461752372814111
1.655800531022065
1.6654258247627187
1.6770511795403913
1.6856764427625355
1.695426740318003
1.705677053132725
1.7156773583178198
1.7266776940214241
1.7356779686880093
1.7453032624286628
1.7539285256508073
1.7620537736136967
1.7701790215765862
1.7773042390209661
1.7833044221320231
1.788929593798639
1.794054750206
1.7978048646504103
1.8014299752800074
1.8038050477614673
1.8050550859096042
1.8040550553910948
1.8041800592059083
1.8025550096133305
1.7998049256874293
1.79642982268746
1.792054689168981
1.7868045289468062
1.780679342020936
1.7749291665395062
1.7671789300210579
1.7590536820581684
1.7505534226508377
1.7415531479842525
1.7315528427991578
1.7224275643177587
1.7129272743919186
1.7019269386883145
1.6919266335032197
1.683051362651448
1.6723010345774711
1.6618007141331217
1.6516754051332134
1.6425501266518143
1.6329248329111608
1.6245495773186438
1.6166743369853815
1.6091741080965607
1.602673909726249
1.5960487075411238
1.5911735587633902
1.5866734214300973
1.582923306985687
1.5799232154301586
1.5784231696523943
1.5779231543931396
1.5785481734672078
1.5799232154301586
1.5825482955412458
1.5862984099856563
1.5910485549485762
1.596298715170751
1.60304892117069
1.61017413861507
1.6176743675038912
1.6259246192815942
1.6346748863185523
1.6435501571703237
1.6515504013183995
1.6594256416516617
1.6669258705404828
1.6733010650959808
1.679551255836665
1.6845514084292124
1.6874264961699272
1.6900515762810144
1.690301583910642
1.6904265877254554
1.6879265114291817
1.683926389355144
1.6794262520218513
1.6726760460219123
1.665300820947905
1.6574255806146427
1.6484253059480574
1.6381749931333354
1.62917471846675
1.6192994170964692
1.6087990966521197
1.5990487990966522
1.588048463393048
1.5782981658375803
1.568172856837672
1.5584225592822047
1.5482972502822963
1.5364218878749962
1.5229214758751182
1.5080460219122898
1.4907954954680014
1.4721699270607624
1.4532943510238958
1.4335437482833338
1.4166682332834866
1.4039178441724907
1.4005427411725213
1.4096680196539202
1.434293771172216
1.4754200262459183
1.5347968382824184
1.6106741538743248
1.7033019806512648
1.8120552995391705
1.9270588091677603
2.0381872005371258
2.132690084536271
2.2003171483504746
2.2364432508316296
2.239443342387158
2.1988171025727103
2.1199396954252756
2.0153115024262216
1.8978079165013582
1.7776792504654073
1.6644257942442091
1.563047700430311
1.4801701712088382
1.418043275246437
1.3786670735801263
1.3582914517654958
1.35504135258034
1.3624165776543475
1.379292092654195
1.4011677602465895
1.4256685079500717
1.451669301431318
1.4757950376903592
1.4979207129123815
1.5170462965788751
1.5312967314676351
1.5425470748008667
1.5517973570970793
1.559797601245155
1.5672978301339764
1.574923062837611
1.58167326883755
1.5881734672078616
1.5956736960966826
1.6037989440595721
1.6127992187261575
1.6216744895779291
1.631174779503769
1.64105008087405
1.6500503555406356
1.660925687429426
1.6704259773552659
1.6801762749107334
1.690301583910642
1.700926908169805
1.7113022247993408
1.7210525223548083
1.7305528122806482
1.740553117465743
1.7494283883175148
1.7576786400952178
1.7653038727988526
1.7736791283913693
1.7800543229468673
1.7859295022431105
1.7914296700949126
1.796054811243019
1.7993049104281746
1.802805017242958
1.8045550706503495
1.8054300973540451
1.8046800744651632
1.803930051576281
1.8011799676503801
1.7983048799096653
1.7945547654652547
1.7895546128727073
1.7840544450209053
1.7784292733542895
1.7711790520950956
1.7636788232062746
1.7548035523545031
1.7471783196508683
1.7366779992065189
1.7275527207251198
1.7169273964659566
1.7070520950956756
1.697426801355022
1.6875514999847407
1.677176183355205
1.66717587817011
1.6564255500961331
1.6476752830591754
1.63867500839259
1.629299722281564
1.6210494705038605
1.6131742301705987
1.6060490127262186
1.5994238105410932
1.5944236579485458
1.5886734824671163
1.5850483718375195
1.58167326883755
1.5794232001709037
1.5781731620227668
1.5781731620227668
1.5784231696523943
1.5806732383190405
1.584423352763451
1.5892985015411847
1.5941736503189183
1.5992988067262794
1.606174016541032
1.614174260689108
1.620924466689047
1.6310497756889553
1.6380499893185219
1.645925229651784
1.6548005005035553
1.662800744651631
1.6703009735404524
1.6770511795403913
1.6816763206884975
1.6860514542069764
1.688301522873623
1.6905515915402693
1.6911766106143375
1.6893015533921325
1.6865514694662314
1.6823013397625661
1.6761761528366956
1.6698009582811977
1.6618007141331217
1.6539254737998597
1.6435501571703237
1.6339248634296701
1.6242995696890163
1.6142992645039216
1.6036739402447586
1.5940486465041048
1.58404834131901
1.5734230170598467
1.5635477156895659
1.5540474257637258
1.5432970976897489
1.5304217047639395
1.5165462813196202
1.4997957701345868
1.4827952513199256
1.4634196600238045
1.4451691030610065
1.425168492690817
1.4101680349131749
1.4011677602465895
1.4024177983947264
1.4185432905056918
1.4500442518387402
1.4995457625049593
1.5659227881710258
1.649050325022126
1.7484283577990052
1.8609317911313212
1.976310312204352
2.0819385357219153
2.1654410840174565
2.2200677510910367
2.2426934415723134
2.226692953276162
2.168316171758171
2.0768133793145545
1.9654349803155615
1.8456813257240516
1.7276777245399335
1.6174243598742637
1.5247965330973237
1.4502942594683677
1.3979176610614337
1.3680417493209633
1.3556663716544084
1.3569164098025452
1.3691667836542862
1.38829236732078
1.4116680806909392
1.4374188665425582
1.4625446333201089
1.4860453505050812
1.506420972319712
1.5231714835047456
1.53654689168981
1.5469222083193457
1.5556724753563036
1.563422711874752
1.5699229102450638
1.5770481276894437
1.5839233375041963
1.5914235663930174
1.5990487990966522
1.6080490737632376
1.6166743369853815
1.6257996154667806
1.635174901577807
1.6449251991332745
1.6550505081331828
1.6644257942442091
1.6749261146885588
1.6845514084292124
1.6946767174291208
1.7048020264290291
1.7150523392437513
1.7251776482436598
1.7346779381694999
1.7441782280953397
1.753178502761925
1.7611787469100009
1.7688039796136357
1.776179204687643
1.7820543839838863
1.7884295785393842
1.7938047425763726
1.7974298532059694
1.8013049714651936
1.80355504013184
1.8045550706503495
1.8046800744651632
1.8046800744651632
1.8026800134281442
1.8005549485763115
1.7966798303170874
1.7931797235023041
1.7875545518356883
1.7819293801690725
1.7750541703543201
1.76792895290994
1.7598037049470505
1.7515534531693473
1.742553178502762
1.7324278695028534
1.7234275948362683
1.7134272896511735
1.7033019806512648
1.693801690725425
1.6834263740958892
1.6728010498367258
1.6631757560960723
1.6529254432813503
1.6436751609851377
1.6347998901333658
1.625674611651967
1.6176743675038912
1.6099241309854426
1.6029239173558765
1.597173741874447
1.5915485702078311
1.5871734366893522
1.5835483260597554
1.5805482345042268
1.5781731620227668
1.5777981505783258
1.5779231543931396
1.5801732230597858
1.582923306985687
1.5857983947264016
1.5906735435041353
1.5965487228003785
1.6025489059114353
1.6095491195410014
1.616924344615009
1.6245495773186438
1.6337998596148564
1.6424251228370008
1.6511753898739585
1.6590506302072208
1.6661758476516009
1.6739260841700492
1.6794262520218513
1.6838013855403302
1.6874264961699272
1.6891765495773186
1.690301583910642
1.690301583910642
1.6874264961699272
1.6848014160588396
1.679926267281106
1.6740510879848627
1.667300881984924
1.6586756187627796
1.6489253212073123
1.639550035096286
1.6295497299111912
1.6206744590594195
1.609799127170629
1.5992988067262794
1.5901735282448806
1.579673207800531
1.5686728720969267
1.5607976317636647
1.5494222846156194
1.5375469222083193
1.5251715445417646
1.5099210791344952
1.4931705679494613
1.474294991912595
1.4546693929868466
1.436668843653676
1.4184182866908779
1.4047928708761863
1.4001677297280801
1.4074179509872737
1.4305436567278056
1.4694198431348613
1.5259215674306468
1.5999238258003479
1.6906765953550829
1.7963048188726465
1.9116833399456772
2.0236867580187385
2.121689748832667
2.193316934720908
2.233443159276101
2.242193426313059
2.206067323831904
2.132190069277016
2.0304369640186777
1.9145584276863918
1.794054750206
1.6793012482070377
1.5762981048005615
1.4902954802087467
1.4249184850611898
1.3829172032837918
1.3615415509506514
1.3547913449507127
1.3619165623950926
1.37641700491348
1.3979176610614337
1.4225434125797296
1.4486692098757896
1.4731699575792718
1.4950456251716666
1.513921201208533
1.5289216589861752
1.5407970213934752
1.550422315134129
1.5587975707266457
1.5664228034302805
1.5731730094302194
1.5801732230597858
1.5870484328745385
1.594298654133732
1.6029239173558765
1.611799188207648
1.6207994628742333
1.630049745170446
1.639550035096286
1.649050325022126
1.6584256111331521
1.6694259468367565
1.6788012329477828
1.6893015533921325
1.6991768547624133
1.7093021637623218
1.719552476577044
1.7296777855769523
1.739303079317606
1.7479283425397505
1.757178624835963
1.764803857539598
1.772304086428419
1.7794293038727989
1.7854294869838556
1.790929654835658
1.7956797997985778
1.7998049256874293
1.8024300057985168
1.8043050630207222
1.8050550859096042
1.8046800744651632
1.803930051576281
1.8019299905392623
1.79880489516892
1.7949297769096957
1.7910546586504716
1.7851794793542284
1.7794293038727989
1.773429120761742
1.764803857539598
1.7569286172063356
1.747678334910123
1.7384280526139104
1.7281777397991884
1.718427442243721
1.708802148503067
1.6985518356883451
1.6886765343180639
1.6780512100589007
1.6690509353923155
1.6588006225775933
1.6485503097628713
1.639550035096286
1.6302997528000733
1.6222995086519973
1.6144242683187355
1.6066740318002868
1.60067384868923
1.594673665578173
1.5896735129856259
1.5855483870967744
1.5817982726523636
1.579673207800531
1.5781731620227668
1.5784231696523943
1.578923184911649
1.5806732383190405
1.5839233375041963
1.5881734672078616
1.5934236274300364
1.5989237952818385
1.605048982207709
1.6124242072817165
1.6202994476149783
1.6285496993926818
1.6371749626148258
1.6454252143925292
1.6539254737998597
1.6620507217627492
1.6695509506515702
1.675676137577441
1.6816763206884975
1.6853014313180945
1.6885515305032504
1.6901765800958282
1.6905515915402693
1.6895515610217597
1.6871764885402998
1.683051362651448
1.6769261757255778
1.670800988799707
1.6634257637256997
1.6546754966887418
1.6456752220221567
1.635549913022248
1.6262996307260353
1.6162993255409406
1.6052989898373364
1.5952986846522417
1.585298379467147
1.5747980590227975
1.5647977538377027
1.5554224677266761
1.5450471510971404
1.5321717581713308
1.5185463423566392
1.5027958616901151
1.484670308542131
1.4662947477645192
1.4464191412091434
1.427918576616718
1.4115430768761255
1.4020427869502854
1.4019177831354717
1.4157932065797907
1.4450440992461928
1.4914205145420698
1.5556724753563036
1.6377999816888944
1.7356779686880093
1.846806360057375
1.9619348735007782
2.069688161870174
2.1560657979064306
2.2150675984984893
2.2419434186834315
2.2315681020538958
2.177566454054384
2.0896887722403634
1.9804354380932034
1.8606817835016938
1.7415531479842525
1.6310497756889553
1.5352968535416731
1.4585445112460709
1.4029178136539813
1.3710418408764915
1.3564163945432905
1.356166386913663
1.3675417340617084
1.3864173100985748
1.4099180272835474
1.4336687520981475
1.4595445417645803
1.483420270393994
1.504045899838252
1.5214214300973539
1.5342968230231637
1.5459221778008363
1.5544224372081668
1.5621726737266153
1.5699229102450638
1.5762981048005615
1.5831733146153144
1.590798547318949
1.5977987609485154
1.6062990203558458
1.6151742912076175
1.6247995849482713
1.6339248634296701
1.6434251533555102
1.653800469985046
1.663300759910886
1.6734260689107945
1.6833013702810755
1.6944267097994934
1.704052003540147
1.7140523087252417
1.7238026062807095
1.7335529038361768
1.7435532090212715
1.7519284646137883
1.760428724021119
1.7681789605395672
1.7755541856135748
1.7820543839838863
1.7879295632801295
1.7930547196874904
1.7970548417615282
1.8010549638355662
1.8038050477614673
1.8043050630207222
1.805555101168859
1.804805078279977
1.802805017242958
1.8003049409466843
1.7968048341319012
1.7935547349467453
1.7884295785393842
1.7824293954283272
1.7760542008728295
1.7694289986877043
1.76080373546556
1.7526784875026704
1.743303201391644
1.7338029114658042
1.7244276253547777
1.7149273354289376
1.7044270149845882
1.6943017059846797
1.6851764275032808
1.6738010803552354
1.6643007904293954
1.6543004852443006
1.6453002105777155
1.635174901577807
1.626424634540849
1.618549394207587
1.6110491653187657
1.6036739402447586
1.5976737571337016
1.592423596911527
1.588048463393048
1.583298318430128
1.5810482497634815
1.5790481887264625
1.5780481582079533
1.5781731620227668
1.5791731925412764
1.5821732840968048
1.5861734061708426
1.5911735587633902
1.5954236884670552
1.6012988677632984
1.608174077578051
1.6161743217261269
1.6239245582445754
1.6325498214667196
1.6413000885036775
1.6493003326517535
1.6576755882442702
1.6656758323923462
1.671676015503403
1.6788012329477828
1.6829263588366346
1.687051484725486
1.6889265419476913
1.6904265877254554
1.6905515915402693
1.6884265266884364
1.6854264351329082
1.6805512863551746
1.6748011108737448
1.6674258857997375
1.6595506454664755
1.6509253822443313
1.64105008087405
1.6310497756889553
1.6216744895779291
1.6120491958372754
1.6015488753929257
1.5905485396893215
1.5811732535782954
1.5707979369487595
1.5607976317636647
1.5506723227637564
1.5394219794305246
1.52704660176397
1.5122961516159552
1.4946706137272256
1.4764200567644277
1.4575444807275613
1.4385439008758814
1.4205433515427108
1.4061679128391371
1.4002927335428939
1.405792901394696
1.4272935575426497
1.4640446790978727
1.518296334727012
1.590423535874508
1.6796762596514787
1.7828044068727684
1.8980579241309856
2.0118113956114385
2.111689443647572
2.186816736350597
2.2300680562761315
2.2435684682760093
2.212317514572588
2.1421903744621114
2.0430623493148596
1.9280588396862697
1.807805169835505
1.691426618243965
1.5870484328745385
1.4990457472457046
1.4312936796166877
1.386292306283761
1.3626665852839748
1.35504135258034
1.3599165013580736
1.3736669209875791
1.3951675771355327
1.419668324839015
1.4449190954313793
1.4705448774681846
1.492920560319834
1.5124211554307687
1.5277966246528518
1.5391719718008974
1.549547288430433
1.5589225745414594
1.5655477767265848
1.5716729636524553
1.579673207800531
1.5866734214300973
1.5935486312448501
1.6029239173558765
1.6104241462446975
1.6195494247260964
1.6290497146519365
1.6380499893185219
1.6485503097628713
1.6573005767998292
1.667675893429365
1.6776761986144597
1.6879265114291817
1.6984268318735312
1.7084271370586261
1.718427442243721
1.728302743614002
1.7384280526139104
1.747678334910123
1.7556785790581988
1.7634288155766473
1.7709290444654684
1.7779292580950348
1.7844294564653462
1.7899296243171485
1.7951797845393231
1.7986798913541064
1.8021799981688895
1.8044300668355358
1.8046800744651632
1.8043050630207222
1.8043050630207222
1.8025550096133305
1.7994299142429884
1.7956797997985778
1.7915546739097263
1.7859295022431105
1.7798043153172398
1.773429120761742
1.7654288766136663
1.7578036439100315
1.7488033692434461
1.73942808313242
1.7298027893917662
1.7205525070955536
1.7103021942808314
1.7003018890957367
1.6901765800958282
1.6801762749107334
1.6705509811700798
1.660550675984985
1.6499253517258217
1.6408000732444226
1.6321748100222786
1.622924527726066
1.6154242988372447
1.608174077578051
1.6009238563188575
1.5959237037263099
1.5901735282448806
1.5859233985412151
1.5821732840968048
1.580048219244972
1.5780481582079533
1.5776731467635121
1.5790481887264625
1.5810482497634815
1.583298318430128
1.5876734519486069
1.592298593096713
1.5974237495040742
1.6041739555040133
1.6112991729483932
1.6190494094668417
1.627174657429731
1.6356749168370617
1.6443001800592059
1.6529254432813503
1.6606756797997986
1.6683009125034334
1.6749261146885588
1.6803012787255471
1.685051423688467
1.6879265114291817
1.6899265724662007
1.6906765953550829
1.6895515610217597
1.6871764885402998
1.6834263740958892
1.677926206244087
1.6728010498367258
1.6646758018738366
1.6559255348368787
1.6471752677999205
1.6371749626148258
1.627174657429731
1.6172993560594502
1.6069240394299142
1.5969237342448195
1.5865484176152838
1.57692312387463
1.566297799615467
1.5572975249488816
1.5465471968749047
1.5344218268379772
1.5210464186529131
1.5049209265419476
1.488170415356914
1.4692948393200476
1.4500442518387402
1.4311686758018738
1.4134181340983307
1.4027928098391673
1.4005427411725213
1.4121680959501939
1.4389189123203223
1.4840452894680625
1.5445471358378857
1.623299539170507
1.718427442243721
1.8274307687612537
1.9441843317972352
2.053062654499954
2.144315439313944
2.2083173924985506
2.2395683462019718
2.2361932432020017
2.189191808832057
2.105314249092074
1.9990610065004426
1.880057374797815
1.76080373546556
1.6485503097628713
1.5501723075045015
1.469544846949675
1.4107930539872433
1.3747919553209023
1.3571664174321727
1.35504135258034
1.3650416577654347
1.3829172032837918
1.4042928556169316
1.4309186681722466
1.4551694082461013
1.479420148319956
1.5001707815790275
1.5189213538010804
1.532546769615772
1.5436721091341898
1.552672383800775
1.5616726584673606
1.5684228644672995
1.5750480666524247
1.582048280281991
1.5895485091708121
1.5964237189855648
1.605048982207709
1.614549272133549
1.6227995239112523
1.6326748252815333
1.6423001190221869
1.6521754203924681
1.6618007141331217
1.6718010193182167
1.681926328318125
1.6923016449476609
1.702176946317942
1.7119272438734092
1.7224275643177587
1.7320528580584125
1.7420531632435072
1.7503034150212105
1.7586786706137274
1.7666789147618032
1.7739291360209968
1.780679342020936
1.7870545365764336
1.7923046967986085
1.7968048341319012
1.800429944761498
1.8025550096133305
1.8046800744651632
1.8058051087984863
1.804805078279977
1.8034300363170261
1.8011799676503801
1.797554857020783
1.7939297463911863
1.7893046052430799
1.7831794183172094
1.7771792352061526
1.7701790215765862
1.7623037812433242
1.754053529465621
1.7453032624286628
1.735302957243568
1.7260526749473555
1.7161773735770747
1.705677053132725
1.695801751762444
1.6861764580217904
1.6764261604663229
1.6654258247627187
1.655800531022065
1.6463002410962249
1.636674947355571
1.6275496688741722
1.6196744285409101
1.6119241920224616
1.6045489669484543
1.5990487990966522
1.5932986236152227
1.5885484786523028
1.5847983642078922
1.5806732383190405
1.5790481887264625
1.5779231543931396
1.5776731467635121
1.5794232001709037
1.5815482650227364
1.5847983642078922
1.5891734977263712
1.5944236579485458
1.6004238410596028
1.6072990508743554
1.6147992797631765
1.6224245124668113
1.6305497604297006
1.639550035096286
1.6483003021332439
1.6560505386516924
1.6646758018738366
1.671301004058962
1.677926206244087
1.682676351207007
1.686301461836604
1.6889265419476913
1.690301583910642
1.690301583910642
1.6886765343180639
1.685926450392163
1.6814263130588702
1.6759261452070682
1.668050904873806
1.6601756645405439
1.6519254127628407
1.6421751152073734
1.6327998290963468
1.6235495468001342
1.6129242225409712
1.602673909726249
1.5920485854670858
1.5817982726523636
1.5717979674672689
1.5627976928006837
1.5522973723563342
1.5415470442823573
1.528546647541734
1.5141712088381603
1.4977957090975678
1.479420148319956
1.460419568468276
1.4409189733573413
1.4232934354686118
1.4081679738761559
1.4006677449873348
1.4042928556169316
1.4220433973204747
1.4566694540238656
1.5082960295419172
1.5777981505783258
1.6638007751701407
1.7668039185766167
1.8795573595385602
1.993685842463454
2.0969389934995575
2.1769414349803156
2.2258179265724665
2.2439434797204507
2.2200677510910367
2.155440778832362
2.060312875759148
1.9468094119083224
1.8260557267983033
1.7089271523178808
1.6021738944669943
1.5112961210974456
1.4401689504684592
1.391917477950377
1.3650416577654347
1.3551663563951537
1.3576664326914274
1.3721668752098148
1.3915424665059357
1.4145431684316538
1.441418988616596
1.4665447553941466
1.4891704458754236
1.509546067690054
1.5256715598010193
1.537671926023133
1.5481722464674825
1.5569225135044404
1.563797723319193
1.5715479598376416
1.5782981658375803
1.5850483718375195
1.592423596911527
1.6004238410596028
1.6092991119113744
1.618549394207587
1.6269246498001038
1.637549974059267
1.6468002563554796
1.6563005462813196
1.6663008514664144
1.6764261604663229
1.6860514542069764
1.6965517746513261
1.7066770836512346
1.716427381206702
1.7266776940214241
1.7361779839472642
1.7455532700582903
1.7543035370952484
1.7634288155766473
1.7705540330210272
1.776679219946898
1.7839294412060915
1.7893046052430799
1.7949297769096957
1.7990549027985472
1.8016799829096348
1.8041800592059083
1.8050550859096042
1.804805078279977
1.8043050630207222
1.8025550096133305
1.7993049104281746
1.797554857020783
1.792054689168981
1.7866795251319927
1.7811793572801906
1.774304147465438
1.7670539262062441
1.7585536667989135
1.749678395947142
1.7406781212805567
1.7308028199102756
1.7213025299844356
1.7118022400585957
1.7014269234290598
1.6911766106143375
1.6814263130588702
1.6720510269478437
1.6608006836146123
1.651425397503586
1.6418001037629322
1.6321748100222786
1.6245495773186438
1.6157993102816859
1.6091741080965607
1.6015488753929257
1.5960487075411238
1.590798547318949
1.5862984099856563
1.582923306985687
1.580048219244972
1.5781731620227668
1.5780481582079533
1.5787981810968352
1.581298257393109
1.5827983031708732
1.5870484328745385
1.5914235663930174
1.5972987456892607
1.6034239326151312
1.610549150059511
1.6180493789483323
1.6261746269112216
1.6350498977629933
1.643050141911069
1.6526754356517228
1.6606756797997986
1.6679259010589922
1.6746761070589313
1.6798012634662924
1.6844264046143986
1.6879265114291817
1.6895515610217597
1.6904265877254554
1.6898015686513872
1.6876765037995543
1.683926389355144
1.6788012329477828
1.6724260383922849
1.664925809503464
1.6564255500961331
1.6473002716147345
1.6377999816888944
1.6279246803186131
1.6174243598742637
1.6071740470595417
1.5981737723929563
1.5875484481337934
1.5775481429486986
1.5672978301339764
1.5575475325785089
1.5472972197637866
1.5350468459120459
1.5224214606158635
1.506420972319712
1.4896704611346783
1.4705448774681846
1.451669301431318
1.4324187139500106
1.4155431989501632
1.403417828913236
1.4011677602465895
1.410918057802057
1.437043855098117
1.4795451521347698
1.5392969756157109
1.6175493636890774
1.7119272438734092
1.8200555436872463
1.9364340952787866
2.0459374370555743
2.138815271462142
2.2049422894985806
2.2380683004242075
2.2393183385723443
2.1931919309060945
2.1124394665364545
2.006686239204077
1.8885576342051456
1.7689289834284494
1.6556755272072514
1.5560474868007448
1.4741699880977814
1.4137931455427717
1.3759169896542252
1.3580414441358686
1.355416364024781
1.3635416119876704
1.3812921536912137
1.4027928098391673
1.4276685689870905
1.4531693472090823
1.4780451063570055
1.4995457625049593
1.5172963042085024
1.531671742912076
1.5431720938749351
1.5525473799859615
1.5604226203192237
1.568172856837672
1.5746730552079835
1.5815482650227364
1.5885484786523028
1.5964237189855648
1.6046739707632678
1.613799249244667
1.6234245429853207
1.6321748100222786
1.6414250923184912
1.6511753898739585
1.6608006836146123
1.6710509964293345
1.6808012939848018
1.6911766106143375
1.7014269234290598
1.7119272438734092
1.721552537614063
1.731427838984344
1.7411781365398113
1.7499284035767695
1.7581786553544725
1.7670539262062441
1.7744291512802515
1.7810543534653769
1.7861795098727378
1.7918046815393536
1.7963048188726465
1.8006799523911254
1.802805017242958
1.8044300668355358
1.8050550859096042
1.805180089724418
1.8038050477614673
1.8010549638355662
1.7983048799096653
1.7945547654652547
1.7893046052430799
1.7841794488357188
1.7779292580950348
1.7704290292062137
1.762803796502579
1.754428540910062
1.7458032776879178
1.7359279763176367
1.7264276863917967
1.7163023773918882
1.7071770989104893
1.6968017822809534
1.686301461836604
1.6764261604663229
1.6665508590960418
1.6575505844294565
1.6469252601702933
1.6376749778740807
1.6281746879482406
1.6202994476149783
1.613424237800226
1.6049239783928952
1.5984237800225838
1.5940486465041048
1.5886734824671163
1.5849233680227057
1.5817982726523636
1.5790481887264625
1.5776731467635121
1.5782981658375803
1.5794232001709037
1.5824232917264323
1.5845483565782648
1.5895485091708121
1.5940486465041048
1.598798791467025
1.6072990508743554
