1.601048860133671
1.5996738181707206
1.59829877620777
1.5972987456892607
1.5949236732078005
1.5929236121707817
1.5911735587633902
1.5910485549485762
1.5905485396893215
1.5881734672078616
1.5874234443189794
1.5866734214300973
1.5856733909115879
1.5846733603930783
1.5835483260597554
1.5827983031708732
1.5826732993560595
1.581298257393109
1.5802982268745993
1.5802982268745993
1.5795482039857174
1.5795482039857174
1.578923184911649
1.5784231696523943
1.5781731620227668
1.5771731315042574
1.5777981505783258
1.5774231391338847
1.5772981353190711
1.5790481887264625
1.5766731162450025
1.5766731162450025
1.5771731315042574
1.5771731315042574
1.576548112430189
1.576548112430189
1.5766731162450025
1.576548112430189
1.576548112430189
1.5764231086153753
1.5764231086153753
1.5772981353190711
1.5770481276894437
1.5775481429486986
1.5771731315042574
1.5771731315042574
1.57692312387463
1.5772981353190711
1.5772981353190711
1.5775481429486986
1.5785481734672078
1.5784231696523943
1.5784231696523943
1.5784231696523943
1.5782981658375803
1.5786731772820215
1.5790481887264625
1.5794232001709037
1.5786731772820215
1.5801732230597858
1.57929819635609
1.579673207800531
1.5806732383190405
1.5806732383190405
1.5795482039857174
1.5805482345042268
1.5804232306894133
1.5805482345042268
1.5802982268745993
1.5807982421338542
1.5815482650227364
1.5815482650227364
1.5826732993560595
1.5826732993560595
1.5822982879116183
1.5817982726523636
1.5822982879116183
1.5822982879116183
1.582923306985687
1.5827983031708732
1.5830483108005005
1.5837983336893826
1.5839233375041963
1.5846733603930783
1.5842983489486373
1.5846733603930783
1.5846733603930783
1.5845483565782648
1.584423352763451
1.585298379467147
1.5850483718375195
1.5861734061708426
1.5859233985412151
1.5859233985412151
1.5862984099856563
1.5869234290597247
1.586048402356029
1.58642341380047
1.5861734061708426
1.5869234290597247
1.5870484328745385
1.5869234290597247
1.5876734519486069
1.5877984557634206
1.5881734672078616
1.5885484786523028
1.5881734672078616
1.5885484786523028
1.588423474837489
1.5889234900967437
1.5894235053559984
1.5892985015411847
1.5894235053559984
1.589923520615253
1.5896735129856259
1.5905485396893215
1.590298532059694
1.5905485396893215
1.589923520615253
1.5900485244300668
1.5895485091708121
1.5910485549485762
1.5910485549485762
1.5917985778374584
1.5915485702078311
1.591923581652272
1.592298593096713
1.5917985778374584
1.5920485854670858
1.5917985778374584
1.5920485854670858
1.592423596911527
1.592423596911527
1.5936736350596639
1.5935486312448501
1.5930486159855952
1.5936736350596639
1.5935486312448501
1.5926736045411543
1.5936736350596639
1.5940486465041048
1.5939236426892909
1.594298654133732
1.594798669392987
1.5950486770226142
1.5955486922818691
1.594798669392987
1.5952986846522417
1.5954236884670552
1.5949236732078005
1.5952986846522417
1.5959237037263099
1.5960487075411238
1.596673726615192
1.5961737113559373
1.5957986999114964
1.5969237342448195
1.596298715170751
1.5972987456892607
1.596798730430006
1.596673726615192
1.5972987456892607
1.5972987456892607
1.5972987456892607
1.59829877620777
1.5975487533188881
1.5990487990966522
1.5979237647633289
1.5981737723929563
1.5981737723929563
1.5984237800225838
1.5990487990966522
1.598798791467025
1.5985487838373975
1.599548814355907
1.5989237952818385
1.5994238105410932
1.5994238105410932
1.6002988372447888
1.5992988067262794
1.599548814355907
1.599548814355907
1.6004238410596028
1.6001738334299753
1.601048860133671
1.601173863948485
1.6024239020966218
1.601173863948485
1.6014238715781122
1.6009238563188575
1.6016738792077396
1.6020488906521806
1.6024239020966218
1.6027989135410627
1.6029239173558765
1.6032989288003174
1.6032989288003174
1.6035489364299447
1.6042989593188268
1.6042989593188268
1.6042989593188268
1.6056740012817774
1.6057990050965911
1.6072990508743554
1.6077990661336101
1.6087990966521197
1.609424115726188
1.610549150059511
1.6120491958372754
1.6130492263557847
1.6139242530594806
1.6161743217261269
1.6171743522446362
1.6186743980224005
1.6207994628742333
1.6231745353556932
1.6250495925778985
1.6266746421704763
1.6290497146519365
1.63154979094821
1.633174840540788
1.6367999511703848
1.6393000274666587
1.6425501266518143
1.6453002105777155
1.649425336466567
1.652550431836909
1.6555505233924375
1.6590506302072208
1.6630507522812585
1.6666758629108556
1.6706759849848933
1.6753011261329998
1.6796762596514787
1.684301400799585
1.6895515610217597
1.693801690725425
1.6988018433179723
1.7038019959105197
1.7089271523178808
1.7133022858363598
1.7183024384289072
1.7234275948362683
1.7288027588732566
1.7339279152806177
1.7380530411694692
1.7420531632435072
1.7465533005767997
1.7510534379100926
1.754428540910062
1.7576786400952178
1.7616787621692556
1.7644288460951567
1.76792895290994
1.7695540025025178
1.77267909787286
1.774304147465438
1.7751791741691336
1.776179204687643
1.7775542466505936
1.7778042542802208
1.7783042695394757
1.7779292580950348
1.7779292580950348
1.7769292275765252
1.7759291970580158
1.7744291512802515
1.7725540940580462
1.7705540330210272
1.7680539567247535
1.7650538651692254
1.7618037659840693
1.758803674428541
1.7550535599841306
1.751178441724906
1.7473033234656818
1.7434282052064578
1.7388030640583514
1.7344279305398724
1.7291777703176978
1.7249276406140324
1.719552476577044
1.714427320169683
1.7096771752067628
1.7045520187994019
1.700176885280923
1.695426740318003
1.6899265724662007
1.6853014313180945
1.6804262825403606
1.6754261299478135
1.6706759849848933
1.6661758476516009
1.6616757103183082
1.657800592059084
1.6536754661702324
1.6501753593554491
1.6456752220221567
1.6418001037629322
1.6388000122074038
1.6357999206518754
1.631674794763024
1.6290497146519365
1.6257996154667806
1.6234245429853207
1.6211744743186742
1.6191744132816552
1.6167993408001955
1.614549272133549
1.6127992187261575
1.6110491653187657
1.609049104281747
1.6080490737632376
1.6066740318002868
1.6057990050965911
1.6042989593188268
1.6041739555040133
1.6032989288003174
1.602673909726249
1.601048860133671
1.6005488448744163
1.5994238105410932
1.5989237952818385
1.599173802911466
1.5980487685781428
1.5970487380596332
1.5965487228003785
1.5956736960966826
1.5945486617633595
1.592798608355968
1.591923581652272
1.5897985168004394
1.5877984557634206
1.5851733756523332
1.5824232917264323
1.5787981810968352
1.574923062837611
1.5700479140598773
1.5647977538377027
1.5587975707266457
1.5517973570970793
1.5445471358378857
1.536921903134251
1.5292966704306161
1.5227964720603047
1.5154212469862973
1.5090460524307994
1.5041709036530655
1.4992957548753318
1.4964206671346172
1.4957956480605488
1.4969206823938719
1.5009208044679097
1.5094210638752406
1.5195463728751488
1.5339218115787225
1.5521723685415205
1.5751730704672384
1.6029239173558765
1.633549851985229
1.6704259773552659
1.7113022247993408
1.7553035676137578
1.8033050325022126
1.8548066042054507
1.9075582140568255
1.9614348582415235
2.0158115176854765
2.0693131504257334
2.118939664906766
2.164066042054506
2.2050672933133946
2.2388183233130894
2.264819116794336
2.2826946623126925
2.2911949217200234
2.271194311349834
2.258693929868465
2.2386933194982754
2.210067445905942
2.1730663167210915
2.128314951017792
2.0788134403515732
2.025186803796503
1.9688100833155309
1.9106833094271676
1.8524315317239908
1.7956797997985778
1.7403031098361157
1.6875514999847407
1.638299996948149
1.5925486007263405
1.5517973570970793
1.515546250801111
1.484670308542131
1.4585445112460709
1.4376688741721853
1.421668385876034
1.4102930387279886
1.4027928098391673
1.4000427259132666
1.3996677144688254
1.4029178136539813
1.4090430005798518
1.4179182714316232
1.427918576616718
1.4384188970610674
1.4504192632831812
1.4625446333201089
1.4744199957274087
1.4864203619495224
1.4969206823938719
1.5077960142826623
1.5167962889492477
1.5260465712454605
1.5340468153935363
1.5411720328379164
1.546422193060091
1.5520473647267068
1.5561724906155583
1.5607976317636647
1.5620476699118016
1.5649227576525162
1.5665478072450942
1.5684228644672995
1.5707979369487595
1.5719229712820828
1.5730480056154057
1.5741730399487288
1.5746730552079835
1.5747980590227975
1.5757980895413068
1.5759230933561206
1.5764231086153753
1.5764231086153753
1.5770481276894437
1.5770481276894437
1.5776731467635121
1.5787981810968352
1.578923184911649
1.5797982116153446
1.5811732535782954
1.5807982421338542
1.5814232612079226
1.5822982879116183
1.5830483108005005
1.5845483565782648
1.5856733909115879
1.5870484328745385
1.5889234900967437
1.5889234900967437
1.5905485396893215
1.5914235663930174
1.5926736045411543
1.5944236579485458
1.5957986999114964
1.596798730430006
1.598798791467025
1.6005488448744163
1.6022988982818078
1.6041739555040133
1.6049239783928952
1.6076740623187964
1.609424115726188
1.611424176763207
1.6136742454298534
1.6162993255409406
1.6186743980224005
1.6207994628742333
1.6236745506149481
1.6259246192815942
1.6287997070223093
1.631674794763024
1.634424878688925
1.63629993591113
1.640300057985168
1.6433001495406965
1.6466752525406658
1.6503003631702629
1.6535504623554185
1.6571755729850153
1.660925687429426
1.6645507980590228
1.668050904873806
1.6718010193182167
1.6763011566515091
1.6803012787255471
1.683926389355144
1.6891765495773186
1.6931766716513565
1.6976768089846492
1.7019269386883145
1.7064270760216071
1.711177220984527
1.7154273506881925
1.7200524918362987
1.725052644428846
1.729427777947325
1.7344279305398724
1.73942808313242
1.7441782280953397
1.7490533768730736
1.7536785180211798
1.7580536515396588
1.7626787926877652
1.7673039338358714
1.7719290749839778
1.7769292275765252
1.7818043763542588
1.7861795098727378
1.7910546586504716
1.7951797845393231
1.7993049104281746
1.8036800439466536
1.80830518509476
1.8113052766502884
1.81543040253914
1.8190555131687367
1.8228056276131475
1.8263057344279305
1.8299308450575276
1.8335559556871244
1.8361810357982116
1.8390561235389262
1.8418062074648274
1.8439312723166599
1.8459313333536789
1.8489314249092075
1.8505564745017853
1.8520565202795496
1.8544315927610096
1.855056611835078
1.8559316385387736
1.8568066652424697
1.8571816766869107
1.8571816766869107
1.8578066957609791
1.8576816919461654
1.857056672872097
1.8568066652424697
1.8565566576128423
1.8564316537980285
1.8540565813165686
1.8524315317239908
1.8505564745017853
1.84868141727958
1.8473063753166297
1.8450563066499832
1.842431226538896
1.8396811426129949
1.8379310892056033
1.8345559862056338
1.831305887020478
1.8273057649464401
1.8241806695760978
1.8199305398724328
1.8164304330576495
1.8124303109836117
1.809055207983642
1.8044300668355358
1.8001799371318705
1.7956797997985778
1.7913046662800989
1.7853044831690421
1.7814293649098176
1.7764292123172705
1.7719290749839778
1.7673039338358714
1.7631788079470199
1.7573036286507766
1.7523034760582294
1.7483033539841915
1.7423031708731347
1.737428022095401
1.7325528733176672
1.7268026978362376
1.7224275643177587
1.7174274117252115
1.7118022400585957
1.708052125614185
1.7033019806512648
1.6990518509475998
1.6940516983550522
1.6898015686513872
1.684676412244026
1.679926267281106
1.6758011413922544
1.6714260078737755
1.6670508743552965
1.6638007751701407
1.6596756492812892
1.6560505386516924
1.6520504165776544
1.649050325022126
1.644675191503647
1.640675069429609
1.6374249702444532
1.6341748710592976
1.6317997985778374
1.6282996917630543
1.6254246040223395
1.6230495315408795
1.6201744438001648
1.6176743675038912
1.6142992645039216
1.6122992034669026
1.6096741233558154
1.607049043244728
1.6056740012817774
1.6036739402447586
1.6017988830225531
1.6007988525040437
1.598673787652211
1.5965487228003785
1.594673665578173
1.5932986236152227
1.5920485854670858
1.5905485396893215
1.5896735129856259
1.5889234900967437
1.5874234443189794
1.5869234290597247
1.5861734061708426
1.584423352763451
1.5836733298745689
1.5830483108005005
1.582048280281991
1.5810482497634815
1.5811732535782954
1.5810482497634815
1.5799232154301586
1.580048219244972
1.5791731925412764
1.5786731772820215
1.5780481582079533
1.5781731620227668
1.5777981505783258
1.5771731315042574
1.5771731315042574
1.57692312387463
1.5772981353190711
1.5771731315042574
1.5774231391338847
1.5771731315042574
1.5767981200598165
1.5774231391338847
1.5760480971709343
1.5760480971709343
1.5764231086153753
1.5762981048005615
1.57692312387463
1.5766731162450025
1.5774231391338847
1.5772981353190711
1.5772981353190711
1.5774231391338847
1.5774231391338847
1.57692312387463
1.5775481429486986
1.5776731467635121
1.5779231543931396
1.5780481582079533
1.5784231696523943
1.5787981810968352
1.5781731620227668
1.5786731772820215
1.5787981810968352
1.5784231696523943
1.578923184911649
1.580048219244972
1.579673207800531
1.5799232154301586
1.5797982116153446
1.5804232306894133
1.5801732230597858
1.5804232306894133
1.5806732383190405
1.5805482345042268
1.5814232612079226
1.5807982421338542
1.58167326883755
1.5811732535782954
1.5819232764671776
1.5822982879116183
1.58167326883755
1.5821732840968048
1.5822982879116183
1.5824232917264323
1.5826732993560595
1.5830483108005005
1.5821732840968048
1.5834233222449416
1.5835483260597554
1.5841733451338236
1.5837983336893826
1.5842983489486373
1.5847983642078922
1.5845483565782648
1.584423352763451
1.5847983642078922
1.5854233832819604
1.585298379467147
1.5849233680227057
1.5865484176152838
1.586048402356029
1.58642341380047
1.5865484176152838
1.58642341380047
1.5865484176152838
1.58642341380047
1.5874234443189794
1.587298440504166
1.5874234443189794
1.5877984557634206
1.5875484481337934
1.5874234443189794
1.5876734519486069
1.5882984710226753
1.5882984710226753
1.5890484939115572
1.5885484786523028
1.58879848628193
1.5892985015411847
1.5897985168004394
1.5910485549485762
1.5895485091708121
1.589923520615253
1.5900485244300668
1.590298532059694
1.590423535874508
1.5906735435041353
1.5912985625782037
1.5910485549485762
1.5910485549485762
1.5917985778374584
1.5917985778374584
1.5911735587633902
1.591923581652272
1.5915485702078311
1.5916735740226449
1.592798608355968
1.5920485854670858
1.5940486465041048
1.5932986236152227
1.5931736198004092
1.5931736198004092
1.5935486312448501
1.5935486312448501
1.5932986236152227
1.5939236426892909
1.5937986388744774
1.5949236732078005
1.5944236579485458
1.594673665578173
1.595173680837428
1.595173680837428
1.5945486617633595
1.5949236732078005
1.5956736960966826
1.5950486770226142
1.595173680837428
1.5952986846522417
1.5960487075411238
1.5959237037263099
1.596673726615192
1.596298715170751
1.5965487228003785
1.596798730430006
1.5965487228003785
1.5969237342448195
1.5975487533188881
1.5970487380596332
1.597173741874447
1.5975487533188881
1.5980487685781428
1.5981737723929563
1.5977987609485154
1.5981737723929563
1.5980487685781428
1.5980487685781428
1.5980487685781428
1.5985487838373975
1.598798791467025
1.598798791467025
1.5989237952818385
1.5992988067262794
1.5984237800225838
1.5999238258003479
1.5996738181707206
1.5994238105410932
1.599173802911466
1.5997988219855341
1.6004238410596028
1.6005488448744163
1.60067384868923
1.601048860133671
1.60067384868923
1.6016738792077396
1.6015488753929257
1.6016738792077396
1.601173863948485
1.6019238868373669
1.6022988982818078
1.6024239020966218
1.603173924985504
1.60304892117069
1.6039239478743859
1.6041739555040133
1.6040489516891996
1.6042989593188268
1.6042989593188268
1.6059240089114046
1.6059240089114046
1.6069240394299142
1.6077990661336101
1.6084240852076785
1.6091741080965607
1.6104241462446975
1.6112991729483932
1.61254921109653
1.6135492416150394
1.6150492873928037
1.6166743369853815
1.6184243903927733
1.6200494399853511
1.6224245124668113
1.6239245582445754
1.6270496536149175
1.6281746879482406
1.6306747642445143
1.6327998290963468
1.6357999206518754
1.6385500045777766
1.6416750999481187
1.6454252143925292
1.6481752983184301
1.651425397503586
1.654550492873928
1.657800592059084
1.6618007141331217
1.6654258247627187
1.6695509506515702
1.6739260841700492
1.6783012176885281
1.682676351207007
1.688301522873623
1.6924266487624744
1.697301797540208
1.7024269539475692
1.7078021179845577
1.7116772362437818
1.7173024079103976
1.7223025605029452
1.7271777092806788
1.7316778466139713
1.7366779992065189
1.7414281441694388
1.7451782586138493
1.7503034150212105
1.754053529465621
1.7563035981322672
1.7603037202063052
1.7636788232062746
1.7674289376506853
1.7694289986877043
1.7715540635395368
1.7739291360209968
1.7749291665395062
1.776554216132084
1.7771792352061526
1.7778042542802208
1.7778042542802208
1.7778042542802208
1.7776792504654073
1.7773042390209661
1.7756791894283883
1.7744291512802515
1.7736791283913693
1.7706790368358412
1.7689289834284494
1.765803888058107
1.7631788079470199
1.7585536667989135
1.7561785943174535
1.7523034760582294
1.7485533616138187
1.7444282357249672
1.740553117465743
1.735802972502823
1.7308028199102756
1.7261776787621694
1.7208025147251809
1.7160523697622607
1.710802209540086
1.706052064577166
1.7011769157994323
1.6965517746513261
1.6916766258735922
1.6864264656514176
1.6821763359477524
1.677551194799646
1.6709259926145208
1.667300881984924
1.663300759910886
1.6588006225775933
1.6548005005035553
1.6505503707998903
1.647425275429548
1.643050141911069
1.639550035096286
1.6361749320963164
1.6326748252815333
1.629674733726005
1.626424634540849
1.6241745658742028
1.6214244819483017
1.6195494247260964
1.6174243598742637
1.6152992950224312
1.6136742454298534
1.6116741843928344
1.6100491348002564
1.6080490737632376
1.6076740623187964
1.6057990050965911
1.6051739860225227
1.6041739555040133
1.60304892117069
1.6022988982818078
1.6009238563188575
1.60067384868923
1.5996738181707206
1.598798791467025
1.5984237800225838
1.59829877620777
1.5974237495040742
1.597173741874447
1.5957986999114964
1.5956736960966826
1.5939236426892909
1.5921735892818996
1.5906735435041353
1.588423474837489
1.5862984099856563
1.58404834131901
1.580048219244972
1.5760480971709343
1.57217297891171
1.5667978148747217
1.5609226355784784
1.5536724143192846
1.5467972045045322
1.53892196417127
1.5319217505417035
1.524296517838069
1.5170462965788751
1.5105460982085634
1.5052959379863888
1.5007958006530961
1.4974206976531268
1.4957956480605488
1.4962956633198035
1.4997957701345868
1.5059209570604573
1.515921262245552
1.5287966551713614
1.5455471663563953
1.5667978148747217
1.5932986236152227
1.623299539170507
1.6576755882442702
1.697426801355022
1.740178106021302
1.7871795403912474
1.8371810663167212
1.8893076570940277
1.9430592974639118
1.9978109683523058
2.0508125858333077
2.101564134647664
2.1496906033509324
2.1920668965727717
2.2276929837946717
2.2565688650166327
2.277819513534959
2.289944883571886
2.2799445783867918
2.2625690481276894
2.2463185522019105
2.220692770165105
2.1860667134617144
2.144565446943571
2.096813989684744
2.043687368388928
1.987810663167211
1.9313089388714257
1.8721821344645528
1.8148053834650717
1.759178685872982
1.7053020416882838
1.6549255043183693
1.6076740623187964
1.5651727652821437
1.5272966093935971
1.4947956175420394
1.4672947782830286
1.4444190801721244
1.4267935422833948
1.4137931455427717
1.4050428785058138
1.4001677297280801
1.3999177220984527
1.4019177831354717
1.4066679280983916
1.4150431836909085
1.423668446913053
1.4349187902462845
1.4460441297647022
1.4584195074312571
1.4704198736533707
1.4820452284310435
1.4939205908383435
1.5041709036530655
1.5140462050233467
1.5235464949491868
1.5312967314676351
1.5384219489120152
1.5447971434675132
1.5500473036896878
1.5542974333933532
1.5584225592822047
1.5609226355784784
1.564297738578448
1.566172795800653
1.5682978606524856
1.5696729026154363
1.5712979522080142
1.5724229865413375
1.5735480208746606
1.57454805139317
1.5747980590227975
1.5754230780968657
1.5756730857264931
1.5759230933561206
1.5762981048005615
1.5766731162450025
1.5776731467635121
1.5779231543931396
1.5781731620227668
1.578923184911649
1.578923184911649
1.5799232154301586
1.5805482345042268
1.5815482650227364
1.5822982879116183
1.5830483108005005
1.5846733603930783
1.585298379467147
1.5865484176152838
1.588048463393048
1.58879848628193
1.5897985168004394
1.5911735587633902
1.5926736045411543
1.5932986236152227
1.595173680837428
1.5972987456892607
1.5985487838373975
1.5996738181707206
1.6025489059114353
1.603173924985504
1.60542399365215
1.607049043244728
1.609049104281747
1.610549150059511
1.6126742149113438
1.6152992950224312
1.6174243598742637
1.6201744438001648
1.6225495162816248
1.625299600207526
1.6277996765037996
1.630424756614887
1.6330498367259743
1.6354249092074344
1.6393000274666587
1.642675130466628
1.6454252143925292
1.6486753135776848
1.652550431836909
1.6563005462813196
1.6594256416516617
1.662925748466445
1.6670508743552965
1.6706759849848933
1.6745511032441176
1.6791762443922238
1.6833013702810755
1.6873014923551135
1.6913016144291515
1.6963017670216987
1.7003018890957367
1.7045520187994019
1.7093021637623218
1.7136772972808008
1.7180524307992797
1.7228025757621999
1.7278027283547472
1.732677877132481
1.7376780297250283
1.7424281746879482
1.7469283120212409
1.7513034455397198
1.7561785943174535
1.7609287392803734
1.7654288766136663
1.7701790215765862
1.774304147465438
1.7803043305764947
1.7844294564653462
1.7888045899838252
1.7931797235023041
1.797554857020783
1.801554979094821
1.8060551164281138
1.8095552232428969
1.813430341502121
1.8188055055391095
1.8213055818353832
1.82493069246498
1.8286808069093905
1.831680898464919
1.8346809900204473
1.838056093020417
1.840806176946318
1.842806237983337
1.8453063142796107
1.8470563676870022
1.8489314249092075
1.8520565202795496
1.8533065584276864
1.8541815851313823
1.8551816156498917
1.8563066499832148
1.8569316690572832
1.8575566881313517
1.8569316690572832
1.8578066957609791
1.85818170720542
1.857431684316538
1.8569316690572832
1.8558066347239601
1.8543065889461958
1.8525565355388043
1.8519315164647359
1.8498064516129031
1.8476813867610706
1.8456813257240516
1.844306283761101
1.8411811883907592
1.8385561082796718
1.8356810205389569
1.8326809289834285
1.8291808221686454
1.8250556962797937
1.8220556047242653
1.8180554826502273
1.8140553605761895
1.81068025757622
1.8060551164281138
1.8018049867244483
1.7980548722800378
1.7935547349467453
1.7878045594653156
1.7840544450209053
1.7791792962431716
1.7740541398358105
1.7690539872432631
1.76555388042848
1.7599287087618642
1.7546785485396894
1.7498033997619558
1.7446782433545946
1.739803094576861
1.7348029419843134
1.7293027741325113
1.7245526291695914
1.7198024842066715
1.7143023163548692
1.710427198095645
1.7055520493179113
1.7008019043549913
1.6965517746513261
1.6923016449476609
1.687051484725486
1.6825513473921934
1.677926206244087
1.6733010650959808
1.669175939207129
1.6655508285775322
1.6616757103183082
1.6574255806146427
1.6539254737998597
1.6498003479110082
1.6463002410962249
1.6428001342814416
1.6390500198370312
1.6361749320963164
1.632424817651906
1.62917471846675
1.6265496383556628
1.6236745506149481
1.621299478133488
1.6182993865779596
1.6160493179113133
1.6135492416150394
1.6107991576891385
1.608174077578051
1.6064240241706595
1.6047989745780817
1.6025489059114353
1.6001738334299753
1.5994238105410932
1.5975487533188881
1.5957986999114964
1.594298654133732
1.5926736045411543
1.5911735587633902
1.5900485244300668
1.5889234900967437
1.588048463393048
1.5866734214300973
1.5867984252449112
1.5847983642078922
1.58404834131901
1.5834233222449416
1.5826732993560595
1.5817982726523636
1.5810482497634815
1.5802982268745993
1.5801732230597858
1.580048219244972
1.5797982116153446
1.5791731925412764
1.5786731772820215
1.5781731620227668
1.5777981505783258
1.5770481276894437
1.5771731315042574
1.5774231391338847
1.5766731162450025
1.57692312387463
1.5770481276894437
1.5770481276894437
1.5767981200598165
1.5766731162450025
1.576548112430189
1.5764231086153753
1.5759230933561206
1.5760480971709343
1.5766731162450025
1.57692312387463
1.5774231391338847
1.5767981200598165
1.5772981353190711
1.5767981200598165
1.5774231391338847
1.5774231391338847
1.5770481276894437
1.5780481582079533
1.5782981658375803
1.5780481582079533
1.5785481734672078
1.5784231696523943
1.5787981810968352
1.5775481429486986
1.5782981658375803
1.5791731925412764
1.5786731772820215
1.57929819635609
1.5794232001709037
1.5794232001709037
1.5794232001709037
1.5802982268745993
1.5802982268745993
1.5804232306894133
1.5801732230597858
1.5805482345042268
1.5804232306894133
1.5805482345042268
1.5807982421338542
1.5811732535782954
1.5811732535782954
1.5824232917264323
1.5817982726523636
1.5819232764671776
1.5819232764671776
1.5825482955412458
1.5822982879116183
1.5827983031708732
1.5834233222449416
1.583298318430128
1.5831733146153144
1.5835483260597554
1.5841733451338236
1.5849233680227057
1.584423352763451
1.5842983489486373
1.584423352763451
1.5847983642078922
1.5850483718375195
1.585298379467147
1.5851733756523332
1.5857983947264016
1.5857983947264016
1.5861734061708426
1.58642341380047
1.5861734061708426
1.5861734061708426
1.5867984252449112
1.5870484328745385
1.5871734366893522
1.5871734366893522
1.5875484481337934
1.5875484481337934
1.5877984557634206
1.5874234443189794
1.5881734672078616
1.5889234900967437
1.588423474837489
1.588423474837489
1.588423474837489
1.5891734977263712
1.5891734977263712
1.5897985168004394
1.5900485244300668
1.590423535874508
1.5896735129856259
1.5901735282448806
1.5897985168004394
1.590423535874508
1.5909235511337627
1.5909235511337627
1.5911735587633902
1.5916735740226449
1.5925486007263405
1.5917985778374584
1.5914235663930174
1.5921735892818996
1.5916735740226449
1.5917985778374584
1.5920485854670858
1.592423596911527
1.5926736045411543
1.5936736350596639
1.5929236121707817
1.5931736198004092
1.5929236121707817
1.5931736198004092
1.5931736198004092
1.5936736350596639
1.5937986388744774
1.5941736503189183
1.5941736503189183
1.5945486617633595
1.5949236732078005
1.595173680837428
1.595173680837428
1.5949236732078005
1.5954236884670552
1.5954236884670552
1.5952986846522417
1.5952986846522417
1.5957986999114964
1.5969237342448195
1.596673726615192
1.5961737113559373
1.596673726615192
1.5964237189855648
1.5964237189855648
1.596298715170751
1.59829877620777
1.5970487380596332
1.5974237495040742
1.5975487533188881
1.59829877620777
1.5980487685781428
1.5980487685781428
1.5981737723929563
1.5979237647633289
1.5977987609485154
1.5984237800225838
1.598673787652211
1.598798791467025
1.5989237952818385
1.5992988067262794
1.5989237952818385
1.5997988219855341
1.5992988067262794
1.6004238410596028
1.599548814355907
1.5999238258003479
1.6001738334299753
1.6002988372447888
1.6005488448744163
1.60067384868923
1.6012988677632984
1.6012988677632984
1.60067384868923
1.601048860133671
1.601048860133671
1.6016738792077396
1.6017988830225531
1.6019238868373669
1.6024239020966218
1.6029239173558765
1.6034239326151312
1.6035489364299447
1.6032989288003174
1.6044239631336406
1.6045489669484543
1.6052989898373364
1.6052989898373364
1.6062990203558458
1.6071740470595417
1.6080490737632376
1.609424115726188
1.6096741233558154
1.610549150059511
1.611799188207648
1.6124242072817165
1.6144242683187355
1.6161743217261269
1.6174243598742637
1.6190494094668417
1.6211744743186742
1.6230495315408795
1.624924588763085
1.6270496536149175
1.62917471846675
1.631674794763024
1.6341748710592976
1.6367999511703848
1.6398000427259134
1.6428001342814416
1.6458002258369702
1.649425336466567
1.6526754356517228
1.655800531022065
1.6591756340220343
1.6634257637256997
1.666800866725669
1.6709259926145208
1.675176122318186
1.6794262520218513
1.683926389355144
1.689051545762505
1.6945517136143071
1.6990518509475998
1.7038019959105197
1.708802148503067
1.7135522934659873
1.7185524460585346
1.7230525833918273
1.7289277626880704
1.7340529190954315
1.7381780449842832
1.7428031861323894
1.7471783196508683
1.7510534379100926
1.7548035523545031
1.7578036439100315
1.7616787621692556
1.7649288613544114
1.7676789452803126
1.769804010132145
1.7720540787987915
1.7744291512802515
1.776179204687643
1.7771792352061526
1.777054231391339
1.7778042542802208
1.778179265724662
1.778179265724662
1.7775542466505936
1.776679219946898
1.7753041779839474
1.774304147465438
1.772304086428419
1.7696790063173315
1.7676789452803126
1.7650538651692254
1.7616787621692556
1.7583036591692862
1.754428540910062
1.7513034455397198
1.7475533310953093
1.7434282052064578
1.7381780449842832
1.7338029114658042
1.7289277626880704
1.7244276253547777
1.7191774651326028
1.7145523239844966
1.7095521713919493
1.7045520187994019
1.6995518662068545
1.6948017212439344
1.6899265724662007
1.6854264351329082
1.679926267281106
1.675551133762627
1.6705509811700798
1.666050843836787
1.6619257179479354
1.6575505844294565
1.653425458540605
1.6498003479110082
1.6453002105777155
1.6424251228370008
1.638299996948149
1.6349248939481797
1.63154979094821
1.6286747032074953
1.625674611651967
1.6237995544297616
1.6206744590594195
1.6192994170964692
1.6167993408001955
1.6146742759483628
1.611799188207648
1.6107991576891385
1.609424115726188
1.6080490737632376
1.6066740318002868
1.6055489974669637
1.6056740012817774
1.6037989440595721
1.6027989135410627
1.602673909726249
1.6012988677632984
1.6002988372447888
1.599548814355907
1.5985487838373975
1.5979237647633289
1.5975487533188881
1.5974237495040742
1.596298715170751
1.5959237037263099
1.5949236732078005
1.5930486159855952
1.591923581652272
1.5900485244300668
1.5877984557634206
1.5855483870967744
1.582048280281991
1.580048219244972
1.5752980742820522
1.5702979216895046
1.56504776146733
1.558672566911832
1.5517973570970793
1.5450471510971404
1.5364218878749962
1.5291716666158026
1.5224214606158635
1.5154212469862973
1.5089210486159856
1.5037958922086248
1.4992957548753318
1.4962956633198035
1.495670644245735
1.4971706900234993
1.5010458082827236
1.5086710409863584
1.5194213690603353
1.5337968077639088
1.5520473647267068
1.5751730704672384
1.6020488906521806
1.633674855800043
1.6699259620960112
1.710052186651204
1.7548035523545031
1.8025550096133305
1.8538065736869411
1.906558183538316
1.960434827723014
2.0138114566484573
2.0676881008331556
2.117689626758629
2.162565996276742
2.2038172551652577
2.238193304239021
2.264319101535081
2.2829446699423204
2.2915699331644643
2.2713193151646474
2.258693929868465
2.239068330942717
2.210442457350383
2.174066347239601
2.130190008239998
2.08006347849971
2.0263118381298257
1.9696851100192265
1.9125583666493728
1.8540565813165686
1.7966798303170874
1.7414281441694388
1.6885515305032504
1.6400500503555409
1.5936736350596639
1.5525473799859615
1.5165462813196202
1.4860453505050812
1.459169530320139
1.438293893246254
1.4220433973204747
1.4100430310983612
1.4029178136539813
1.3987926877651295
1.3997927182836392
1.4031678212836085
1.4094180120242927
1.4174182561723685
1.4276685689870905
1.4384188970610674
1.4500442518387402
1.4622946256904814
1.473919980468154
1.4861703543198952
1.4970456862086856
1.507546006653035
1.5164212775048067
1.5256715598010193
1.5341718192083498
1.5405470137638477
1.546422193060091
1.5516723532822658
1.5564224982451857
1.5594225898007141
1.563047700430311
1.5646727500228887
1.5667978148747217
1.5690478835413677
1.5704229255043185
1.57217297891171
1.5729230018005922
1.5740480361339153
1.574923062837611
1.5751730704672384
1.5746730552079835
1.5757980895413068
1.5757980895413068
1.5767981200598165
1.5766731162450025
1.5774231391338847
1.5779231543931396
1.5782981658375803
1.5787981810968352
1.5799232154301586
1.579673207800531
1.5805482345042268
1.581298257393109
1.5819232764671776
1.583298318430128
1.583298318430128
1.5859233985412151
1.5861734061708426
1.588423474837489
1.5900485244300668
1.5916735740226449
1.5917985778374584
1.5930486159855952
1.5937986388744774
1.5954236884670552
1.597173741874447
1.598673787652211
1.6002988372447888
1.6027989135410627
1.6037989440595721
1.6059240089114046
1.607049043244728
1.609424115726188
1.6112991729483932
1.613424237800226
1.6156743064668722
1.618549394207587
1.6204244514297923
1.6236745506149481
1.6261746269112216
1.628049684133427
1.6312997833185827
1.6341748710592976
1.6367999511703848
1.6396750389110997
1.6438001647999512
1.6464252449110386
1.6501753593554491
1.6541754814294871
1.6573005767998292
1.6603006683553576
1.6646758018738366
1.667675893429365
1.6719260231330302
1.6753011261329998
1.6803012787255471
1.684676412244026
1.6881765190588092
1.6929266640217293
1.6975518051698355
1.701801934873501
1.705677053132725
1.711177220984527
1.715177343058565
1.7193024689474166
1.7240526139103367
1.7286777550584431
1.734552934354686
1.7388030640583514
1.743803216650899
1.7484283577990052
1.7535535142063663
1.7576786400952178
1.7626787926877652
1.7666789147618032
1.771429059724723
1.775804193243202
1.7813043610950041
1.7855544907986696
1.7905546433912167
1.7948047730948822
1.7990549027985472
1.803180028687399
1.806805139316996
1.8115552842799159
1.8155554063539538
1.8186805017242957
1.8224306161687065
1.8260557267983033
1.8298058412427136
1.8328059327982422
1.8358060243537706
1.8386811120944853
1.8411811883907592
1.8433062532425917
1.8459313333536789
1.8490564287240212
1.8505564745017853
1.8520565202795496
1.8543065889461958
1.8548066042054507
1.8563066499832148
1.856181646168401
1.857431684316538
1.8571816766869107
1.8575566881313517
1.8575566881313517
1.857431684316538
1.8569316690572832
1.8566816614276558
1.8556816309091464
1.8551816156498917
1.8523065279091768
1.8509314859462265
1.849181432538835
1.8470563676870022
1.8449313028351695
1.842806237983337
1.840806176946318
1.8376810815759759
1.8351810052797022
1.8321809137241738
1.8281807916501358
1.8246806848353525
1.8209305703909422
1.8165554368724632
1.8125553147984252
1.808680196539201
1.804805078279977
1.800804956205939
1.79642982268746
1.79167967772454
1.7864295175023652
1.7820543839838863
1.7774292428357799
1.7724290902432325
1.7675539414654988
1.7629288003173924
1.7580536515396588
1.7526784875026704
1.7485533616138187
1.7430531937620168
1.737803033539842
1.733052888576922
1.7285527512436292
1.7228025757621999
1.7183024384289072
1.714427320169683
1.7086771446882534
1.7034269844660788
1.6995518662068545
1.6944267097994934
1.689426557206946
1.6861764580217904
1.6808012939848018
1.6764261604663229
1.6720510269478437
1.6669258705404828
1.6639257789849544
1.6600506607257304
1.656550553910947
1.652550431836909
1.649050325022126
1.644675191503647
1.6414250923184912
1.6376749778740807
1.6346748863185523
1.631674794763024
1.6285496993926818
1.6259246192815942
1.6225495162816248
1.6202994476149783
1.6176743675038912
1.61492428357799
1.6127992187261575
1.609799127170629
1.6077990661336101
1.606174016541032
1.6042989593188268
1.6029239173558765
1.6002988372447888
1.5989237952818385
1.5977987609485154
1.5954236884670552
1.5939236426892909
1.5917985778374584
1.5906735435041353
1.590298532059694
1.58879848628193
1.5876734519486069
1.5866734214300973
1.5862984099856563
1.5851733756523332
1.5835483260597554
1.583298318430128
1.5821732840968048
1.5814232612079226
1.5810482497634815
1.580048219244972
1.5801732230597858
1.57929819635609
1.5795482039857174
1.5791731925412764
1.5784231696523943
1.5782981658375803
1.5780481582079533
1.5777981505783258
1.5771731315042574
1.5770481276894437
1.5770481276894437
1.5771731315042574
1.5774231391338847
1.5771731315042574
1.5770481276894437
1.5772981353190711
1.5767981200598165
1.5762981048005615
1.576548112430189
1.5770481276894437
1.5764231086153753
1.5767981200598165
1.5771731315042574
1.5771731315042574
1.5767981200598165
1.5775481429486986
1.5772981353190711
1.5774231391338847
1.5771731315042574
1.5766731162450025
1.5777981505783258
1.5781731620227668
1.5782981658375803
1.5781731620227668
1.5786731772820215
1.5791731925412764
1.578923184911649
1.5790481887264625
1.5790481887264625
1.5790481887264625
1.5779231543931396
1.5799232154301586
1.5799232154301586
1.5802982268745993
1.5804232306894133
1.5802982268745993
1.580923245948668
1.580923245948668
1.5805482345042268
1.580923245948668
1.5815482650227364
1.5815482650227364
1.5819232764671776
1.5821732840968048
1.5822982879116183
1.5817982726523636
1.5824232917264323
1.5830483108005005
1.5822982879116183
1.5830483108005005
1.5830483108005005
1.5831733146153144
1.5837983336893826
1.584423352763451
1.58404834131901
1.584423352763451
1.5842983489486373
1.5842983489486373
1.5841733451338236
1.5849233680227057
1.5847983642078922
1.5857983947264016
1.5856733909115879
1.5861734061708426
1.5862984099856563
1.5871734366893522
1.5866734214300973
1.5862984099856563
1.5861734061708426
1.5866734214300973
1.5871734366893522
1.5869234290597247
1.5875484481337934
1.5877984557634206
1.5877984557634206
1.587923459578234
1.5881734672078616
1.588423474837489
1.5885484786523028
1.58879848628193
1.5886734824671163
1.5890484939115572
1.5890484939115572
1.5896735129856259
1.589923520615253
1.590298532059694
1.5896735129856259
1.5901735282448806
1.590298532059694
1.5900485244300668
1.590298532059694
1.5909235511337627
1.5911735587633902
1.590423535874508
1.5909235511337627
1.592298593096713
1.5915485702078311
1.5920485854670858
1.5921735892818996
1.5921735892818996
1.5921735892818996
1.592798608355968
1.5925486007263405
1.5925486007263405
1.5931736198004092
1.5930486159855952
1.5931736198004092
1.5935486312448501
1.5936736350596639
1.5935486312448501
1.5931736198004092
1.5944236579485458
1.5939236426892909
1.5945486617633595
1.5945486617633595
1.595173680837428
1.5959237037263099
1.5950486770226142
1.5950486770226142
1.5949236732078005
1.5950486770226142
1.595173680837428
1.5959237037263099
1.5960487075411238
1.596298715170751
1.596673726615192
1.5964237189855648
1.596673726615192
1.596798730430006
1.596673726615192
1.5969237342448195
1.5976737571337016
1.5974237495040742
1.5974237495040742
1.5976737571337016
1.5980487685781428
1.59829877620777
1.5984237800225838
1.59829877620777
1.5976737571337016
1.5981737723929563
1.5980487685781428
1.5985487838373975
1.598798791467025
1.5990487990966522
1.599548814355907
1.5992988067262794
1.6000488296151616
1.5999238258003479
1.5996738181707206
1.5994238105410932
1.6004238410596028
1.6001738334299753
1.6004238410596028
1.6001738334299753
1.6007988525040437
1.6015488753929257
1.6016738792077396
1.6017988830225531
1.6012988677632984
1.6012988677632984
1.6019238868373669
1.6017988830225531
1.602673909726249
1.6029239173558765
1.6032989288003174
1.6035489364299447
1.6036739402447586
1.6045489669484543
1.6042989593188268
1.6044239631336406
1.6051739860225227
1.6059240089114046
1.6069240394299142
1.607424054689169
1.6086740928373058
1.6092991119113744
1.61017413861507
1.6106741538743248
1.6122992034669026
1.6130492263557847
1.6147992797631765
1.6166743369853815
1.6176743675038912
1.6197994323557239
1.6217994933927427
1.623299539170507
1.625174596392712
1.6277996765037996
1.6302997528000733
1.632424817651906
1.6346748863185523
1.637924985503708
1.639925046540727
1.643925168614765
1.6466752525406658
1.6503003631702629
1.6543004852443006
1.656925565355388
1.660925687429426
1.6645507980590228
1.6686759239478743
1.6725510422070986
1.6774261909848323
1.6818013245033114
1.6860514542069764
1.691051606799524
1.6956767479476302
1.700551896725364
1.7054270455030978
1.7106772057252724
1.7154273506881925
1.7206775109103671
1.7251776482436598
1.730302804651021
1.7350529496139409
1.7400531022064882
1.7443032319101537
1.7485533616138187
1.7521784722434155
1.7559285866878263
1.758803674428541
1.7620537736136967
1.7654288766136663
1.7680539567247535
1.7703040253914
1.7731791131321146
1.7751791741691336
1.7756791894283883
1.7771792352061526
1.7775542466505936
1.7784292733542895
1.7784292733542895
1.7776792504654073
1.7771792352061526
1.7764292123172705
1.7753041779839474
1.773429120761742
1.772304086428419
1.7690539872432631
1.7668039185766167
1.7640538346507157
1.760428724021119
1.7573036286507766
1.7538035218359938
1.750053407391583
1.7461782891323587
1.7420531632435072
1.7384280526139104
1.7325528733176672
1.727927732169561
1.7230525833918273
1.7174274117252115
1.7130522782067326
1.7084271370586261
1.7028019653920103
1.698176824243904
1.6936766869106112
1.6885515305032504
1.6834263740958892
1.678676229132969
1.6740510879848627
1.6690509353923155
1.6646758018738366
1.6608006836146123
1.6564255500961331
1.6528004394665363
1.6489253212073123
1.6449251991332745
1.6408000732444226
1.6372999664296397
1.6337998596148564
1.6305497604297006
1.6279246803186131
1.625174596392712
1.6219244972075564
1.6202994476149783
1.6184243903927733
1.6160493179113133
1.6131742301705987
1.612174199652089
1.6104241462446975
1.6087990966521197
1.607424054689169
1.6066740318002868
1.6055489974669637
1.6045489669484543
1.6037989440595721
1.6027989135410627
1.6017988830225531
1.6016738792077396
1.6002988372447888
1.5997988219855341
1.5990487990966522
1.5980487685781428
1.5972987456892607
1.5970487380596332
1.596673726615192
1.5956736960966826
1.5955486922818691
1.5929236121707817
1.5912985625782037
1.5894235053559984
1.5867984252449112
1.5841733451338236
1.5817982726523636
1.5780481582079533
1.5737980285042878
1.5690478835413677
1.563047700430311
1.5570475173192542
1.5496722922452468
1.5422970671712395
1.5346718344676047
1.5274216132084109
1.5205464033936582
1.513546189764092
1.5072959990234076
1.5025458540604877
1.4985457319864497
1.4965456709494307
1.495670644245735
1.4979207129123815
1.5025458540604877
1.5111711172826319
1.5229214758751182
1.5377969298379466
1.5575475325785089
1.582048280281991
1.609799127170629
1.642675130466628
1.6798012634662924
1.7210525223548083
1.766303903317362
1.8148053834650717
1.8673069856868192
1.920058595538194
1.974310251167333
2.028186895352031
2.08006347849971
2.1289399700918605
2.174566362498856
2.213692556535539
2.245568529313028
2.2698192693868835
2.286069765312662
2.289819879757073
2.267944212164678
2.254818811609241
2.23306814783166
2.202067201757866
2.163941038239692
2.118564653462325
2.067438093203528
2.013186437574389
1.9564347056489761
1.8983079317606129
1.8401811578722496
1.7839294412060915
1.7291777703176978
1.6769261757255778
1.628049684133427
1.58404834131901
1.5439221167638173
1.5089210486159856
1.4789201330607014
1.4542943815424054
1.434293771172216
1.4186682943205053
1.4087929929502243
1.4015427716910305
1.399042695394757
1.4005427411725213
1.4044178594317454
1.4107930539872433
1.4194183172093875
1.429543626209296
1.4404189580980864
1.4527943357646413
1.4649197058015686
1.4771700796533098
1.488170415356914
1.4992957548753318
1.509546067690054
1.5189213538010804
1.528171636097293
1.5351718497268594
1.5417970519119846
1.5476722312082278
1.5529223914304024
1.5569225135044404
1.5605476241340372
1.5629226966154972
1.5652977690969574
1.56742283394879
1.5689228797265542
1.5710479445783867
1.5727979979857785
1.5730480056154057
1.5744230475783563
1.5746730552079835
1.5751730704672384
1.57454805139317
1.5760480971709343
1.5759230933561206
1.57692312387463
1.5771731315042574
1.5775481429486986
1.5780481582079533
1.5782981658375803
1.579673207800531
1.5799232154301586
1.5805482345042268
1.5805482345042268
1.5815482650227364
1.5825482955412458
1.583298318430128
1.5845483565782648
1.5854233832819604
1.5869234290597247
1.5889234900967437
1.5892985015411847
1.590298532059694
1.5915485702078311
1.5926736045411543
1.594298654133732
1.5955486922818691
1.5970487380596332
1.599173802911466
1.6000488296151616
1.6022988982818078
1.6049239783928952
1.6057990050965911
1.6071740470595417
1.6104241462446975
1.6115491805780204
1.6136742454298534
1.6160493179113133
1.618924405652028
1.621299478133488
1.624049562059389
1.626049623096408
1.6290497146519365
1.6317997985778374
1.6345498825037386
1.6371749626148258
1.6405500656147955
1.6436751609851377
1.6469252601702933
1.6501753593554491
1.6541754814294871
1.6576755882442702
1.6614257026886807
1.664925809503464
1.6689259315775018
1.6723010345774711
1.6770511795403913
1.6800512710959197
1.6849264198736535
1.6889265419476913
1.6936766869106112
1.6979268166142767
1.7024269539475692
1.7068020874660481
1.7118022400585957
1.7153023468733786
1.7201774956511124
1.7256776635029145
1.7298027893917662
1.735427961058382
1.7396780907620473
1.7446782433545946
1.7493033845027008
1.7536785180211798
1.758803674428541
1.7631788079470199
1.76792895290994
1.77267909787286
1.7774292428357799
1.7819293801690725
1.786554521317179
1.7911796624652854
1.7953047883541369
1.7996799218726158
1.8036800439466536
1.807930173650319
1.8114302804651021
1.815805413983581
1.8193055207983642
1.8229306314279612
1.8260557267983033
1.8303058565019683
1.8334309518723106
1.8365560472426528
1.8389311197241127
1.8421812189092686
1.8439312723166599
1.846681356242561
1.848306405835139
1.8504314706869718
1.8525565355388043
1.8539315775017549
1.8553066194647054
1.856181646168401
1.8566816614276558
1.8575566881313517
1.8568066652424697
1.8573066805017244
1.8580567033906066
1.8571816766869107
1.8573066805017244
1.8565566576128423
1.8553066194647054
1.855056611835078
1.8525565355388043
1.851181493575854
1.8489314249092075
1.846806360057375
1.8444312875759148
1.8425562303537095
1.8398061464278084
1.8370560625019074
1.8349309976500747
1.830930875576037
1.8274307687612537
1.8239306619464706
1.8206805627613147
1.8156804101687674
1.8126803186132388
1.8084301889095737
1.8043050630207222
1.7998049256874293
1.7958048036133916
1.7913046662800989
1.7864295175023652
1.7815543687246316
1.7775542466505936
1.7715540635395368
1.7670539262062441
1.7621787774285103
1.7570536210211494
1.7523034760582294
1.7475533310953093
1.742553178502762
1.737303018280587
1.73230286568804
1.7273027130954923
1.7221775566881314
1.7173024079103976
1.7126772667622914
1.708052125614185
1.7031769768364513
1.698926847132786
1.6935516830957975
1.6898015686513872
1.684676412244026
1.6801762749107334
1.6760511490218817
1.671176000244148
1.66717587817011
1.6640507827997681
1.6594256416516617
1.6559255348368787
1.651800408948027
1.6483003021332439
1.6444251838740198
1.6416750999481187
1.6370499588000123
1.634299874874111
1.6309247718741418
1.6279246803186131
1.6250495925778985
1.6222995086519973
1.6197994323557239
1.6176743675038912
1.6144242683187355
1.6122992034669026
1.6099241309854426
1.6072990508743554
1.60542399365215
1.6035489364299447
1.6017988830225531
1.6000488296151616
1.5985487838373975
1.5969237342448195
1.5950486770226142
1.5935486312448501
1.5920485854670858
1.590798547318949
1.5896735129856259
1.5882984710226753
1.5876734519486069
1.5865484176152838
1.5859233985412151
1.5845483565782648
1.58404834131901
1.583298318430128
1.5819232764671776
1.5817982726523636
1.5810482497634815
1.5804232306894133
1.5799232154301586
1.5795482039857174
1.5791731925412764
1.5795482039857174
1.5784231696523943
1.5780481582079533
1.5777981505783258
1.5772981353190711
1.5771731315042574
1.5772981353190711
1.5767981200598165
1.57692312387463
1.5770481276894437
1.5766731162450025
1.5770481276894437
1.576548112430189
1.5766731162450025
1.5764231086153753
1.5767981200598165
1.5767981200598165
1.5762981048005615
1.5767981200598165
1.5771731315042574
1.5772981353190711
1.5776731467635121
1.5771731315042574
1.5774231391338847
1.5772981353190711
1.57692312387463
1.5781731620227668
1.5780481582079533
1.5782981658375803
1.5791731925412764
1.5791731925412764
1.5784231696523943
1.5782981658375803
1.5784231696523943
1.578923184911649
1.5784231696523943
1.57929819635609
1.5794232001709037
1.579673207800531
1.57929819635609
1.5801732230597858
1.5804232306894133
1.580923245948668
1.5807982421338542
1.5802982268745993
1.5806732383190405
1.580923245948668
1.580923245948668
1.582048280281991
1.5819232764671776
1.5825482955412458
1.5827983031708732
1.5822982879116183
1.5825482955412458
1.5827983031708732
1.5824232917264323
1.5834233222449416
1.5835483260597554
1.5836733298745689
1.5834233222449416
1.584423352763451
1.584423352763451
1.584423352763451
1.5842983489486373
1.5846733603930783
1.5851733756523332
1.5845483565782648
1.5851733756523332
1.5851733756523332
1.585298379467147
1.5855483870967744
1.5862984099856563
1.5861734061708426
1.5861734061708426
1.58642341380047
1.5866734214300973
1.5862984099856563
1.5866734214300973
1.5874234443189794
1.587298440504166
1.5882984710226753
1.5881734672078616
1.5886734824671163
1.588423474837489
1.588423474837489
1.587923459578234
1.5885484786523028
1.5889234900967437
1.5897985168004394
1.5897985168004394
1.5896735129856259
1.589923520615253
1.5906735435041353
1.589923520615253
1.5897985168004394
1.590298532059694
1.5905485396893215
1.590423535874508
1.5901735282448806
1.5915485702078311
1.5915485702078311
1.5914235663930174
1.5914235663930174
1.5920485854670858
1.5916735740226449
1.5916735740226449
1.5916735740226449
1.5920485854670858
1.5926736045411543
1.592798608355968
1.5932986236152227
1.5937986388744774
1.5934236274300364
1.5936736350596639
1.5931736198004092
1.5935486312448501
1.5932986236152227
1.5940486465041048
1.5939236426892909
1.5940486465041048
1.5945486617633595
1.5949236732078005
1.5952986846522417
1.5950486770226142
1.5949236732078005
1.5956736960966826
1.5956736960966826
1.594798669392987
1.5949236732078005
1.5961737113559373
1.5960487075411238
1.5961737113559373
1.5965487228003785
1.5961737113559373
1.5969237342448195
1.596673726615192
1.596673726615192
1.5972987456892607
1.5970487380596332
1.5969237342448195
1.5976737571337016
1.5975487533188881
1.5979237647633289
1.59829877620777
1.5979237647633289
1.5979237647633289
1.5980487685781428
1.5979237647633289
1.5977987609485154
1.5992988067262794
1.5992988067262794
1.598673787652211
1.5992988067262794
1.5990487990966522
1.5997988219855341
1.599173802911466
1.5996738181707206
1.5996738181707206
1.5999238258003479
1.599548814355907
1.6004238410596028
1.6005488448744163
1.6015488753929257
1.6015488753929257
1.6015488753929257
1.6014238715781122
1.6016738792077396
1.6012988677632984
1.6019238868373669
1.6019238868373669
1.6025489059114353
1.6035489364299447
1.602673909726249
1.6036739402447586
1.6035489364299447
1.6040489516891996
1.6042989593188268
1.6042989593188268
1.6051739860225227
1.6056740012817774
1.607049043244728
1.6077990661336101
1.6084240852076785
1.6095491195410014
1.6104241462446975
1.611424176763207
1.612174199652089
1.6135492416150394
1.6146742759483628
1.6162993255409406
1.6175493636890774
1.6202994476149783
1.6217994933927427
1.6239245582445754
1.6259246192815942
1.628424695577868
1.6301747489852596
1.6325498214667196
1.6349248939481797
1.6380499893185219
1.64105008087405
1.643925168614765
1.6471752677999205
1.6509253822443313
1.6541754814294871
1.6574255806146427
1.6611756950590533
1.664925809503464
1.6685509201330608
1.6733010650959808
1.677176183355205
1.6816763206884975
1.6865514694662314
1.6915516220587787
1.6960517593920712
1.7008019043549913
1.70617706839198
1.7113022247993408
1.7156773583178198
1.7209275185399944
1.726302682576983
1.7309278237250891
1.7355529648731955
1.740553117465743
1.744553239539781
1.7488033692434461
1.7525534836878567
1.756428601947081
1.7589286782433546
1.762803796502579
1.7660538956877345
1.7685539719840082
1.7713040559099094
1.7733041169469284
1.7750541703543201
1.7759291970580158
1.7769292275765252
1.7778042542802208
1.7774292428357799
1.7780542619098483
1.7773042390209661
1.777054231391339
1.7760542008728295
1.7751791741691336
1.7735541245765558
1.7716790673543503
1.7693039948728904
1.766303903317362
1.7633038117618336
1.7605537278359324
1.7569286172063356
1.7533035065767388
1.7503034150212105
1.745678273873104
1.7415531479842525
1.736552995391705
1.7324278695028534
1.727052705465865
1.7223025605029452
1.7170524002807703
1.7121772515030367
1.7073021027253028
1.7019269386883145
1.6975518051698355
1.6924266487624744
1.6880515152439954
1.6829263588366346
1.677926206244087
1.6733010650959808
1.6681759086886196
1.6640507827997681
1.6601756645405439
1.6555505233924375
1.651800408948027
1.6483003021332439
1.6441751762443924
1.6401750541703544
1.6367999511703848
1.633674855800043
1.6299247413556321
1.6275496688741722
1.625174596392712
1.6226745200964385
1.6197994323557239
1.6180493789483323
1.6161743217261269
1.6140492568742943
1.611799188207648
1.6102991424298836
1.6080490737632376
1.6071740470595417
1.6067990356151007
1.60542399365215
1.6041739555040133
1.6036739402447586
1.6024239020966218
1.6019238868373669
1.601048860133671
1.5999238258003479
1.5990487990966522
1.59829877620777
1.5984237800225838
1.5972987456892607
1.596673726615192
1.5960487075411238
1.5952986846522417
1.594298654133732
1.5930486159855952
1.5909235511337627
1.5889234900967437
1.5865484176152838
1.5846733603930783
1.581298257393109
1.5772981353190711
1.5727979979857785
1.5682978606524856
1.5621726737266153
1.5549224524674214
1.548797265541551
1.5411720328379164
1.5332967925046541
1.526546586504715
1.5189213538010804
1.5121711478011413
1.506420972319712
1.5014208197271646
1.4979207129123815
1.496045655690176
1.496045655690176
1.4990457472457046
1.5042959074678794
1.5131711783196509
1.5256715598010193
1.5407970213934752
1.5614226508377331
1.58642341380047
1.6160493179113133
1.649050325022126
1.6869264809106725
1.729427777947325
1.7751791741691336
1.8248056886501665
1.8769322794274728
1.9303089083529161
1.984310556352428
2.0386872157963807
2.090063783684805
2.1385652638325143
2.1826916104617453
2.219942747276223
2.250818689535203
2.273819391460921
2.287819818720054
2.2863197729422895
2.2655691396832176
2.250818689535203
2.227567979979858
2.1950669881283
2.155065767387921
2.1084393444624165
2.0565627613147375
2.0019360942411573
1.9444343394268624
1.8860575579088719
1.8285558030945768
1.7719290749839778
1.7183024384289072
1.6665508590960418
1.6182993865779596
1.5754230780968657
1.5360468764305553
1.5026708578753014
1.4732949613940856
1.4484192022461622
1.4305436567278056
1.4166682332834866
1.4071679433576463
1.4007927488021485
1.3995427106540117
1.4006677449873348
1.4060429090243234
1.4125431073946348
1.4220433973204747
1.4322937101351971
1.443419049653615
1.4552944120609148
1.4676697897274698
1.4795451521347698
1.4910455030976288
1.5017958311716058
1.5117961363567003
1.5212964262825404
1.5295466780602436
1.5370469069490644
1.5435471053193763
1.548797265541551
1.5537974181340983
1.5574225287636951
1.5607976317636647
1.563422711874752
1.5656727805413984
1.5675478377636038
1.5691728873561817
1.5710479445783867
1.5726729941709647
1.5732980132450332
1.5742980437635425
1.574923062837611
1.5754230780968657
1.5759230933561206
1.5759230933561206
1.5762981048005615
1.576548112430189
1.5775481429486986
1.5776731467635121
1.5781731620227668
1.5781731620227668
1.5795482039857174
1.579673207800531
1.5801732230597858
1.581298257393109
1.5819232764671776
1.5822982879116183
1.5836733298745689
1.5846733603930783
1.5861734061708426
1.5874234443189794
1.5885484786523028
1.5896735129856259
1.590798547318949
1.591923581652272
1.5934236274300364
1.5944236579485458
1.5955486922818691
1.5974237495040742
1.5990487990966522
1.6009238563188575
1.603173924985504
1.6047989745780817
1.606174016541032
1.6084240852076785
1.6102991424298836
1.612174199652089
1.6146742759483628
1.6171743522446362
1.6191744132816552
1.6215494857631152
1.6246745811334575
1.6274246650593585
1.630049745170446
1.6321748100222786
1.6354249092074344
1.6380499893185219
1.6414250923184912
1.6448001953184606
1.6483003021332439
1.6516754051332134
1.6553005157628102
1.6588006225775933
1.6621757255775629
1.6654258247627187
1.6695509506515702
1.6730510574663533
1.6776761986144597
1.6821763359477524
1.6861764580217904
1.6901765800958282
1.6953017365031893
1.6994268623920408
1.703676992095706
1.7083021332438124
1.712802270577105
1.7169273964659566
1.7216775414288765
1.7264276863917967
1.731052827539903
1.736552995391705
1.7410531327249978
1.7458032776879178
1.7506784264656514
1.7550535599841306
1.7599287087618642
1.7644288460951567
1.7689289834284494
1.7735541245765558
1.778554277169103
1.7831794183172094
1.787679555650502
1.7928047120578632
1.7965548265022737
1.8006799523911254
1.805180089724418
1.8088052003540147
1.8121803033539843
1.8175554673909728
1.8206805627613147
1.8243056733909115
1.8279307840205086
1.8311808832056644
1.8341809747611926
1.837306070131535
1.8401811578722496
1.842431226538896
1.844681295205542
1.8474313791314432
1.8490564287240212
1.850681478316599
1.8525565355388043
1.8551816156498917
1.8551816156498917
1.8563066499832148
1.857056672872097
1.857431684316538
1.8578066957609791
1.857431684316538
1.8575566881313517
1.8576816919461654
1.8566816614276558
1.8560566423535876
1.8553066194647054
1.8538065736869411
1.8524315317239908
1.8508064821314127
1.8480563982055118
1.8460563371684928
1.8441812799462873
1.8421812189092686
1.8390561235389262
1.8363060396130253
1.8335559556871244
1.8305558641315958
1.8270557573168127
1.82255561998352
1.8195555284279916
1.8151803949095127
1.8114302804651021
1.8076801660206916
1.803180028687399
1.79880489516892
1.7948047730948822
1.7898046205023346
1.7850544755394149
1.7803043305764947
1.7753041779839474
1.7701790215765862
1.76555388042848
1.7609287392803734
1.7556785790581988
1.7510534379100926
1.7461782891323587
1.741303140354625
1.7361779839472642
1.7309278237250891
1.7260526749473555
1.7208025147251809
1.7163023773918882
1.7116772362437818
1.7063020722067934
1.7019269386883145
1.697426801355022
1.6925516525772883
1.6878015076143682
1.6834263740958892
1.6788012329477828
1.6741760917996766
1.670800988799707
1.6656758323923462
1.6630507522812585
1.6583006073183386
1.6553005157628102
1.6509253822443313
1.647425275429548
1.6436751609851377
1.6400500503555409
1.635924924466689
1.6334248481704154
1.6305497604297006
1.627174657429731
1.6242995696890163
1.6217994933927427
1.6194244209112827
1.6162993255409406
1.6139242530594806
1.6110491653187657
1.6091741080965607
1.6067990356151007
1.6049239783928952
1.6029239173558765
1.601048860133671
1.5994238105410932
1.59829877620777
1.5969237342448195
1.5949236732078005
1.5929236121707817
1.5914235663930174
1.5901735282448806
1.5892985015411847
1.5877984557634206
1.5869234290597247
1.5861734061708426
1.5854233832819604
1.5846733603930783
1.5839233375041963
1.5825482955412458
1.5822982879116183
1.581298257393109
1.5806732383190405
1.5805482345042268
1.5799232154301586
1.5791731925412764
1.579673207800531
1.57929819635609
1.5785481734672078
1.5775481429486986
1.5772981353190711
1.57692312387463
1.5775481429486986
1.5772981353190711
1.5771731315042574
1.5767981200598165
1.5776731467635121
1.5771731315042574
1.57692312387463
1.5767981200598165
1.5760480971709343
1.5761731009857478
1.5766731162450025
1.5771731315042574
1.5767981200598165
1.5772981353190711
1.5775481429486986
1.5775481429486986
1.5772981353190711
1.5780481582079533
1.5774231391338847
1.5775481429486986
1.5771731315042574
1.5781731620227668
1.5776731467635121
1.5779231543931396
1.5784231696523943
1.5786731772820215
1.5790481887264625
1.578923184911649
1.5786731772820215
1.5791731925412764
1.5790481887264625
1.5787981810968352
1.5799232154301586
1.5795482039857174
1.580048219244972
1.5802982268745993
1.581298257393109
1.5804232306894133
1.5806732383190405
1.5811732535782954
1.5814232612079226
1.5805482345042268
1.58167326883755
1.5817982726523636
1.582048280281991
1.5817982726523636
1.5821732840968048
1.5822982879116183
1.5824232917264323
1.5826732993560595
1.582923306985687
1.5831733146153144
1.5836733298745689
1.5835483260597554
1.5836733298745689
1.5841733451338236
1.5841733451338236
1.584423352763451
1.5841733451338236
1.5846733603930783
1.5839233375041963
1.5849233680227057
1.5859233985412151
1.585298379467147
1.5856733909115879
1.5859233985412151
1.5865484176152838
1.5867984252449112
1.586048402356029
1.5867984252449112
1.5862984099856563
1.5865484176152838
1.5874234443189794
1.5870484328745385
1.5877984557634206
1.5882984710226753
1.587923459578234
1.5882984710226753
1.5892985015411847
1.5890484939115572
1.5882984710226753
1.5886734824671163
1.58879848628193
1.5885484786523028
1.5890484939115572
1.5900485244300668
1.590798547318949
1.5901735282448806
1.5897985168004394
1.589923520615253
1.5901735282448806
1.589923520615253
1.5905485396893215
1.5910485549485762
1.590798547318949
1.5915485702078311
1.5916735740226449
1.5915485702078311
1.5920485854670858
1.5917985778374584
1.592298593096713
1.591923581652272
1.592423596911527
1.592298593096713
1.592798608355968
1.5930486159855952
1.5932986236152227
1.5935486312448501
1.5940486465041048
1.5936736350596639
1.5931736198004092
1.5934236274300364
1.5934236274300364
1.5950486770226142
1.5939236426892909
1.5945486617633595
1.5949236732078005
1.594798669392987
1.595173680837428
1.595173680837428
1.5952986846522417
1.5952986846522417
1.5954236884670552
1.5959237037263099
1.5959237037263099
1.5964237189855648
1.5970487380596332
1.5965487228003785
1.5964237189855648
1.5969237342448195
1.5965487228003785
1.596298715170751
1.5969237342448195
1.5970487380596332
1.5974237495040742
1.5977987609485154
1.5976737571337016
1.5981737723929563
1.5977987609485154
1.5979237647633289
1.59829877620777
1.5984237800225838
1.5981737723929563
1.5980487685781428
1.598798791467025
1.5989237952818385
1.599173802911466
1.6002988372447888
1.5997988219855341
1.5996738181707206
1.599548814355907
1.5996738181707206
1.599548814355907
1.6001738334299753
1.6005488448744163
1.6004238410596028
1.601048860133671
1.601173863948485
1.6007988525040437
1.6014238715781122
1.601173863948485
1.6015488753929257
1.601048860133671
1.6019238868373669
1.6020488906521806
1.602673909726249
1.602673909726249
1.6039239478743859
1.6039239478743859
1.6044239631336406
1.6045489669484543
1.6044239631336406
1.6049239783928952
1.6052989898373364
1.6060490127262186
1.6066740318002868
1.6077990661336101
1.6085490890224923
1.6095491195410014
1.6104241462446975
1.612174199652089
1.6126742149113438
1.6132992339854122
1.6154242988372447
1.616549333170568
1.618924405652028
1.6206744590594195
1.6227995239112523
1.6246745811334575
1.6266746421704763
1.62917471846675
1.631174779503769
1.633549851985229
1.6361749320963164
1.6385500045777766
1.6421751152073734
1.6453002105777155
1.6485503097628713
1.6515504013183995
1.6549255043183693
1.6595506454664755
1.6624257332071901
1.6665508590960418
1.670050965910825
1.6741760917996766
1.6789262367625966
1.6835513779107028
1.6881765190588092
1.693426679280984
1.697801812799463
1.702926969206824
1.707677114169744
1.712802270577105
1.717552415540025
1.7230525833918273
1.7276777245399335
1.7331778923917356
1.737303018280587
1.7420531632435072
1.7466783043916136
1.749678395947142
1.7538035218359938
1.7576786400952178
1.7606787316507462
1.7634288155766473
1.7661788995025482
1.7695540025025178
1.771804071169164
1.7740541398358105
1.7760542008728295
1.7768042237617114
1.7769292275765252
1.7776792504654073
1.7776792504654073
1.7779292580950348
1.7774292428357799
1.7773042390209661
1.7759291970580158
1.7745541550950652
1.7729291055024872
1.7705540330210272
1.7675539414654988
1.76555388042848
1.7621787774285103
1.7593036896877956
1.7565536057618945
1.7515534531693473
1.7484283577990052
1.7440532242805262
1.739803094576861
1.7350529496139409
1.7299277932065797
1.7251776482436598
1.7203024994659262
1.7156773583178198
1.710427198095645
1.705677053132725
1.700926908169805
1.6963017670216987
1.691051606799524
1.686301461836604
1.681551316873684
1.6763011566515091
1.6721760307626576
1.6661758476516009
1.662800744651631
1.6584256111331521
1.6540504776146734
1.6504253669850764
1.6465502487258523
1.6425501266518143
1.6389250160222175
1.6361749320963164
1.633174840540788
1.6290497146519365
1.626424634540849
1.6242995696890163
1.6214244819483017
1.6192994170964692
1.6171743522446362
1.6156743064668722
1.613424237800226
1.611424176763207
1.609799127170629
1.608174077578051
1.6069240394299142
1.6060490127262186
1.6049239783928952
1.6044239631336406
1.6032989288003174
1.6025489059114353
1.6017988830225531
1.6000488296151616
1.5997988219855341
1.5990487990966522
1.5981737723929563
1.5980487685781428
1.597173741874447
1.597173741874447
1.5959237037263099
1.5949236732078005
1.5937986388744774
1.5917985778374584
1.590298532059694
1.587923459578234
1.5855483870967744
1.5830483108005005
1.5802982268745993
1.5760480971709343
1.5717979674672689
1.5664228034302805
1.5596725974303416
1.5532974028748436
1.5461721854304635
1.5386719565416427
1.5307967162083804
1.523796502578814
1.5167962889492477
1.5099210791344952
1.5049209265419476
1.500045777764214
1.4971706900234993
1.4949206213568529
1.4971706900234993
1.5005457930234687
1.5069209875789666
1.5171713003936889
1.530171697134312
1.547547227393414
1.569422894985809
1.5959237037263099
1.6262996307260353
1.6614257026886807
1.700926908169805
1.7444282357249672
1.7915546739097263
1.841931211279641
1.8944328135013888
1.9479344462416457
2.0019360942411573
2.0558127384258555
2.1064392834253973
2.153440717795343
2.1955670033875547
2.231193090609455
2.25919394512772
2.279569566942351
2.290444898831141
2.2766944792016357
2.2618190252388075
2.2445684987945187
2.217192663350322
2.183191625721
2.14044032105472
2.092063844721824
2.038812219611194
1.9828105105746636
1.9254337595751825
1.8680570085757013
1.809930234687338
1.7546785485396894
1.7008019043549913
1.6505503707998903
1.6040489516891996
1.5620476699118016
1.5250465407269511
1.4921705374309517
1.4654197210608235
1.4427940305795466
1.425168492690817
1.412918118839076
1.4046678670613728
1.3997927182836392
1.3991676992095705
1.401792779320658
1.4076679586169012
1.4154181951353497
1.4247934812463758
1.4355438093203527
1.4471691640980255
1.4590445265053256
1.4711698965422528
1.483420270393994
1.4942956022827847
1.5047959227271341
1.5150462355418564
1.5239215063936278
1.531671742912076
1.5390469679860834
1.5454221625415814
1.5505473189489425
1.5554224677266761
1.5594225898007141
1.5624226813562427
1.5636727195043794
1.566297799615467
1.568172856837672
1.5699229102450638
1.5715479598376416
1.5726729941709647
1.5730480056154057
1.57454805139317
1.5750480666524247
1.5764231086153753
1.5756730857264931
1.5760480971709343
1.5759230933561206
1.5767981200598165
1.5775481429486986
1.5775481429486986
1.5782981658375803
1.5791731925412764
1.57929819635609
1.580048219244972
1.5807982421338542
1.58167326883755
1.582048280281991
1.5827983031708732
1.5841733451338236
1.5851733756523332
1.5862984099856563
1.5876734519486069
1.5890484939115572
1.5901735282448806
1.5912985625782037
1.592298593096713
1.5936736350596639
1.5952986846522417
1.5964237189855648
1.5981737723929563
1.5997988219855341
1.6017988830225531
1.6035489364299447
1.60542399365215
1.6069240394299142
1.6089241004669332
1.6109241615039522
1.6131742301705987
1.6151742912076175
1.6176743675038912
1.620924466689047
1.6226745200964385
1.625674611651967
1.627674672688986
1.6306747642445143
1.6334248481704154
1.6364249397259438
1.6400500503555409
1.6421751152073734
1.6461752372814111
1.6493003326517535
1.6521754203924681
1.6568005615405743
1.6599256569109164
1.6624257332071901
1.6666758629108556
1.671176000244148
1.6746761070589313
1.678676229132969
1.683926389355144
1.6875514999847407
1.6918016296884062
1.6966767784661398
1.7004268929105502
1.7045520187994019
1.7094271675771355
1.7143023163548692
1.7186774498733484
1.7231775872066408
1.7280527359843745
1.7331778923917356
1.7376780297250283
1.742553178502762
1.7475533310953093
1.7519284646137883
1.7566786095767084
1.7614287545396283
1.7656788842432936
1.7706790368358412
1.7751791741691336
1.778554277169103
1.78455446028016
1.7895546128727073
1.794054750206
1.7979298684652243
1.8011799676503801
1.8065551316873685
1.8100552385021516
1.8136803491317484
1.8186805017242957
1.8215555894650106
1.8253057039094212
1.8286808069093905
1.8321809137241738
1.8356810205389569
1.8400561540574358
1.840806176946318
1.8429312417981507
1.8459313333536789
1.847181371501816
1.8499314554277169
1.8519315164647359
1.853056550798059
1.8546816003906368
1.8553066194647054
1.8555566270943329
1.8569316690572832
1.8579316995757926
1.857431684316538
1.8579316995757926
1.857056672872097
1.8571816766869107
1.8563066499832148
1.856181646168401
1.8545565965758233
1.853056550798059
1.8509314859462265
1.8500564592425306
1.8476813867610706
1.8450563066499832
1.8438062685018464
1.840806176946318
1.8379310892056033
1.8356810205389569
1.832930936613056
1.8290558183538315
1.8255557115390486
1.8216805932798243
1.8171804559465317
1.813805352946562
1.8100552385021516
1.805555101168859
1.801554979094821
1.7966798303170874
1.7925547044282357
1.7875545518356883
1.783679433576464
1.7779292580950348
1.7735541245765558
1.7681789605395672
1.7645538499099704
1.7583036591692862
1.754053529465621
1.7486783654286326
1.744553239539781
1.7390530716879788
1.734302926725059
1.7291777703176978
1.7240526139103367
1.7186774498733484
1.7143023163548692
1.7090521561326946
1.704927030243843
1.7000518814661092
1.6960517593920712
1.6904265877254554
1.6864264656514176
1.6818013245033114
1.6774261909848323
1.6729260536515398
1.669300943021943
1.6651758171330913
1.660925687429426
1.6576755882442702
1.6535504623554185
1.6495503402813807
1.6463002410962249
1.6423001190221869
1.6385500045777766
1.6354249092074344
1.632299813837092
1.6297997375408186
1.6261746269112216
1.623299539170507
1.6210494705038605
1.6180493789483323
1.6152992950224312
1.6129242225409712
1.610549150059511
1.6080490737632376
1.6059240089114046
1.6042989593188268
1.6022988982818078
1.6004238410596028
1.599173802911466
1.5976737571337016
1.5959237037263099
1.5939236426892909
1.592423596911527
1.5911735587633902
1.590298532059694
1.58879848628193
1.5881734672078616
1.5870484328745385
1.5859233985412151
1.5850483718375195
1.5846733603930783
1.5825482955412458
1.5824232917264323
1.5817982726523636
1.5815482650227364
1.5805482345042268
1.5799232154301586
1.5795482039857174
1.5794232001709037
1.5790481887264625
1.5779231543931396
1.579673207800531
1.5777981505783258
1.5775481429486986
1.57692312387463
1.5770481276894437
1.5760480971709343
1.5770481276894437
1.5774231391338847
1.5774231391338847
1.5766731162450025
1.5784231696523943
1.5766731162450025
1.5766731162450025
1.5762981048005615
1.576548112430189
1.5775481429486986
1.5767981200598165
1.5766731162450025
1.5774231391338847
1.5770481276894437
1.5771731315042574
1.5772981353190711
1.5775481429486986
1.5775481429486986
1.5774231391338847
1.5772981353190711
1.5781731620227668
1.5776731467635121
1.5782981658375803
1.5787981810968352
1.5785481734672078
1.578923184911649
1.578923184911649
1.578923184911649
1.5791731925412764
1.5794232001709037
1.5794232001709037
1.5801732230597858
1.5802982268745993
1.580923245948668
1.5799232154301586
1.5801732230597858
1.5807982421338542
1.5802982268745993
1.5811732535782954
1.5811732535782954
1.5817982726523636
1.5819232764671776
1.5827983031708732
1.5822982879116183
1.5822982879116183
1.5819232764671776
1.5825482955412458
1.5827983031708732
1.5831733146153144
1.5830483108005005
1.5826732993560595
1.583298318430128
1.5834233222449416
1.584423352763451
1.584423352763451
1.583298318430128
1.5845483565782648
1.5847983642078922
1.5847983642078922
1.5846733603930783
1.5856733909115879
1.585298379467147
1.5857983947264016
1.5862984099856563
1.5865484176152838
1.5865484176152838
1.5865484176152838
1.58642341380047
1.5861734061708426
1.5867984252449112
1.587298440504166
1.5877984557634206
1.5874234443189794
1.5881734672078616
1.5882984710226753
1.587923459578234
1.5882984710226753
1.58879848628193
1.588423474837489
1.5885484786523028
1.5885484786523028
1.5892985015411847
1.5892985015411847
1.5897985168004394
1.589923520615253
1.58879848628193
1.5901735282448806
1.5901735282448806
1.590298532059694
1.590298532059694
1.5910485549485762
1.590423535874508
1.590798547318949
1.5911735587633902
1.5915485702078311
1.5917985778374584
1.5920485854670858
1.5914235663930174
1.5920485854670858
1.591923581652272
1.5921735892818996
1.5926736045411543
1.5926736045411543
1.5932986236152227
1.5935486312448501
1.5932986236152227
1.5932986236152227
1.5935486312448501
1.5939236426892909
1.5934236274300364
1.5937986388744774
1.5945486617633595
1.5944236579485458
1.5944236579485458
1.5956736960966826
1.594798669392987
1.5944236579485458
1.595173680837428
1.5959237037263099
1.594798669392987
1.5960487075411238
1.5941736503189183
1.5961737113559373
1.5957986999114964
1.596798730430006
1.5964237189855648
1.5960487075411238
1.596673726615192
1.596798730430006
1.5964237189855648
1.596798730430006
1.596298715170751
1.5980487685781428
1.5972987456892607
1.5976737571337016
1.5984237800225838
1.59829877620777
1.5980487685781428
1.5984237800225838
1.598798791467025
1.5984237800225838
1.5984237800225838
1.5989237952818385
1.598673787652211
1.5992988067262794
1.5992988067262794
1.599548814355907
1.598673787652211
1.6002988372447888
1.5990487990966522
1.5994238105410932
1.6002988372447888
1.6005488448744163
1.6002988372447888
1.6007988525040437
1.601048860133671
1.6005488448744163
1.602673909726249
1.6016738792077396
1.6015488753929257
1.6015488753929257
1.6019238868373669
1.6027989135410627
1.602673909726249
1.6029239173558765
1.6032989288003174
1.6037989440595721
1.6037989440595721
1.6041739555040133
1.6044239631336406
1.6049239783928952
1.6055489974669637
1.6062990203558458
1.607424054689169
1.6082990813928648
1.609424115726188
1.609799127170629
1.6104241462446975
1.6122992034669026
1.613799249244667
1.613799249244667
1.6157993102816859
1.6172993560594502
1.6195494247260964
1.6207994628742333
1.623299539170507
1.6247995849482713
1.6277996765037996
1.6301747489852596
1.631674794763024
1.634299874874111
1.6367999511703848
1.6394250312814722
1.6433001495406965
1.6463002410962249
1.6496753440961944
1.6531754509109775
1.656550553910947
1.6601756645405439
1.6630507522812585
1.6674258857997375
1.6718010193182167
1.6754261299478135
1.6804262825403606
1.684676412244026
1.6896765648365732
1.6948017212439344
1.6995518662068545
1.7045520187994019
1.7103021942808314
1.7141773125400557
1.7191774651326028
1.7251776482436598
1.7301778008362072
1.7341779229102452
1.738553056428724
1.7435532090212715
1.7474283272804958
1.752053468428602
1.7554285714285716
1.7583036591692862
1.7614287545396283
1.7638038270210883
1.7681789605395672
1.7701790215765862
1.7724290902432325
1.7736791283913693
1.776179204687643
1.7755541856135748
1.7775542466505936
1.7779292580950348
1.7779292580950348
1.7779292580950348
1.778554277169103
1.7774292428357799
1.7753041779839474
1.7740541398358105
1.772179082613605
1.7705540330210272
1.7673039338358714
1.7641788384655293
1.7609287392803734
1.7574286324655906
1.754053529465621
1.750428418836024
1.7466783043916136
1.7430531937620168
1.7381780449842832
1.7331778923917356
1.7293027741325113
1.7236776024658955
1.7186774498733484
1.7141773125400557
1.7086771446882534
1.7038019959105197
1.6990518509475998
1.6944267097994934
1.6899265724662007
1.6844264046143986
1.6801762749107334
1.6741760917996766
1.6701759697256386
1.6655508285775322
1.6603006683553576
1.6564255500961331
1.6528004394665363
1.649050325022126
1.6455502182073427
1.6414250923184912
1.6381749931333354
1.6346748863185523
1.6310497756889553
1.6281746879482406
1.625299600207526
1.623299539170507
1.620924466689047
1.618549394207587
1.6167993408001955
1.6146742759483628
1.6110491653187657
1.610549150059511
1.6091741080965607
1.6075490585039827
1.6066740318002868
1.6055489974669637
1.6045489669484543
1.6042989593188268
1.603173924985504
1.6021738944669943
1.6005488448744163
1.6000488296151616
1.599548814355907
1.599173802911466
1.59829877620777
1.5975487533188881
1.5970487380596332
1.5960487075411238
1.5956736960966826
1.5950486770226142
1.592798608355968
1.5917985778374584
1.590423535874508
1.5867984252449112
1.5851733756523332
1.5817982726523636
1.5784231696523943
1.5740480361339153
1.5699229102450638
1.5649227576525162
1.557172521134068
1.550422315134129
1.5437971129490036
1.5355468611713006
1.528546647541734
1.5214214300973539
1.5144212164677877
1.5080460219122898
1.503170873134556
1.4991707510605183
1.496045655690176
1.495670644245735
1.498045716727195
1.502045838801233
1.5096710715048678
1.5209214148380994
1.5359218726157415
1.5552974639118626
1.5779231543931396
1.6056740012817774
1.638299996948149
1.6746761070589313
1.7158023621326335
1.7609287392803734
1.8084301889095737
1.8604317758720665
1.9135583971678822
1.9674350413525805
2.021186681722465
2.073688283944212
2.1238148136845
2.1689411908322396
2.2094424268318735
2.2430684530167544
2.26731919309061
2.2844447157200847
2.2915699331644643
2.2693192541276286
2.2561938535721913
2.235818231757561
2.206192327646718
2.168316171758171
2.1238148136845
2.0731882686849574
2.018561601611377
1.9618098696859647
1.9039331034272287
1.8464313486129338
1.7895546128727073
1.734302926725059
1.681926328318125
1.6329248329111608
1.5876734519486069
1.5474222235786004
1.511921140171514
1.481045197912534
1.4564194463942381
1.435918820764794
1.420043336283456
1.408917996765038
1.4029178136539813
1.3989176915799433
1.4002927335428939
1.4041678518021181
1.4104180425428021
1.4182932828760644
1.4286685995056
1.4397939390240182
1.451294289986877
1.4636696676534318
1.4757950376903592
1.487420392468032
1.4981707205420087
1.5086710409863584
1.5181713309121982
1.5269215979491562
1.5344218268379772
1.5411720328379164
1.5471722159489731
1.5520473647267068
1.5560474868007448
1.559922605059969
1.5627976928006837
1.56504776146733
1.56742283394879
1.5687978759117405
1.570547929319132
1.5716729636524553
1.5724229865413375
1.5737980285042878
1.5750480666524247
1.5754230780968657
1.5752980742820522
1.5760480971709343
1.5756730857264931
1.5764231086153753
1.57692312387463
1.5771731315042574
1.57929819635609
1.5784231696523943
1.57929819635609
1.579673207800531
1.580048219244972
1.5806732383190405
1.5814232612079226
1.582048280281991
1.5831733146153144
1.5846733603930783
1.5856733909115879
1.5866734214300973
1.5882984710226753
1.5894235053559984
1.590423535874508
1.591923581652272
1.5929236121707817
1.5939236426892909
1.5955486922818691
1.5970487380596332
1.598798791467025
1.601048860133671
1.60304892117069
1.6044239631336406
1.6057990050965911
1.607424054689169
1.609424115726188
1.6115491805780204
1.613424237800226
1.6160493179113133
1.6182993865779596
1.6210494705038605
1.6239245582445754
1.626424634540849
1.62917471846675
1.6320498062074649
1.634299874874111
1.6370499588000123
1.640300057985168
