1.564172734763634
1.568172856837672
1.570547929319132
1.5734230170598467
1.5754230780968657
1.5776731467635121
1.5782981658375803
1.5805482345042268
1.58167326883755
1.583298318430128
1.583298318430128
1.5847983642078922
1.5856733909115879
1.5875484481337934
1.588423474837489
1.5900485244300668
1.592798608355968
1.5940486465041048
1.5959237037263099
1.5980487685781428
1.5997988219855341
1.6025489059114353
1.6051739860225227
1.6067990356151007
1.6091741080965607
1.6120491958372754
1.61492428357799
1.6179243751335184
1.6210494705038605
1.6246745811334575
1.6281746879482406
1.631174779503769
1.634424878688925
1.6384250007629628
1.642675130466628
1.6463002410962249
1.6511753898739585
1.655425519577624
1.6600506607257304
1.6644257942442091
1.6698009582811977
1.6749261146885588
1.6803012787255471
1.6855514389477217
1.6911766106143375
1.6963017670216987
1.701676931058687
1.7084271370586261
1.714427320169683
1.7200524918362987
1.7261776787621694
1.7324278695028534
1.7381780449842832
1.7439282204657125
1.7501784112063965
1.7559285866878263
1.761928769798883
1.7671789300210579
1.773804132206183
1.7793043000579851
1.7853044831690421
1.7904296395764032
1.7955547959837643
1.8011799676503801
1.8056801049836726
1.8101802423169653
1.8148053834650717
1.8196805322428053
1.8238056581316568
1.8279307840205086
1.8319309060945466
1.8350560014648885
1.8383061006500443
1.8418062074648274
1.8445562913907285
1.8465563524277475
1.848806421094394
1.851181493575854
1.8523065279091768
1.8541815851313823
1.8553066194647054
1.8564316537980285
1.8563066499832148
1.8558066347239601
1.8555566270943329
1.8543065889461958
1.8533065584276864
1.8524315317239908
1.8498064516129031
1.8479313943906979
1.844806299020356
1.842806237983337
1.838806115909299
1.8351810052797022
1.8314308908352916
1.8268057496871855
1.8224306161687065
1.8178054750206
1.8135553453169349
1.8089302041688284
1.803180028687399
1.7978048646504103
1.792054689168981
1.7866795251319927
1.7800543229468673
1.7740541398358105
1.767803949095126
1.7620537736136967
1.7565536057618945
1.750053407391583
1.743678212836085
1.7375530259102145
1.7318028504287852
1.7255526596881008
1.7193024689474166
1.7133022858363598
1.7066770836512346
1.7004268929105502
1.6948017212439344
1.6884265266884364
1.6829263588366346
1.6780512100589007
1.6714260078737755
1.6659258400219734
1.6608006836146123
1.6548005005035553
1.6498003479110082
1.6449251991332745
1.639925046540727
1.6347998901333658
1.6305497604297006
1.6266746421704763
1.6216744895779291
1.6177993713187049
1.6142992645039216
1.609799127170629
1.6057990050965911
1.6027989135410627
1.598798791467025
1.5965487228003785
1.5936736350596639
1.590798547318949
1.5891734977263712
1.58642341380047
1.5831733146153144
1.5811732535782954
1.578923184911649
1.5772981353190711
1.5754230780968657
1.5742980437635425
1.5720479750968963
1.5707979369487595
1.5696729026154363
1.567797845393231
1.5666728110599077
1.5656727805413984
1.5646727500228887
1.563422711874752
1.562297677541429
1.5615476546525469
1.5607976317636647
1.5605476241340372
1.5596725974303416
1.5592975859859004
1.5589225745414594
1.5581725516525773
1.5575475325785089
1.5569225135044404
1.5542974333933532
1.5536724143192846
1.5536724143192846
1.5536724143192846
1.5542974333933532
1.5536724143192846
1.5534224066896571
1.553547410504471
1.5532974028748436
1.5537974181340983
1.5542974333933532
1.5542974333933532
1.5536724143192846
1.553922421948912
1.555172460097049
1.554672444837794
1.5545474410229805
1.5554224677266761
1.554797448652608
1.554672444837794
1.5550474562822352
1.55554747154149
1.555922482985931
1.5562974944303722
1.5561724906155583
1.556797509689627
1.5575475325785089
1.5565475020599995
1.557797540208136
1.55792254402295
1.5574225287636951
1.5580475478377636
1.5584225592822047
1.558672566911832
1.5589225745414594
1.5596725974303416
1.559172582171087
1.559797601245155
1.5600476088747826
1.5600476088747826
1.5601726126895963
1.560672627948851
1.5605476241340372
1.5614226508377331
1.561047639393292
1.561922666096988
1.561922666096988
1.5620476699118016
1.5620476699118016
1.562297677541429
1.5621726737266153
1.5625476851710562
1.5631727042451247
1.5636727195043794
1.5632977080599384
1.5647977538377027
1.5645477462080752
1.5645477462080752
1.56504776146733
1.565422772911771
1.5655477767265848
1.565797784356212
1.565797784356212
1.56742283394879
1.5679228492080448
1.5682978606524856
1.5691728873561817
1.569422894985809
1.570172917874691
1.570547929319132
1.5707979369487595
1.5720479750968963
1.5731730094302194
1.5742980437635425
1.5757980895413068
1.5772981353190711
1.5791731925412764
1.5807982421338542
1.5825482955412458
1.584423352763451
1.5859233985412151
1.5892985015411847
1.5917985778374584
1.595173680837428
1.5985487838373975
1.601173863948485
1.6047989745780817
1.6087990966521197
1.6126742149113438
1.6164243293557543
1.6215494857631152
1.625174596392712
1.6306747642445143
1.6354249092074344
1.64105008087405
1.647425275429548
1.6523004242072816
1.6583006073183386
1.6644257942442091
1.670800988799707
1.6770511795403913
1.6829263588366346
1.689426557206946
1.6955517441328165
1.7019269386883145
1.706927091280862
1.7141773125400557
1.7190524613177893
1.7240526139103367
1.7285527512436292
1.733052888576922
1.7369280068361461
1.7406781212805567
1.743803216650899
1.7471783196508683
1.7493033845027008
1.7509284340952787
1.7525534836878567
1.7535535142063663
1.7538035218359938
1.7533035065767388
1.7525534836878567
1.751178441724906
1.7491783806878873
1.7469283120212409
1.7440532242805262
1.7406781212805567
1.7371780144657736
1.73230286568804
1.7273027130954923
1.721927549058504
1.7163023773918882
1.7110522171697136
1.7054270455030978
1.699301858577227
1.6936766869106112
1.6880515152439954
1.6818013245033114
1.6758011413922544
1.6686759239478743
1.6635507675405132
1.6568005615405743
1.6509253822443313
1.6458002258369702
1.640300057985168
1.6345498825037386
1.6301747489852596
1.624924588763085
1.6202994476149783
1.6162993255409406
1.6120491958372754
1.6077990661336101
1.6039239478743859
1.6004238410596028
1.5975487533188881
1.595173680837428
1.592298593096713
1.5901735282448806
1.587923459578234
1.586048402356029
1.58404834131901
1.5815482650227364
1.5795482039857174
1.5780481582079533
1.5762981048005615
1.5740480361339153
1.5716729636524553
1.5687978759117405
1.5652977690969574
1.561172643208106
1.5562974944303722
1.55079732657857
1.5434221015045624
1.535671864986114
1.526671590319529
1.517796319467757
1.5081710257271035
1.4987957396160771
1.4899204687643055
1.482295236060671
1.4757950376903592
1.471544907986694
1.4701698660237434
1.4720449232459487
1.4789201330607014
1.4910455030976288
1.507546006653035
1.5309217200231942
1.5605476241340372
1.596673726615192
1.6404250617999818
1.6901765800958282
1.7454282662434768
1.8074301583910641
1.8728071535386213
1.9409342326120793
2.0090613116855374
2.075813348796045
2.1381902523880734
2.193066927091281
2.2379432966093935
2.269444257942442
2.2879448225348673
2.2921949522385328
2.2824446546830655
2.2590689413129064
2.2221928159428694
2.1739413434247874
2.115564561906796
2.0494375438703574
1.9769353312784204
1.9019330423902097
1.8275557725760676
1.7565536057618945
1.691426618243965
1.6309247718741418
1.5766731162450025
1.5292966704306161
1.4896704611346783
1.4570444654683066
1.431918698690756
1.4144181646168401
1.4035428327280495
1.3991676992095705
1.3997927182836392
1.4052928861354412
1.4154181951353497
1.427168553727836
1.4420440076906644
1.4566694540238656
1.471544907986694
1.4875453962828455
1.5019208349864193
1.5154212469862973
1.5271716055787836
1.538046937467574
1.5462971892452775
1.5536724143192846
1.5592975859859004
1.5639227271340068
1.56742283394879
1.5710479445783867
1.5737980285042878
1.5755480819116796
1.5766731162450025
1.5787981810968352
1.580048219244972
1.582048280281991
1.5827983031708732
1.584423352763451
1.5856733909115879
1.5867984252449112
1.588048463393048
1.5890484939115572
1.5906735435041353
1.5915485702078311
1.5941736503189183
1.5964237189855648
1.5981737723929563
1.60067384868923
1.6020488906521806
1.6051739860225227
1.6067990356151007
1.6095491195410014
1.6120491958372754
1.6147992797631765
1.6180493789483323
1.6210494705038605
1.6247995849482713
1.6279246803186131
1.63154979094821
1.6356749168370617
1.6385500045777766
1.6429251380962555
1.6468002563554796
1.651050386059145
1.655800531022065
1.6603006683553576
1.664925809503464
1.6698009582811977
1.6750511185033723
1.6801762749107334
1.6856764427625355
1.6911766106143375
1.6968017822809534
1.7024269539475692
1.708802148503067
1.715177343058565
1.7201774956511124
1.7265526902066104
1.7333028962065493
1.7383030487990967
1.7440532242805262
1.7503034150212105
1.7556785790581988
1.7614287545396283
1.767803949095126
1.7739291360209968
1.7795543076876126
1.7854294869838556
1.7908046510208442
1.7955547959837643
1.800804956205939
1.8054300973540451
1.8108052613910337
1.8148053834650717
1.8199305398724328
1.8239306619464706
1.8280557878353223
1.8318059022797326
1.8359310281685843
1.8386811120944853
1.8413061922055727
1.8444312875759148
1.8470563676870022
1.848306405835139
1.850681478316599
1.8523065279091768
1.8540565813165686
1.855056611835078
1.8559316385387736
1.8559316385387736
1.8564316537980285
1.856181646168401
1.8544315927610096
1.853556566057314
1.8518065126499221
1.8500564592425306
1.8480563982055118
1.8456813257240516
1.8425562303537095
1.8389311197241127
1.8358060243537706
1.8310558793908505
1.826930753501999
1.82255561998352
1.8173054597613454
1.81305533005768
1.807930173650319
1.8025550096133305
1.7976798608355968
1.7921796929837945
1.7855544907986696
1.7803043305764947
1.774304147465438
1.7680539567247535
1.761928769798883
1.756803613391522
1.7503034150212105
1.7431781975768303
1.737803033539842
1.7313028351695303
1.725927671132542
1.7188024536881619
1.7129272743919186
1.7063020722067934
1.7008019043549913
1.6940516983550522
1.6885515305032504
1.682676351207007
1.677176183355205
1.6714260078737755
1.6661758476516009
1.6604256721701711
1.6555505233924375
1.6496753440961944
1.6444251838740198
1.639925046540727
1.6350498977629933
1.630799768059328
1.6266746421704763
1.6217994933927427
1.6176743675038912
1.613424237800226
1.609799127170629
1.6056740012817774
1.6027989135410627
1.5992988067262794
1.5970487380596332
1.594673665578173
1.590423535874508
1.5882984710226753
1.58642341380047
1.5830483108005005
1.581298257393109
1.5791731925412764
1.576548112430189
1.5747980590227975
1.5734230170598467
1.5720479750968963
1.5711729483932007
1.5697979064302499
1.568172856837672
1.5664228034302805
1.5652977690969574
1.5644227423932615
1.563422711874752
1.562297677541429
1.5614226508377331
1.5607976317636647
1.5604226203192237
1.5609226355784784
1.5592975859859004
1.5585475630970183
1.5581725516525773
1.5576725363933226
1.5565475020599995
1.554797448652608
1.5536724143192846
1.5545474410229805
1.553547410504471
1.5530473952452162
1.553922421948912
1.552672383800775
1.553547410504471
1.553922421948912
1.5532974028748436
1.55317239906003
1.5540474257637258
1.553922421948912
1.5540474257637258
1.554672444837794
1.5554224677266761
1.5550474562822352
1.554672444837794
1.5550474562822352
1.5549224524674214
1.5556724753563036
1.5550474562822352
1.5560474868007448
1.5561724906155583
1.556672505874813
1.5569225135044404
1.5570475173192542
1.5569225135044404
1.5572975249488816
1.5572975249488816
1.557797540208136
1.5581725516525773
1.5581725516525773
1.559047578356273
1.559172582171087
1.559922605059969
1.5595475936155279
1.559797601245155
1.559797601245155
1.5601726126895963
1.559922605059969
1.5604226203192237
1.561172643208106
1.5615476546525469
1.5615476546525469
1.5621726737266153
1.562297677541429
1.5614226508377331
1.561922666096988
1.562297677541429
1.561922666096988
1.5626726889858698
1.5625476851710562
1.5632977080599384
1.5640477309488205
1.5647977538377027
1.5646727500228887
1.5652977690969574
1.5655477767265848
1.5649227576525162
1.5649227576525162
1.5655477767265848
1.5667978148747217
1.5665478072450942
1.5676728415784174
1.5687978759117405
1.5692978911709952
1.5695478988006226
1.5699229102450638
1.5709229407635732
1.5711729483932007
1.5727979979857785
1.5726729941709647
1.5747980590227975
1.5755480819116796
1.57692312387463
1.5786731772820215
1.5807982421338542
1.5822982879116183
1.5841733451338236
1.5865484176152838
1.5885484786523028
1.5909235511337627
1.595173680837428
1.5979237647633289
1.6015488753929257
1.6052989898373364
1.6084240852076785
1.6129242225409712
1.6166743369853815
1.621299478133488
1.6266746421704763
1.6305497604297006
1.6367999511703848
1.6411750846888638
1.6468002563554796
1.6530504470961638
1.6596756492812892
1.6645507980590228
1.6706759849848933
1.677551194799646
1.6834263740958892
1.6895515610217597
1.6960517593920712
1.7019269386883145
1.708177129428999
1.7140523087252417
1.7188024536881619
1.7240526139103367
1.7286777550584431
1.7333028962065493
1.7370530106509599
1.7408031250953704
1.7444282357249672
1.7471783196508683
1.7495533921323283
1.7514284493545336
1.7528034913174841
1.7539285256508073
1.7541785332804345
1.7530534989471116
1.7521784722434155
1.7509284340952787
1.749678395947142
1.7465533005767997
1.7440532242805262
1.740178106021302
1.7363029877620777
1.731427838984344
1.7266776940214241
1.7226775719473861
1.7165523850215156
1.7115522324289683
1.7053020416882838
1.699676870021668
1.6928016602069156
1.6876765037995543
1.6809262977996156
1.6744260994293039
1.669175939207129
1.6630507522812585
1.656925565355388
1.6509253822443313
1.6451752067629017
1.6396750389110997
1.6345498825037386
1.629674733726005
1.625299600207526
1.6205494552446058
1.6156743064668722
1.6115491805780204
1.6080490737632376
1.6039239478743859
1.6009238563188575
1.5975487533188881
1.5949236732078005
1.5929236121707817
1.5895485091708121
1.5876734519486069
1.585298379467147
1.5836733298745689
1.58167326883755
1.5799232154301586
1.5776731467635121
1.5762981048005615
1.5739230323191016
1.5714229560228279
1.5686728720969267
1.565422772911771
1.5609226355784784
1.5560474868007448
1.5499222998748743
1.5427970824304942
1.5350468459120459
1.526171575060274
1.5164212775048067
1.506795983764153
1.4979207129123815
1.4887954344309824
1.480670186468093
1.4746700033570361
1.4714199041718803
1.4700448622089297
1.4727949461348309
1.4799201635792107
1.4922955412457657
1.5096710715048678
1.5341718192083498
1.563797723319193
1.601048860133671
1.6448001953184606
1.6960517593920712
1.7521784722434155
1.813805352946562
1.8803073824274423
1.948184453871273
2.0159365215002896
2.082813562425611
2.144815454573199
2.1995671254615923
2.241818414868618
2.272569353312784
2.2886948454237497
2.2916949369792783
2.2806946012756737
2.2551938230536823
2.2175676747947635
2.1678161564989162
2.1088143559068575
2.0415623035370953
1.9674350413525805
1.8938077944273202
1.8196805322428053
1.7490533768730736
1.6838013855403302
1.6239245582445754
1.5714229560228279
1.5245465254676962
1.4859203466902677
1.454169377727592
1.4296686300241095
1.4134181340983307
1.4027928098391673
1.3999177220984527
1.4007927488021485
1.406917935728019
1.4166682332834866
1.4292936185796687
1.443794061098056
1.4595445417645803
1.473919980468154
1.489420453505051
1.5036708883938108
1.5164212775048067
1.5282966399121067
1.53892196417127
1.5476722312082278
1.5545474410229805
1.5604226203192237
1.5652977690969574
1.5687978759117405
1.5711729483932007
1.5736730246894741
1.5756730857264931
1.5775481429486986
1.5790481887264625
1.5810482497634815
1.5814232612079226
1.5827983031708732
1.58404834131901
1.5851733756523332
1.5865484176152838
1.5877984557634206
1.5894235053559984
1.5906735435041353
1.592798608355968
1.5940486465041048
1.596298715170751
1.5985487838373975
1.6004238410596028
1.60304892117069
1.6047989745780817
1.6069240394299142
1.6095491195410014
1.6126742149113438
1.6144242683187355
1.6186743980224005
1.6216744895779291
1.6255496078371532
1.6287997070223093
1.631674794763024
1.6357999206518754
1.6391750236518448
1.6429251380962555
1.6471752677999205
1.6515504013183995
1.6563005462813196
1.660925687429426
1.6655508285775322
1.6710509964293345
1.6754261299478135
1.6813013092440567
1.6860514542069764
1.6916766258735922
1.6966767784661398
1.7035519882808923
1.7083021332438124
1.7150523392437513
1.7210525223548083
1.7276777245399335
1.7338029114658042
1.739803094576861
1.745678273873104
1.7509284340952787
1.7569286172063356
1.7621787774285103
1.7676789452803126
1.7749291665395062
1.7803043305764947
1.7861795098727378
1.7913046662800989
1.7961798150578325
1.8011799676503801
1.8060551164281138
1.8105552537614062
1.8153053987243264
1.8184304940946685
1.8244306772057253
1.8283057954649493
1.83205590990936
1.836431043427839
1.8393061311685537
1.841931211279641
1.8445562913907285
1.846806360057375
1.8489314249092075
1.8508064821314127
1.853181554612873
1.8543065889461958
1.8549316080202642
1.8558066347239601
1.855431623279519
1.855431623279519
1.8555566270943329
1.8543065889461958
1.8528065431684317
1.8521815240943633
1.8494314401684622
1.8476813867610706
1.8449313028351695
1.842306222724082
1.8383061006500443
1.8348059938352612
1.830930875576037
1.8268057496871855
1.8218055970946379
1.817430463576159
1.812305307168798
1.8074301583910641
1.8019299905392623
1.7970548417615282
1.7911796624652854
1.7846794640949737
1.7793043000579851
1.7733041169469284
1.7669289223914304
1.76080373546556
1.7539285256508073
1.7489283730582599
1.7430531937620168
1.7370530106509599
1.731052827539903
1.7240526139103367
1.7183024384289072
1.712052247688223
1.7055520493179113
1.6999268776512955
1.6935516830957975
1.6876765037995543
1.681551316873684
1.6766761680959503
1.6709259926145208
1.6658008362071597
1.6600506607257304
1.6550505081331828
1.649050325022126
1.6438001647999512
1.6388000122074038
1.6340498672444839
1.6297997375408186
1.626424634540849
1.6215494857631152
1.616549333170568
1.6122992034669026
1.6095491195410014
1.6052989898373364
1.6017988830225531
1.5990487990966522
1.596298715170751
1.5937986388744774
1.5897985168004394
1.5882984710226753
1.5856733909115879
1.5834233222449416
1.5810482497634815
1.5785481734672078
1.5757980895413068
1.5747980590227975
1.5736730246894741
1.5722979827265235
1.5702979216895046
1.569422894985809
1.568547868282113
1.5656727805413984
1.5652977690969574
1.5649227576525162
1.563047700430311
1.5626726889858698
1.5615476546525469
1.5607976317636647
1.5601726126895963
1.5607976317636647
1.5594225898007141
1.559047578356273
1.557797540208136
1.5572975249488816
1.5564224982451857
1.553922421948912
1.5549224524674214
1.5542974333933532
1.5536724143192846
1.553922421948912
1.5541724295785393
1.55317239906003
1.5541724295785393
1.5544224372081668
1.5532974028748436
1.553922421948912
1.5532974028748436
1.5534224066896571
1.5545474410229805
1.5545474410229805
1.5552974639118626
1.5550474562822352
1.555172460097049
1.5552974639118626
1.554797448652608
1.5552974639118626
1.5550474562822352
1.5564224982451857
1.5565475020599995
1.556672505874813
1.557172521134068
1.5581725516525773
1.5576725363933226
1.557172521134068
1.55792254402295
1.5575475325785089
1.558297555467391
1.5585475630970183
1.5587975707266457
1.559047578356273
1.5596725974303416
1.5595475936155279
1.5594225898007141
1.559922605059969
1.5596725974303416
1.5596725974303416
1.561047639393292
1.5604226203192237
1.5621726737266153
1.561797662282174
1.5621726737266153
1.561922666096988
1.561922666096988
1.5621726737266153
1.5631727042451247
1.5625476851710562
1.5626726889858698
1.5629226966154972
1.5635477156895659
1.5636727195043794
1.5645477462080752
1.5646727500228887
1.5647977538377027
1.5651727652821437
1.5656727805413984
1.5649227576525162
1.566297799615467
1.5669228186895352
1.5671728263191627
1.5676728415784174
1.5684228644672995
1.5690478835413677
1.569422894985809
1.5699229102450638
1.5710479445783867
1.5710479445783867
1.572547990356151
1.5735480208746606
1.5746730552079835
1.5761731009857478
1.5775481429486986
1.5791731925412764
1.5804232306894133
1.5826732993560595
1.5849233680227057
1.5869234290597247
1.5895485091708121
1.5926736045411543
1.5954236884670552
1.59829877620777
1.602673909726249
1.6059240089114046
1.61017413861507
1.6132992339854122
1.6176743675038912
1.62204950102237
1.6262996307260353
1.632299813837092
1.6369249549851985
1.641925107577746
1.6476752830591754
1.6541754814294871
1.659800653096103
1.665300820947905
1.6720510269478437
1.6780512100589007
1.6845514084292124
1.6906765953550829
1.6970517899105808
1.702926969206824
1.708802148503067
1.7143023163548692
1.7203024994659262
1.725052644428846
1.7296777855769523
1.7338029114658042
1.7370530106509599
1.7419281594286935
1.7449282509842219
1.7474283272804958
1.7499284035767695
1.752053468428602
1.7529284951322976
1.7530534989471116
1.7538035218359938
1.7530534989471116
1.7519284646137883
1.7506784264656514
1.7484283577990052
1.7459282815027315
1.743303201391644
1.7399280983916745
1.735802972502823
1.731427838984344
1.7261776787621694
1.721552537614063
1.7154273506881925
1.7101771904660177
1.7045520187994019
1.6984268318735312
1.6924266487624744
1.6865514694662314
1.680676290169988
1.6733010650959808
1.6683009125034334
1.6624257332071901
1.655800531022065
1.6499253517258217
1.6449251991332745
1.6396750389110997
1.6337998596148564
1.6289247108371228
1.6244245735038303
1.621299478133488
1.6151742912076175
1.6119241920224616
1.6072990508743554
1.603173924985504
1.6005488448744163
1.597173741874447
1.5945486617633595
1.591923581652272
1.5897985168004394
1.5869234290597247
1.5859233985412151
1.583298318430128
1.58167326883755
1.578923184911649
1.5779231543931396
1.5760480971709343
1.5740480361339153
1.5710479445783867
1.5684228644672995
1.5644227423932615
1.559922605059969
1.5557974791711173
1.5492972808008056
1.5419220557267983
1.533671803949095
1.526171575060274
1.5152962431714836
1.5060459608752708
1.4970456862086856
1.4880454115421002
1.4795451521347698
1.4746700033570361
1.4709198889126254
1.4701698660237434
1.4737949766533405
1.4800451673940245
1.4934205755790888
1.5117961363567003
1.5366718955046237
1.56742283394879
1.6056740012817774
1.6500503555406356
1.7010519119846188
1.7585536667989135
1.8206805627613147
1.886807580797754
1.9551846675008393
2.023311746574297
2.0899387798699913
2.1504406262398144
2.202567217017121
2.2454435254982146
2.2749444257942444
2.289569872127445
2.2911949217200234
2.2779445173497725
2.252443739127781
2.2131925412762845
2.1628160039063693
2.1025641651661733
2.033437055574206
1.9615598620563373
1.8861825617236854
1.8121803033539843
1.7428031861323894
1.677551194799646
1.6187994018372145
1.5659227881710258
1.5205464033936582
1.4820452284310435
1.4519193090609455
1.4282935880611591
1.4116680806909392
1.4016677755058444
1.399042695394757
1.401417767876217
1.4076679586169012
1.4186682943205053
1.4302936490981781
1.445419110690634
1.4596695455793938
1.475045014801477
1.490545487838374
1.5056709494308298
1.517921323282571
1.5291716666158026
1.5394219794305246
1.5480472426526688
1.554797448652608
1.5609226355784784
1.5655477767265848
1.568547868282113
1.5717979674672689
1.5752980742820522
1.5760480971709343
1.5774231391338847
1.5804232306894133
1.5802982268745993
1.581298257393109
1.5831733146153144
1.5845483565782648
1.5845483565782648
1.5867984252449112
1.5877984557634206
1.5892985015411847
1.5912985625782037
1.5926736045411543
1.594798669392987
1.5964237189855648
1.5985487838373975
1.6009238563188575
1.60304892117069
1.6046739707632678
1.6071740470595417
1.609799127170629
1.6119241920224616
1.6155493026520584
1.618549394207587
1.6217994933927427
1.625299600207526
1.62917471846675
1.6321748100222786
1.6356749168370617
1.6400500503555409
1.6438001647999512
1.6471752677999205
1.6521754203924681
1.6563005462813196
1.6610506912442398
1.6658008362071597
1.6714260078737755
1.6765511642811366
1.681551316873684
1.686676473281045
1.6926766563921019
1.6985518356883451
1.7035519882808923
1.7096771752067628
1.7159273659474472
1.721927549058504
1.7285527512436292
1.7338029114658042
1.73942808313242
1.7458032776879178
1.7519284646137883
1.7573036286507766
1.7636788232062746
1.7696790063173315
1.7748041627246927
1.7809293496505632
1.7866795251319927
1.7915546739097263
1.7970548417615282
1.8020549943540758
1.8074301583910641
1.8114302804651021
1.8151803949095127
1.82018054750206
1.8246806848353525
1.8286808069093905
1.8325559251686148
1.8361810357982116
1.8393061311685537
1.8421812189092686
1.844806299020356
1.8473063753166297
1.849181432538835
1.850681478316599
1.853056550798059
1.8544315927610096
1.8551816156498917
1.8559316385387736
1.8555566270943329
1.855431623279519
1.855056611835078
1.8545565965758233
1.853056550798059
1.85105648976104
1.8493064363536484
1.8475563829462571
1.8445562913907285
1.8413061922055727
1.838431104464858
1.8346809900204473
1.8306808679464095
1.8259307229834896
1.8214305856501969
1.8165554368724632
1.812305307168798
1.8066801355021822
1.801554979094821
1.7961798150578325
1.7910546586504716
1.784929471724601
1.7790542924283579
1.7735541245765558
1.7666789147618032
1.7606787316507462
1.7550535599841306
1.7490533768730736
1.7420531632435072
1.7363029877620777
1.7298027893917662
1.7236776024658955
1.717552415540025
1.7116772362437818
1.7053020416882838
1.6986768395031586
1.6931766716513565
1.6876765037995543
1.6816763206884975
1.6763011566515091
1.670050965910825
1.6645507980590228
1.6590506302072208
1.653800469985046
1.6488003173924985
1.6435501571703237
1.6390500198370312
1.6346748863185523
1.62917471846675
1.6257996154667806
1.6210494705038605
1.6171743522446362
1.6131742301705987
1.6085490890224923
1.6046739707632678
1.6015488753929257
1.599173802911466
1.5961737113559373
1.5929236121707817
1.5905485396893215
1.588048463393048
1.5854233832819604
1.582923306985687
1.5811732535782954
1.5785481734672078
1.5762981048005615
1.5747980590227975
1.5730480056154057
1.5716729636524553
1.5704229255043185
1.5690478835413677
1.567797845393231
1.566172795800653
1.5651727652821437
1.5645477462080752
1.5629226966154972
1.562297677541429
1.5614226508377331
1.5607976317636647
1.56029761650441
1.5600476088747826
1.5589225745414594
1.5584225592822047
1.5580475478377636
1.5575475325785089
1.5564224982451857
1.5536724143192846
1.5540474257637258
1.5537974181340983
1.553922421948912
1.5544224372081668
1.5537974181340983
1.553547410504471
1.5532974028748436
1.5537974181340983
1.5537974181340983
1.5534224066896571
1.5534224066896571
1.5545474410229805
1.5544224372081668
1.5544224372081668
1.5550474562822352
1.5545474410229805
1.5552974639118626
1.5550474562822352
1.5550474562822352
1.5556724753563036
1.555922482985931
1.5562974944303722
1.556797509689627
1.5561724906155583
1.5562974944303722
1.5565475020599995
1.5572975249488816
1.5581725516525773
1.5574225287636951
1.5576725363933226
1.557797540208136
1.559797601245155
1.558672566911832
1.558672566911832
1.5592975859859004
1.559922605059969
1.559797601245155
1.559922605059969
1.559922605059969
1.559922605059969
1.56029761650441
1.5614226508377331
1.5614226508377331
1.561797662282174
1.561797662282174
1.561797662282174
1.562297677541429
1.5621726737266153
1.5629226966154972
1.562297677541429
1.5627976928006837
1.5626726889858698
1.5635477156895659
1.563797723319193
1.5651727652821437
1.56504776146733
1.5644227423932615
1.5652977690969574
1.5652977690969574
1.565422772911771
1.566172795800653
1.5665478072450942
1.5672978301339764
1.567797845393231
1.5689228797265542
1.5684228644672995
1.5690478835413677
1.5704229255043185
1.5709229407635732
1.5712979522080142
1.572547990356151
1.5740480361339153
1.5762981048005615
1.5757980895413068
1.5780481582079533
1.5790481887264625
1.58167326883755
1.5827983031708732
1.5846733603930783
1.587298440504166
1.5895485091708121
1.5925486007263405
1.5952986846522417
1.5977987609485154
1.6022988982818078
1.6056740012817774
1.6096741233558154
1.6135492416150394
1.6179243751335184
1.6222995086519973
1.626424634540849
1.6314247871333964
1.6374249702444532
1.6424251228370008
1.6478002868739892
1.653800469985046
1.660550675984985
1.666050843836787
1.6723010345774711
1.678676229132969
1.6845514084292124
1.691426618243965
1.6971767937253945
1.7033019806512648
1.709177159947508
1.7149273354289376
1.7203024994659262
1.7251776482436598
1.7295527817621388
1.7341779229102452
1.7383030487990967
1.741678151799066
1.744553239539781
1.7475533310953093
1.7501784112063965
1.7519284646137883
1.7528034913174841
1.7534285103915526
1.7538035218359938
1.7528034913174841
1.7519284646137883
1.7505534226508377
1.7491783806878873
1.7464282967619862
1.7430531937620168
1.7396780907620473
1.735302957243568
1.7308028199102756
1.7264276863917967
1.7208025147251809
1.7161773735770747
1.7093021637623218
1.703676992095706
1.6983018280587177
1.6921766411328472
1.6861764580217904
1.679926267281106
1.6738010803552354
1.6683009125034334
1.6618007141331217
1.655800531022065
1.6495503402813807
1.6444251838740198
1.6391750236518448
1.6337998596148564
1.6289247108371228
1.624924588763085
1.6195494247260964
1.6152992950224312
1.611424176763207
1.6067990356151007
1.6039239478743859
1.5997988219855341
1.5965487228003785
1.594298654133732
1.591923581652272
1.5894235053559984
1.5875484481337934
1.5846733603930783
1.583298318430128
1.5815482650227364
1.5794232001709037
1.5776731467635121
1.5754230780968657
1.5736730246894741
1.5712979522080142
1.5686728720969267
1.5645477462080752
1.5600476088747826
1.5550474562822352
1.5485472579119235
1.5414220404675436
1.5335468001342816
1.5251715445417646
1.5146712240974152
1.5054209418012026
1.496045655690176
1.487420392468032
1.4796701559495833
1.4746700033570361
1.4707948850978119
1.469919858394116
1.4736699728385265
1.4817952208014162
1.4944206060975982
1.5125461592455824
1.538046937467574
1.5695478988006226
1.6077990661336101
1.6523004242072816
1.704177007354961
1.7616787621692556
1.8244306772057253
1.8905576952421645
1.9589347819452498
2.027061861018708
2.092813867610706
2.153565721610157
2.206192327646718
2.2475685903500473
2.27581945249794
2.2900698873867
2.290569902645955
2.277319498275704
2.2511937009796443
2.210942472609638
2.160065919980468
2.099439069795831
2.030811975463118
1.9578097476119267
1.882807458723716
1.8100552385021516
1.7390530716879788
1.6746761070589313
1.6162993255409406
1.5639227271340068
1.518296334727012
1.481045197912534
1.4499192480239265
1.4267935422833948
1.4107930539872433
1.4020427869502854
1.3991676992095705
1.401792779320658
1.4080429700613422
1.4182932828760644
1.4310436719870603
1.4455441145054475
1.4610445875423446
1.4757950376903592
1.4921705374309517
1.5047959227271341
1.5181713309121982
1.5295466780602436
1.5402970061342205
1.54842225409711
1.5552974639118626
1.5609226355784784
1.565422772911771
1.5686728720969267
1.5716729636524553
1.5737980285042878
1.5761731009857478
1.5777981505783258
1.578923184911649
1.5805482345042268
1.5824232917264323
1.5836733298745689
1.5841733451338236
1.5855483870967744
1.5865484176152838
1.5882984710226753
1.5900485244300668
1.5910485549485762
1.592798608355968
1.594798669392987
1.596298715170751
1.598673787652211
1.60067384868923
1.60304892117069
1.6046739707632678
1.607424054689169
1.6099241309854426
1.6140492568742943
1.61492428357799
1.6187994018372145
1.62204950102237
1.625299600207526
1.6290497146519365
1.632299813837092
1.6357999206518754
1.639925046540727
1.6435501571703237
1.647425275429548
1.6519254127628407
1.6568005615405743
1.660925687429426
1.6663008514664144
1.671176000244148
1.6764261604663229
1.681551316873684
1.6868014770958586
1.6930516678365428
1.698176824243904
1.7039269997253335
1.7103021942808314
1.7158023621326335
1.721927549058504
1.7284277474288157
1.734552934354686
1.740178106021302
1.7463032929471725
1.752053468428602
1.7581786553544725
1.7633038117618336
1.7695540025025178
1.7751791741691336
1.7815543687246316
1.7860545060579243
1.7921796929837945
1.7968048341319012
1.8019299905392623
1.8070551469466232
1.811805291909543
1.816180425428022
1.8203055513168738
1.82493069246498
1.828930814539018
1.8330559404278695
1.8365560472426528
1.8395561387981811
1.8420562150944548
1.8449313028351695
1.8470563676870022
1.848806421094394
1.8521815240943633
1.8528065431684317
1.8541815851313823
1.855056611835078
1.8560566423535876
1.8559316385387736
1.855431623279519
1.8549316080202642
1.8548066042054507
1.853181554612873
1.8513064973906674
1.8496814477980896
1.8473063753166297
1.8445562913907285
1.841931211279641
1.838056093020417
1.8345559862056338
1.8305558641315958
1.8256807153538621
1.8214305856501969
1.8169304483169042
1.8125553147984252
1.8065551316873685
1.801554979094821
1.7963048188726465
1.7901796319467758
1.7841794488357188
1.778554277169103
1.7729291055024872
1.766303903317362
1.7611787469100009
1.7546785485396894
1.7483033539841915
1.7419281594286935
1.7359279763176367
1.7299277932065797
1.7236776024658955
1.717552415540025
1.7113022247993408
1.7046770226142156
1.6986768395031586
1.6921766411328472
1.6878015076143682
1.6814263130588702
1.6768011719107638
1.6701759697256386
1.6643007904293954
1.658925626392407
1.6535504623554185
1.6481752983184301
1.643050141911069
1.6384250007629628
1.6332998443556017
1.6294247260963775
1.6255496078371532
1.6206744590594195
1.6166743369853815
1.6120491958372754
1.6092991119113744
1.6045489669484543
1.6021738944669943
1.598798791467025
1.595173680837428
1.5926736045411543
1.5901735282448806
1.5875484481337934
1.5849233680227057
1.5834233222449416
1.5805482345042268
1.5782981658375803
1.5764231086153753
1.5747980590227975
1.5730480056154057
1.5719229712820828
1.5699229102450638
1.5690478835413677
1.5676728415784174
1.5655477767265848
1.5652977690969574
1.56504776146733
1.5627976928006837
1.5620476699118016
1.5614226508377331
1.5614226508377331
1.5600476088747826
1.5600476088747826
1.5589225745414594
1.559047578356273
1.55792254402295
1.5572975249488816
1.5565475020599995
1.553922421948912
1.5540474257637258
1.553922421948912
1.5537974181340983
1.5540474257637258
1.5536724143192846
1.5537974181340983
1.5537974181340983
1.5534224066896571
1.553547410504471
1.5541724295785393
1.5541724295785393
1.5541724295785393
1.554672444837794
1.554797448652608
1.554672444837794
1.5545474410229805
1.5550474562822352
1.555922482985931
1.5550474562822352
1.555172460097049
1.55554747154149
1.5562974944303722
1.556797509689627
1.5565475020599995
1.5569225135044404
1.5574225287636951
1.5572975249488816
1.5569225135044404
1.5575475325785089
1.557797540208136
1.5575475325785089
1.5584225592822047
1.5587975707266457
1.559047578356273
1.5596725974303416
1.5595475936155279
1.5601726126895963
1.559797601245155
1.5600476088747826
1.5600476088747826
1.5604226203192237
1.56029761650441
1.561172643208106
1.5614226508377331
1.5621726737266153
1.5620476699118016
1.5616726584673606
1.5629226966154972
1.5616726584673606
1.561922666096988
1.5629226966154972
1.563422711874752
1.5635477156895659
1.564172734763634
1.5645477462080752
1.5649227576525162
1.5647977538377027
1.5649227576525162
1.5655477767265848
1.5652977690969574
1.566297799615467
1.5666728110599077
1.5679228492080448
1.5679228492080448
1.568172856837672
1.5691728873561817
1.569422894985809
1.5696729026154363
1.5704229255043185
1.5712979522080142
1.5724229865413375
1.5735480208746606
1.57454805139317
1.5767981200598165
1.5781731620227668
1.5795482039857174
1.5819232764671776
1.5831733146153144
1.5849233680227057
1.588048463393048
1.589923520615253
1.592298593096713
1.595173680837428
1.5990487990966522
1.6027989135410627
1.6064240241706595
1.61017413861507
1.6142992645039216
1.6184243903927733
1.6225495162816248
1.627174657429731
1.6325498214667196
1.6381749931333354
1.6429251380962555
1.6484253059480574
1.6548005005035553
1.660925687429426
1.6670508743552965
1.6728010498367258
1.6791762443922238
1.6853014313180945
1.6913016144291515
1.698926847132786
1.7035519882808923
1.7098021790215767
1.7158023621326335
1.7205525070955536
1.725927671132542
1.730677816095462
1.7348029419843134
1.738553056428724
1.7419281594286935
1.7450532547990356
1.747678334910123
1.750053407391583
1.7518034607989748
1.7526784875026704
1.7533035065767388
1.7539285256508073
1.7525534836878567
1.7515534531693473
1.750428418836024
1.7490533768730736
1.7453032624286628
1.7424281746879482
1.7389280678731651
1.7351779534287546
1.7305528122806482
1.7253026520584733
1.7201774956511124
1.7145523239844966
1.708802148503067
1.7030519730216378
1.697801812799463
1.691426618243965
1.6851764275032808
1.6793012482070377
1.673176061281167
1.6670508743552965
1.6610506912442398
1.6550505081331828
1.6495503402813807
1.643050141911069
1.637924985503708
1.6330498367259743
1.6286747032074953
1.6234245429853207
1.6190494094668417
1.614549272133549
1.6109241615039522
1.6060490127262186
1.602673909726249
1.5996738181707206
1.5965487228003785
1.5935486312448501
1.5909235511337627
1.5894235053559984
1.587298440504166
1.5846733603930783
1.582923306985687
1.581298257393109
1.578923184911649
1.5774231391338847
1.574923062837611
1.5734230170598467
1.5707979369487595
1.5676728415784174
1.5639227271340068
1.5592975859859004
1.5541724295785393
1.547547227393414
1.540046998504593
1.5322967619861447
1.5240465102084415
1.513921201208533
1.5042959074678794
1.4950456251716666
1.4862953581347087
1.479045136875515
1.4740449842829677
1.4706698812829981
1.4702948698385572
1.4741699880977814
1.4829202551347391
1.4974206976531268
1.5165462813196202
1.5426720786156805
1.5751730704672384
1.614174260689108
1.6606756797997986
1.7138023010956145
1.772304086428419
1.8356810205389569
1.9019330423902097
1.9704351329081087
2.0379371929074983
2.1040642109439376
2.163316019165624
2.214442579424421
2.2533187658314766
2.2793195593127233
2.2913199255348373
2.289319864497818
2.27344438001648
2.2439434797204507
2.201692190313425
2.14894058046205
2.0866886806848357
2.016686544389172
1.9428092898342846
1.8683070162053286
1.7953047883541369
1.726302682576983
1.6630507522812585
1.6055489974669637
1.5549224524674214
1.5102960905789362
1.4741699880977814
1.4442940763573107
1.4227934202093568
1.4086679891354106
1.4007927488021485
1.399042695394757
1.40254280220954
1.4099180272835474
1.4204183477278969
1.433918759727775
1.4490442213202308
1.4640446790978727
1.4795451521347698
1.494545609912412
1.5081710257271035
1.5205464033936582
1.5309217200231942
1.5419220557267983
1.5499222998748743
1.5561724906155583
1.562297677541429
1.5659227881710258
1.5691728873561817
1.5724229865413375
1.5744230475783563
1.5759230933561206
1.5782981658375803
1.5795482039857174
1.5810482497634815
1.5822982879116183
1.583298318430128
1.5846733603930783
1.5862984099856563
1.5867984252449112
1.588423474837489
1.5894235053559984
1.5912985625782037
1.5931736198004092
1.5950486770226142
1.5969237342448195
1.599173802911466
1.6016738792077396
1.6034239326151312
1.6064240241706595
1.608174077578051
1.610549150059511
1.6131742301705987
1.6159243140964994
1.6195494247260964
1.6231745353556932
1.626049623096408
1.6299247413556321
1.6334248481704154
1.6376749778740807
1.6409250770592365
1.6445501876888333
1.6488003173924985
1.6528004394665363
1.6573005767998292
1.6624257332071901
1.6678008972441787
1.6726760460219123
1.6776761986144597
1.6829263588366346
1.6884265266884364
1.693801690725425
1.6990518509475998
1.705677053132725
1.710802209540086
1.717177404095584
1.7231775872066408
1.7295527817621388
1.7355529648731955
1.7414281441694388
1.747678334910123
1.7538035218359938
1.7589286782433546
1.7649288613544114
1.7713040559099094
1.7776792504654073
1.7820543839838863
1.788054567094943
1.7933047273171179
1.7979298684652243
1.8030550248725852
1.8084301889095737
1.812305307168798
1.8171804559465317
1.820555558946501
1.8263057344279305
1.8298058412427136
1.8338059633167516
1.8370560625019074
1.8400561540574358
1.842431226538896
1.8455563219092381
1.8470563676870022
1.8494314401684622
1.851556505020295
1.8534315622425002
1.8544315927610096
1.855056611835078
1.8555566270943329
1.8558066347239601
1.8553066194647054
1.8553066194647054
1.8536815698721276
1.8529315469832455
1.8509314859462265
1.8490564287240212
1.84630634479812
1.8431812494277782
1.8409311807611317
1.8370560625019074
1.8328059327982422
1.8291808221686454
1.8253057039094212
1.8198055360576189
1.8148053834650717
1.8109302652058474
1.805180089724418
1.800804956205939
1.7948047730948822
1.7888045899838252
1.782554399243141
1.7776792504654073
1.771429059724723
1.7649288613544114
1.7585536667989135
1.7515534531693473
1.7465533005767997
1.7403031098361157
1.7344279305398724
1.7278027283547472
1.7226775719473861
1.715177343058565
1.7090521561326946
1.7030519730216378
1.6971767937253945
1.6913016144291515
1.6858014465773492
1.679926267281106
1.6745511032441176
1.6685509201330608
1.662800744651631
1.6570505691702018
1.6521754203924681
1.647050263985107
1.6416750999481187
1.6369249549851985
1.6325498214667196
1.6281746879482406
1.6241745658742028
1.6202994476149783
1.6152992950224312
1.6115491805780204
1.6072990508743554
1.6044239631336406
1.6009238563188575
1.5976737571337016
1.595173680837428
1.5920485854670858
1.5896735129856259
1.587298440504166
1.5846733603930783
1.5821732840968048
1.5801732230597858
1.5784231696523943
1.5757980895413068
1.574923062837611
1.5726729941709647
1.5707979369487595
1.5700479140598773
1.5687978759117405
1.5679228492080448
1.5659227881710258
1.5647977538377027
1.563797723319193
1.5626726889858698
1.5625476851710562
1.5616726584673606
1.5605476241340372
1.5604226203192237
1.5595475936155279
1.5592975859859004
1.5576725363933226
1.558297555467391
1.5575475325785089
1.554797448652608
1.553922421948912
1.5545474410229805
1.5537974181340983
1.5536724143192846
1.553922421948912
1.5540474257637258
1.5541724295785393
1.5537974181340983
1.5537974181340983
1.5532974028748436
1.5540474257637258
1.554797448652608
1.5540474257637258
1.5542974333933532
1.5552974639118626
1.5550474562822352
1.553922421948912
1.5550474562822352
1.555172460097049
1.5550474562822352
1.5552974639118626
1.55554747154149
1.5557974791711173
1.5561724906155583
1.556797509689627
1.5570475173192542
1.55792254402295
1.5574225287636951
1.5574225287636951
1.55792254402295
1.557797540208136
1.557172521134068
1.5589225745414594
1.559047578356273
1.559047578356273
1.5592975859859004
1.5589225745414594
1.5594225898007141
1.5600476088747826
1.5604226203192237
1.559797601245155
1.561047639393292
1.561172643208106
1.5609226355784784
1.5616726584673606
1.562297677541429
1.5621726737266153
1.5620476699118016
1.562297677541429
1.562297677541429
1.5627976928006837
1.5629226966154972
1.5640477309488205
1.5636727195043794
1.5635477156895659
1.5646727500228887
1.5645477462080752
1.5649227576525162
1.5649227576525162
1.565422772911771
1.5659227881710258
1.566172795800653
1.5671728263191627
1.5675478377636038
1.5679228492080448
1.5689228797265542
1.569422894985809
1.5702979216895046
1.5700479140598773
1.5710479445783867
1.5715479598376416
1.5729230018005922
1.5755480819116796
1.5762981048005615
1.5771731315042574
1.5786731772820215
1.5797982116153446
1.5810482497634815
1.583298318430128
1.5859233985412151
1.587923459578234
1.5901735282448806
1.5932986236152227
1.596673726615192
1.6000488296151616
1.6035489364299447
1.6071740470595417
1.6106741538743248
1.61492428357799
1.618924405652028
1.6234245429853207
1.6282996917630543
1.6346748863185523
1.6390500198370312
1.6440501724295786
1.6505503707998903
1.6561755424665061
1.6614257026886807
1.6684259163182469
1.6746761070589313
1.6809262977996156
1.6868014770958586
1.6929266640217293
1.6995518662068545
1.7058020569475387
1.7114272286141545
1.7169273964659566
1.7220525528733177
1.7269277016510514
1.7311778313547166
1.7351779534287546
1.7390530716879788
1.742553178502762
1.7464282967619862
1.7485533616138187
1.750053407391583
1.7523034760582294
1.7530534989471116
1.7538035218359938
1.7535535142063663
1.7528034913174841
1.7518034607989748
1.749678395947142
1.748053346354564
1.7450532547990356
1.7423031708731347
1.7384280526139104
1.7340529190954315
1.7291777703176978
1.7238026062807095
1.7190524613177893
1.7133022858363598
1.707677114169744
1.701801934873501
1.6961767632068852
1.6901765800958282
1.6844264046143986
1.6778012024292734
1.6714260078737755
1.665300820947905
1.6591756340220343
1.653800469985046
1.6475502792443617
1.6428001342814416
1.6365499435407576
1.6321748100222786
1.627299661244545
1.6224245124668113
1.6176743675038912
1.6135492416150394
1.6095491195410014
1.6057990050965911
1.6025489059114353
1.599173802911466
1.5954236884670552
1.5930486159855952
1.590798547318949
1.58879848628193
1.5871734366893522
1.5846733603930783
1.5824232917264323
1.5805482345042268
1.5785481734672078
1.5771731315042574
1.5744230475783563
1.572547990356151
1.5697979064302499
1.567047822504349
1.5629226966154972
1.5584225592822047
1.5530473952452162
1.5466722006897184
1.5387969603564562
1.5302967009491257
1.5204213995788447
1.5116711325418866
1.5021708426160465
1.493295571764275
1.484670308542131
1.4771700796533098
1.4726699423200171
1.4705448774681846
1.4709198889126254
1.4752950224311043
1.48429529709769
1.4999207739494005
1.5207964110232857
1.5480472426526688
1.582048280281991
1.6221745048371838
1.6689259315775018
1.7233025910214546
1.782929410687582
1.8465563524277475
1.9135583971678822
1.9828105105746636
2.0501875667592393
2.115314554277169
2.1725663014618366
2.2216928006836145
2.258568926053652
2.282569658497879
2.2920699484237193
2.2880698263496813
2.269069246498001
2.2380683004242075
2.1944419690542314
2.1394402905362107
2.076063356425672
2.00643623157445
1.931558946501053
1.8568066652424697
1.7846794640949737
1.716427381206702
1.6543004852443006
1.5975487533188881
1.5469222083193457
1.5042959074678794
1.4696698507644885
1.4411689809869686
1.420793359172338
1.4072929471724602
1.4005427411725213
1.3992927030243845
1.4029178136539813
1.4114180730613117
1.4222934049501021
1.4357938169499802
1.450544267097995
1.4656697286904508
1.481420209356975
1.496045655690176
1.5101710867641225
1.5220464491714225
1.5331717886898404
1.542422070986053
1.5500473036896878
1.557172521134068
1.5625476851710562
1.5664228034302805
1.5690478835413677
1.572547990356151
1.5751730704672384
1.5764231086153753
1.5781731620227668
1.5801732230597858
1.5811732535782954
1.5824232917264323
1.5835483260597554
1.5842983489486373
1.5859233985412151
1.5869234290597247
1.588423474837489
1.5896735129856259
1.5914235663930174
1.5935486312448501
1.5955486922818691
1.5970487380596332
1.599548814355907
1.6016738792077396
1.6044239631336406
1.6059240089114046
1.6084240852076785
1.6111741691335797
1.613424237800226
1.6166743369853815
1.6200494399853511
1.6234245429853207
1.6265496383556628
1.6302997528000733
1.6334248481704154
1.6374249702444532
1.6413000885036775
1.645050202948088
1.6496753440961944
1.6530504470961638
1.658550614947966
1.6634257637256997
1.667300881984924
1.673176061281167
1.677551194799646
1.6836763817255165
1.6886765343180639
1.6944267097994934
1.6999268776512955
1.7059270607623525
1.7114272286141545
1.7185524460585346
1.7236776024658955
1.730677816095462
1.7355529648731955
1.743303201391644
1.7471783196508683
1.7535535142063663
1.7593036896877956
1.7653038727988526
1.769929013946959
1.7769292275765252
1.7824293954283272
1.7884295785393842
1.7934297311319314
1.7985548875392925
1.8034300363170261
1.80830518509476
1.8131803338724937
1.8175554673909728
1.82255561998352
1.8268057496871855
1.8306808679464095
1.8341809747611926
1.8371810663167212
1.8401811578722496
1.8431812494277782
1.8449313028351695
1.8479313943906979
1.8500564592425306
1.8513064973906674
1.853056550798059
1.8548066042054507
1.8551816156498917
1.8559316385387736
1.8555566270943329
1.8558066347239601
1.8553066194647054
1.8540565813165686
1.8525565355388043
1.85105648976104
1.84868141727958
1.8465563524277475
1.8433062532425917
1.8406811731315043
1.8374310739463484
1.8334309518723106
1.8298058412427136
1.8250556962797937
1.82018054750206
1.8153053987243264
1.8101802423169653
1.8053050935392316
1.7999299295022433
1.7951797845393231
1.7890545976134526
1.7830544145023959
1.7774292428357799
1.771429059724723
1.7649288613544114
1.7590536820581684
1.7528034913174841
1.7470533158360546
1.740553117465743
1.7346779381694999
1.7285527512436292
1.7218025452436905
1.7156773583178198
1.7095521713919493
1.7031769768364513
1.6975518051698355
1.6913016144291515
1.6858014465773492
1.6801762749107334
1.6745511032441176
1.668800927762688
1.6631757560960723
1.6574255806146427
1.6520504165776544
1.6473002716147345
1.6423001190221869
1.6372999664296397
1.6329248329111608
1.6279246803186131
1.624049562059389
1.6201744438001648
1.6160493179113133
1.6119241920224616
1.6082990813928648
1.6046739707632678
1.6004238410596028
1.5979237647633289
1.5950486770226142
1.5921735892818996
1.5891734977263712
1.587298440504166
1.584423352763451
1.5824232917264323
1.5802982268745993
1.5786731772820215
1.5761731009857478
1.5742980437635425
1.5726729941709647
1.5712979522080142
1.5699229102450638
1.568547868282113
1.5671728263191627
1.5659227881710258
1.5647977538377027
1.563797723319193
1.5629226966154972
1.5620476699118016
1.5615476546525469
1.5604226203192237
1.5600476088747826
1.5595475936155279
1.559047578356273
1.5581725516525773
1.5580475478377636
1.5572975249488816
1.555172460097049
1.5537974181340983
1.5540474257637258
1.5536724143192846
1.5534224066896571
1.5541724295785393
1.5537974181340983
1.553547410504471
1.553547410504471
1.5540474257637258
1.5536724143192846
1.5534224066896571
1.5536724143192846
1.5541724295785393
1.5544224372081668
1.5550474562822352
1.5550474562822352
1.5549224524674214
1.5554224677266761
1.5552974639118626
1.5552974639118626
1.5552974639118626
1.55554747154149
1.5564224982451857
1.5560474868007448
1.5565475020599995
1.557172521134068
1.557172521134068
1.5575475325785089
1.557172521134068
1.5575475325785089
1.55792254402295
1.5585475630970183
1.5580475478377636
1.5589225745414594
1.559172582171087
1.5596725974303416
1.559922605059969
1.5600476088747826
1.559922605059969
1.56029761650441
1.5596725974303416
1.5605476241340372
1.5616726584673606
1.5612976470229194
1.5614226508377331
1.5621726737266153
1.5621726737266153
1.5626726889858698
1.5621726737266153
1.5626726889858698
1.5624226813562427
1.5626726889858698
1.563797723319193
1.5632977080599384
1.5640477309488205
1.5647977538377027
1.5647977538377027
1.5652977690969574
1.5647977538377027
1.5652977690969574
1.5659227881710258
1.565797784356212
1.5669228186895352
1.5672978301339764
1.5680478530228583
1.5684228644672995
1.5689228797265542
1.5700479140598773
1.570547929319132
1.5710479445783867
1.5711729483932007
1.5726729941709647
1.5740480361339153
1.5754230780968657
1.5767981200598165
1.5784231696523943
1.579673207800531
1.5814232612079226
1.58404834131901
1.5855483870967744
1.5876734519486069
1.5906735435041353
1.5930486159855952
1.596298715170751
1.6001738334299753
1.603173924985504
1.6069240394299142
1.6104241462446975
1.614549272133549
1.618549394207587
1.6230495315408795
1.627674672688986
1.6327998290963468
1.6390500198370312
1.6436751609851377
1.6493003326517535
1.655425519577624
1.6616757103183082
1.6679259010589922
1.673551072725608
1.6794262520218513
1.6858014465773492
1.6925516525772883
1.6988018433179723
1.7048020264290291
1.7105522019104589
1.7165523850215156
1.721552537614063
1.726302682576983
1.7313028351695303
1.7351779534287546
1.7388030640583514
1.7420531632435072
1.745678273873104
1.7478033387249368
1.7501784112063965
1.7519284646137883
1.753178502761925
1.7535535142063663
1.7536785180211798
1.7534285103915526
1.7516784569841608
1.750053407391583
1.7483033539841915
1.7455532700582903
1.7423031708731347
1.7389280678731651
1.734552934354686
1.7295527817621388
1.7251776482436598
1.7208025147251809
1.7141773125400557
1.7085521408734399
1.7030519730216378
1.6968017822809534
1.6905515915402693
1.6845514084292124
1.6790512405774103
1.6726760460219123
1.6665508590960418
1.6601756645405439
1.6546754966887418
1.6488003173924985
1.6431751457258827
1.6376749778740807
1.6325498214667196
1.6279246803186131
1.6234245429853207
1.6186743980224005
1.6142992645039216
1.61017413861507
1.6064240241706595
1.6024239020966218
1.599173802911466
1.5965487228003785
1.5937986388744774
1.5911735587633902
1.5897985168004394
1.5870484328745385
1.5846733603930783
1.5822982879116183
1.581298257393109
1.5786731772820215
1.57692312387463
1.5754230780968657
1.5730480056154057
1.5702979216895046
1.5679228492080448
1.564172734763634
1.5594225898007141
1.553922421948912
1.5477972350230413
1.5397969908749656
1.5315467390972626
1.522671468245491
1.5134211859492783
1.5034208807641836
1.4944206060975982
1.4859203466902677
1.478295113986633
1.473544969023713
1.4705448774681846
1.4702948698385572
1.4747950071718496
1.4836702780236213
1.4985457319864497
1.5181713309121982
1.5446721396526994
1.5775481429486986
1.6170493484298227
1.6638007751701407
1.7166773888363294
1.775804193243202
1.8393061311685537
1.905808160649434
1.9748102664265876
2.0425623340556047
2.1076893215735346
2.1668161259804073
2.217192663350322
2.2555688344981233
2.28056959746086
2.2916949369792783
2.2885698416089357
2.272569353312784
2.2426934415723134
2.200067140720847
2.146315500350963
2.083938596758934
2.013686452833644
1.9401842097231972
1.8648069093905455
1.7918046815393536
1.7231775872066408
1.6600506607257304
1.6027989135410627
1.552672383800775
1.5086710409863584
1.4724199346903897
1.4436690572832422
1.4226684163945433
1.4082929776909696
1.4004177373577074
1.3985426801355023
1.4020427869502854
1.4104180425428021
1.421168370616779
1.434293771172216
1.4495442365794855
1.4645446943571276
1.480295175023652
1.495670644245735
1.5092960600604266
1.5212964262825404
1.532546769615772
1.5421720633564255
1.5505473189489425
1.5565475020599995
1.5625476851710562
1.566297799615467
1.5696729026154363
1.5722979827265235
1.574923062837611
1.5762981048005615
1.5786731772820215
1.57929819635609
1.5807982421338542
1.5821732840968048
1.5835483260597554
1.584423352763451
1.5861734061708426
1.5874234443189794
1.5882984710226753
1.5897985168004394
1.5915485702078311
1.5934236274300364
1.594673665578173
1.596798730430006
1.599173802911466
1.6014238715781122
1.6032989288003174
1.6060490127262186
1.6080490737632376
1.6109241615039522
1.6132992339854122
1.6162993255409406
1.6196744285409101
1.6222995086519973
1.6262996307260353
1.6299247413556321
1.6337998596148564
1.6371749626148258
1.6408000732444226
1.644675191503647
1.6486753135776848
1.6530504470961638
1.657800592059084
1.6626757408368176
1.667300881984924
1.6730510574663533
1.6776761986144597
1.6833013702810755
1.689051545762505
1.6940516983550522
1.699301858577227
1.7058020569475387
1.7119272438734092
1.717552415540025
1.7234275948362683
1.7295527817621388
1.7359279763176367
1.741678151799066
1.7473033234656818
1.7530534989471116
1.7589286782433546
1.7649288613544114
1.7706790368358412
1.776679219946898
1.7820543839838863
1.7878045594653156
1.7931797235023041
1.7981798760948515
1.8033050325022126
1.8081801812799463
1.8126803186132388
1.8173054597613454
1.8211805780205697
1.8258057191686758
1.8299308450575276
1.8338059633167516
1.8369310586870937
1.8401811578722496
1.8426812341685233
1.8456813257240516
1.8478063905758844
1.8496814477980896
1.8518065126499221
1.853181554612873
1.8548066042054507
1.855056611835078
1.8563066499832148
1.8555566270943329
1.8558066347239601
1.8548066042054507
1.8544315927610096
1.8524315317239908
1.85105648976104
1.849181432538835
1.846806360057375
1.8431812494277782
1.8411811883907592
1.8369310586870937
1.833305948057497
1.829305825983459
1.8254307077242347
1.8203055513168738
1.816180425428022
1.810305246131779
1.805555101168859
1.7999299295022433
1.7949297769096957
1.789679616687521
1.7834294259468366
1.7768042237617114
1.7709290444654684
1.7653038727988526
1.759553697317423
1.7530534989471116
1.7466783043916136
1.740553117465743
1.734552934354686
1.7289277626880704
1.7220525528733177
1.715552354503006
1.7096771752067628
1.7030519730216378
1.6966767784661398
1.6913016144291515
1.6856764427625355
1.6801762749107334
1.6740510879848627
1.6685509201330608
1.663300759910886
1.6571755729850153
1.6520504165776544
1.6471752677999205
1.6418001037629322
1.6370499588000123
1.6329248329111608
1.628049684133427
1.6237995544297616
1.6195494247260964
1.6155493026520584
1.611424176763207
1.6084240852076785
1.6040489516891996
1.60067384868923
1.5972987456892607
1.595173680837428
1.5920485854670858
1.5892985015411847
1.5874234443189794
1.5855483870967744
1.5824232917264323
1.5797982116153446
1.5781731620227668
1.5759230933561206
1.5742980437635425
1.5727979979857785
1.5711729483932007
1.5696729026154363
1.5687978759117405
1.5672978301339764
1.5659227881710258
1.5647977538377027
1.5635477156895659
1.563047700430311
1.561797662282174
1.561172643208106
1.56029761650441
1.56029761650441
1.559922605059969
1.559047578356273
1.5585475630970183
1.5585475630970183
1.5575475325785089
1.5552974639118626
1.5532974028748436
1.553922421948912
1.5532974028748436
1.5536724143192846
1.5542974333933532
1.5541724295785393
1.5537974181340983
1.5534224066896571
1.5537974181340983
1.5536724143192846
1.553922421948912
1.553922421948912
1.5541724295785393
1.5544224372081668
1.554672444837794
1.555172460097049
1.555922482985931
1.5556724753563036
1.5556724753563036
1.55554747154149
1.5554224677266761
1.5556724753563036
1.5561724906155583
1.5562974944303722
1.5570475173192542
1.5569225135044404
1.5570475173192542
1.5575475325785089
1.5572975249488816
1.557797540208136
1.5574225287636951
1.558297555467391
1.5576725363933226
1.5589225745414594
1.5592975859859004
1.5600476088747826
1.5600476088747826
1.5592975859859004
1.5601726126895963
1.5609226355784784
1.5595475936155279
1.5605476241340372
1.5609226355784784
1.5616726584673606
1.5614226508377331
1.5621726737266153
1.561922666096988
1.5626726889858698
1.562297677541429
1.5626726889858698
1.5620476699118016
1.5631727042451247
1.5639227271340068
1.5635477156895659
1.5640477309488205
1.5645477462080752
1.5649227576525162
1.5646727500228887
1.5652977690969574
1.565797784356212
1.5656727805413984
1.566297799615467
1.5665478072450942
1.5682978606524856
1.5684228644672995
1.5687978759117405
1.569422894985809
1.5697979064302499
1.5704229255043185
1.5711729483932007
1.5717979674672689
1.572547990356151
1.5739230323191016
1.5755480819116796
1.5764231086153753
1.5781731620227668
1.580048219244972
1.5819232764671776
1.5834233222449416
1.5854233832819604
1.588423474837489
1.590298532059694
1.5930486159855952
1.596298715170751
1.599548814355907
1.6029239173558765
1.6071740470595417
1.6102991424298836
1.6144242683187355
1.6194244209112827
1.6237995544297616
1.6287997070223093
1.6330498367259743
1.638299996948149
1.6441751762443924
1.6498003479110082
1.6560505386516924
1.6615507065034945
1.6679259010589922
1.6744260994293039
1.6804262825403606
1.6864264656514176
1.6926766563921019
1.6991768547624133
1.7050520340586566
1.7109272133548998
1.7166773888363294
1.7220525528733177
1.727052705465865
1.731052827539903
1.735427961058382
1.7391780755027926
1.7424281746879482
1.746053285317545
1.7478033387249368
1.750428418836024
1.752053468428602
1.7535535142063663
1.7534285103915526
1.7530534989471116
1.7529284951322976
1.7523034760582294
1.749678395947142
1.7483033539841915
1.7448032471694084
1.7420531632435072
1.7384280526139104
1.7341779229102452
1.7305528122806482
1.7248026367992186
1.7190524613177893
1.7141773125400557
1.7078021179845577
1.7023019501327556
1.6961767632068852
1.690301583910642
1.6844264046143986
1.6783012176885281
1.6720510269478437
1.6658008362071597
1.6593006378368482
1.6540504776146734
1.6480502945036166
1.6423001190221869
1.6371749626148258
1.632424817651906
1.6269246498001038
1.6225495162816248
1.6176743675038912
1.6142992645039216
1.609799127170629
1.6057990050965911
1.6020488906521806
1.598798791467025
1.5970487380596332
1.5934236274300364
1.5911735587633902
1.5886734824671163
1.5862984099856563
1.586048402356029
1.5824232917264323
1.5806732383190405
1.5787981810968352
1.5766731162450025
1.5757980895413068
1.5726729941709647
1.5699229102450638
1.5665478072450942
1.5631727042451247
1.5584225592822047
1.5530473952452162
1.5469222083193457
1.53892196417127
1.5309217200231942
1.521796441541795
1.5114211249122593
1.5021708426160465
1.493295571764275
1.4849203161717581
1.4772950834681233
1.4725449385052034
1.4701698660237434
1.4710448927274393
1.4761700491348004
1.4859203466902677
1.5001707815790275
1.5210464186529131
1.5485472579119235
1.582048280281991
1.6224245124668113
1.671301004058962
1.7245526291695914
1.7838044373912778
1.8470563676870022
1.914933439130833
1.9841855525376142
2.0509375896481217
2.11568956572161
2.1736913357951595
2.222942838831752
2.2601939756462293
2.2828196661275064
2.2923199560533463
2.2876948149052403
2.268819238868374
2.237318277535325
2.193066927091281
2.1383152562028873
2.0745633106479078
2.004436170537431
1.9298088930936614
1.8548066042054507
1.7830544145023959
1.7145523239844966
1.651800408948027
1.5955486922818691
1.5461721854304635
1.5036708883938108
1.4682948088015382
1.4401689504684592
1.420043336283456
1.4067929319132053
1.4002927335428939
1.3985426801355023
1.4035428327280495
1.4117930845057527
1.4230434278389843
1.4365438398388624
1.4510442823572498
1.4670447706534013
1.482295236060671
1.4970456862086856
1.51042109439375
1.5230464796899321
1.5334217963194676
1.5430470900601214
1.5512973418378246
1.5576725363933226
1.5629226966154972
1.5669228186895352
1.570547929319132
1.5730480056154057
1.57454805139317
1.57692312387463
1.5787981810968352
1.5801732230597858
1.580923245948668
1.5824232917264323
1.5831733146153144
1.5847983642078922
1.5859233985412151
1.587298440504166
1.5886734824671163
1.5900485244300668
1.591923581652272
1.5931736198004092
1.5945486617633595
1.5974237495040742
1.5992988067262794
1.6020488906521806
1.6035489364299447
1.6065490279854733
1.6085490890224923
1.6111741691335797
1.6131742301705987
1.6172993560594502
1.6197994323557239
1.623299539170507
1.6265496383556628
1.630424756614887
1.634299874874111
1.6370499588000123
1.6411750846888638
1.6455502182073427
1.649050325022126
1.654550492873928
1.658550614947966
1.663300759910886
1.667675893429365
1.6739260841700492
1.678676229132969
1.6835513779107028
1.689051545762505
1.6945517136143071
1.699801873836482
1.7064270760216071
1.7130522782067326
1.7185524460585346
1.7241776177251504
1.730677816095462
1.7368030030213324
1.7414281441694388
1.7484283577990052
1.7545535447248757
1.7598037049470505
1.765803888058107
1.7719290749839778
1.7773042390209661
1.7831794183172094
1.7883045747245705
1.7941797540208135
1.7991799066133611
1.8045550706503495
1.809055207983642
1.8131803338724937
1.8179304788354138
1.8223056123538928
1.8268057496871855
1.8305558641315958
1.83443098239082
1.8378060853907896
1.840806176946318
1.842806237983337
1.8456813257240516
1.8480563982055118
1.8499314554277169
1.8519315164647359
1.852681539353618
1.8546816003906368
1.8556816309091464
1.856181646168401
1.856181646168401
1.8555566270943329
1.8551816156498917
1.8536815698721276
1.8523065279091768
1.851181493575854
1.8485564134647665
1.8460563371684928
1.8434312570574054
1.840306161687063
1.8369310586870937
1.8323059175389873
1.8288058107242042
1.8246806848353525
1.8186805017242957
1.8148053834650717
1.809805230872524
1.8044300668355358
1.7991799066133611
1.7934297311319314
1.7881795709097568
1.7815543687246316
1.7760542008728295
1.7704290292062137
1.7645538499099704
1.7580536515396588
1.7530534989471116
1.746053285317545
1.7396780907620473
1.7335529038361768
1.7271777092806788
1.7208025147251809
1.7149273354289376
1.708802148503067
1.701676931058687
1.6963017670216987
1.6905515915402693
1.6844264046143986
1.6781762138737144
1.6740510879848627
1.6675508896145512
1.6620507217627492
1.656925565355388
1.6515504013183995
1.6460502334665976
1.6411750846888638
1.6360499282815029
1.631674794763024
1.6275496688741722
1.6230495315408795
1.6194244209112827
1.6150492873928037
1.6107991576891385
1.6072990508743554
1.6037989440595721
1.6004238410596028
1.5970487380596332
1.594798669392987
1.5916735740226449
1.5890484939115572
1.5869234290597247
1.5839233375041963
1.5817982726523636
1.5795482039857174
1.5777981505783258
1.5754230780968657
1.5732980132450332
1.5731730094302194
1.5706729331339457
1.5695478988006226
1.5682978606524856
1.56742283394879
1.5655477767265848
1.5649227576525162
1.563047700430311
1.561797662282174
1.561922666096988
1.5612976470229194
1.5604226203192237
1.5596725974303416
1.559047578356273
1.558672566911832
1.5585475630970183
1.55792254402295
1.5576725363933226
1.5540474257637258
1.5534224066896571
1.553547410504471
1.5542974333933532
1.553922421948912
1.553547410504471
1.5540474257637258
1.552797387615589
1.5534224066896571
1.5536724143192846
1.553547410504471
1.5542974333933532
1.553922421948912
1.5542974333933532
1.554672444837794
1.5550474562822352
1.5545474410229805
1.554797448652608
1.555172460097049
1.5554224677266761
1.5561724906155583
1.5549224524674214
1.5561724906155583
1.5561724906155583
1.5564224982451857
1.5565475020599995
1.5574225287636951
1.5574225287636951
1.5569225135044404
1.5574225287636951
1.5581725516525773
1.557797540208136
1.558297555467391
1.5576725363933226
1.559047578356273
1.559047578356273
1.5592975859859004
1.559797601245155
1.5600476088747826
1.5600476088747826
1.56029761650441
1.5605476241340372
1.5604226203192237
1.561047639393292
1.5607976317636647
1.5614226508377331
1.562297677541429
1.561797662282174
1.5614226508377331
1.5631727042451247
1.5620476699118016
1.562297677541429
1.5629226966154972
1.563047700430311
1.5636727195043794
1.563797723319193
1.5645477462080752
1.5647977538377027
1.565422772911771
1.5659227881710258
1.5659227881710258
1.5656727805413984
1.566172795800653
1.567047822504349
1.5672978301339764
1.5679228492080448
1.568172856837672
1.5695478988006226
1.5692978911709952
1.5702979216895046
1.5714229560228279
1.5720479750968963
1.5727979979857785
1.5740480361339153
1.5756730857264931
1.5770481276894437
1.578923184911649
1.5797982116153446
1.58167326883755
1.5835483260597554
1.5866734214300973
1.5882984710226753
1.5906735435041353
1.594298654133732
1.5970487380596332
1.6002988372447888
1.6041739555040133
1.6080490737632376
1.612174199652089
1.6155493026520584
1.6201744438001648
1.6247995849482713
1.629299722281564
1.6346748863185523
1.640300057985168
1.645050202948088
1.6506753746147038
1.6573005767998292
1.6630507522812585
1.669300943021943
1.6759261452070682
1.6820513321329387
1.6875514999847407
1.6945517136143071
1.7014269234290598
1.7063020722067934
1.7126772667622914
1.718427442243721
1.7229275795770134
1.7268026978362376
1.7316778466139713
1.7369280068361461
1.740178106021302
1.7431781975768303
1.7468033082064272
1.7488033692434461
1.7508034302804651
1.7526784875026704
1.753178502761925
1.754053529465621
1.7526784875026704
1.753178502761925
1.7513034455397198
1.7494283883175148
1.7473033234656818
1.7449282509842219
1.7411781365398113
1.737803033539842
1.734552934354686
1.7285527512436292
1.7233025910214546
1.7180524307992797
1.7119272438734092
1.7063020722067934
1.7003018890957367
1.6953017365031893
1.6886765343180639
1.6829263588366346
1.6773011871700187
1.6709259926145208
1.6643007904293954
1.6584256111331521
1.6524254280220954
1.6464252449110386
1.6408000732444226
1.6357999206518754
1.630799768059328
1.625674611651967
1.6214244819483017
1.6170493484298227
1.6126742149113438
1.6087990966521197
1.6046739707632678
1.601173863948485
1.598798791467025
1.5954236884670552
1.592298593096713
1.5894235053559984
1.5885484786523028
1.58642341380047
1.5837983336893826
1.5821732840968048
1.5802982268745993
1.5782981658375803
1.5761731009857478
1.5740480361339153
1.5719229712820828
1.5691728873561817
1.5664228034302805
1.5616726584673606
1.5584225592822047
1.5514223456526384
1.5451721549119541
1.53654689168981
1.5289216589861752
1.519796380504776
1.509546067690054
1.4994207586901458
1.4907954954680014
1.483045258949553
1.4772950834681233
1.4722949308755762
1.4696698507644885
1.4720449232459487
1.4775450910977508
1.489295449690237
1.5046709189123204
1.5274216132084109
1.555922482985931
1.5917985778374584
1.6341748710592976
1.6828013550218206
1.738553056428724
1.7990549027985472
1.8639318826868496
1.931558946501053
2.000311044648579
2.067313089388714
2.130565019684439
2.1866917325357833
2.232943144016846
2.2663191625721
2.286194769127476
2.2925699636829737
2.2841947080904568
2.263069063386944
2.227567979979858
2.180566545609912
2.1234398022400587
2.0585628223517562
1.986560625019074
1.9114333323160497
1.8378060853907896
1.7656788842432936
1.6990518509475998
1.6376749778740807
1.583298318430128
1.5350468459120459
1.49379558702353
1.4610445875423446
1.435043794061098
1.4166682332834866
1.4046678670613728
1.3997927182836392
1.3999177220984527
1.4056678975798824
1.4139181493575854
1.4259185155796992
1.4399189428388317
1.4551694082461013
1.4706698812829981
1.4875453962828455
1.5001707815790275
1.5137961973937193
1.525796563615833
1.5359218726157415
1.5452971587267679
1.55317239906003
1.5585475630970183
1.5640477309488205
1.5675478377636038
1.5719229712820828
1.5734230170598467
1.5757980895413068
1.5766731162450025
1.5784231696523943
1.5806732383190405
1.5810482497634815
1.5827983031708732
1.5839233375041963
1.5850483718375195
1.5855483870967744
1.5881734672078616
1.5890484939115572
1.590423535874508
1.5917985778374584
1.5939236426892909
1.5957986999114964
1.5974237495040742
1.5999238258003479
1.6020488906521806
1.6039239478743859
1.6066740318002868
1.6091741080965607
1.611799188207648
1.6140492568742943
1.6167993408001955
1.6205494552446058
1.6239245582445754
1.6275496688741722
1.6312997833185827
1.6350498977629933
1.6394250312814722
1.6425501266518143
1.6460502334665976
1.6500503555406356
1.6548005005035553
1.6596756492812892
1.6643007904293954
1.6689259315775018
1.6748011108737448
1.6794262520218513
1.6838013855403302
1.6906765953550829
1.6964267708365124
1.701676931058687
1.7074271065401168
1.7135522934659873
1.7189274575029754
1.7256776635029145
1.7320528580584125
1.7379280373546557
1.743303201391644
1.7501784112063965
1.755553575243385
1.7611787469100009
1.7669289223914304
1.773804132206183
1.7788042847987304
1.7846794640949737
1.7901796319467758
1.7951797845393231
1.8014299752800074
1.8058051087984863
1.8095552232428969
1.814305368205817
1.818555497909482
1.8236806543168431
1.8275557725760676
1.8314308908352916
1.8349309976500747
1.8385561082796718
1.840806176946318
1.8436812646870329
1.8465563524277475
1.84868141727958
1.8503064668721578
1.8521815240943633
1.8540565813165686
1.8549316080202642
1.8556816309091464
1.856181646168401
1.8559316385387736
1.8555566270943329
1.8548066042054507
1.8539315775017549
1.8528065431684317
1.8499314554277169
1.8476813867610706
1.8454313180944242
1.842431226538896
1.8398061464278084
1.8359310281685843
1.831305887020478
1.8275557725760676
1.8231806390575884
1.8176804712057864
1.8136803491317484
1.8088052003540147
1.8034300363170261
1.7979298684652243
1.7930547196874904
1.7868045289468062
1.7808043458357494
1.7749291665395062
1.7690539872432631
1.762803796502579
1.756803613391522
1.7516784569841608
1.7441782280953397
1.7381780449842832
1.7324278695028534
1.7260526749473555
1.7193024689474166
1.7134272896511735
1.7074271065401168
1.7010519119846188
1.6951767326883755
1.6886765343180639
1.683926389355144
1.677926206244087
1.6721760307626576
1.666425855281228
1.6608006836146123
1.6556755272072514
1.6506753746147038
1.6455502182073427
1.6401750541703544
1.635924924466689
1.6309247718741418
1.6270496536149175
1.6219244972075564
1.6184243903927733
1.6151742912076175
1.6104241462446975
1.6066740318002868
1.6029239173558765
1.5996738181707206
1.5961737113559373
1.5941736503189183
1.5911735587633902
1.58879848628193
1.586048402356029
1.5835483260597554
1.5817982726523636
1.5791731925412764
1.5772981353190711
1.5754230780968657
1.5736730246894741
1.5719229712820828
1.5707979369487595
1.5691728873561817
1.5679228492080448
1.566172795800653
1.5667978148747217
1.564172734763634
1.5635477156895659
1.5621726737266153
1.5614226508377331
1.5595475936155279
1.56029761650441
1.559922605059969
1.5595475936155279
1.5594225898007141
1.5589225745414594
1.5575475325785089
1.5576725363933226
1.5541724295785393
1.5537974181340983
1.5542974333933532
1.5540474257637258
1.5532974028748436
1.553922421948912
1.5540474257637258
1.5536724143192846
1.5549224524674214
1.5542974333933532
1.5534224066896571
1.5540474257637258
1.5541724295785393
1.5544224372081668
1.5544224372081668
1.5545474410229805
1.5550474562822352
1.5552974639118626
1.5549224524674214
1.5557974791711173
1.5552974639118626
1.5557974791711173
1.5561724906155583
1.556672505874813
1.5570475173192542
1.556797509689627
1.5575475325785089
1.5575475325785089
1.5580475478377636
1.5572975249488816
1.55792254402295
1.5570475173192542
1.5580475478377636
1.558672566911832
1.5589225745414594
1.5589225745414594
1.559797601245155
1.559922605059969
1.5604226203192237
1.559797601245155
1.5605476241340372
1.5596725974303416
1.5607976317636647
1.561797662282174
1.5607976317636647
1.5615476546525469
1.562297677541429
1.5620476699118016
1.561922666096988
1.5621726737266153
1.5631727042451247
1.5625476851710562
1.5627976928006837
1.563422711874752
1.5635477156895659
1.5639227271340068
1.5647977538377027
1.5651727652821437
1.5651727652821437
1.565422772911771
1.5659227881710258
1.5656727805413984
1.5664228034302805
1.5667978148747217
1.5671728263191627
1.5679228492080448
1.5691728873561817
1.5695478988006226
1.5700479140598773
1.570547929319132
1.5720479750968963
1.5720479750968963
1.5729230018005922
1.5740480361339153
1.5757980895413068
1.5771731315042574
1.5781731620227668
1.5802982268745993
1.5822982879116183
1.5841733451338236
1.5865484176152838
1.5889234900967437
1.5911735587633902
1.5949236732078005
1.5979237647633289
1.6005488448744163
1.6040489516891996
1.608174077578051
1.612174199652089
1.6164243293557543
1.6202994476149783
1.625174596392712
1.6299247413556321
1.635174901577807
1.640300057985168
1.645925229651784
1.6520504165776544
1.6580505996887114
1.6639257789849544
1.6701759697256386
1.6759261452070682
1.6829263588366346
1.6885515305032504
1.6945517136143071
1.7010519119846188
1.7071770989104893
1.7130522782067326
1.7189274575029754
1.7233025910214546
1.727927732169561
1.7329278847621081
1.7368030030213324
1.7400531022064882
1.743303201391644
1.7466783043916136
1.7490533768730736
1.7510534379100926
1.7525534836878567
1.7535535142063663
1.7543035370952484
1.7533035065767388
1.752428479873043
1.7509284340952787
1.7498033997619558
1.7469283120212409
1.7449282509842219
1.7410531327249978
1.7368030030213324
1.7328028809472946
1.727927732169561
1.7228025757621999
1.717552415540025
1.712052247688223
1.7059270607623525
1.7000518814661092
1.6940516983550522
1.6886765343180639
1.6824263435773796
1.6764261604663229
1.6706759849848933
1.6641757866145819
1.6580505996887114
1.6520504165776544
1.6458002258369702
1.64105008087405
1.6354249092074344
1.631174779503769
1.6255496078371532
1.6211744743186742
1.6162993255409406
1.6124242072817165
1.6084240852076785
1.605048982207709
1.601048860133671
1.5980487685781428
1.5954236884670552
1.5926736045411543
1.5900485244300668
1.587923459578234
1.5862984099856563
1.58404834131901
1.58167326883755
1.580923245948668
1.5780481582079533
1.5762981048005615
1.5739230323191016
1.5717979674672689
1.5691728873561817
1.5659227881710258
1.5621726737266153
1.5569225135044404
1.5509223303933837
1.5446721396526994
1.5367968993194372
1.5276716208380383
1.5185463423566392
1.5085460371715445
1.500045777764214
1.490545487838374
1.4825452436902982
1.4761700491348004
1.4717949156163215
1.4702948698385572
1.4720449232459487
1.4780451063570055
1.4887954344309824
1.505170934171575
1.528171636097293
1.5574225287636951
1.5925486007263405
1.6354249092074344
1.684676412244026
1.740553117465743
1.8011799676503801
1.8660569475386823
1.9340590227973264
2.0026861171300396
2.069563158055361
2.132065065462203
2.188191778313547
2.2340681783501695
2.2669441816461684
2.286569780571917
2.2923199560533463
2.283819696646016
2.2618190252388075
2.2264429456465344
2.1793165074617757
2.1214397412030395
2.05631275368511
1.984560563982055
1.9095582750938445
1.8350560014648885
1.7641788384655293
1.6971767937253945
1.6364249397259438
1.580923245948668
1.533671803949095
1.4931705679494613
1.4602945646534624
1.4340437635425884
1.4161682180242319
1.4046678670613728
1.399417706839198
1.3995427106540117
1.4055428937650685
1.4141681569872129
1.4260435193945127
1.4399189428388317
1.4554194158757288
1.4710448927274393
1.4862953581347087
1.5005457930234687
1.513921201208533
1.5259215674306468
1.5364218878749962
1.5449221472823267
1.552797387615589
1.5587975707266457
1.563797723319193
1.567797845393231
1.5714229560228279
1.5734230170598467
1.5752980742820522
1.576548112430189
1.5782981658375803
1.5795482039857174
1.581298257393109
1.5825482955412458
1.5839233375041963
1.5851733756523332
1.586048402356029
1.587298440504166
1.5892985015411847
1.590423535874508
1.5925486007263405
1.5939236426892909
1.5957986999114964
1.5977987609485154
1.5997988219855341
1.6020488906521806
1.6042989593188268
1.6067990356151007
1.609049104281747
1.6119241920224616
1.6144242683187355
1.6170493484298227
1.620924466689047
1.6241745658742028
1.627674672688986
1.6312997833185827
1.6347998901333658
1.63867500839259
1.6421751152073734
1.6465502487258523
1.6503003631702629
1.6550505081331828
1.6595506454664755
1.6643007904293954
1.6694259468367565
1.6745511032441176
1.6796762596514787
1.6845514084292124
1.6913016144291515
1.6966767784661398
1.7015519272438735
1.7075521103549303
1.7139273049104282
1.7194274727622303
1.7258026673177282
1.7321778618732262
1.7381780449842832
1.7439282204657125
1.749678395947142
1.7556785790581988
1.7610537430951874
1.7669289223914304
1.7730541093173011
1.7788042847987304
1.7844294564653462
1.7901796319467758
