1.7360529801324502
1.734552934354686
1.7328028809472946
1.7305528122806482
1.7273027130954923
1.7236776024658955
1.7194274727622303
1.7145523239844966
1.708802148503067
1.702176946317942
1.6961767632068852
1.6891765495773186
1.681926328318125
1.6763011566515091
1.6683009125034334
1.6611756950590533
1.6541754814294871
1.6469252601702933
1.6396750389110997
1.6332998443556017
1.6270496536149175
1.6194244209112827
1.614549272133549
1.6080490737632376
1.6040489516891996
1.5980487685781428
1.5935486312448501
1.5886734824671163
1.5849233680227057
1.5805482345042268
1.5771731315042574
1.5729230018005922
1.5696729026154363
1.5665478072450942
1.5629226966154972
1.558672566911832
1.5544224372081668
1.54842225409711
1.541672048097171
1.5341718192083498
1.5249215369121372
1.5154212469862973
1.5041709036530655
1.493670583208716
1.4824202398754844
1.4702948698385572
1.4595445417645803
1.4515442976165045
1.4467941526535844
1.4464191412091434
1.452544328135014
1.4649197058015686
1.4844203009125034
1.5129211706900234
1.5486722617267374
1.5931736198004092
1.6463002410962249
1.7085521408734399
1.7795543076876126
1.8586817224646748
1.9408092287972656
2.0216866969817198
2.0958139591662346
2.1601909237952817
2.2110674764244513
2.2473185827204203
2.2660691549424725
2.2731943723868526
2.2558188421277503
2.216817651905881
2.163316019165624
2.097189001129185
2.021811700796533
1.9419342631305887
1.8591817377239297
1.776679219946898
1.6971767937253945
1.6255496078371532
1.560672627948851
1.5062959685048982
1.463169652394177
1.4289186071352276
1.4046678670613728
1.3900424207281719
1.3837922299874874
1.3832922147282327
1.389917416913358
1.4020427869502854
1.418043275246437
1.4361688283944214
1.4535443586535233
1.4712949003570666
1.487295388653218
1.5027958616901151
1.5161712698751793
1.5287966551713614
1.5377969298379466
1.5457971739860226
1.5521723685415205
1.5569225135044404
1.5609226355784784
1.5639227271340068
1.5660477919858395
1.5690478835413677
1.5710479445783867
1.5741730399487288
1.5762981048005615
1.5790481887264625
1.5817982726523636
1.583298318430128
1.5861734061708426
1.589923520615253
1.592423596911527
1.5950486770226142
1.5992988067262794
1.60304892117069
1.6067990356151007
1.6112991729483932
1.6157993102816859
1.6192994170964692
1.6245495773186438
1.6290497146519365
1.634299874874111
1.6390500198370312
1.6448001953184606
1.6500503555406356
1.6560505386516924
1.6616757103183082
1.6689259315775018
1.6745511032441176
1.6810513016144293
1.6874264961699272
1.6943017059846797
1.700176885280923
1.7085521408734399
1.7145523239844966
1.7216775414288765
1.7286777550584431
1.7361779839472642
1.743303201391644
1.7495533921323283
1.7573036286507766
1.7633038117618336
1.7706790368358412
1.7769292275765252
1.7833044221320231
1.7898046205023346
1.7958048036133916
1.8014299752800074
1.807180150761437
1.8124303109836117
1.8165554368724632
1.8216805932798243
1.8244306772057253
1.8291808221686454
1.8328059327982422
1.8355560167241434
1.838806115909299
1.8405561693166905
1.842306222724082
1.8441812799462873
1.8439312723166599
1.8441812799462873
1.8436812646870329
1.8431812494277782
1.8416812036500139
1.8413061922055727
1.8391811273537402
1.8365560472426528
1.8339309671315653
1.8310558793908505
1.8260557267983033
1.8215555894650106
1.817055452131718
1.8114302804651021
1.8064301278725547
1.801554979094821
1.7955547959837643
1.7894296090578936
1.783679433576464
1.7773042390209661
1.7703040253914
1.7641788384655293
1.7565536057618945
1.7490533768730736
1.7426781823175757
1.7361779839472642
1.7288027588732566
1.721927549058504
1.7146773277993104
1.7085521408734399
1.7004268929105502
1.6933016754661703
1.686301461836604
1.6790512405774103
1.6725510422070986
1.666800866725669
1.6599256569109164
1.6531754509109775
1.6475502792443617
1.6411750846888638
1.635924924466689
1.6305497604297006
1.6244245735038303
1.6192994170964692
1.6144242683187355
1.6104241462446975
1.60542399365215
1.6015488753929257
1.5979237647633289
1.5949236732078005
1.5910485549485762
1.58642341380047
1.5835483260597554
1.5801732230597858
1.5776731467635121
1.5754230780968657
1.5729230018005922
1.570547929319132
1.5686728720969267
1.567047822504349
1.5644227423932615
1.5632977080599384
1.5615476546525469
1.5596725974303416
1.5585475630970183
1.5574225287636951
1.556797509689627
1.555922482985931
1.5550474562822352
1.5536724143192846
1.5536724143192846
1.5529223914304024
1.5522973723563342
1.5520473647267068
1.5521723685415205
1.5499222998748743
1.5514223456526384
1.5506723227637564
1.5509223303933837
1.5512973418378246
1.55079732657857
1.5509223303933837
1.5505473189489425
1.550422315134129
1.549547288430433
1.5509223303933837
1.5511723380230111
1.5509223303933837
1.5510473342081972
1.5516723532822658
1.5511723380230111
1.5511723380230111
1.5517973570970793
1.5521723685415205
1.5520473647267068
1.5529223914304024
1.5536724143192846
1.5530473952452162
1.5545474410229805
1.5554224677266761
1.5561724906155583
1.557797540208136
1.55792254402295
1.5594225898007141
1.559797601245155
1.5615476546525469
1.564297738578448
1.5652977690969574
1.567797845393231
1.5700479140598773
1.572547990356151
1.5766731162450025
1.5785481734672078
1.582048280281991
1.5849233680227057
1.5895485091708121
1.5939236426892909
1.5990487990966522
1.6039239478743859
1.6096741233558154
1.6155493026520584
1.621299478133488
1.627174657429731
1.633674855800043
1.6401750541703544
1.6475502792443617
1.653800469985046
1.6614257026886807
1.6683009125034334
1.6758011413922544
1.6824263435773796
1.6898015686513872
1.6955517441328165
1.7024269539475692
1.708177129428999
1.7136772972808008
1.7188024536881619
1.7233025910214546
1.7276777245399335
1.7309278237250891
1.7336779076509903
1.7346779381694999
1.736552995391705
1.7366779992065189
1.736552995391705
1.7350529496139409
1.7329278847621081
1.731052827539903
1.7276777245399335
1.723927610095523
1.7196774803918575
1.7149273354289376
1.7086771446882534
1.7028019653920103
1.6960517593920712
1.689051545762505
1.6821763359477524
1.675676137577441
1.6686759239478743
1.6610506912442398
1.6540504776146734
1.6471752677999205
1.640300057985168
1.633674855800043
1.6267996459852903
1.6206744590594195
1.6142992645039216
1.6085490890224923
1.603173924985504
1.5984237800225838
1.5932986236152227
1.5890484939115572
1.5842983489486373
1.580048219244972
1.57692312387463
1.5726729941709647
1.5690478835413677
1.566172795800653
1.563047700430311
1.5585475630970183
1.553922421948912
1.5481722464674825
1.5417970519119846
1.5346718344676047
1.5245465254676962
1.5150462355418564
1.5045459150975067
1.4935455793939025
1.4819202246162297
1.4705448774681846
1.4599195532090212
1.4514192938016908
1.4469191564683983
1.4465441450239571
1.4522943205053866
1.4646696981719414
1.4839202856532487
1.5116711325418866
1.5479222388378553
1.5930486159855952
1.6460502334665976
1.7083021332438124
1.7790542924283579
1.85818170720542
1.9409342326120793
2.0209366740928374
2.0953139439069797
2.1595659047212132
2.2114424878688923
2.246193548387097
2.2654441358684045
2.272819360942411
2.2555688344981233
2.2170676595355086
2.1630660115359968
2.0978140202032534
2.022561723685415
1.9419342631305887
1.8591817377239297
1.776679219946898
1.697426801355022
1.624924588763085
1.5605476241340372
1.5070459913937804
1.4629196447645496
1.4294186223944823
1.4050428785058138
1.3900424207281719
1.383167210913419
1.3841672414319286
1.3900424207281719
1.4020427869502854
1.4175432599871822
1.4335437482833338
1.454044373912778
1.471919919431135
1.4875453962828455
1.5026708578753014
1.5169212927640614
1.5279216284676658
1.5375469222083193
1.54604718161565
1.5522973723563342
1.556797509689627
1.5609226355784784
1.564172734763634
1.566297799615467
1.5687978759117405
1.5719229712820828
1.5739230323191016
1.5761731009857478
1.5787981810968352
1.580923245948668
1.5842983489486373
1.5862984099856563
1.5897985168004394
1.592423596911527
1.5949236732078005
1.598798791467025
1.602673909726249
1.607049043244728
1.6107991576891385
1.6154242988372447
1.6200494399853511
1.6246745811334575
1.6289247108371228
1.6340498672444839
1.63867500839259
1.6444251838740198
1.6500503555406356
1.6556755272072514
1.6619257179479354
1.6685509201330608
1.6743010956144901
1.680676290169988
1.6874264961699272
1.6944267097994934
1.7006769005401776
1.7078021179845577
1.7145523239844966
1.721552537614063
1.7288027588732566
1.736552995391705
1.7428031861323894
1.749678395947142
1.7569286172063356
1.7638038270210883
1.7700540177617725
1.7768042237617114
1.7830544145023959
1.7894296090578936
1.7951797845393231
1.8014299752800074
1.807930173650319
1.8128053224280527
1.8164304330576495
1.8210555742057557
1.824555681020539
1.8285558030945768
1.8326809289834285
1.8351810052797022
1.8383061006500443
1.8405561693166905
1.8418062074648274
1.8433062532425917
1.8441812799462873
1.8439312723166599
1.844806299020356
1.8434312570574054
1.8421812189092686
1.840806176946318
1.8396811426129949
1.8363060396130253
1.8331809442426834
1.8295558336130864
1.8258057191686758
1.8213055818353832
1.8166804406872767
1.811805291909543
1.8074301583910641
1.8009299600207527
1.7953047883541369
1.7895546128727073
1.7834294259468366
1.7771792352061526
1.7703040253914
1.7638038270210883
1.7566786095767084
1.749678395947142
1.742553178502762
1.7364279915768914
1.7289277626880704
1.7211775261696218
1.7149273354289376
1.7085521408734399
1.700926908169805
1.6933016754661703
1.686676473281045
1.6791762443922238
1.6726760460219123
1.6663008514664144
1.659800653096103
1.6539254737998597
1.6479252906888027
1.6409250770592365
1.6356749168370617
1.6297997375408186
1.6241745658742028
1.6199244361705374
1.6142992645039216
1.6099241309854426
1.6064240241706595
1.6016738792077396
1.5981737723929563
1.5937986388744774
1.5901735282448806
1.5869234290597247
1.5835483260597554
1.5801732230597858
1.5775481429486986
1.5754230780968657
1.5722979827265235
1.5706729331339457
1.5689228797265542
1.567047822504349
1.565422772911771
1.563047700430311
1.561172643208106
1.559922605059969
1.5585475630970183
1.557797540208136
1.556797509689627
1.5557974791711173
1.555172460097049
1.553547410504471
1.5525473799859615
1.5537974181340983
1.552797387615589
1.5522973723563342
1.5511723380230111
1.5514223456526384
1.5510473342081972
1.550422315134129
1.5505473189489425
1.55079732657857
1.5511723380230111
1.55079732657857
1.5506723227637564
1.5505473189489425
1.5505473189489425
1.5500473036896878
1.5509223303933837
1.5509223303933837
1.5506723227637564
1.5512973418378246
1.5521723685415205
1.551547349467452
1.5519223609118933
1.552672383800775
1.5521723685415205
1.552797387615589
1.5536724143192846
1.553922421948912
1.5544224372081668
1.5554224677266761
1.5561724906155583
1.5569225135044404
1.55792254402295
1.5589225745414594
1.5601726126895963
1.5615476546525469
1.5639227271340068
1.5655477767265848
1.567797845393231
1.5704229255043185
1.5727979979857785
1.5754230780968657
1.5785481734672078
1.5819232764671776
1.5855483870967744
1.5890484939115572
1.5940486465041048
1.5989237952818385
1.6036739402447586
1.6092991119113744
1.6156743064668722
1.6207994628742333
1.628049684133427
1.6337998596148564
1.6398000427259134
1.6475502792443617
1.6540504776146734
1.6615507065034945
1.669300943021943
1.6761761528366956
1.6834263740958892
1.6889265419476913
1.6961767632068852
1.7023019501327556
1.7086771446882534
1.713177282021546
1.7200524918362987
1.723927610095523
1.7275527207251198
1.7308028199102756
1.7335529038361768
1.7364279915768914
1.7360529801324502
1.7366779992065189
1.7360529801324502
1.7344279305398724
1.7328028809472946
1.7318028504287852
1.727927732169561
1.723927610095523
1.7194274727622303
1.7139273049104282
1.7084271370586261
1.7028019653920103
1.6965517746513261
1.690301583910642
1.6823013397625661
1.675551133762627
1.6686759239478743
1.660925687429426
1.6543004852443006
1.647050263985107
1.6400500503555409
1.6332998443556017
1.6265496383556628
1.6200494399853511
1.6140492568742943
1.6075490585039827
1.6036739402447586
1.5984237800225838
1.5934236274300364
1.5882984710226753
1.5842983489486373
1.579673207800531
1.5775481429486986
1.5726729941709647
1.569422894985809
1.5659227881710258
1.5627976928006837
1.5589225745414594
1.5545474410229805
1.5489222693563647
1.5410470290231024
1.533671803949095
1.5249215369121372
1.5151712393566699
1.5045459150975067
1.492920560319834
1.482295236060671
1.4704198736533707
1.4601695608386487
1.451294289986877
1.4462941373943297
1.4461691335795162
1.4524193243202002
1.4647947019867549
1.4839202856532487
1.5121711478011413
1.54842225409711
1.5930486159855952
1.6461752372814111
1.7085521408734399
1.7799293191320538
1.8578066957609791
1.9413092440565205
2.0213116855372784
2.0955639515366067
2.1598159123508407
2.2114424878688923
2.2471935789056063
2.2659441511276586
2.27344438001648
2.255693838312937
2.216817651905881
2.1630660115359968
2.0973140049439984
2.0221867122409742
1.9420592669454024
1.8588067262794887
1.776554216132084
1.6971767937253945
1.6244245735038303
1.56029761650441
1.5072959990234076
1.4632946562089908
1.4296686300241095
1.4049178746910003
1.39066743980224
1.3830422070986053
1.3837922299874874
1.3900424207281719
1.4012927640614032
1.4169182409131138
1.4354188055055392
1.453669362468337
1.4710448927274393
1.4879204077272867
1.5027958616901151
1.516296273689993
1.5274216132084109
1.5371719107638784
1.5457971739860226
1.5524223761711478
1.5581725516525773
1.5612976470229194
1.5635477156895659
1.5665478072450942
1.5687978759117405
1.572547990356151
1.5746730552079835
1.576548112430189
1.578923184911649
1.5814232612079226
1.5836733298745689
1.58642341380047
1.5892985015411847
1.5925486007263405
1.5954236884670552
1.59829877620777
1.6027989135410627
1.6069240394299142
1.6111741691335797
1.6157993102816859
1.6194244209112827
1.6239245582445754
1.628424695577868
1.6339248634296701
1.6384250007629628
1.6444251838740198
1.6504253669850764
1.6564255500961331
1.6621757255775629
1.6690509353923155
1.6748011108737448
1.6809262977996156
1.6873014923551135
1.6940516983550522
1.700176885280923
1.706927091280862
1.7145523239844966
1.7216775414288765
1.729427777947325
1.7361779839472642
1.7428031861323894
1.7503034150212105
1.7570536210211494
1.7634288155766473
1.7701790215765862
1.776679219946898
1.783679433576464
1.7895546128727073
1.7958048036133916
1.8013049714651936
1.806805139316996
1.8120552995391705
1.8169304483169042
1.8206805627613147
1.8250556962797937
1.8294308297982727
1.8323059175389873
1.8358060243537706
1.8381810968352306
1.840806176946318
1.842306222724082
1.8430562456129642
1.844306283761101
1.844306283761101
1.8436812646870329
1.8434312570574054
1.8429312417981507
1.840306161687063
1.8383061006500443
1.837306070131535
1.8335559556871244
1.8301808526871548
1.8258057191686758
1.8216805932798243
1.8168054445020907
1.8116802880947296
1.8070551469466232
1.801554979094821
1.7959298074282053
1.7891796014282664
1.7834294259468366
1.776679219946898
1.7701790215765862
1.7636788232062746
1.7558035828730125
1.7498033997619558
1.7423031708731347
1.7350529496139409
1.7281777397991884
1.7216775414288765
1.714427320169683
1.7073021027253028
1.700176885280923
1.693426679280984
1.6878015076143682
1.6791762443922238
1.6720510269478437
1.6656758323923462
1.6590506302072208
1.653800469985046
1.6481752983184301
1.6413000885036775
1.6361749320963164
1.6297997375408186
1.6250495925778985
1.6191744132816552
1.614549272133549
1.6104241462446975
1.6052989898373364
1.6009238563188575
1.5976737571337016
1.5937986388744774
1.5914235663930174
1.5866734214300973
1.5835483260597554
1.580923245948668
1.5775481429486986
1.5747980590227975
1.572547990356151
1.5704229255043185
1.5686728720969267
1.5664228034302805
1.5645477462080752
1.5629226966154972
1.561797662282174
1.559797601245155
1.5584225592822047
1.5570475173192542
1.5565475020599995
1.55554747154149
1.5549224524674214
1.5544224372081668
1.5549224524674214
1.552797387615589
1.5520473647267068
1.5511723380230111
1.5511723380230111
1.55079732657857
1.5514223456526384
1.5511723380230111
1.5510473342081972
1.550422315134129
1.5511723380230111
1.55079732657857
1.5506723227637564
1.550422315134129
1.5502973113193153
1.5502973113193153
1.5506723227637564
1.55079732657857
1.5509223303933837
1.5512973418378246
1.5512973418378246
1.5517973570970793
1.5521723685415205
1.5521723685415205
1.5520473647267068
1.5521723685415205
1.5534224066896571
1.553547410504471
1.5542974333933532
1.5554224677266761
1.5561724906155583
1.5564224982451857
1.5581725516525773
1.5592975859859004
1.5601726126895963
1.5615476546525469
1.5644227423932615
1.5656727805413984
1.5672978301339764
1.5709229407635732
1.5731730094302194
1.5744230475783563
1.578923184911649
1.5817982726523636
1.5851733756523332
1.5894235053559984
1.5932986236152227
1.598673787652211
1.6046739707632678
1.6096741233558154
1.6152992950224312
1.6222995086519973
1.6279246803186131
1.6339248634296701
1.6398000427259134
1.647425275429548
1.6550505081331828
1.6616757103183082
1.6686759239478743
1.6761761528366956
1.6824263435773796
1.6908015991698966
1.6959267555772577
1.7024269539475692
1.7084271370586261
1.7141773125400557
1.718427442243721
1.7234275948362683
1.7273027130954923
1.7309278237250891
1.7339279152806177
1.735427961058382
1.7360529801324502
1.7366779992065189
1.735802972502823
1.7346779381694999
1.7341779229102452
1.7304278084658344
1.7269277016510514
1.7233025910214546
1.7194274727622303
1.7146773277993104
1.708802148503067
1.702551957762383
1.6964267708365124
1.689426557206946
1.6823013397625661
1.6753011261329998
1.6684259163182469
1.6611756950590533
1.654550492873928
1.6460502334665976
1.6394250312814722
1.6330498367259743
1.626424634540849
1.6200494399853511
1.6140492568742943
1.6089241004669332
1.603173924985504
1.5981737723929563
1.5930486159855952
1.5889234900967437
1.5855483870967744
1.5804232306894133
1.5766731162450025
1.5731730094302194
1.5699229102450638
1.565422772911771
1.5629226966154972
1.5587975707266457
1.5542974333933532
1.5490472731711782
1.540922025208289
1.5340468153935363
1.5250465407269511
1.5151712393566699
1.504420911282693
1.4940455946531572
1.4820452284310435
1.4704198736533707
1.4601695608386487
1.451669301431318
1.4469191564683983
1.4466691488387708
1.4522943205053866
1.4647947019867549
1.484670308542131
1.5122961516159552
1.548797265541551
1.5932986236152227
1.6469252601702933
1.7085521408734399
1.7794293038727989
1.8584317148350475
1.9415592516861477
2.0220617084261607
2.095938962981048
2.1601909237952817
2.21169249549852
2.2470685750907924
2.2655691396832176
2.272819360942411
2.2558188421277503
2.2170676595355086
2.162941007721183
2.09668898586993
2.0231867427594836
1.9413092440565205
1.85818170720542
1.7764292123172705
1.6970517899105808
1.6245495773186438
1.559797601245155
1.5069209875789666
1.462419629505295
1.4292936185796687
1.4046678670613728
1.389542405468917
1.383667226172674
1.3837922299874874
1.3901674245429854
1.4020427869502854
1.4175432599871822
1.435918820764794
1.4535443586535233
1.4714199041718803
1.4876704000976593
1.5039208960234383
1.516296273689993
1.5277966246528518
1.537671926023133
1.5459221778008363
1.5524223761711478
1.5581725516525773
1.5612976470229194
1.5636727195043794
1.566172795800653
1.5687978759117405
1.5717979674672689
1.5740480361339153
1.5761731009857478
1.578923184911649
1.5811732535782954
1.582923306985687
1.5867984252449112
1.5895485091708121
1.592298593096713
1.5959237037263099
1.598798791467025
1.60304892117069
1.6066740318002868
1.6110491653187657
1.6155493026520584
1.6194244209112827
1.6237995544297616
1.629299722281564
1.6340498672444839
1.6394250312814722
1.6438001647999512
1.6496753440961944
1.6560505386516924
1.6626757408368176
1.6685509201330608
1.6748011108737448
1.6813013092440567
1.6871764885402998
1.6944267097994934
1.7008019043549913
1.7071770989104893
1.714427320169683
1.7218025452436905
1.7291777703176978
1.7363029877620777
1.7430531937620168
1.7495533921323283
1.7569286172063356
1.7633038117618336
1.7691789910580769
1.7763042085024567
1.7819293801690725
1.7894296090578936
1.7956797997985778
1.8013049714651936
1.8070551469466232
1.812305307168798
1.8165554368724632
1.8208055665761285
1.8250556962797937
1.8288058107242042
1.8331809442426834
1.835306009094516
1.8374310739463484
1.8409311807611317
1.842806237983337
1.842431226538896
1.844681295205542
1.8439312723166599
1.8435562608722191
1.8429312417981507
1.842806237983337
1.8406811731315043
1.8386811120944853
1.8365560472426528
1.832930936613056
1.8301808526871548
1.8260557267983033
1.8214305856501969
1.8164304330576495
1.8114302804651021
1.8075551622058779
1.8011799676503801
1.7954297921689504
1.7893046052430799
1.7840544450209053
1.7774292428357799
1.7703040253914
1.763553819391461
1.7561785943174535
1.7491783806878873
1.7420531632435072
1.7361779839472642
1.7291777703176978
1.721552537614063
1.7146773277993104
1.707677114169744
1.7003018890957367
1.693426679280984
1.6864264656514176
1.6796762596514787
1.6724260383922849
1.6661758476516009
1.6595506454664755
1.6529254432813503
1.6476752830591754
1.6416750999481187
1.6357999206518754
1.6301747489852596
1.624049562059389
1.6190494094668417
1.6139242530594806
1.6104241462446975
1.6060490127262186
1.6017988830225531
1.5975487533188881
1.5941736503189183
1.590298532059694
1.5866734214300973
1.5834233222449416
1.5802982268745993
1.5772981353190711
1.5750480666524247
1.5730480056154057
1.5700479140598773
1.5686728720969267
1.5665478072450942
1.5656727805413984
1.5639227271340068
1.5620476699118016
1.56029761650441
1.5584225592822047
1.5576725363933226
1.5565475020599995
1.5556724753563036
1.555172460097049
1.5542974333933532
1.5532974028748436
1.55317239906003
1.5524223761711478
1.5520473647267068
1.551547349467452
1.5509223303933837
1.5512973418378246
1.5509223303933837
1.5506723227637564
1.5511723380230111
1.5501723075045015
1.550422315134129
1.55079732657857
1.5502973113193153
1.5502973113193153
1.5506723227637564
1.5509223303933837
1.5506723227637564
1.5511723380230111
1.5516723532822658
1.5512973418378246
1.5512973418378246
1.5516723532822658
1.5519223609118933
1.5525473799859615
1.5529223914304024
1.5529223914304024
1.5544224372081668
1.5545474410229805
1.555172460097049
1.5562974944303722
1.5569225135044404
1.55792254402295
1.559797601245155
1.559797601245155
1.561797662282174
1.5632977080599384
1.565797784356212
1.5675478377636038
1.5699229102450638
1.5726729941709647
1.5757980895413068
1.5781731620227668
1.5819232764671776
1.5850483718375195
1.5897985168004394
1.594673665578173
1.598798791467025
1.6041739555040133
1.609799127170629
1.6150492873928037
1.620924466689047
1.6270496536149175
1.6337998596148564
1.6405500656147955
1.6469252601702933
1.6546754966887418
1.6613006988738672
1.6684259163182469
1.6754261299478135
1.6829263588366346
1.6884265266884364
1.695801751762444
1.7028019653920103
1.7086771446882534
1.7134272896511735
1.7190524613177893
1.7234275948362683
1.727052705465865
1.730677816095462
1.7329278847621081
1.7351779534287546
1.7364279915768914
1.7366779992065189
1.7363029877620777
1.7346779381694999
1.7328028809472946
1.7304278084658344
1.728302743614002
1.7244276253547777
1.7198024842066715
1.7145523239844966
1.7085521408734399
1.702926969206824
1.6965517746513261
1.689426557206946
1.682676351207007
1.6765511642811366
1.668800927762688
1.6616757103183082
1.6549255043183693
1.647050263985107
1.6390500198370312
1.6334248481704154
1.626424634540849
1.6197994323557239
1.614174260689108
1.609424115726188
1.6035489364299447
1.5980487685781428
1.5936736350596639
1.5886734824671163
1.5855483870967744
1.5801732230597858
1.5760480971709343
1.5722979827265235
1.569422894985809
1.5656727805413984
1.563422711874752
1.5589225745414594
1.5540474257637258
1.5485472579119235
1.5429220862453077
1.5341718192083498
1.5250465407269511
1.5151712393566699
1.5050459303567616
1.4946706137272256
1.4820452284310435
1.4702948698385572
1.4599195532090212
1.451794305246132
1.4459191259498887
1.4459191259498887
1.4519193090609455
1.4646696981719414
1.4840452894680625
1.5111711172826319
1.5470472121341592
1.592798608355968
1.645050202948088
1.7068020874660481
1.778554277169103
1.8568066652424697
1.9391841792046876
2.0199366435743276
2.0939389019440293
2.159690908536027
2.210567461165197
2.246568559831538
2.2659441511276586
2.273319376201666
2.256318857387005
2.2178176824243905
2.164066042054506
2.0989390545365767
2.023311746574297
1.9435593127231665
1.8604317758720665
1.7774292428357799
1.6983018280587177
1.625174596392712
1.560672627948851
1.507170995208594
1.4630446485793636
1.4296686300241095
1.4052928861354412
1.389542405468917
1.3830422070986053
1.3832922147282327
1.389917416913358
1.4021677907650991
1.4170432447279275
1.4360438245796074
1.4527943357646413
1.4706698812829981
1.487295388653218
1.5030458693197426
1.5166712851344342
1.5275466170232246
1.5375469222083193
1.5455471663563953
1.5521723685415205
1.5572975249488816
1.5609226355784784
1.5639227271340068
1.5665478072450942
1.5689228797265542
1.5717979674672689
1.5744230475783563
1.57692312387463
1.5786731772820215
1.58167326883755
1.584423352763451
1.5861734061708426
1.5894235053559984
1.591923581652272
1.5959237037263099
1.5996738181707206
1.602673909726249
1.607049043244728
1.610549150059511
1.6151742912076175
1.6197994323557239
1.6241745658742028
1.62917471846675
1.6340498672444839
1.6384250007629628
1.6448001953184606
1.6503003631702629
1.655800531022065
1.6625507370220038
1.6685509201330608
1.6741760917996766
1.6811763054292428
1.687051484725486
1.6936766869106112
1.7004268929105502
1.7075521103549303
1.7146773277993104
1.7216775414288765
1.7281777397991884
1.7360529801324502
1.7428031861323894
1.7499284035767695
1.756803613391522
1.7638038270210883
1.7700540177617725
1.7759291970580158
1.7850544755394149
1.7894296090578936
1.7955547959837643
1.8010549638355662
1.8060551164281138
1.8108052613910337
1.8168054445020907
1.8206805627613147
1.82493069246498
1.8288058107242042
1.8325559251686148
1.8350560014648885
1.838431104464858
1.8405561693166905
1.8421812189092686
1.8440562761314738
1.8441812799462873
1.8444312875759148
1.8441812799462873
1.8435562608722191
1.8436812646870329
1.8410561845759452
1.8389311197241127
1.8366810510574663
1.8330559404278695
1.831680898464919
1.8258057191686758
1.8213055818353832
1.8169304483169042
1.811805291909543
1.8066801355021822
1.8018049867244483
1.7956797997985778
1.7894296090578936
1.7838044373912778
1.7779292580950348
1.7700540177617725
1.763928830835902
1.7566786095767084
1.7495533921323283
1.7428031861323894
1.7360529801324502
1.7284277474288157
1.7218025452436905
1.7149273354289376
1.7079271217993715
1.700176885280923
1.6936766869106112
1.686676473281045
1.6793012482070377
1.6725510422070986
1.6663008514664144
1.6595506454664755
1.6531754509109775
1.6478002868739892
1.6414250923184912
1.635549913022248
1.6297997375408186
1.624924588763085
1.6191744132816552
1.6144242683187355
1.6099241309854426
1.6057990050965911
1.6015488753929257
1.5975487533188881
1.5939236426892909
1.5912985625782037
1.5870484328745385
1.5834233222449416
1.5801732230597858
1.5771731315042574
1.57454805139317
1.5727979979857785
1.5704229255043185
1.5684228644672995
1.5671728263191627
1.5651727652821437
1.5629226966154972
1.5621726737266153
1.5596725974303416
1.5585475630970183
1.558297555467391
1.556672505874813
1.5556724753563036
1.555172460097049
1.5537974181340983
1.5540474257637258
1.552672383800775
1.552797387615589
1.5519223609118933
1.5517973570970793
1.5514223456526384
1.5510473342081972
1.5509223303933837
1.5509223303933837
1.5509223303933837
1.5506723227637564
1.5509223303933837
1.5502973113193153
1.5501723075045015
1.5506723227637564
1.5505473189489425
1.5511723380230111
1.5509223303933837
1.5510473342081972
1.5514223456526384
1.5512973418378246
1.5517973570970793
1.5517973570970793
1.552797387615589
1.5521723685415205
1.5529223914304024
1.552672383800775
1.5537974181340983
1.5542974333933532
1.5552974639118626
1.5557974791711173
1.557172521134068
1.5581725516525773
1.559047578356273
1.5601726126895963
1.561797662282174
1.5644227423932615
1.5655477767265848
1.5680478530228583
1.5702979216895046
1.5727979979857785
1.5755480819116796
1.5784231696523943
1.5821732840968048
1.5854233832819604
1.5896735129856259
1.5939236426892909
1.5994238105410932
1.6042989593188268
1.6100491348002564
1.6154242988372447
1.62204950102237
1.6279246803186131
1.6340498672444839
1.6408000732444226
1.6478002868739892
1.6541754814294871
1.6619257179479354
1.668800927762688
1.6761761528366956
1.6831763664662618
1.6908015991698966
1.6963017670216987
1.7026769615771966
1.708177129428999
1.7136772972808008
1.7189274575029754
1.7234275948362683
1.727927732169561
1.7311778313547166
1.7338029114658042
1.7349279457991271
1.7370530106509599
1.7368030030213324
1.7361779839472642
1.7355529648731955
1.733052888576922
1.730677816095462
1.7273027130954923
1.7240526139103367
1.719552476577044
1.7141773125400557
1.7086771446882534
1.702176946317942
1.6968017822809534
1.689051545762505
1.6820513321329387
1.675551133762627
1.668050904873806
1.6606756797997986
1.653800469985046
1.6471752677999205
1.6398000427259134
1.6325498214667196
1.626424634540849
1.6195494247260964
1.613799249244667
1.6075490585039827
1.6029239173558765
1.5974237495040742
1.5931736198004092
1.58879848628193
1.5837983336893826
1.5804232306894133
1.5764231086153753
1.5724229865413375
1.5695478988006226
1.56742283394879
1.5627976928006837
1.558297555467391
1.5540474257637258
1.5476722312082278
1.5412970366527299
1.5330467848750269
1.524171514023255
1.5144212164677877
1.5037958922086248
1.490920499282815
1.4817952208014162
1.4696698507644885
1.4592945341349528
1.450544267097995
1.4450440992461928
1.4467941526535844
1.4527943357646413
1.4652947172460096
1.485795342875454
1.5132961821344646
1.5509223303933837
1.5954236884670552
1.649050325022126
1.7115522324289683
1.7844294564653462
1.8630568559831537
1.9451843623157445
2.025811822870571
2.0996890774254586
2.1628160039063693
2.2138175603503525
2.2488186284981846
2.2664441663869135
2.27344438001648
2.253943784905545
2.214442579424421
2.1589408856471453
2.092813867610706
2.017061555833613
1.936684102908414
1.853556566057314
1.7711790520950956
1.6924266487624744
1.6200494399853511
1.5557974791711173
1.5035458845789973
1.4601695608386487
1.4274185613574633
1.403792840357677
1.3892923978392897
1.3821671803949096
1.3839172338023011
1.3907924436170536
1.4027928098391673
1.4184182866908779
1.4351687978759118
1.4547943968016601
1.4725449385052034
1.488545426801355
1.5035458845789973
1.5165462813196202
1.5295466780602436
1.5386719565416427
1.5466722006897184
1.552797387615589
1.556672505874813
1.561047639393292
1.564297738578448
1.566297799615467
1.569422894985809
1.5706729331339457
1.5744230475783563
1.5764231086153753
1.5791731925412764
1.582048280281991
1.5857983947264016
1.5867984252449112
1.5894235053559984
1.5930486159855952
1.5959237037263099
1.5992988067262794
1.6036739402447586
1.607424054689169
1.6112991729483932
1.6159243140964994
1.6191744132816552
1.6242995696890163
1.6290497146519365
1.6337998596148564
1.6390500198370312
1.6444251838740198
1.6505503707998903
1.6568005615405743
1.662800744651631
1.6689259315775018
1.6758011413922544
1.6813013092440567
1.6879265114291817
1.6945517136143071
1.701301919614246
1.7079271217993715
1.7153023468733786
1.7224275643177587
1.729427777947325
1.7375530259102145
1.7440532242805262
1.750428418836024
1.7574286324655906
1.7640538346507157
1.7704290292062137
1.7773042390209661
1.7848044679097874
1.7908046510208442
1.7961798150578325
1.8021799981688895
1.807930173650319
1.8114302804651021
1.8168054445020907
1.8216805932798243
1.82493069246498
1.8294308297982727
1.8323059175389873
1.8354310129093294
1.8386811120944853
1.840431165501877
1.8421812189092686
1.8438062685018464
1.8441812799462873
1.844306283761101
1.8440562761314738
1.8434312570574054
1.8416812036500139
1.8406811731315043
1.8385561082796718
1.836431043427839
1.8326809289834285
1.8291808221686454
1.8253057039094212
1.8210555742057557
1.816305429242836
1.8109302652058474
1.807180150761437
1.800429944761498
1.7951797845393231
1.7890545976134526
1.7828044068727684
1.7779292580950348
1.769804010132145
1.7633038117618336
1.756428601947081
1.7486783654286326
1.7414281441694388
1.7349279457991271
1.7278027283547472
1.7208025147251809
1.7139273049104282
1.7065520798364209
1.6995518662068545
1.6925516525772883
1.6854264351329082
1.6784262215033416
1.6721760307626576
1.6655508285775322
1.6590506302072208
1.6528004394665363
1.6468002563554796
1.640675069429609
1.6350498977629933
1.6294247260963775
1.6241745658742028
1.6186743980224005
1.6136742454298534
1.609424115726188
1.6047989745780817
1.6007988525040437
1.5972987456892607
1.5932986236152227
1.5891734977263712
1.5862984099856563
1.582923306985687
1.5799232154301586
1.5771731315042574
1.574923062837611
1.5722979827265235
1.570172917874691
1.568547868282113
1.5664228034302805
1.564172734763634
1.563047700430311
1.561172643208106
1.5596725974303416
1.558672566911832
1.556797509689627
1.5565475020599995
1.555922482985931
1.5554224677266761
1.5545474410229805
1.5544224372081668
1.552672383800775
1.552672383800775
1.5517973570970793
1.5521723685415205
1.5517973570970793
1.5514223456526384
1.551547349467452
1.5510473342081972
1.5511723380230111
1.5497972960600603
1.550422315134129
1.550422315134129
1.550422315134129
1.5502973113193153
1.5506723227637564
1.5502973113193153
1.55079732657857
1.5514223456526384
1.5509223303933837
1.5517973570970793
1.551547349467452
1.5517973570970793
1.5522973723563342
1.5520473647267068
1.552672383800775
1.5532974028748436
1.5544224372081668
1.5544224372081668
1.5554224677266761
1.5562974944303722
1.5575475325785089
1.5581725516525773
1.559172582171087
1.560672627948851
1.561797662282174
1.5636727195043794
1.5659227881710258
1.568547868282113
1.5706729331339457
1.572547990356151
1.5754230780968657
1.5782981658375803
1.5821732840968048
1.58642341380047
1.5897985168004394
1.5931736198004092
1.5992988067262794
1.6044239631336406
1.6106741538743248
1.6162993255409406
1.6217994933927427
1.6282996917630543
1.6347998901333658
1.6409250770592365
1.6481752983184301
1.6543004852443006
1.6623007293923764
1.669300943021943
1.6766761680959503
1.6835513779107028
1.6908015991698966
1.6969267860957673
1.7031769768364513
1.7089271523178808
1.7148023316141239
1.719552476577044
1.7241776177251504
1.7286777550584431
1.7313028351695303
1.734552934354686
1.7349279457991271
1.7366779992065189
1.7366779992065189
1.7364279915768914
1.7348029419843134
1.7331778923917356
1.7301778008362072
1.7274277169103063
1.7231775872066408
1.7191774651326028
1.7140523087252417
1.7078021179845577
1.7019269386883145
1.6953017365031893
1.6888015381328776
1.6816763206884975
1.6741760917996766
1.6674258857997375
1.6599256569109164
1.6535504623554185
1.6465502487258523
1.6385500045777766
1.631674794763024
1.6261746269112216
1.6190494094668417
1.6132992339854122
1.608174077578051
1.6025489059114353
1.597173741874447
1.5926736045411543
1.5882984710226753
1.5859233985412151
1.5799232154301586
1.5757980895413068
1.5720479750968963
1.569422894985809
1.5669228186895352
1.5627976928006837
1.559047578356273
1.553922421948912
1.5480472426526688
1.540922025208289
1.5324217658009582
1.524171514023255
1.513921201208533
1.5034208807641836
1.4924205450605792
1.4804201788384654
1.4689198278756064
1.458794518875698
1.450919278542436
1.4455441145054475
1.447419171727653
1.4531693472090823
1.4667947630237739
1.4876704000976593
1.5169212927640614
1.55317239906003
1.599173802911466
1.6536754661702324
1.7169273964659566
1.7891796014282664
1.8684320200201423
1.951684560686056
2.031812005981628
2.1041892147587515
2.166691122165594
2.2165676442762536
2.2510686971648304
2.267569200720237
2.273319376201666
2.2515687124240853
2.2106924649800104
2.155065767387921
2.088313730277413
2.012936429944762
1.9314339426862392
1.8485564134647665
1.765803888058107
1.6879265114291817
1.6156743064668722
1.5530473952452162
1.501170812097537
1.4582945036164434
1.4259185155796992
1.4021677907650991
1.3890423902096622
1.38354222235786
1.3841672414319286
1.391042451246681
1.403417828913236
1.419293313394574
1.4384188970610674
1.456044434949797
1.4737949766533405
1.4890454420606098
1.5047959227271341
1.5190463576158941
1.5292966704306161
1.5387969603564562
1.5465471968749047
1.5529223914304024
1.556797509689627
1.5609226355784784
1.564297738578448
1.567047822504349
1.5687978759117405
1.5722979827265235
1.5744230475783563
1.57692312387463
1.578923184911649
1.582048280281991
1.5842983489486373
1.5867984252449112
1.5894235053559984
1.5929236121707817
1.5959237037263099
1.6001738334299753
1.6039239478743859
1.6071740470595417
1.611424176763207
1.6159243140964994
1.6190494094668417
1.624924588763085
1.6299247413556321
1.6346748863185523
1.6394250312814722
1.6441751762443924
1.6506753746147038
1.6566755577257606
1.662800744651631
1.6694259468367565
1.6745511032441176
1.6820513321329387
1.6876765037995543
1.6949267250587483
1.7010519119846188
1.7086771446882534
1.7159273659474472
1.7225525681325726
1.7299277932065797
1.7369280068361461
1.743678212836085
1.7505534226508377
1.7576786400952178
1.7643038422803432
1.7708040406506547
1.7774292428357799
1.7840544450209053
1.7904296395764032
1.7963048188726465
1.8025550096133305
1.8074301583910641
1.811930295724357
1.8175554673909728
1.8216805932798243
1.8251807000946074
1.8291808221686454
1.8326809289834285
1.8358060243537706
1.8389311197241127
1.840806176946318
1.842431226538896
1.8431812494277782
1.8436812646870329
1.8444312875759148
1.8439312723166599
1.8436812646870329
1.8421812189092686
1.8406811731315043
1.8385561082796718
1.836431043427839
1.8330559404278695
1.8295558336130864
1.8255557115390486
1.8208055665761285
1.816180425428022
1.811180272835475
1.8058051087984863
1.8000549333170568
1.7955547959837643
1.7890545976134526
1.7826794030579547
1.7769292275765252
1.7696790063173315
1.7621787774285103
1.7554285714285716
1.7484283577990052
1.74180315561388
1.7349279457991271
1.7278027283547472
1.7208025147251809
1.7139273049104282
1.7071770989104893
1.699301858577227
1.6926766563921019
1.6853014313180945
1.6780512100589007
1.6718010193182167
1.6650508133182775
1.658925626392407
1.652550431836909
1.6469252601702933
1.640675069429609
1.635924924466689
1.629299722281564
1.624049562059389
1.6176743675038912
1.6139242530594806
1.609049104281747
1.6047989745780817
1.6012988677632984
1.5977987609485154
1.594298654133732
1.5901735282448806
1.586048402356029
1.5830483108005005
1.5797982116153446
1.5774231391338847
1.5750480666524247
1.5724229865413375
1.5704229255043185
1.5684228644672995
1.5664228034302805
1.5646727500228887
1.5635477156895659
1.561172643208106
1.5600476088747826
1.5587975707266457
1.5580475478377636
1.5569225135044404
1.5557974791711173
1.555172460097049
1.5542974333933532
1.5534224066896571
1.55317239906003
1.5525473799859615
1.5517973570970793
1.5520473647267068
1.5510473342081972
1.5514223456526384
1.5506723227637564
1.5509223303933837
1.5510473342081972
1.5505473189489425
1.5506723227637564
1.5506723227637564
1.5497972960600603
1.5502973113193153
1.5499222998748743
1.5509223303933837
1.5506723227637564
1.5510473342081972
1.5516723532822658
1.5522973723563342
1.5517973570970793
1.5521723685415205
1.5524223761711478
1.5519223609118933
1.552797387615589
1.553922421948912
1.553922421948912
1.5545474410229805
1.55554747154149
1.5562974944303722
1.5557974791711173
1.55792254402295
1.5594225898007141
1.5601726126895963
1.561922666096988
1.5621726737266153
1.565422772911771
1.5676728415784174
1.5702979216895046
1.5729230018005922
1.5759230933561206
1.578923184911649
1.5822982879116183
1.585298379467147
1.5896735129856259
1.5944236579485458
1.5997988219855341
1.6037989440595721
1.6102991424298836
1.6160493179113133
1.6225495162816248
1.628049684133427
1.634424878688925
1.6409250770592365
1.647425275429548
1.6555505233924375
1.6621757255775629
1.669300943021943
1.6765511642811366
1.6840513931699574
1.690301583910642
1.6969267860957673
1.7034269844660788
1.7089271523178808
1.7143023163548692
1.7198024842066715
1.7234275948362683
1.7288027588732566
1.7318028504287852
1.7340529190954315
1.735427961058382
1.7363029877620777
1.7366779992065189
1.7361779839472642
1.7346779381694999
1.7331778923917356
1.7304278084658344
1.7271777092806788
1.7230525833918273
1.7193024689474166
1.7140523087252417
1.7074271065401168
1.7019269386883145
1.6960517593920712
1.6886765343180639
1.6820513321329387
1.6746761070589313
1.6679259010589922
1.6600506607257304
1.6536754661702324
1.6463002410962249
1.6398000427259134
1.633174840540788
1.625674611651967
1.6192994170964692
1.6135492416150394
1.607424054689169
1.6025489059114353
1.5970487380596332
1.5930486159855952
1.588048463393048
1.5855483870967744
1.5801732230597858
1.5760480971709343
1.5722979827265235
1.5689228797265542
1.565797784356212
1.5629226966154972
1.5581725516525773
1.5540474257637258
1.548797265541551
1.542422070986053
1.532921781060213
1.524296517838069
1.514796227912229
1.5034208807641836
1.4920455336161382
1.4812952055421613
1.4692948393200476
1.458794518875698
1.4507942747276223
1.4471691640980255
1.4466691488387708
1.4532943510238958
1.4657947325052645
1.4867953733939634
1.515921262245552
1.5525473799859615
1.5972987456892607
1.6511753898739585
1.7129272743919186
1.7848044679097874
1.864931913205359
1.948184453871273
2.0279368877224035
2.101564134647664
2.1650660725730155
2.2154426099429303
2.249568651387066
2.2669441816461684
2.272819360942411
2.2529437543870356
2.2131925412762845
2.158065858943449
2.0916888332773826
2.0155615100558486
1.9348090456862086
1.8514315012054812
1.7693039948728904
1.6906765953550829
1.618549394207587
1.5556724753563036
1.5021708426160465
1.4592945341349528
1.4270435499130223
1.4032928250984222
1.3890423902096622
1.3820421765800959
1.3840422376171149
1.3905424359874266
1.4032928250984222
1.4186682943205053
1.4369188512833035
1.4547943968016601
1.4722949308755762
1.488545426801355
1.5037958922086248
1.5166712851344342
1.5284216437269205
1.5381719412823878
1.54604718161565
1.5520473647267068
1.55554747154149
1.5609226355784784
1.5636727195043794
1.5666728110599077
1.5690478835413677
1.5719229712820828
1.5741730399487288
1.5764231086153753
1.57929819635609
1.5807982421338542
1.5834233222449416
1.5870484328745385
1.5896735129856259
1.5930486159855952
1.5955486922818691
1.6000488296151616
1.6032989288003174
1.6072990508743554
1.6112991729483932
1.6157993102816859
1.6199244361705374
1.6246745811334575
1.6295497299111912
1.634424878688925
1.6391750236518448
1.6449251991332745
1.6493003326517535
1.6560505386516924
1.6625507370220038
1.668800927762688
1.675176122318186
1.680676290169988
1.6879265114291817
1.6948017212439344
1.700926908169805
1.7084271370586261
1.7154273506881925
1.7224275643177587
1.7291777703176978
1.7369280068361461
1.743678212836085
1.7505534226508377
1.757553636280404
1.7640538346507157
1.7708040406506547
1.7775542466505936
1.783679433576464
1.7904296395764032
1.79642982268746
1.8021799981688895
1.8070551469466232
1.8121803033539843
1.8168054445020907
1.8211805780205697
1.8253057039094212
1.8288058107242042
1.8338059633167516
1.8363060396130253
1.838431104464858
1.840806176946318
1.8420562150944548
1.8433062532425917
1.844806299020356
1.844306283761101
1.8444312875759148
1.8431812494277782
1.8426812341685233
1.840806176946318
1.8391811273537402
1.836056031983398
1.8331809442426834
1.8304308603167823
1.8254307077242347
1.8214305856501969
1.816305429242836
1.8113052766502884
1.8059301126133
1.8009299600207527
1.7945547654652547
1.7888045899838252
1.7835544297616506
1.7764292123172705
1.7700540177617725
1.7631788079470199
1.7563035981322672
1.7493033845027008
1.7424281746879482
1.7360529801324502
1.7285527512436292
1.7208025147251809
1.7141773125400557
1.7068020874660481
1.7003018890957367
1.6924266487624744
1.6856764427625355
1.6784262215033416
1.6718010193182167
1.6655508285775322
1.6595506454664755
1.652550431836909
1.6471752677999205
1.64105008087405
1.635174901577807
1.629674733726005
1.6244245735038303
1.6190494094668417
1.6144242683187355
1.609424115726188
1.60542399365215
1.6019238868373669
1.5977987609485154
1.5936736350596639
1.5891734977263712
1.5869234290597247
1.5834233222449416
1.5801732230597858
1.5774231391338847
1.5752980742820522
1.5722979827265235
1.5706729331339457
1.5687978759117405
1.5665478072450942
1.564297738578448
1.5631727042451247
1.561172643208106
1.559797601245155
1.5585475630970183
1.5569225135044404
1.556672505874813
1.555922482985931
1.555172460097049
1.5545474410229805
1.5536724143192846
1.5532974028748436
1.5524223761711478
1.5517973570970793
1.5514223456526384
1.5517973570970793
1.5506723227637564
1.5512973418378246
1.5505473189489425
1.5510473342081972
1.5510473342081972
1.55079732657857
1.5505473189489425
1.5509223303933837
1.5499222998748743
1.5502973113193153
1.5510473342081972
1.55079732657857
1.5509223303933837
1.5519223609118933
1.5516723532822658
1.5517973570970793
1.5517973570970793
1.5520473647267068
1.5524223761711478
1.5529223914304024
1.5534224066896571
1.5542974333933532
1.554672444837794
1.5554224677266761
1.5564224982451857
1.5564224982451857
1.55792254402295
1.559047578356273
1.5605476241340372
1.5615476546525469
1.5636727195043794
1.565797784356212
1.5675478377636038
1.570172917874691
1.572547990356151
1.5762981048005615
1.5784231696523943
1.58167326883755
1.5855483870967744
1.5895485091708121
1.5937986388744774
1.5989237952818385
1.6037989440595721
1.6095491195410014
1.6154242988372447
1.6211744743186742
1.627174657429731
1.6341748710592976
1.6405500656147955
1.6468002563554796
1.6530504470961638
1.6615507065034945
1.6683009125034334
1.6763011566515091
1.6829263588366346
1.6896765648365732
1.6953017365031893
1.7023019501327556
1.7083021332438124
1.7130522782067326
1.7191774651326028
1.7234275948362683
1.727052705465865
1.7304278084658344
1.7340529190954315
1.7355529648731955
1.736552995391705
1.7364279915768914
1.735802972502823
1.734552934354686
1.7333028962065493
1.7311778313547166
1.7280527359843745
1.7236776024658955
1.7198024842066715
1.7146773277993104
1.7090521561326946
1.7030519730216378
1.6964267708365124
1.6898015686513872
1.6824263435773796
1.6763011566515091
1.668800927762688
1.6614257026886807
1.6548005005035553
1.6480502945036166
1.6404250617999818
1.633549851985229
1.6270496536149175
1.6202994476149783
1.6142992645039216
1.6077990661336101
1.6042989593188268
1.59829877620777
1.5934236274300364
1.5894235053559984
1.5847983642078922
1.5804232306894133
1.5770481276894437
1.5730480056154057
1.570547929319132
1.5664228034302805
1.563047700430311
1.5594225898007141
1.5554224677266761
1.5491722769859921
1.5422970671712395
1.534546830652791
1.5256715598010193
1.516296273689993
1.5050459303567616
1.4941705984679707
1.4829202551347391
1.4714199041718803
1.460419568468276
1.451794305246132
1.4467941526535844
1.4467941526535844
1.4514192938016908
1.463169652394177
1.482295236060671
1.509546067690054
1.5451721549119541
1.588423474837489
1.6408000732444226
1.702926969206824
1.7728041016876737
1.8503064668721578
1.9336840113528857
2.014561479537339
2.088938749351482
2.15469075594348
2.2071923581652273
2.2448185064241466
2.265069124423963
2.2731943723868526
2.258693929868465
2.2216928006836145
2.1689411908322396
2.1039392071291236
2.0296869411297953
1.9495594958342235
1.866556962797937
1.7840544450209053
1.7046770226142156
1.6314247871333964
1.5659227881710258
1.5117961363567003
1.4667947630237739
1.4321687063203834
1.4070429395428328
1.3912924588763085
1.38354222235786
1.3826671956541643
1.3887923825800348
1.4004177373577074
1.4155431989501632
1.4327937253944516
1.451294289986877
1.4692948393200476
1.4859203466902677
1.5012958159123508
1.5144212164677877
1.5264215826899015
1.5364218878749962
1.5449221472823267
1.5514223456526384
1.5561724906155583
1.56029761650441
1.5631727042451247
1.566297799615467
1.5686728720969267
1.5715479598376416
1.5730480056154057
1.5760480971709343
1.5784231696523943
1.580923245948668
1.583298318430128
1.586048402356029
1.5889234900967437
1.592298593096713
1.5952986846522417
1.59829877620777
1.6021738944669943
1.6064240241706595
1.61017413861507
1.6146742759483628
1.6191744132816552
1.6241745658742028
1.6282996917630543
1.6341748710592976
1.6381749931333354
1.6443001800592059
1.6495503402813807
1.655800531022065
1.6610506912442398
1.6674258857997375
1.6743010956144901
1.6805512863551746
1.6864264656514176
1.6930516678365428
1.6994268623920408
1.7065520798364209
1.7143023163548692
1.7211775261696218
1.7278027283547472
1.7348029419843134
1.7420531632435072
1.7501784112063965
1.755178563798944
1.7626787926877652
1.7691789910580769
1.7760542008728295
1.7824293954283272
1.7885545823541977
1.7948047730948822
1.800804956205939
1.8070551469466232
1.8113052766502884
1.8166804406872767
1.8209305703909422
1.8243056733909115
1.8281807916501358
1.831305887020478
1.8351810052797022
1.8376810815759759
1.8399311502426223
1.8416812036500139
1.8426812341685233
1.844806299020356
1.8436812646870329
1.8440562761314738
1.8435562608722191
1.8429312417981507
1.8415561998352001
1.8393061311685537
1.8369310586870937
1.8336809595019379
1.8308058717612232
1.8266807458723715
1.8223056123538928
1.8176804712057864
1.8125553147984252
1.8075551622058779
1.8024300057985168
1.7968048341319012
1.7903046357615895
1.7844294564653462
1.778554277169103
1.771429059724723
1.7646788537247842
1.7580536515396588
1.7515534531693473
1.7439282204657125
1.737303018280587
1.7299277932065797
1.7226775719473861
1.7161773735770747
1.7085521408734399
1.7020519425031282
1.6946767174291208
1.686676473281045
1.6801762749107334
1.6740510879848627
1.668050904873806
1.6608006836146123
1.654550492873928
1.6486753135776848
1.6424251228370008
1.6364249397259438
1.6309247718741418
1.6254246040223395
1.6202994476149783
1.6151742912076175
1.6102991424298836
1.606174016541032
1.6022988982818078
1.5984237800225838
1.5949236732078005
1.5909235511337627
1.5875484481337934
1.5834233222449416
1.5807982421338542
1.5781731620227668
1.5759230933561206
1.5737980285042878
1.5709229407635732
1.5684228644672995
1.5671728263191627
1.5649227576525162
1.5632977080599384
1.561922666096988
1.56029761650441
1.5589225745414594
1.5581725516525773
1.5575475325785089
1.5557974791711173
1.555172460097049
1.5542974333933532
1.5542974333933532
1.5532974028748436
1.5529223914304024
1.5519223609118933
1.5512973418378246
1.5512973418378246
1.5514223456526384
1.5510473342081972
1.5511723380230111
1.5510473342081972
1.55079732657857
1.5509223303933837
1.5505473189489425
1.5505473189489425
1.5501723075045015
1.5506723227637564
1.5505473189489425
1.55079732657857
1.55079732657857
1.551547349467452
1.551547349467452
1.5520473647267068
1.5517973570970793
1.5519223609118933
1.5520473647267068
1.5524223761711478
1.552797387615589
1.5542974333933532
1.5544224372081668
1.55554747154149
1.5557974791711173
1.5569225135044404
1.557797540208136
1.5589225745414594
1.5600476088747826
1.5614226508377331
1.563797723319193
1.5652977690969574
1.5672978301339764
1.5704229255043185
1.57217297891171
1.5746730552079835
1.5776731467635121
1.5811732535782954
1.584423352763451
1.5885484786523028
1.592798608355968
1.5980487685781428
1.6032989288003174
1.6082990813928648
1.614174260689108
1.6199244361705374
1.6262996307260353
1.6325498214667196
1.6393000274666587
1.6455502182073427
1.6528004394665363
1.6595506454664755
1.666800866725669
1.6743010956144901
1.681551316873684
1.6886765343180639
1.6944267097994934
1.700926908169805
1.7073021027253028
1.712802270577105
1.7178024231696525
1.7223025605029452
1.727052705465865
1.7301778008362072
1.733427900021363
1.7356779686880093
1.7370530106509599
1.7366779992065189
1.736552995391705
1.7349279457991271
1.7336779076509903
1.7325528733176672
1.7284277474288157
1.7249276406140324
1.7206775109103671
1.715552354503006
1.710802209540086
1.704177007354961
1.6976768089846492
1.6908015991698966
1.6840513931699574
1.6758011413922544
1.670050965910825
1.6625507370220038
1.655800531022065
1.6481752983184301
1.640675069429609
1.6347998901333658
1.6279246803186131
1.6216744895779291
1.6151742912076175
1.6092991119113744
1.6042989593188268
1.598798791467025
1.5939236426892909
1.5892985015411847
1.5847983642078922
1.580923245948668
1.5772981353190711
1.5736730246894741
1.5704229255043185
1.5676728415784174
1.5639227271340068
1.5600476088747826
1.5552974639118626
1.5501723075045015
1.5432970976897489
1.5359218726157415
1.5269215979491562
1.5175463118381298
1.506795983764153
1.496045655690176
1.4849203161717581
1.4729199499496444
1.4619196142460402
1.452919339579455
1.4466691488387708
1.4460441297647022
1.4506692709128086
1.4619196142460402
1.479045136875515
1.505545945616016
1.5397969908749656
1.5819232764671776
1.633174840540788
1.6939266945402387
1.7625537888729514
1.8400561540574358
1.9226836756492813
2.004436170537431
2.079813470870083
2.1461904965361494
2.2010671712393566
2.2406933805352947
2.2634440748313853
2.272694357127598
2.2620690328684345
2.2278179876094852
2.1773164464247565
2.113814508499405
2.040062257759331
1.960434827723014
1.8785573290200508
1.7951797845393231
1.7148023316141239
1.6405500656147955
1.5736730246894741
1.515921262245552
1.4716699118015075
1.435918820764794
1.4104180425428021
1.392667500839259
1.3832922147282327
1.3827921994689778
1.3884173711355938
1.3986676839503158
1.4134181340983307
1.4307936643574328
1.4490442213202308
1.4670447706534013
1.4841702932828762
1.4994207586901458
1.5130461745048374
1.5255465559862058
1.5351718497268594
1.544422132023072
1.5509223303933837
1.5560474868007448
1.5601726126895963
1.5629226966154972
1.566297799615467
1.5690478835413677
1.5707979369487595
1.5741730399487288
1.5762981048005615
1.5780481582079533
1.580923245948668
1.583298318430128
1.5870484328745385
1.58879848628193
1.5917985778374584
1.594298654133732
1.5981737723929563
1.601048860133671
1.6060490127262186
1.6099241309854426
1.6142992645039216
1.6190494094668417
1.6226745200964385
1.6279246803186131
1.6326748252815333
1.6376749778740807
1.6433001495406965
1.6488003173924985
1.6539254737998597
1.6604256721701711
1.6669258705404828
1.6738010803552354
1.679926267281106
1.6864264656514176
1.6921766411328472
1.6988018433179723
1.7059270607623525
1.7135522934659873
1.7201774956511124
1.727052705465865
1.7344279305398724
1.7415531479842525
1.7478033387249368
1.7548035523545031
1.7620537736136967
1.7686789757988222
1.7751791741691336
1.781679372539445
1.788054567094943
1.7943047578356275
1.8005549485763115
1.8058051087984863
1.81068025757622
1.8156804101687674
1.8209305703909422
1.8241806695760978
1.8280557878353223
1.8323059175389873
1.8348059938352612
1.8376810815759759
1.8399311502426223
1.8418062074648274
1.8426812341685233
1.8439312723166599
1.8444312875759148
1.8445562913907285
1.8436812646870329
1.8431812494277782
1.8409311807611317
1.8395561387981811
1.8378060853907896
1.8345559862056338
1.8318059022797326
1.8273057649464401
1.82255561998352
1.8189305093539232
1.8128053224280527
1.807930173650319
1.8026800134281442
1.7969298379467147
1.790929654835658
1.7855544907986696
1.7789292886135442
1.771429059724723
1.7653038727988526
1.7589286782433546
1.7506784264656514
1.7444282357249672
1.737428022095401
1.730677816095462
1.7234275948362683
1.717177404095584
1.7095521713919493
1.7020519425031282
1.6949267250587483
1.6884265266884364
1.680676290169988
1.6743010956144901
1.6683009125034334
1.6618007141331217
1.6544254890591144
1.6485503097628713
1.643050141911069
1.637924985503708
1.6319248023926511
1.6257996154667806
1.620924466689047
1.6157993102816859
1.6106741538743248
1.6066740318002868
1.6029239173558765
1.5985487838373975
1.5949236732078005
1.5912985625782037
1.5875484481337934
1.58404834131901
1.5811732535782954
1.5780481582079533
1.5751730704672384
1.5730480056154057
1.5710479445783867
1.5691728873561817
1.567047822504349
1.5651727652821437
1.563422711874752
1.5620476699118016
1.5605476241340372
1.5589225745414594
1.557797540208136
1.557797540208136
1.5561724906155583
1.5550474562822352
1.555172460097049
1.553922421948912
1.5536724143192846
1.55317239906003
1.5520473647267068
1.5514223456526384
1.5511723380230111
1.5514223456526384
1.5512973418378246
1.5506723227637564
1.5517973570970793
1.5510473342081972
1.5512973418378246
1.5502973113193153
1.5505473189489425
1.5501723075045015
1.5499222998748743
1.5501723075045015
1.5509223303933837
1.5509223303933837
1.5511723380230111
1.551547349467452
1.5514223456526384
1.5520473647267068
1.5520473647267068
1.5522973723563342
1.552672383800775
1.5530473952452162
1.5534224066896571
1.554672444837794
1.5554224677266761
1.5560474868007448
1.557172521134068
1.5570475173192542
1.5587975707266457
1.5600476088747826
1.5607976317636647
1.5627976928006837
1.5649227576525162
1.5665478072450942
1.5691728873561817
1.5719229712820828
1.5742980437635425
1.5779231543931396
1.580923245948668
1.584423352763451
1.587923459578234
1.592423596911527
1.5975487533188881
1.6025489059114353
1.6076740623187964
1.613424237800226
1.6195494247260964
1.6242995696890163
1.631674794763024
1.6384250007629628
1.6448001953184606
1.6519254127628407
1.6608006836146123
1.666800866725669
1.673551072725608
1.680676290169988
1.6874264961699272
1.6940516983550522
1.7000518814661092
1.7063020722067934
1.7116772362437818
1.7170524002807703
1.721927549058504
1.725927671132542
1.7300527970213935
1.733052888576922
1.735302957243568
1.735802972502823
1.7370530106509599
1.7363029877620777
1.735302957243568
1.7338029114658042
1.7320528580584125
1.7286777550584431
1.7245526291695914
1.7208025147251809
1.7165523850215156
1.7115522324289683
1.7050520340586566
1.6986768395031586
1.6919266335032197
1.6848014160588396
1.6776761986144597
1.6709259926145208
1.6634257637256997
1.656550553910947
1.649425336466567
1.641925107577746
1.6354249092074344
1.6287997070223093
1.6221745048371838
1.6157993102816859
1.6102991424298836
1.6052989898373364
1.5994238105410932
1.5944236579485458
1.590298532059694
1.5862984099856563
1.5821732840968048
1.5776731467635121
1.5741730399487288
1.5714229560228279
1.5676728415784174
1.564172734763634
1.5605476241340372
1.5556724753563036
1.5510473342081972
1.544047120578631
1.5367968993194372
1.5280466322824793
1.5187963499862667
1.5089210486159856
1.4974206976531268
1.485795342875454
1.4745449995422222
1.4625446333201089
1.453669362468337
1.447419171727653
1.4470441602832118
1.4494192327646718
1.4597945493942077
1.4769200720236824
1.502045838801233
1.534921842097232
1.5766731162450025
1.6270496536149175
1.6861764580217904
1.7543035370952484
1.8304308603167823
1.9120583513901181
1.99456086916715
2.0715632190923796
2.1393152867213967
2.1958170110171817
2.237068269905698
2.2614440137943665
2.2720693380535297
2.264819116794336
2.2319431134983367
2.183816644795068
2.12043971068453
2.048562517166662
1.9700601214636677
1.8876826075014497
1.8043050630207222
1.7240526139103367
1.6489253212073123
1.5815482650227364
1.5240465102084415
1.477045075838496
1.4400439466536454
1.4124181035798211
1.3941675466170234
1.384417249061556
1.3826671956541643
1.3865423139133886
1.3971676381725515
1.4116680806909392
1.4282935880611591
1.4464191412091434
1.4649197058015686
1.4825452436902982
1.497670705282754
1.5116711325418866
1.5240465102084415
1.5341718192083498
1.5426720786156805
1.550422315134129
1.5554224677266761
1.559172582171087
1.5629226966154972
1.565422772911771
1.5675478377636038
1.5700479140598773
1.5734230170598467
1.5754230780968657
1.5784231696523943
1.5804232306894133
1.5831733146153144
1.5857983947264016
1.587923459578234
1.5914235663930174
1.5941736503189183
1.5977987609485154
1.6015488753929257
1.6052989898373364
1.6091741080965607
1.6136742454298534
1.618549394207587
1.6225495162816248
1.6262996307260353
1.6319248023926511
1.6370499588000123
1.6424251228370008
1.6480502945036166
1.6539254737998597
1.659800653096103
1.6658008362071597
1.6723010345774711
1.6783012176885281
1.684676412244026
1.6915516220587787
1.697801812799463
1.7048020264290291
1.7125522629474779
1.7183024384289072
1.7264276863917967
1.733052888576922
1.7406781212805567
1.7475533310953093
1.7536785180211798
1.7614287545396283
1.76792895290994
1.774304147465438
1.7804293343913085
1.7878045594653156
1.7936797387615588
1.7991799066133611
1.8049300820947904
1.8096802270577106
1.814180364391003
1.8193055207983642
1.8238056581316568
1.8268057496871855
1.8311808832056644
1.83443098239082
1.837306070131535
1.8395561387981811
1.8416812036500139
1.8429312417981507
1.8433062532425917
1.844681295205542
1.8445562913907285
1.8434312570574054
1.8426812341685233
1.8418062074648274
1.8391811273537402
1.837306070131535
1.8348059938352612
1.8314308908352916
1.8275557725760676
1.8236806543168431
1.8188055055391095
1.8136803491317484
1.809055207983642
1.80355504013184
1.7983048799096653
1.79167967772454
1.7858044984282968
1.7798043153172398
1.773429120761742
1.7651788689840389
1.7594286935026096
1.7525534836878567
1.7451782586138493
1.7383030487990967
1.731052827539903
1.7246776329844051
1.717552415540025
1.7103021942808314
1.702926969206824
1.6969267860957673
1.6888015381328776
1.681551316873684
1.6748011108737448
1.6684259163182469
1.6620507217627492
1.655800531022065
1.6509253822443313
1.6445501876888333
1.637549974059267
1.631174779503769
1.6267996459852903
1.6214244819483017
1.6166743369853815
1.6120491958372754
1.607424054689169
1.60304892117069
1.5990487990966522
1.5952986846522417
1.591923581652272
1.587923459578234
1.5847983642078922
1.581298257393109
1.5786731772820215
1.5764231086153753
1.5735480208746606
1.5714229560228279
1.5691728873561817
1.5680478530228583
1.5660477919858395
1.5639227271340068
1.562297677541429
1.560672627948851
1.5589225745414594
1.5575475325785089
1.557797540208136
1.5561724906155583
1.55554747154149
1.554672444837794
1.553922421948912
1.5532974028748436
1.5530473952452162
1.5520473647267068
1.551547349467452
1.5516723532822658
1.5511723380230111
1.5509223303933837
1.5510473342081972
1.5509223303933837
1.5506723227637564
1.5511723380230111
1.55079732657857
1.5506723227637564
1.5501723075045015
1.5506723227637564
1.550422315134129
1.550422315134129
1.5509223303933837
1.5510473342081972
1.5514223456526384
1.5512973418378246
1.5521723685415205
1.5521723685415205
1.5520473647267068
1.5524223761711478
1.552672383800775
1.5534224066896571
1.5544224372081668
1.5549224524674214
1.5562974944303722
1.5569225135044404
1.5569225135044404
1.558672566911832
1.559922605059969
1.5607976317636647
1.5624226813562427
1.5645477462080752
1.5667978148747217
1.5689228797265542
1.5717979674672689
1.5741730399487288
1.5770481276894437
1.5801732230597858
1.5841733451338236
1.5877984557634206
1.5917985778374584
1.5970487380596332
1.6014238715781122
1.6071740470595417
1.6130492263557847
1.6182993865779596
1.624049562059389
1.6310497756889553
1.637924985503708
1.6441751762443924
1.651050386059145
1.6580505996887114
1.6650508133182775
1.6725510422070986
1.680676290169988
1.6871764885402998
1.6931766716513565
1.6994268623920408
1.7059270607623525
1.7115522324289683
1.7166773888363294
1.7218025452436905
1.726302682576983
1.7296777855769523
1.732677877132481
1.735302957243568
1.7368030030213324
1.7364279915768914
1.736552995391705
1.735427961058382
1.7338029114658042
1.7315528427991578
1.7293027741325113
1.7255526596881008
1.7213025299844356
1.7166773888363294
1.711177220984527
1.7050520340586566
1.6991768547624133
1.6930516678365428
1.6851764275032808
1.6788012329477828
1.6710509964293345
1.6639257789849544
1.6570505691702018
1.6499253517258217
1.6428001342814416
1.6352999053926207
1.62917471846675
1.6230495315408795
1.6170493484298227
1.6112991729483932
1.6051739860225227
1.6000488296151616
1.5949236732078005
1.590298532059694
1.5859233985412151
1.582048280281991
1.5781731620227668
1.5740480361339153
1.5710479445783867
1.5675478377636038
1.564172734763634
1.5612976470229194
1.5556724753563036
1.551547349467452
1.5452971587267679
1.5366718955046237
1.5289216589861752
1.5195463728751488
1.508796044801172
1.4977957090975678
1.4870453810235909
1.4754200262459183
1.4637946714682455
1.4545443891720329
1.4484192022461622
1.4460441297647022
1.4494192327646718
1.4586695150608844
1.4752950224311043
1.4999207739494005
1.5321717581713308
1.5736730246894741
1.6231745353556932
1.6816763206884975
1.7490533768730736
1.8255557115390486
1.9068081911679433
1.9888106936857204
2.067313089388714
2.1349401532029177
2.191441877498703
2.233443159276101
2.260818994720298
2.271194311349834
2.267194189275796
2.2349432050538653
2.188191778313547
2.1253148594622635
2.0543126926480912
1.976310312204352
1.8934327829828792
1.8100552385021516
1.7296777855769523
1.6539254737998597
1.5859233985412151
1.5277966246528518
1.4804201788384654
1.4421690115054782
1.414918179876095
1.3947925656910916
1.3847922605059968
1.382417188024537
1.3864173100985748
1.3964176152836694
1.410543046357616
1.4277935728019044
1.445794122135075
1.4637946714682455
1.4811702017273476
1.4966706747642446
1.5109211096530044
1.52229645680105
1.5337968077639088
1.541672048097171
1.5499222998748743
1.555172460097049
1.5601726126895963
1.562297677541429
1.5656727805413984
1.5679228492080448
1.570547929319132
1.5729230018005922
1.5750480666524247
1.5777981505783258
1.5801732230597858
1.5830483108005005
1.5859233985412151
1.587923459578234
1.5909235511337627
1.594298654133732
1.5974237495040742
1.601173863948485
1.6056740012817774
1.6091741080965607
1.6136742454298534
1.6181743827631458
1.6217994933927427
1.6270496536149175
1.6326748252815333
1.6370499588000123
1.6418001037629322
1.6476752830591754
1.653800469985046
1.6593006378368482
1.6658008362071597
1.6721760307626576
1.6784262215033416
1.6854264351329082
1.6908015991698966
1.698176824243904
1.7045520187994019
1.7113022247993408
1.7189274575029754
1.7258026673177282
1.7331778923917356
1.7400531022064882
1.7473033234656818
1.7534285103915526
1.7610537430951874
1.767803949095126
1.7740541398358105
1.7818043763542588
1.7875545518356883
1.7930547196874904
1.7991799066133611
1.8054300973540451
1.809930234687338
1.8146803796502577
1.819430524613178
1.8235556505020296
1.8270557573168127
1.8308058717612232
1.8350560014648885
1.8370560625019074
1.8391811273537402
1.8415561998352001
1.8431812494277782
1.8435562608722191
1.8441812799462873
1.8441812799462873
1.8433062532425917
1.8430562456129642
1.8416812036500139
1.8400561540574358
1.8370560625019074
1.8341809747611926
1.8314308908352916
1.8268057496871855
1.8234306466872157
1.8186805017242957
1.8135553453169349
1.8084301889095737
1.8033050325022126
1.7979298684652243
1.7928047120578632
1.785679494613483
1.7793043000579851
1.772304086428419
1.765928891872921
1.759178685872982
1.7518034607989748
1.7450532547990356
1.737803033539842
1.7313028351695303
1.724302621539964
1.717177404095584
1.7101771904660177
1.7033019806512648
1.695801751762444
1.689426557206946
1.6816763206884975
1.6749261146885588
1.6686759239478743
1.6621757255775629
1.6555505233924375
1.6495503402813807
1.643925168614765
1.6380499893185219
1.6312997833185827
1.6265496383556628
1.6211744743186742
1.6166743369853815
1.6120491958372754
1.606174016541032
1.60304892117069
1.5994238105410932
1.5964237189855648
1.5916735740226449
1.5875484481337934
1.5846733603930783
1.58167326883755
1.5782981658375803
1.5757980895413068
1.5739230323191016
1.5709229407635732
1.5687978759117405
1.5671728263191627
1.5652977690969574
1.5644227423932615
1.561797662282174
1.561047639393292
1.5587975707266457
1.5575475325785089
1.5569225135044404
1.5560474868007448
1.5550474562822352
1.5545474410229805
1.5550474562822352
1.5534224066896571
1.5525473799859615
1.5519223609118933
1.551547349467452
1.5512973418378246
1.551547349467452
1.5510473342081972
1.55079732657857
1.5510473342081972
1.5510473342081972
1.55079732657857
1.5500473036896878
1.5505473189489425
1.550422315134129
1.5502973113193153
1.5501723075045015
1.5510473342081972
1.5514223456526384
1.5517973570970793
1.5521723685415205
1.5514223456526384
1.5514223456526384
1.551547349467452
1.5522973723563342
1.5521723685415205
1.552797387615589
1.5536724143192846
1.5542974333933532
1.554672444837794
1.555922482985931
1.5562974944303722
1.5581725516525773
1.558297555467391
1.5600476088747826
1.560672627948851
1.5625476851710562
1.5655477767265848
1.5671728263191627
1.5684228644672995
1.5720479750968963
1.5742980437635425
1.5772981353190711
1.5804232306894133
1.5841733451338236
1.5876734519486069
1.592423596911527
1.5974237495040742
1.6016738792077396
1.607424054689169
1.6130492263557847
1.618924405652028
1.6255496078371532
1.631174779503769
1.638299996948149
1.6444251838740198
1.6511753898739585
1.6595506454664755
1.6658008362071597
1.673176061281167
1.6800512710959197
1.6873014923551135
1.6945517136143071
1.7000518814661092
1.7063020722067934
1.7115522324289683
1.7169273964659566
1.7209275185399944
1.7265526902066104
1.729427777947325
1.7321778618732262
1.7349279457991271
1.7356779686880093
1.7368030030213324
1.7363029877620777
1.735427961058382
1.7336779076509903
1.7319278542435987
1.729052766502884
1.7254276558732873
1.7209275185399944
1.7166773888363294
1.7110522171697136
1.7053020416882838
1.6986768395031586
1.6920516373180334
1.6849264198736535
1.678676229132969
1.6703009735404524
1.6635507675405132
1.655800531022065
1.6498003479110082
1.6428001342814416
1.6360499282815029
1.62917471846675
1.6225495162816248
1.6160493179113133
1.6100491348002564
1.6055489974669637
1.5997988219855341
1.594798669392987
1.5905485396893215
1.5861734061708426
1.5827983031708732
1.5779231543931396
1.5744230475783563
1.5702979216895046
1.5676728415784174
1.5639227271340068
1.5609226355784784
1.555922482985931
1.5506723227637564
1.5447971434675132
1.5360468764305553
1.528171636097293
1.5185463423566392
1.5082960295419172
1.497670705282754
1.4861703543198952
1.4747950071718496
1.4640446790978727
1.454044373912778
1.448169194616535
1.4464191412091434
1.449794244209113
1.4596695455793938
1.477045075838496
1.501170812097537
1.533671803949095
1.5750480666524247
1.6255496078371532
1.684301400799585
1.7521784722434155
1.8286808069093905
1.9100582903530994
1.99218579668569
2.069563158055361
2.1373152256843775
2.193566942350536
2.2348182012390514
2.2613190099795526
2.2713193151646474
2.2659441511276586
2.2336931669057285
2.1836916409802547
2.123314798425245
2.050687582018494
1.9725601977599416
1.8904326914273508
1.807180150761437
1.7264276863917967
1.6509253822443313
1.5836733298745689
1.52467152928251
1.4787951292458876
1.441043977172155
1.4135431379131442
1.394667561876278
1.3846672566911833
1.3814171575060274
1.3869173253578295
1.3966676229132968
1.4117930845057527
1.4281685842463454
1.4476691793572802
1.4649197058015686
1.4815452131717888
1.4970456862086856
1.5112961210974456
1.5231714835047456
1.5340468153935363
1.5427970824304942
1.5497972960600603
1.5557974791711173
1.5594225898007141
1.5626726889858698
1.5656727805413984
1.5679228492080448
1.5704229255043185
1.5730480056154057
1.574923062837611
1.5779231543931396
1.5805482345042268
1.583298318430128
1.5849233680227057
1.5882984710226753
1.5911735587633902
1.5944236579485458
1.59829877620777
1.601048860133671
1.6055489974669637
1.6092991119113744
1.6136742454298534
1.6180493789483323
1.6225495162816248
1.6274246650593585
1.6317997985778374
1.6372999664296397
1.6423001190221869
1.6478002868739892
1.6540504776146734
1.6599256569109164
1.6658008362071597
1.6724260383922849
1.6791762443922238
1.6856764427625355
1.6918016296884062
1.6983018280587177
1.7050520340586566
1.7121772515030367
1.7190524613177893
1.7253026520584733
1.7331778923917356
1.740928128910184
1.7475533310953093
1.7541785332804345
1.7611787469100009
1.7681789605395672
1.7749291665395062
1.7808043458357494
1.7883045747245705
1.7935547349467453
1.7990549027985472
1.805180089724418
1.8114302804651021
1.815055391094699
1.8196805322428053
1.8239306619464706
1.8275557725760676
1.8310558793908505
1.8343059785760063
1.8374310739463484
1.8393061311685537
1.8416812036500139
1.8430562456129642
1.8439312723166599
1.8444312875759148
1.8441812799462873
1.8438062685018464
1.842431226538896
1.8409311807611317
1.8398061464278084
1.837306070131535
1.8345559862056338
1.8304308603167823
1.8263057344279305
1.8231806390575884
1.818555497909482
1.813805352946562
1.807930173650319
1.8014299752800074
1.7978048646504103
1.79167967772454
1.7855544907986696
1.7791792962431716
1.7725540940580462
1.7660538956877345
1.7596787011322368
1.7519284646137883
1.7448032471694084
1.7375530259102145
1.7305528122806482
1.7238026062807095
1.7168023926511429
1.7101771904660177
1.7028019653920103
1.6964267708365124
1.6891765495773186
1.6818013245033114
1.6748011108737448
1.668050904873806
1.660550675984985
1.655800531022065
1.6493003326517535
1.643925168614765
1.637549974059267
1.6327998290963468
1.6261746269112216
1.6210494705038605
1.6156743064668722
1.6115491805780204
1.6072990508743554
1.602673909726249
1.598673787652211
1.5949236732078005
1.5916735740226449
1.5876734519486069
1.584423352763451
1.5817982726523636
1.5786731772820215
1.5759230933561206
1.5717979674672689
1.5711729483932007
1.5690478835413677
1.567047822504349
1.56504776146733
1.5631727042451247
1.5621726737266153
1.560672627948851
1.559047578356273
1.557172521134068
1.5565475020599995
1.5556724753563036
1.554797448652608
1.554797448652608
1.5540474257637258
1.5540474257637258
1.5524223761711478
1.5519223609118933
1.5519223609118933
1.5511723380230111
1.5509223303933837
1.55079732657857
1.5506723227637564
1.5509223303933837
1.5511723380230111
1.55079732657857
1.5506723227637564
1.5506723227637564
1.5502973113193153
1.5501723075045015
1.5500473036896878
1.5510473342081972
1.5509223303933837
1.5514223456526384
1.551547349467452
1.5517973570970793
1.5510473342081972
1.5521723685415205
1.5522973723563342
1.5522973723563342
1.5525473799859615
1.5536724143192846
1.5541724295785393
1.554797448652608
1.5564224982451857
1.556797509689627
1.55792254402295
1.5581725516525773
1.559922605059969
1.561172643208106
1.5629226966154972
1.56504776146733
1.5672978301339764
1.5696729026154363
1.5719229712820828
1.57454805139317
1.5780481582079533
1.5805482345042268
1.5846733603930783
1.5882984710226753
1.592423596911527
1.5972987456892607
1.6027989135410627
1.6079240699484236
1.6139242530594806
1.6192994170964692
1.6259246192815942
1.631674794763024
1.638299996948149
1.645050202948088
1.6524254280220954
1.6584256111331521
1.666050843836787
1.6739260841700492
1.680676290169988
1.6875514999847407
1.6940516983550522
1.7006769005401776
1.7066770836512346
1.712427259132664
1.7178024231696525
1.7226775719473861
1.7268026978362376
1.7293027741325113
1.7324278695028534
1.7349279457991271
1.7361779839472642
1.7371780144657736
1.736552995391705
1.735427961058382
1.7338029114658042
1.7318028504287852
1.7281777397991884
1.7248026367992186
1.7206775109103671
1.7168023926511429
1.7105522019104589
1.7045520187994019
1.6984268318735312
1.6909266029847103
1.6841763969847714
1.6770511795403913
1.670050965910825
1.6630507522812585
1.6559255348368787
1.6498003479110082
1.641925107577746
1.635549913022248
1.628049684133427
1.6221745048371838
1.6155493026520584
1.6099241309854426
1.6044239631336406
1.5994238105410932
1.594673665578173
1.5900485244300668
1.5857983947264016
1.5810482497634815
1.5775481429486986
1.5732980132450332
1.5704229255043185
1.5672978301339764
1.5645477462080752
1.56029761650441
1.5557974791711173
1.5497972960600603
1.5437971129490036
1.5372969145786919
1.5271716055787836
1.5181713309121982
1.5079210180974763
1.4974206976531268
1.4856703390606403
1.4740449842829677
1.4625446333201089
1.4535443586535233
1.4476691793572802
1.4467941526535844
1.449794244209113
1.4605445722830899
1.4774200872829373
1.5029208655049286
1.5360468764305553
1.5780481582079533
1.6290497146519365
1.6884265266884364
1.7566786095767084
1.8339309671315653
1.9154334543900877
1.9975609607226783
2.07393829157384
2.141190343943602
2.197817072054201
2.2379432966093935
2.262444044312876
2.271944334238716
2.263569078646199
2.2309430829798274
2.180566545609912
2.1186896572771388
2.0466874599444567
1.967185033722953
1.8839324930570391
1.8021799981688895
1.7210525223548083
1.6458002258369702
1.578923184911649
1.521796441541795
1.4744199957274087
1.4386689046906949
1.4116680806909392
1.3929175084688865
1.3849172643208107
1.3829172032837918
1.3872923368022707
1.3977926572466202
1.4117930845057527
1.429543626209296
1.4480441908017212
1.4667947630237739
1.483045258949553
1.4982957243568225
1.5120461439863278
1.524296517838069
1.5344218268379772
1.5434221015045624
1.5509223303933837
1.5564224982451857
1.559047578356273
1.5645477462080752
1.5656727805413984
1.5686728720969267
1.5704229255043185
1.5730480056154057
1.5756730857264931
1.5776731467635121
1.5811732535782954
1.5830483108005005
1.5857983947264016
1.588423474837489
1.5910485549485762
1.594298654133732
1.5979237647633289
1.6012988677632984
1.6060490127262186
1.6095491195410014
1.6139242530594806
1.618549394207587
1.6227995239112523
1.627174657429731
1.6321748100222786
1.637549974059267
1.642675130466628
1.6484253059480574
1.6540504776146734
1.6603006683553576
1.6665508590960418
1.6728010498367258
1.6789262367625966
1.6853014313180945
1.6921766411328472
1.6986768395031586
1.7055520493179113
1.7123022553178504
1.7185524460585346
1.7265526902066104
1.7338029114658042
1.7411781365398113
1.7479283425397505
1.7549285561693166
1.761553758354442
1.76792895290994
1.7740541398358105
1.781679372539445
1.7886795861690117
1.7934297311319314
1.799554918057802
1.8056801049836726
1.8105552537614062
1.8146803796502577
1.819430524613178
1.8238056581316568
1.8284307992797633
1.831305887020478
1.83443098239082
1.8374310739463484
1.8395561387981811
1.8411811883907592
1.8429312417981507
1.844306283761101
1.8441812799462873
1.8441812799462873
1.8438062685018464
1.8426812341685233
1.8406811731315043
1.8395561387981811
