1.653425458540605
1.6454252143925292
1.6414250923184912
1.6365499435407576
1.6337998596148564
1.6329248329111608
1.6319248023926511
1.6337998596148564
1.6364249397259438
1.6401750541703544
1.6440501724295786
1.6493003326517535
1.654550492873928
1.6594256416516617
1.6641757866145819
1.6699259620960112
1.6745511032441176
1.678676229132969
1.6810513016144293
1.683926389355144
1.6849264198736535
1.6821763359477524
1.679551255836665
1.6740510879848627
1.6679259010589922
1.6601756645405439
1.6523004242072816
1.6420501113925596
1.632299813837092
1.6214244819483017
1.6100491348002564
1.5984237800225838
1.586048402356029
1.5732980132450332
1.5594225898007141
1.5461721854304635
1.5320467543565173
1.515546250801111
1.4965456709494307
1.4749200109866634
1.4514192938016908
1.427543565172277
1.4086679891354106
1.393917538987396
1.3921674855800044
1.4035428327280495
1.4347937864314706
1.4901704763939327
1.5696729026154363
1.6706759849848933
1.78692953276162
1.9143084200567644
2.0386872157963807
2.141940366832484
2.206442335276345
2.226817957090976
2.2001921445356607
2.124064821314127
2.0115613879818106
1.8803073824274423
1.7463032929471725
1.62204950102237
1.5150462355418564
1.4327937253944516
1.3762920010986663
1.3444160283211768
1.33604077272866
1.3461660817285683
1.3671667226172672
1.3956675923947877
1.4270435499130223
1.4562944425794244
1.4840452894680625
1.5070459913937804
1.52467152928251
1.5392969756157109
1.5511723380230111
1.561922666096988
1.5722979827265235
1.580923245948668
1.5906735435041353
1.5997988219855341
1.6096741233558154
1.6199244361705374
1.6312997833185827
1.6421751152073734
1.6546754966887418
1.6651758171330913
1.677551194799646
1.6885515305032504
1.6999268776512955
1.7109272133548998
1.7210525223548083
1.7313028351695303
1.7408031250953704
1.7494283883175148
1.7574286324655906
1.7654288766136663
1.771429059724723
1.7764292123172705
1.7815543687246316
1.7840544450209053
1.7861795098727378
1.78692953276162
1.7863045136875517
1.7841794488357188
1.7820543839838863
1.778179265724662
1.7724290902432325
1.7670539262062441
1.7600537125766778
1.7529284951322976
1.7449282509842219
1.735302957243568
1.7255526596881008
1.715552354503006
1.7058020569475387
1.6959267555772577
1.6869264809106725
1.6774261909848323
1.6686759239478743
1.660550675984985
1.6536754661702324
1.6468002563554796
1.6411750846888638
1.6367999511703848
1.633549851985229
1.632424817651906
1.6340498672444839
1.6337998596148564
1.63629993591113
1.6401750541703544
1.6444251838740198
1.6476752830591754
1.6540504776146734
1.6588006225775933
1.6640507827997681
1.6699259620960112
1.6744260994293039
1.6784262215033416
1.681551316873684
1.6841763969847714
1.6841763969847714
1.681926328318125
1.6794262520218513
1.6743010956144901
1.6674258857997375
1.6600506607257304
1.6526754356517228
1.6416750999481187
1.6320498062074649
1.6214244819483017
1.609799127170629
1.5974237495040742
1.5856733909115879
1.5729230018005922
1.56029761650441
1.54604718161565
1.5324217658009582
1.515546250801111
1.4959206518753625
1.475045014801477
1.451294289986877
1.4277935728019044
1.4071679433576463
1.3941675466170234
1.3907924436170536
1.4039178441724907
1.4367938474684896
1.4910455030976288
1.5707979369487595
1.671176000244148
1.788054567094943
1.9160584734641561
2.0403122653889585
2.1424403820917384
2.206567339091159
2.2269429609057894
2.198567094943083
2.1228147831659903
2.0101863460188603
1.879182348094119
1.7451782586138493
1.6206744590594195
1.5144212164677877
1.4324187139500106
1.375291970580157
1.3440410168767358
1.33604077272866
1.3460410779137548
1.3674167302468947
1.3961676076540421
1.427543565172277
1.4572944730979338
1.4847953123569444
1.5069209875789666
1.5252965483565784
1.5395469832453383
1.5517973570970793
1.562297677541429
1.5719229712820828
1.5810482497634815
1.590423535874508
1.5999238258003479
1.6095491195410014
1.6202994476149783
1.631174779503769
1.6423001190221869
1.6540504776146734
1.6654258247627187
1.6773011871700187
1.6885515305032504
1.7003018890957367
1.7109272133548998
1.7203024994659262
1.7311778313547166
1.740928128910184
1.7494283883175148
1.757553636280404
1.7653038727988526
1.7711790520950956
1.7769292275765252
1.781679372539445
1.7843044526505327
1.7866795251319927
1.78692953276162
1.7863045136875517
1.7840544450209053
1.781679372539445
1.7783042695394757
1.7730541093173011
1.7670539262062441
1.7603037202063052
1.7530534989471116
1.7449282509842219
1.735427961058382
1.725927671132542
1.715552354503006
1.7058020569475387
1.695801751762444
1.6865514694662314
1.6774261909848323
1.6686759239478743
1.660550675984985
1.6531754509109775
1.6466752525406658
1.6409250770592365
1.6367999511703848
1.6339248634296701
1.6327998290963468
1.632299813837092
1.633549851985229
1.6360499282815029
1.6400500503555409
1.643925168614765
1.6495503402813807
1.6539254737998597
1.6588006225775933
1.6643007904293954
1.6694259468367565
1.6746761070589313
1.6783012176885281
1.6816763206884975
1.6836763817255165
1.6836763817255165
1.6820513321329387
1.6788012329477828
1.6741760917996766
1.6670508743552965
1.6601756645405439
1.6506753746147038
1.6420501113925596
1.6319248023926511
1.6214244819483017
1.6096741233558154
1.5975487533188881
1.5854233832819604
1.5727979979857785
1.5589225745414594
1.5469222083193457
1.531671742912076
1.5154212469862973
1.4964206671346172
1.4744199957274087
1.4507942747276223
1.427543565172277
1.4071679433576463
1.3940425428022096
1.3914174626911222
1.403792840357677
1.437043855098117
1.4924205450605792
1.5719229712820828
1.6729260536515398
1.7906796472060307
1.9184335459456159
2.0428123416852317
2.144315439313944
2.2079423810541092
2.2269429609057894
2.1984420911282694
2.120064699240089
2.0078112735374005
1.8765572679830318
1.7434282052064578
1.6184243903927733
1.5111711172826319
1.4310436719870603
1.3742919400616473
1.3435410016174811
1.3354157536545914
1.346791100802637
1.3681667531357768
1.3969176305429243
1.4276685689870905
1.457669484542375
1.4859203466902677
1.5072959990234076
1.5256715598010193
1.5395469832453383
1.5519223609118933
1.5625476851710562
1.5709229407635732
1.5811732535782954
1.5906735435041353
1.6000488296151616
1.61017413861507
1.6202994476149783
1.6317997985778374
1.6425501266518143
1.6541754814294871
1.66480080568865
1.6776761986144597
1.6888015381328776
1.7003018890957367
1.711177220984527
1.7213025299844356
1.7315528427991578
1.7411781365398113
1.7498033997619558
1.7580536515396588
1.7646788537247842
1.771804071169164
1.777054231391339
1.7814293649098176
1.7843044526505327
1.7859295022431105
1.7861795098727378
1.786554521317179
1.7843044526505327
1.7810543534653769
1.7776792504654073
1.7733041169469284
1.7673039338358714
1.760428724021119
1.7526784875026704
1.7434282052064578
1.735427961058382
1.7251776482436598
1.7156773583178198
1.7055520493179113
1.6959267555772577
1.6856764427625355
1.677176183355205
1.6686759239478743
1.660925687429426
1.6531754509109775
1.6460502334665976
1.6416750999481187
1.6364249397259438
1.6337998596148564
1.632299813837092
1.6325498214667196
1.6341748710592976
1.6372999664296397
1.6396750389110997
1.6444251838740198
1.6488003173924985
1.6543004852443006
1.6588006225775933
1.6644257942442091
1.6695509506515702
1.6746761070589313
1.6790512405774103
1.6825513473921934
1.683926389355144
1.683926389355144
1.682676351207007
1.6790512405774103
1.6743010956144901
1.6675508896145512
1.6606756797997986
1.6516754051332134
1.6420501113925596
1.6320498062074649
1.6210494705038605
1.6099241309854426
1.5980487685781428
1.5854233832819604
1.5729230018005922
1.5594225898007141
1.5455471663563953
1.531671742912076
1.515921262245552
1.496045655690176
1.4744199957274087
1.4504192632831812
1.4260435193945127
1.4066679280983916
1.3937925351725822
1.3914174626911222
1.403792840357677
1.4361688283944214
1.491795525986511
1.5712979522080142
1.6725510422070986
1.789679616687521
1.9175585192419202
2.0410622882778404
2.1436904202398757
2.2078173772392957
2.227192968535417
2.1993171178319653
2.121314737388226
2.008686300241096
1.877682302316355
1.7435532090212715
1.6191744132816552
1.5134211859492783
1.4314186834315012
1.374916959135716
1.3437910092471084
1.3361657765434736
1.3460410779137548
1.3676667378765222
1.3964176152836694
1.4276685689870905
1.4579194921720025
1.4851703238013856
1.5074210028382216
1.5254215521713919
1.539671987060152
1.5519223609118933
1.5621726737266153
1.5717979674672689
1.5810482497634815
1.589923520615253
1.6000488296151616
1.6096741233558154
1.6204244514297923
1.6314247871333964
1.6423001190221869
1.6541754814294871
1.6656758323923462
1.6768011719107638
1.6885515305032504
1.7000518814661092
1.710802209540086
1.7203024994659262
1.7313028351695303
1.7406781212805567
1.7490533768730736
1.7573036286507766
1.7645538499099704
1.7716790673543503
1.776679219946898
1.7819293801690725
1.78455446028016
1.786554521317179
1.785679494613483
1.7863045136875517
1.7844294564653462
1.781679372539445
1.7779292580950348
1.7730541093173011
1.7671789300210579
1.7605537278359324
1.7529284951322976
1.744553239539781
1.7351779534287546
1.7256776635029145
1.7156773583178198
1.7059270607623525
1.6964267708365124
1.6864264656514176
1.6774261909848323
1.6685509201330608
1.6608006836146123
1.6530504470961638
1.6464252449110386
1.6413000885036775
1.6371749626148258
1.6337998596148564
1.6325498214667196
1.6327998290963468
1.634299874874111
1.6367999511703848
1.6400500503555409
1.6436751609851377
1.6481752983184301
1.654550492873928
1.6595506454664755
1.6641757866145819
1.669675954466384
1.6749261146885588
1.6781762138737144
1.6823013397625661
1.6836763817255165
1.6840513931699574
1.683051362651448
1.679926267281106
1.6740510879848627
1.6675508896145512
1.6604256721701711
1.6516754051332134
1.641925107577746
1.63154979094821
1.6219244972075564
1.6095491195410014
1.5984237800225838
1.5851733756523332
1.5729230018005922
1.5594225898007141
1.5461721854304635
1.5315467390972626
1.5154212469862973
1.4962956633198035
1.4740449842829677
1.4507942747276223
1.4269185460982088
1.4074179509872737
1.3944175542466506
1.3912924588763085
1.4041678518021181
1.4355438093203527
1.4919205298013245
1.5710479445783867
1.671676015503403
1.7886795861690117
1.916433484908597
2.0406872768333995
2.1431904049806207
2.2071923581652273
2.2264429456465344
2.1986920987578964
2.1226897793511768
2.0099363383892332
1.8789323404644918
1.7451782586138493
1.6214244819483017
1.5145462202826014
1.4321687063203834
1.375666982024598
1.3444160283211768
1.33604077272866
1.3461660817285683
1.3672917264320812
1.3957925962096012
1.4270435499130223
1.4571694692831203
1.4855453352458265
1.5070459913937804
1.5251715445417646
1.5395469832453383
1.5519223609118933
1.562297677541429
1.5712979522080142
1.581298257393109
1.5905485396893215
1.5996738181707206
1.6099241309854426
1.6199244361705374
1.6312997833185827
1.6424251228370008
1.6540504776146734
1.6655508285775322
1.6769261757255778
1.6884265266884364
1.699801873836482
1.7109272133548998
1.721552537614063
1.7308028199102756
1.7406781212805567
1.7491783806878873
1.7576786400952178
1.7646788537247842
1.771429059724723
1.776679219946898
1.7815543687246316
1.7843044526505327
1.7858044984282968
1.7874295480208746
1.7850544755394149
1.7846794640949737
1.7818043763542588
1.7780542619098483
1.7730541093173011
1.7674289376506853
1.7605537278359324
1.7529284951322976
1.744553239539781
1.7361779839472642
1.7268026978362376
1.7161773735770747
1.7059270607623525
1.6961767632068852
1.686301461836604
1.6774261909848323
1.6686759239478743
1.6606756797997986
1.6530504470961638
1.6461752372814111
1.6413000885036775
1.637549974059267
1.634299874874111
1.632299813837092
1.6326748252815333
1.6340498672444839
1.6367999511703848
1.640675069429609
1.6440501724295786
1.6495503402813807
1.6540504776146734
1.6594256416516617
1.6640507827997681
1.669300943021943
1.6746761070589313
1.679926267281106
1.681926328318125
1.683926389355144
1.6841763969847714
1.6820513321329387
1.6793012482070377
1.6743010956144901
1.667675893429365
1.6603006683553576
1.6515504013183995
1.6420501113925596
1.632299813837092
1.6214244819483017
1.6100491348002564
1.5974237495040742
1.5857983947264016
1.5730480056154057
1.559797601245155
1.5466722006897184
1.5320467543565173
1.515921262245552
1.4964206671346172
1.4740449842829677
1.4511692861720633
1.427918576616718
1.4071679433576463
1.3941675466170234
1.3912924588763085
1.403417828913236
1.435043794061098
1.4904204840235602
1.5695478988006226
1.6703009735404524
1.7875545518356883
1.9141834162419509
2.039562242500076
2.1420653706472974
2.2071923581652273
2.2264429456465344
2.1998171330912197
2.1230647907956177
2.011061372722556
1.880057374797815
1.746053285317545
1.6215494857631152
1.5141712088381603
1.4327937253944516
1.37641700491348
1.3439160130619219
1.3359157689138461
1.3441660206915493
1.3671667226172672
1.3961676076540421
1.4267935422833948
1.4577944883571887
1.4840452894680625
1.5065459761345255
1.5250465407269511
1.5395469832453383
1.5516723532822658
1.5626726889858698
1.5720479750968963
1.5805482345042268
1.589923520615253
1.599548814355907
1.6084240852076785
1.6200494399853511
1.6312997833185827
1.6423001190221869
1.653800469985046
1.6670508743552965
1.677176183355205
1.688301522873623
1.7000518814661092
1.7106772057252724
1.7209275185399944
1.7313028351695303
1.7408031250953704
1.7490533768730736
1.7578036439100315
1.7651788689840389
1.7708040406506547
1.7769292275765252
1.7813043610950041
1.7848044679097874
1.7861795098727378
1.7866795251319927
1.7864295175023652
1.7846794640949737
1.7818043763542588
1.7783042695394757
1.7733041169469284
1.7671789300210579
1.7603037202063052
1.7525534836878567
1.7443032319101537
1.734552934354686
1.7255526596881008
1.7156773583178198
1.7059270607623525
1.6965517746513261
1.6865514694662314
1.677551194799646
1.668800927762688
1.660550675984985
1.6530504470961638
1.6464252449110386
1.64105008087405
1.6371749626148258
1.6337998596148564
1.632299813837092
1.6314247871333964
1.6341748710592976
1.6365499435407576
1.6400500503555409
1.6443001800592059
1.6471752677999205
1.653800469985046
1.6596756492812892
1.6639257789849544
1.670050965910825
1.673551072725608
1.678676229132969
1.6814263130588702
1.6840513931699574
1.6840513931699574
1.6835513779107028
1.6794262520218513
1.6745511032441176
1.66717587817011
1.6604256721701711
1.6516754051332134
1.6424251228370008
1.6312997833185827
1.6214244819483017
1.609799127170629
1.59829877620777
1.5859233985412151
1.5732980132450332
1.559797601245155
1.5457971739860226
1.531671742912076
1.5165462813196202
1.4964206671346172
1.4749200109866634
1.451294289986877
1.4284185918759726
1.407792962431715
1.3944175542466506
1.3916674703207497
1.4035428327280495
1.4356688131351665
1.490545487838374
1.5691728873561817
1.6698009582811977
1.78692953276162
1.9145584276863918
2.0390622272408216
2.141940366832484
2.2068173467207863
2.226817957090976
2.1996921292764062
2.1246898403881955
2.010436353648488
1.880432386242256
1.7470533158360546
1.6217994933927427
1.515921262245552
1.432668721579638
1.3761669972838526
1.344666035950804
1.3356657612842189
1.3464160893581958
1.3674167302468947
1.3956675923947877
1.4267935422833948
1.4569194616534928
1.4840452894680625
1.5065459761345255
1.5254215521713919
1.5390469679860834
1.551547349467452
1.5626726889858698
1.5719229712820828
1.580923245948668
1.590423535874508
1.5999238258003479
1.6095491195410014
1.6201744438001648
1.6312997833185827
1.6425501266518143
1.6539254737998597
1.6654258247627187
1.6773011871700187
1.6886765343180639
1.6999268776512955
1.710427198095645
1.7214275337992493
1.731052827539903
1.740553117465743
1.7495533921323283
1.757553636280404
1.764803857539598
1.7715540635395368
1.776679219946898
1.7813043610950041
1.7844294564653462
1.7864295175023652
1.78692953276162
1.78692953276162
1.7844294564653462
1.7819293801690725
1.7779292580950348
1.7730541093173011
1.7669289223914304
1.7605537278359324
1.7525534836878567
1.7435532090212715
1.7350529496139409
1.7258026673177282
1.7159273659474472
1.70617706839198
1.6953017365031893
1.6868014770958586
1.6774261909848323
1.668800927762688
1.6613006988738672
1.6530504470961638
1.6465502487258523
1.6411750846888638
1.6370499588000123
1.6332998443556017
1.6321748100222786
1.631674794763024
1.6340498672444839
1.6361749320963164
1.6398000427259134
1.644675191503647
1.6498003479110082
1.6539254737998597
1.6591756340220343
1.6643007904293954
1.6698009582811977
1.6748011108737448
1.6780512100589007
1.6814263130588702
1.6836763817255165
1.6835513779107028
1.6825513473921934
1.679551255836665
1.6748011108737448
1.667675893429365
1.6603006683553576
1.6516754051332134
1.6421751152073734
1.6321748100222786
1.6216744895779291
1.6099241309854426
1.5972987456892607
1.5859233985412151
1.5722979827265235
1.5600476088747826
1.54604718161565
1.5322967619861447
1.515796258430738
1.4961706595049897
1.4756700338755455
1.4511692861720633
1.4270435499130223
1.4072929471724602
1.3940425428022096
1.391042451246681
1.4031678212836085
1.4349187902462845
1.489420453505051
1.5679228492080448
1.6686759239478743
1.7859295022431105
1.9124333628345591
2.0383122043519397
2.141065340128788
2.206192327646718
2.226817957090976
2.1999421369060337
2.126439893795587
2.012936429944762
1.8820574358348339
1.747678334910123
1.6239245582445754
1.5170462965788751
1.4341687673574024
1.3769170201727348
1.3444160283211768
1.33604077272866
1.3460410779137548
1.36691671498764
1.3951675771355327
1.4260435193945127
1.4564194463942381
1.4832952665791803
1.506420972319712
1.5245465254676962
1.53892196417127
1.5514223456526384
1.5629226966154972
1.5722979827265235
1.5806732383190405
1.5895485091708121
1.5992988067262794
1.6100491348002564
1.6199244361705374
1.630799768059328
1.6423001190221869
1.6531754509109775
1.66480080568865
1.6773011871700187
1.688301522873623
1.6999268776512955
1.7105522019104589
1.7209275185399944
1.731052827539903
1.740553117465743
1.7489283730582599
1.757553636280404
1.7649288613544114
1.7706790368358412
1.777054231391339
1.7811793572801906
1.7843044526505327
1.7863045136875517
1.78692953276162
1.7858044984282968
1.784929471724601
1.7819293801690725
1.778179265724662
1.7729291055024872
1.7676789452803126
1.76080373546556
1.7530534989471116
1.744553239539781
1.7361779839472642
1.7261776787621694
1.7161773735770747
1.7059270607623525
1.6968017822809534
1.687051484725486
1.6774261909848323
1.6689259315775018
1.6619257179479354
1.6535504623554185
1.6469252601702933
1.6413000885036775
1.6369249549851985
1.633549851985229
1.6320498062074649
1.6327998290963468
1.633549851985229
1.6361749320963164
1.6404250617999818
1.6440501724295786
1.6489253212073123
1.6535504623554185
1.6599256569109164
1.6640507827997681
1.670050965910825
1.6748011108737448
1.6780512100589007
1.6818013245033114
1.6833013702810755
1.6848014160588396
1.683051362651448
1.6798012634662924
1.6744260994293039
1.6678008972441787
1.659800653096103
1.6519254127628407
1.642675130466628
1.632299813837092
1.6219244972075564
1.609799127170629
1.5980487685781428
1.5856733909115879
1.5732980132450332
1.5594225898007141
1.5461721854304635
1.5317967467268898
1.515796258430738
1.4966706747642446
1.4747950071718496
1.451294289986877
1.427543565172277
1.4074179509872737
1.3945425580614643
1.3912924588763085
1.4029178136539813
1.4349187902462845
1.4904204840235602
1.5692978911709952
1.6699259620960112
1.78692953276162
1.9139334086123234
2.038812219611194
2.1418153630176704
2.2059423200170905
2.227192968535417
2.2001921445356607
2.124064821314127
2.0115613879818106
1.880432386242256
1.747678334910123
1.62204950102237
1.516296273689993
1.4332937406537065
1.37641700491348
1.344666035950804
1.3357907650990326
1.3457910702841274
1.3671667226172672
1.3955425885799737
1.4270435499130223
1.4575444807275613
1.4836702780236213
1.5069209875789666
1.5251715445417646
1.5395469832453383
1.5511723380230111
1.562297677541429
1.5726729941709647
1.5806732383190405
1.5901735282448806
1.5994238105410932
1.6099241309854426
1.6199244361705374
1.6312997833185827
1.641925107577746
1.6539254737998597
1.6644257942442091
1.6765511642811366
1.688301522873623
1.7004268929105502
1.7103021942808314
1.7213025299844356
1.7309278237250891
1.7404281136509292
1.7489283730582599
1.757178624835963
1.76555388042848
1.772179082613605
1.776679219946898
1.7814293649098176
1.78455446028016
1.785679494613483
1.7870545365764336
1.786554521317179
1.7841794488357188
1.7815543687246316
1.7776792504654073
1.773429120761742
1.7674289376506853
1.7606787316507462
1.753178502761925
1.7449282509842219
1.7356779686880093
1.725927671132542
1.7163023773918882
1.7059270607623525
1.6971767937253945
1.6868014770958586
1.6776761986144597
1.669175939207129
1.6606756797997986
1.653425458540605
1.6465502487258523
1.6418001037629322
1.6369249549851985
1.6340498672444839
1.6327998290963468
1.6312997833185827
1.6337998596148564
1.6364249397259438
1.6400500503555409
1.6436751609851377
1.6483003021332439
1.653800469985046
1.6590506302072208
1.6643007904293954
1.6698009582811977
1.6728010498367258
1.6785512253181556
1.6813013092440567
1.6838013855403302
1.6841763969847714
1.6834263740958892
1.6800512710959197
1.6743010956144901
1.6679259010589922
1.660550675984985
1.6519254127628407
1.642675130466628
1.6319248023926511
1.6224245124668113
1.610549150059511
1.6004238410596028
1.5859233985412151
1.5739230323191016
1.5600476088747826
1.5466722006897184
1.532921781060213
1.516296273689993
1.4971706900234993
1.4754200262459183
1.4526693319498276
1.4286685995056
1.408542985320597
1.3945425580614643
1.3911674550614948
1.4026678060243538
1.4337937559129612
1.4879204077272867
1.5655477767265848
1.6645507980590228
1.7815543687246316
1.9084332407605211
2.0340620746482743
2.137190221869564
2.204442274239326
2.227567979979858
2.2028172246467483
2.128439954832606
2.017561571092868
1.8869325846125675
1.753178502761925
1.6277996765037996
1.5207964110232857
1.4365438398388624
1.378417065950499
1.344666035950804
1.33604077272866
1.3444160283211768
1.3656666768395032
1.393917538987396
1.4252934965056308
1.455669423505356
1.483045258949553
1.5056709494308298
1.524171514023255
1.5385469527268287
1.5511723380230111
1.5615476546525469
1.5715479598376416
1.5804232306894133
1.5895485091708121
1.5989237952818385
1.6079240699484236
1.6197994323557239
1.6305497604297006
1.6416750999481187
1.6536754661702324
1.6654258247627187
1.6763011566515091
1.6875514999847407
1.6994268623920408
1.7101771904660177
1.7198024842066715
1.7304278084658344
1.740553117465743
1.7486783654286326
1.756803613391522
1.7646788537247842
1.7703040253914
1.776179204687643
1.7810543534653769
1.7841794488357188
1.7860545060579243
1.7866795251319927
1.786554521317179
1.784929471724601
1.7819293801690725
1.7776792504654073
1.7731791131321146
1.7684289681691947
1.7610537430951874
1.753178502761925
1.7454282662434768
1.7360529801324502
1.727052705465865
1.7178024231696525
1.7065520798364209
1.6975518051698355
1.6881765190588092
1.6780512100589007
1.669300943021943
1.6611756950590533
1.6540504776146734
1.6466752525406658
1.6416750999481187
1.6372999664296397
1.6340498672444839
1.6330498367259743
1.6332998443556017
1.6341748710592976
1.635924924466689
1.639925046540727
1.6435501571703237
1.6486753135776848
1.6535504623554185
1.6590506302072208
1.6639257789849544
1.6690509353923155
1.6724260383922849
1.6780512100589007
1.6814263130588702
1.6838013855403302
1.683926389355144
1.6823013397625661
1.6796762596514787
1.6743010956144901
1.6685509201330608
1.6616757103183082
1.6523004242072816
1.6434251533555102
1.6327998290963468
1.6231745353556932
1.6110491653187657
1.5989237952818385
1.5867984252449112
1.5747980590227975
1.5607976317636647
1.5474222235786004
1.5341718192083498
1.5174213080233163
1.4985457319864497
1.4772950834681233
1.4534193548387098
1.4300436414685507
1.4094180120242927
1.3954175847651602
1.389917416913358
1.4015427716910305
1.4317936948759424
1.4841702932828762
1.5607976317636647
1.6591756340220343
1.7751791741691336
1.901433027130955
2.027436872463149
2.1329400921658985
2.201692190313425
2.2264429456465344
2.2055673085726495
2.134565141758477
2.025061799981689
1.8949328287606435
1.7610537430951874
1.6349248939481797
1.5259215674306468
1.4409189733573413
1.3811671498764
1.3464160893581958
1.3355407574694054
1.3431659901730402
1.3646666463209938
1.3920424817651906
1.423168431653798
1.4542943815424054
1.481045197912534
1.5041709036530655
1.5230464796899321
1.538046937467574
1.5501723075045015
1.5604226203192237
1.5706729331339457
1.579673207800531
1.5889234900967437
1.5980487685781428
1.608174077578051
1.6184243903927733
1.6297997375408186
1.640675069429609
1.6524254280220954
1.6646758018738366
1.6749261146885588
1.6868014770958586
1.6985518356883451
1.7093021637623218
1.7204275032807397
1.7293027741325113
1.7388030640583514
1.7481783501693777
1.756428601947081
1.7638038270210883
1.7709290444654684
1.776554216132084
1.780179326761681
1.7834294259468366
1.7860545060579243
1.7866795251319927
1.7864295175023652
1.7846794640949737
1.7820543839838863
1.7784292733542895
1.774304147465438
1.7680539567247535
1.7616787621692556
1.754053529465621
1.7455532700582903
1.7370530106509599
1.727052705465865
1.7170524002807703
1.707677114169744
1.6984268318735312
1.6879265114291817
1.6788012329477828
1.6698009582811977
1.6618007141331217
1.6543004852443006
1.6480502945036166
1.6418001037629322
1.6370499588000123
1.6341748710592976
1.6326748252815333
1.633174840540788
1.633549851985229
1.635549913022248
1.6393000274666587
1.6436751609851377
1.6480502945036166
1.6529254432813503
1.657800592059084
1.6638007751701407
1.668800927762688
1.6740510879848627
1.677551194799646
1.6811763054292428
1.6844264046143986
1.684301400799585
1.6831763664662618
1.6796762596514787
1.6750511185033723
1.668800927762688
1.6618007141331217
1.6541754814294871
1.6436751609851377
1.6339248634296701
1.6236745506149481
1.6119241920224616
1.5994238105410932
1.588048463393048
1.5751730704672384
1.5620476699118016
1.5481722464674825
1.5350468459120459
1.518296334727012
1.5001707815790275
1.4781701101718194
1.454919400616474
1.4310436719870603
1.4101680349131749
1.3955425885799737
1.3912924588763085
1.4004177373577074
1.4294186223944823
1.4804201788384654
1.5554224677266761
1.652550431836909
1.767803949095126
1.8943078096865749
2.020311655018769
2.127689931943724
2.1991921140171513
2.2264429456465344
2.2079423810541092
2.1396902981658377
2.031311990722373
1.902558061464278
1.7681789605395672
1.6418001037629322
1.5321717581713308
1.4446690878017519
1.3840422376171149
1.3474161198767052
1.3359157689138461
1.342415967284158
1.3630415967284157
1.3907924436170536
1.421293374431593
1.451794305246132
1.4800451673940245
1.5036708883938108
1.52229645680105
1.53654689168981
1.5492972808008056
1.5609226355784784
1.570172917874691
1.5794232001709037
1.58879848628193
1.5979237647633289
1.6072990508743554
1.6184243903927733
1.62917471846675
1.640300057985168
1.6521754203924681
1.6639257789849544
1.6746761070589313
1.686301461836604
1.698176824243904
1.709177159947508
1.719552476577044
1.7296777855769523
1.738553056428724
1.7479283425397505
1.7560535905026398
1.7631788079470199
1.7700540177617725
1.775804193243202
1.780679342020936
1.7840544450209053
1.78692953276162
1.7864295175023652
1.7868045289468062
1.784929471724601
1.782554399243141
1.7793043000579851
1.774179143650624
1.7685539719840082
1.7621787774285103
1.7548035523545031
1.7459282815027315
1.737303018280587
1.7278027283547472
1.7180524307992797
1.7083021332438124
1.6985518356883451
1.6891765495773186
1.6793012482070377
1.670050965910825
1.6624257332071901
1.6540504776146734
1.6485503097628713
1.6425501266518143
1.637549974059267
1.6340498672444839
1.6325498214667196
1.6327998290963468
1.6332998443556017
1.6356749168370617
1.6391750236518448
1.6434251533555102
1.6483003021332439
1.6529254432813503
1.6586756187627796
1.6630507522812585
1.6686759239478743
1.6733010650959808
1.6778012024292734
1.6811763054292428
1.6836763817255165
1.6836763817255165
1.6824263435773796
1.6801762749107334
1.675551133762627
1.6694259468367565
1.6619257179479354
1.653425458540605
1.6443001800592059
1.6340498672444839
1.624049562059389
1.6120491958372754
1.6001738334299753
1.5889234900967437
1.5757980895413068
1.5629226966154972
1.548797265541551
1.5352968535416731
1.5191713614307079
1.5007958006530961
1.4796701559495833
1.4565444502090519
1.4327937253944516
1.4121680959501939
1.395917600024415
1.3914174626911222
1.3986676839503158
1.4265435346537676
1.477045075838496
1.5514223456526384
1.6476752830591754
1.761928769798883
1.8869325846125675
2.014686483352153
2.122564775536363
2.1968170415356916
2.2259429303872795
2.209692434461501
2.1436904202398757
2.0374371776482434
1.907808221686453
1.7745541550950652
1.647050263985107
1.5362968840601827
1.4479191869869077
1.3860422986541339
1.3484161503952148
1.3357907650990326
1.3411659291360212
1.361791558580279
1.3892923978392897
1.4206683553575243
1.4506692709128086
1.4772950834681233
1.5022958464308604
1.521796441541795
1.5361718802453688
1.5489222693563647
1.5592975859859004
1.569422894985809
1.5786731772820215
1.5885484786523028
1.5974237495040742
1.6071740470595417
1.6180493789483323
1.6285496993926818
1.639550035096286
1.6515504013183995
1.6631757560960723
1.6746761070589313
1.6860514542069764
1.6971767937253945
1.7090521561326946
1.7194274727622303
1.7293027741325113
1.7386780602435379
1.7471783196508683
1.7556785790581988
1.763553819391461
1.7696790063173315
1.7751791741691336
1.780554338206122
1.7840544450209053
1.785679494613483
1.787679555650502
1.7866795251319927
1.7848044679097874
1.7826794030579547
1.7789292886135442
1.7725540940580462
1.7685539719840082
1.7620537736136967
1.7546785485396894
1.7463032929471725
1.7359279763176367
1.7281777397991884
1.7183024384289072
1.7086771446882534
1.6983018280587177
1.6878015076143682
1.6794262520218513
1.6704259773552659
1.6625507370220038
1.6549255043183693
1.6473002716147345
1.6428001342814416
1.6381749931333354
1.6345498825037386
1.6327998290963468
1.6326748252815333
1.633549851985229
1.6356749168370617
1.6393000274666587
1.6431751457258827
1.6471752677999205
1.6528004394665363
1.6579255958738974
1.6626757408368176
1.6690509353923155
1.6729260536515398
1.6774261909848323
1.6811763054292428
1.6835513779107028
1.6840513931699574
1.6825513473921934
1.6805512863551746
1.6758011413922544
1.669300943021943
1.6614257026886807
1.6548005005035553
1.6458002258369702
1.6347998901333658
1.6244245735038303
1.6126742149113438
1.601048860133671
1.5886734824671163
1.5761731009857478
1.563422711874752
1.5499222998748743
1.5351718497268594
1.5196713766899625
1.5017958311716058
1.4815452131717888
1.4569194616534928
1.4340437635425884
1.4124181035798211
1.3967926267281106
1.391042451246681
1.399042695394757
1.4250434888760033
1.4751700186162908
1.5474222235786004
1.6429251380962555
1.7558035828730125
1.8813074129459517
2.0076862697225866
2.118189642017884
2.193816949980163
2.225192907498398
2.212067506942961
2.149190588091678
2.043187353129673
1.9151834467604603
1.7809293496505632
1.6539254737998597
1.5407970213934752
1.4524193243202002
1.3889173863948485
1.3509162266914885
1.336415784173101
1.3416659443952759
1.360166508987701
1.3872923368022707
1.418043275246437
1.448919217505417
1.476295052949614
1.5010458082827236
1.5205464033936582
1.535671864986114
1.5491722769859921
1.559172582171087
1.5692978911709952
1.5781731620227668
1.5875484481337934
1.597173741874447
1.6069240394299142
1.616924344615009
1.6282996917630543
1.6398000427259134
1.6516754051332134
1.6613006988738672
1.6738010803552354
1.6856764427625355
1.6966767784661398
1.7079271217993715
1.7180524307992797
1.7281777397991884
1.7381780449842832
1.7466783043916136
1.755178563798944
1.7623037812433242
1.7696790063173315
1.7751791741691336
1.7798043153172398
1.783679433576464
1.7858044984282968
1.7868045289468062
1.7868045289468062
1.7859295022431105
1.782929410687582
1.7795543076876126
1.7749291665395062
1.7686789757988222
1.762803796502579
1.7549285561693166
1.7466783043916136
1.737803033539842
1.7289277626880704
1.7189274575029754
1.7086771446882534
1.699301858577227
1.6888015381328776
1.6801762749107334
1.671301004058962
1.663300759910886
1.6553005157628102
1.6488003173924985
1.6425501266518143
1.6381749931333354
1.634299874874111
1.632424817651906
1.6327998290963468
1.6332998443556017
1.6356749168370617
1.6389250160222175
1.6425501266518143
1.6478002868739892
1.6523004242072816
1.6576755882442702
1.6625507370220038
1.668800927762688
1.6715510116885892
1.6774261909848323
1.6808012939848018
1.6834263740958892
1.684301400799585
1.6841763969847714
1.6814263130588702
1.675551133762627
1.669675954466384
1.6624257332071901
1.6541754814294871
1.6458002258369702
1.635549913022248
1.6247995849482713
1.613424237800226
1.6017988830225531
1.5895485091708121
1.576548112430189
1.5629226966154972
1.5501723075045015
1.53654689168981
1.5211714224677266
1.5026708578753014
1.4812952055421613
1.4586695150608844
1.433918759727775
1.4131681264687033
1.3972926419873655
1.391042451246681
1.3977926572466202
1.4240434583574937
1.4716699118015075
1.5434221015045624
1.6372999664296397
1.7508034302804651
1.875682241279336
2.002436109500412
2.1140645161290323
2.1911918698690758
2.225192907498398
2.2139425641651664
2.1506906338694423
2.048437513351848
1.9214336375011445
1.7870545365764336
1.6588006225775933
1.5470472121341592
1.4554194158757288
1.3909174474318675
1.3515412457655567
1.3362907803582873
1.3421659596545306
1.3595414899136324
1.386292306283761
1.4169182409131138
1.4485442060609761
1.4755450300607318
1.499670766319773
1.5192963652455214
1.5350468459120459
1.5480472426526688
1.5587975707266457
1.5684228644672995
1.5781731620227668
1.5871734366893522
1.596298715170751
1.6066740318002868
1.6162993255409406
1.627674672688986
1.6385500045777766
1.6500503555406356
1.6620507217627492
1.6730510574663533
1.6849264198736535
1.6964267708365124
1.7073021027253028
1.7176774193548388
1.7278027283547472
1.737803033539842
1.7466783043916136
1.7549285561693166
1.7626787926877652
1.7693039948728904
1.7751791741691336
1.780679342020936
1.7831794183172094
1.7861795098727378
1.7861795098727378
1.7866795251319927
1.7854294869838556
1.7833044221320231
1.7793043000579851
1.7750541703543201
1.7691789910580769
1.762803796502579
1.7556785790581988
1.7471783196508683
1.7380530411694692
1.7288027588732566
1.7189274575029754
1.708802148503067
1.698926847132786
1.6898015686513872
1.6805512863551746
1.6714260078737755
1.6640507827997681
1.655425519577624
1.6489253212073123
1.6434251533555102
1.6376749778740807
1.6346748863185523
1.6325498214667196
1.632299813837092
1.6334248481704154
1.6350498977629933
1.6393000274666587
1.642675130466628
1.6475502792443617
1.6523004242072816
1.656925565355388
1.6626757408368176
1.6681759086886196
1.6730510574663533
1.6769261757255778
1.6811763054292428
1.6838013855403302
1.6841763969847714
1.6835513779107028
1.6809262977996156
1.6765511642811366
1.6695509506515702
1.6619257179479354
1.6543004852443006
1.6451752067629017
1.6349248939481797
1.6246745811334575
1.613799249244667
1.6019238868373669
1.5894235053559984
1.5775481429486986
1.563797723319193
1.5505473189489425
1.53654689168981
1.5209214148380994
1.5026708578753014
1.4812952055421613
1.4585445112460709
1.4345437788018434
1.4131681264687033
1.3972926419873655
1.3911674550614948
1.3982926725058749
1.4237934507278664
1.471919919431135
1.5437971129490036
1.6377999816888944
1.7508034302804651
1.8761822565385906
2.0029361247596666
2.1146895352031008
2.1916918851283307
2.22494289986877
2.2133175450910976
2.1511906491286967
2.048062501907407
1.9206836146122623
1.7868045289468062
1.6579255958738974
1.5456721701712088
1.4547943968016601
1.3907924436170536
1.351166234321116
1.3361657765434736
1.3416659443952759
1.359416486098819
1.386667317728202
1.417668263801996
1.447794183172094
1.4761700491348004
1.5007958006530961
1.51992138431959
1.5352968535416731
1.5479222388378553
1.5594225898007141
1.5689228797265542
1.5780481582079533
1.5874234443189794
1.5965487228003785
1.6065490279854733
1.6174243598742637
1.6277996765037996
1.6388000122074038
1.6504253669850764
1.6615507065034945
1.673551072725608
1.6844264046143986
1.6966767784661398
1.7075521103549303
1.7179274269844662
1.7284277474288157
1.7383030487990967
1.7465533005767997
1.7546785485396894
1.7625537888729514
1.7693039948728904
1.7753041779839474
1.7794293038727989
1.7835544297616506
1.7858044984282968
1.7864295175023652
1.7863045136875517
1.785679494613483
1.7828044068727684
1.7800543229468673
1.774679158909879
1.7693039948728904
1.7624287850581377
1.755553575243385
1.7473033234656818
1.7381780449842832
1.729052766502884
1.719552476577044
1.7089271523178808
1.699301858577227
1.6893015533921325
1.6800512710959197
1.6714260078737755
1.6631757560960723
1.655425519577624
1.6483003021332439
1.6428001342814416
1.637924985503708
1.634424878688925
1.6326748252815333
1.6320498062074649
1.6334248481704154
1.635549913022248
1.6391750236518448
1.6431751457258827
1.6469252601702933
1.6520504165776544
1.657800592059084
1.663300759910886
1.668050904873806
1.673176061281167
1.677551194799646
1.6808012939848018
1.6828013550218206
1.683926389355144
1.6833013702810755
1.6805512863551746
1.6763011566515091
1.6698009582811977
1.6625507370220038
1.6543004852443006
1.6451752067629017
1.635549913022248
1.6246745811334575
1.6136742454298534
1.6016738792077396
1.5895485091708121
1.5766731162450025
1.5639227271340068
1.5502973113193153
1.5366718955046237
1.5207964110232857
1.502420850245674
1.4811702017273476
1.458044495986816
1.4345437788018434
1.4125431073946348
1.3971676381725515
1.3904174321726128
1.3980426648762476
1.4239184545426802
1.471919919431135
1.5439221167638173
1.6385500045777766
1.7518034607989748
1.8769322794274728
2.004311166722617
2.1151895504623552
2.1920668965727717
2.22494289986877
2.212442518387402
2.1496906033509324
2.0461874446852018
1.920058595538194
1.7854294869838556
1.6563005462813196
1.5439221167638173
1.4537943662831507
1.389917416913358
1.351041230506302
1.33604077272866
1.3416659443952759
1.3595414899136324
1.3872923368022707
1.4181682790612506
1.4487942136906033
1.4764200567644277
1.5007958006530961
1.5200463881344035
1.5354218573564866
1.5481722464674825
1.5592975859859004
1.5691728873561817
1.5784231696523943
1.5877984557634206
1.5965487228003785
1.6064240241706595
1.6170493484298227
1.628049684133427
1.6391750236518448
1.6509253822443313
1.6621757255775629
1.6733010650959808
1.684676412244026
1.6966767784661398
1.7075521103549303
1.7185524460585346
1.7285527512436292
1.7380530411694692
1.7470533158360546
1.7548035523545031
1.7621787774285103
1.769804010132145
1.7750541703543201
1.7799293191320538
1.7833044221320231
1.7859295022431105
1.786554521317179
1.7868045289468062
1.7854294869838556
1.7826794030579547
1.7791792962431716
1.7744291512802515
1.7691789910580769
1.762803796502579
1.7550535599841306
1.7469283120212409
1.7380530411694692
1.7285527512436292
1.7186774498733484
1.709177159947508
1.6985518356883451
1.6886765343180639
1.6803012787255471
1.671301004058962
1.663300759910886
1.6555505233924375
1.6489253212073123
1.643050141911069
1.6380499893185219
1.6340498672444839
1.6327998290963468
1.6320498062074649
1.6330498367259743
1.6360499282815029
1.6394250312814722
1.6431751457258827
1.647425275429548
1.6523004242072816
1.6576755882442702
1.662800744651631
1.6683009125034334
1.6733010650959808
1.677551194799646
1.6809262977996156
1.683051362651448
1.6841763969847714
1.6834263740958892
1.6794262520218513
1.675551133762627
1.6694259468367565
1.6625507370220038
1.6539254737998597
1.6448001953184606
1.6347998901333658
1.6245495773186438
1.6130492263557847
1.6015488753929257
1.5889234900967437
1.5767981200598165
1.5635477156895659
1.549547288430433
1.5364218878749962
1.5204213995788447
1.5021708426160465
1.4811702017273476
1.4574194769127478
1.4340437635425884
1.412918118839076
1.397042634357738
1.3907924436170536
1.3982926725058749
1.4244184698019349
1.4727949461348309
1.5449221472823267
1.6404250617999818
1.7534285103915526
1.8790573442793055
2.00643623157445
2.1166895962401195
2.193316934720908
2.2253179113132115
2.212442518387402
2.149065584276864
2.044562395092624
1.9174335154271065
1.782554399243141
1.654550492873928
1.5421720633564255
1.452544328135014
1.3890423902096622
1.3505412152470473
1.3362907803582873
1.3415409405804621
1.3602915128025146
1.3876673482467117
1.4181682790612506
1.4491692251350443
1.4775450910977508
1.5010458082827236
1.5204213995788447
1.535671864986114
1.54842225409711
1.5596725974303416
1.5692978911709952
1.5779231543931396
1.588048463393048
1.597173741874447
1.606174016541032
1.6174243598742637
1.6281746879482406
1.6393000274666587
1.6509253822443313
1.6625507370220038
1.6739260841700492
1.6856764427625355
1.697301797540208
1.708177129428999
1.718427442243721
1.7286777550584431
1.7380530411694692
1.7469283120212409
1.7554285714285716
1.7631788079470199
1.7694289986877043
1.7755541856135748
1.7803043305764947
1.7838044373912778
1.7859295022431105
1.7859295022431105
1.7866795251319927
1.7850544755394149
1.7823043916135137
1.7789292886135442
1.7748041627246927
1.7689289834284494
1.7624287850581377
1.755553575243385
1.7468033082064272
1.737803033539842
1.7281777397991884
1.7181774346140937
1.7083021332438124
1.6986768395031586
1.6889265419476913
1.6794262520218513
1.670800988799707
1.6626757408368176
1.6550505081331828
1.6476752830591754
1.6418001037629322
1.637549974059267
1.634424878688925
1.6327998290963468
1.6327998290963468
1.6339248634296701
1.635549913022248
1.6391750236518448
1.6428001342814416
1.6480502945036166
1.6530504470961638
1.6581756035035249
1.6631757560960723
1.6684259163182469
1.673176061281167
1.6774261909848323
1.6810513016144293
1.683926389355144
1.684676412244026
1.6831763664662618
1.6798012634662924
1.675676137577441
1.669300943021943
1.6620507217627492
1.6540504776146734
1.6443001800592059
1.6346748863185523
1.6237995544297616
1.6129242225409712
1.6007988525040437
1.58879848628193
1.5760480971709343
1.5627976928006837
1.5492972808008056
1.5357968688009278
1.5194213690603353
1.5010458082827236
1.481045197912534
1.4566694540238656
1.4327937253944516
1.4117930845057527
1.3961676076540421
1.3907924436170536
1.3995427106540117
1.4262935270241401
1.4754200262459183
1.5494222846156194
1.6456752220221567
1.7601787163914915
1.885932554094058
2.0125614185003204
2.122064760277108
2.1960670186468096
2.2258179265724665
2.210942472609638
2.1439404278695027
2.0386872157963807
1.9101832941679129
1.7760542008728295
1.6479252906888027
1.537671926023133
1.4490442213202308
1.3864173100985748
1.349166173284097
1.3361657765434736
1.3416659443952759
1.3615415509506514
1.3891673940244758
1.419668324839015
1.450544267097995
1.4792951445051423
1.5030458693197426
1.5211714224677266
1.5361718802453688
1.5491722769859921
1.5607976317636647
1.5687978759117405
1.578923184911649
1.5882984710226753
1.5976737571337016
1.6066740318002868
1.6177993713187049
1.6289247108371228
1.6394250312814722
1.651800408948027
1.6621757255775629
1.6745511032441176
1.6858014465773492
1.697801812799463
1.7085521408734399
1.7189274575029754
1.7293027741325113
1.7383030487990967
1.7474283272804958
1.7560535905026398
1.7634288155766473
1.769804010132145
1.7755541856135748
1.7800543229468673
1.7839294412060915
1.7854294869838556
1.78692953276162
1.786554521317179
1.784929471724601
1.7820543839838863
1.7791792962431716
1.7745541550950652
1.7696790063173315
1.7620537736136967
1.7548035523545031
1.7463032929471725
1.7371780144657736
1.7280527359843745
1.7176774193548388
1.7084271370586261
1.6985518356883451
1.6885515305032504
1.6794262520218513
1.6703009735404524
1.6626757408368176
1.655800531022065
1.6480502945036166
1.6424251228370008
1.637549974059267
1.6346748863185523
1.6329248329111608
1.6325498214667196
1.633174840540788
1.6357999206518754
1.6393000274666587
1.6435501571703237
1.6471752677999205
1.6530504470961638
1.6580505996887114
1.6631757560960723
1.6689259315775018
1.6738010803552354
1.6780512100589007
1.6810513016144293
1.683926389355144
1.6833013702810755
1.6836763817255165
1.680676290169988
1.6758011413922544
1.6690509353923155
1.6619257179479354
1.6539254737998597
1.6444251838740198
1.634424878688925
1.6241745658742028
1.61254921109653
1.6014238715781122
1.5886734824671163
1.5757980895413068
1.562297677541429
1.548797265541551
1.5352968535416731
1.5195463728751488
1.5006707968382824
1.4795451521347698
1.4564194463942381
1.433043733024079
1.4111680654316843
1.3965426190984833
1.3907924436170536
1.399042695394757
1.4269185460982088
1.4777950987273782
1.5516723532822658
1.6483003021332439
1.761928769798883
1.8888076418347728
2.0153115024262216
2.123314798425245
2.197692068239387
2.2261929380169074
2.2095674306466875
2.1431904049806207
2.036187139500107
1.907808221686453
1.7733041169469284
1.6453002105777155
1.534546830652791
1.4475441755424665
1.385542283394879
1.3480411389507738
1.3350407422101505
1.3426659749137853
1.3622915738395336
1.3896674092837307
1.4206683553575243
1.4510442823572498
1.479045136875515
1.5022958464308604
1.5220464491714225
1.5367968993194372
1.5494222846156194
1.5601726126895963
1.5697979064302499
1.5787981810968352
1.588423474837489
1.5977987609485154
1.6077990661336101
1.6175493636890774
1.62917471846675
1.6394250312814722
1.6519254127628407
1.6634257637256997
1.6746761070589313
1.6861764580217904
1.697801812799463
1.7086771446882534
1.7194274727622303
1.729427777947325
1.7384280526139104
1.7478033387249368
1.7556785790581988
1.7633038117618336
1.769929013946959
1.7753041779839474
1.780679342020936
1.783679433576464
1.7858044984282968
1.7866795251319927
1.7861795098727378
1.7850544755394149
1.7824293954283272
1.7788042847987304
1.7739291360209968
1.7690539872432631
1.7616787621692556
1.7545535447248757
1.7461782891323587
1.737428022095401
1.727927732169561
1.7178024231696525
1.707677114169744
1.698926847132786
1.6891765495773186
1.679926267281106
1.6698009582811977
1.6625507370220038
1.6549255043183693
1.6480502945036166
1.6423001190221869
1.637549974059267
1.6339248634296701
1.632299813837092
1.6312997833185827
1.633674855800043
1.6357999206518754
1.63867500839259
1.6433001495406965
1.6486753135776848
1.6530504470961638
1.6575505844294565
1.663300759910886
1.6685509201330608
1.6743010956144901
1.6776761986144597
1.6810513016144293
1.6845514084292124
1.684301400799585
1.6833013702810755
1.6804262825403606
1.6750511185033723
1.669175939207129
1.662800744651631
1.6536754661702324
1.6440501724295786
1.6345498825037386
1.624049562059389
1.6122992034669026
1.6007988525040437
1.5882984710226753
1.5755480819116796
1.5621726737266153
1.548797265541551
1.5352968535416731
1.5189213538010804
1.5007958006530961
1.4796701559495833
1.4565444502090519
1.4327937253944516
1.4115430768761255
1.3964176152836694
1.3907924436170536
1.3992927030243845
1.4274185613574633
1.4767950682088686
1.5502973113193153
1.6469252601702933
1.76080373546556
1.8864325693533128
2.013186437574389
2.121814752647481
2.1964420300912506
2.2259429303872795
2.210067445905942
2.144315439313944
2.0386872157963807
1.9101832941679129
1.7756791894283883
1.6481752983184301
1.5372969145786919
1.4490442213202308
1.3864173100985748
1.3495411847285377
1.33604077272866
1.342290963469344
1.361791558580279
1.3889173863948485
1.4199183324686422
1.4507942747276223
1.477920102542192
1.5022958464308604
1.5211714224677266
1.5361718802453688
1.5486722617267374
1.5595475936155279
1.5700479140598773
1.578923184911649
1.5881734672078616
1.5970487380596332
1.6071740470595417
1.6176743675038912
1.6287997070223093
1.6394250312814722
1.6509253822443313
1.6625507370220038
1.6744260994293039
1.6856764427625355
1.697426801355022
1.7086771446882534
1.7186774498733484
1.7293027741325113
1.7383030487990967
1.7468033082064272
1.755553575243385
1.7630538041322064
1.769804010132145
1.7756791894283883
1.7804293343913085
1.7839294412060915
1.785679494613483
1.7868045289468062
1.7868045289468062
1.7846794640949737
1.7824293954283272
1.7795543076876126
1.7748041627246927
1.7689289834284494
1.7625537888729514
1.7549285561693166
1.7466783043916136
1.737803033539842
1.7285527512436292
1.7183024384289072
1.708177129428999
1.6986768395031586
1.6891765495773186
1.6794262520218513
1.6709259926145208
1.6626757408368176
1.6553005157628102
1.6491753288369395
1.6424251228370008
1.637924985503708
1.634299874874111
1.6326748252815333
1.6321748100222786
1.6334248481704154
1.6360499282815029
1.6390500198370312
1.6428001342814416
1.6475502792443617
1.6528004394665363
1.6574255806146427
1.6630507522812585
1.6683009125034334
1.673551072725608
1.677176183355205
1.680676290169988
1.6829263588366346
1.6841763969847714
1.683051362651448
1.6804262825403606
1.6759261452070682
1.6695509506515702
1.662800744651631
1.6540504776146734
1.645050202948088
1.635174901577807
1.6247995849482713
1.613424237800226
1.6012988677632984
1.58879848628193
1.5766731162450025
1.5636727195043794
1.5499222998748743
1.5357968688009278
1.5206714072084722
1.502420850245674
1.4811702017273476
1.45816949980163
1.4340437635425884
1.412918118839076
1.3972926419873655
1.391042451246681
1.3984176763206884
1.4244184698019349
1.4724199346903897
1.5451721549119541
1.639550035096286
1.7533035065767388
1.8781823175756096
2.0055612048707543
2.116189580980865
2.192941923276467
2.2253179113132115
2.2125675222022156
2.1501906186101873
2.0464374523148288
1.9184335459456159
1.7843044526505327
1.655800531022065
1.544422132023072
1.4537943662831507
1.3900424207281719
1.3509162266914885
1.33604077272866
1.341915952024903
1.3602915128025146
1.3871673329874568
1.4179182714316232
1.4484192022461622
1.4771700796533098
1.5009208044679097
1.5206714072084722
1.5351718497268594
1.5481722464674825
1.559047578356273
1.5691728873561817
1.5782981658375803
1.5877984557634206
1.5977987609485154
1.606174016541032
1.616549333170568
1.6277996765037996
1.6391750236518448
1.6504253669850764
1.6620507217627492
1.6741760917996766
1.685051423688467
1.6969267860957673
1.708052125614185
1.7181774346140937
1.728302743614002
1.737803033539842
1.7468033082064272
1.7549285561693166
1.7625537888729514
1.7696790063173315
1.775429181798761
1.7796793115024263
1.783679433576464
1.785679494613483
1.7866795251319927
1.7864295175023652
1.7851794793542284
1.7828044068727684
1.7795543076876126
1.774679158909879
1.7694289986877043
1.7623037812433242
1.7559285866878263
1.7474283272804958
1.7379280373546557
1.7288027588732566
1.7186774498733484
1.709177159947508
1.6991768547624133
1.6893015533921325
1.6801762749107334
1.6710509964293345
1.662925748466445
1.6555505233924375
1.6485503097628713
1.643050141911069
1.6380499893185219
1.6345498825037386
1.6330498367259743
1.6325498214667196
1.6330498367259743
1.635549913022248
1.6389250160222175
1.643050141911069
1.6471752677999205
1.6519254127628407
1.6583006073183386
1.6636757713553272
1.6683009125034334
1.6739260841700492
1.6776761986144597
1.6808012939848018
1.683051362651448
1.6836763817255165
1.6828013550218206
1.6814263130588702
1.675676137577441
1.6695509506515702
1.6624257332071901
1.6536754661702324
1.6449251991332745
1.635174901577807
1.6239245582445754
1.6129242225409712
1.6016738792077396
1.5901735282448806
1.5775481429486986
1.563797723319193
1.5501723075045015
1.5362968840601827
1.5210464186529131
1.502045838801233
1.4809201940977201
1.4585445112460709
1.4349187902462845
1.4126681112094486
1.3967926267281106
1.3907924436170536
1.3981676686910611
1.4237934507278664
1.4729199499496444
1.5446721396526994
1.63867500839259
1.7521784722434155
1.877682302316355
2.004311166722617
2.1149395428327282
2.192941923276467
2.225192907498398
2.212817529831843
2.1501906186101873
2.0465624561296427
1.919308572649312
1.78455446028016
1.655800531022065
1.5437971129490036
1.454919400616474
1.3900424207281719
1.351166234321116
1.3361657765434736
1.3425409710989715
1.3599165013580736
1.3871673329874568
1.4179182714316232
1.4484192022461622
1.4769200720236824
1.5005457930234687
1.5200463881344035
1.5352968535416731
1.5482972502822963
1.5595475936155279
1.5687978759117405
1.5782981658375803
1.5881734672078616
1.596673726615192
1.6065490279854733
1.6175493636890774
1.6277996765037996
1.6388000122074038
1.6504253669850764
1.6624257332071901
1.6730510574663533
1.6849264198736535
1.6968017822809534
1.7074271065401168
1.717552415540025
1.7285527512436292
1.7380530411694692
1.7478033387249368
1.7553035676137578
1.7629288003173924
1.7696790063173315
1.7751791741691336
1.7800543229468673
1.7833044221320231
1.7861795098727378
1.78692953276162
1.7864295175023652
1.7848044679097874
1.7819293801690725
1.7794293038727989
1.7744291512802515
1.7703040253914
1.7623037812433242
1.7553035676137578
1.7469283120212409
1.738553056428724
1.7284277474288157
1.7191774651326028
1.7086771446882534
1.6991768547624133
1.6899265724662007
1.6801762749107334
1.671676015503403
1.663300759910886
1.6561755424665061
1.6483003021332439
1.6429251380962555
1.63867500839259
1.6345498825037386
1.6326748252815333
1.6327998290963468
1.6334248481704154
1.635549913022248
1.6388000122074038
1.642675130466628
1.6483003021332439
1.6523004242072816
1.6574255806146427
1.6625507370220038
1.6685509201330608
1.6726760460219123
1.6774261909848323
1.6809262977996156
1.6835513779107028
1.684301400799585
1.6848014160588396
1.680676290169988
1.6758011413922544
1.6706759849848933
1.662925748466445
1.6549255043183693
1.6448001953184606
1.635174901577807
1.625299600207526
1.6140492568742943
1.6009238563188575
1.5892985015411847
1.5771731315042574
1.5644227423932615
1.5510473342081972
1.5371719107638784
1.5215464339121678
1.504045899838252
1.482295236060671
1.4592945341349528
1.435043794061098
1.4137931455427717
1.3972926419873655
1.3911674550614948
1.3971676381725515
1.4221684011352886
1.4696698507644885
1.540922025208289
1.6341748710592976
1.7468033082064272
1.870932096316416
1.9990610065004426
2.1108144169438763
2.189816827906125
2.224567888424329
2.215192602313303
2.1548157597582933
2.052937650685141
1.9258087710196234
1.7918046815393536
1.6626757408368176
1.5494222846156194
1.4585445112460709
1.3924174932096316
1.3527912839136937
1.3365407879879148
1.34079091769158
1.3586664632099368
1.3856672872096927
1.416043214209418
1.4466691488387708
1.475045014801477
1.4995457625049593
1.5192963652455214
1.5342968230231637
1.5476722312082278
1.5589225745414594
1.5682978606524856
1.5772981353190711
1.5869234290597247
1.5957986999114964
1.6060490127262186
1.6159243140964994
1.6270496536149175
1.6377999816888944
1.6499253517258217
1.6613006988738672
1.6730510574663533
1.684676412244026
1.6963017670216987
1.7070520950956756
1.717552415540025
1.7271777092806788
1.7375530259102145
1.7464282967619862
1.7548035523545031
1.7623037812433242
1.7690539872432631
1.7748041627246927
1.7795543076876126
1.7831794183172094
1.7854294869838556
1.786554521317179
1.7866795251319927
1.7853044831690421
1.7830544145023959
1.7794293038727989
1.7753041779839474
1.769804010132145
1.762803796502579
1.7559285866878263
1.7478033387249368
1.7386780602435379
1.7295527817621388
1.719552476577044
1.7099271828363902
1.699801873836482
1.6899265724662007
1.680676290169988
1.6714260078737755
1.6636757713553272
1.6561755424665061
1.6491753288369395
1.6429251380962555
1.6380499893185219
1.6345498825037386
1.632424817651906
1.6321748100222786
1.633674855800043
1.6356749168370617
1.6384250007629628
1.642675130466628
1.6471752677999205
1.6519254127628407
1.6576755882442702
1.6623007293923764
1.6678008972441787
1.6729260536515398
1.677551194799646
1.6808012939848018
1.6831763664662618
1.684301400799585
1.6835513779107028
1.6804262825403606
1.6765511642811366
1.6703009735404524
1.6631757560960723
1.655800531022065
1.645925229651784
1.6365499435407576
1.625674611651967
1.6144242683187355
1.6024239020966218
1.590298532059694
1.5776731467635121
1.5647977538377027
1.5517973570970793
1.5375469222083193
1.522171452986236
1.5041709036530655
1.483420270393994
1.4601695608386487
1.436293832209235
1.4151681875057223
1.3980426648762476
1.391042451246681
1.3966676229132968
1.4201683400982696
1.4662947477645192
1.535671864986114
1.6282996917630543
1.7396780907620473
1.8635568712424084
1.9910607623523668
2.105314249092074
2.185441694387646
2.224567888424329
2.2170676595355086
2.1604409314249096
2.0599378643147066
1.933934018982513
1.799554918057802
1.6704259773552659
1.555922482985931
1.463169652394177
1.3957925962096012
1.3542913296914578
1.3366657918027283
1.3400408948026978
1.3575414288766137
1.38354222235786
1.4146681722464676
1.4456691183202612
1.4736699728385265
1.4985457319864497
1.5176713156529436
1.5327967772453994
1.5471722159489731
1.558297555467391
1.568172856837672
1.5767981200598165
1.5865484176152838
1.5955486922818691
1.6051739860225227
1.6157993102816859
1.6269246498001038
1.6374249702444532
1.6486753135776848
1.6610506912442398
1.6724260383922849
1.6838013855403302
1.6950517288735618
1.7063020722067934
1.717177404095584
1.727052705465865
1.7369280068361461
1.7459282815027315
1.7541785332804345
1.7620537736136967
1.768303964354381
1.774679158909879
1.7798043153172398
1.7835544297616506
1.785679494613483
1.7859295022431105
1.78692953276162
1.7854294869838556
1.7835544297616506
1.7795543076876126
1.7755541856135748
1.7705540330210272
1.763553819391461
1.7559285866878263
1.7486783654286326
1.739303079317606
1.729427777947325
1.7201774956511124
1.7099271828363902
1.700551896725364
1.6913016144291515
1.6811763054292428
1.6723010345774711
1.6640507827997681
1.655800531022065
1.649425336466567
1.6431751457258827
1.6394250312814722
1.6347998901333658
1.6329248329111608
1.6325498214667196
1.6329248329111608
1.6346748863185523
1.638299996948149
1.6420501113925596
1.6463002410962249
1.6521754203924681
1.656925565355388
1.6615507065034945
1.6675508896145512
1.6728010498367258
1.6765511642811366
1.6805512863551746
1.6835513779107028
1.684301400799585
1.6834263740958892
1.6810513016144293
1.6765511642811366
1.6704259773552659
1.6634257637256997
1.6546754966887418
1.6460502334665976
1.6364249397259438
1.6259246192815942
1.6151742912076175
1.60304892117069
1.5906735435041353
1.5782981658375803
1.5651727652821437
1.5522973723563342
1.5384219489120152
1.5235464949491868
1.5047959227271341
1.484670308542131
1.4614195989867855
1.4364188360240486
1.415293191320536
1.399417706839198
1.3915424665059357
1.3956675923947877
1.419293313394574
1.4642946867275002
1.5331717886898404
1.624049562059389
1.7355529648731955
1.8591817377239297
1.9870606402783288
2.101564134647664
2.1844416638691366
2.223942869350261
2.2179426862392044
2.162315988647115
2.06343797112949
1.9379341410565507
1.8038050477614673
1.6741760917996766
1.5589225745414594
1.4657947325052645
1.3977926572466202
1.3547913449507127
1.3365407879879148
1.3390408642841882
1.356166386913663
1.3825421918393506
1.4137931455427717
1.4439190649128697
1.4726699423200171
1.4977957090975678
1.5174213080233163
1.5330467848750269
1.546422193060091
1.5580475478377636
1.5675478377636038
1.5767981200598165
1.586048402356029
1.5954236884670552
1.6049239783928952
1.6156743064668722
1.6261746269112216
1.6367999511703848
1.6493003326517535
1.660925687429426
1.6721760307626576
1.6835513779107028
1.6951767326883755
1.7068020874660481
1.7168023926511429
1.7268026978362376
1.7366779992065189
1.7458032776879178
1.7538035218359938
1.761928769798883
1.7695540025025178
1.7744291512802515
1.7800543229468673
1.7833044221320231
1.784929471724601
1.7860545060579243
1.78692953276162
1.7855544907986696
1.7834294259468366
1.780179326761681
1.7756791894283883
1.7700540177617725
1.7638038270210883
1.7563035981322672
1.7485533616138187
1.73942808313242
1.7301778008362072
1.7205525070955536
1.710427198095645
1.7006769005401776
1.6906765953550829
1.6816763206884975
1.6723010345774711
1.6644257942442091
1.6570505691702018
1.649050325022126
1.6436751609851377
1.6389250160222175
1.6349248939481797
1.6329248329111608
1.632424817651906
1.633674855800043
1.6350498977629933
1.6384250007629628
1.6423001190221869
1.6465502487258523
1.651425397503586
1.6564255500961331
1.6618007141331217
1.667300881984924
1.6726760460219123
1.6766761680959503
1.6801762749107334
1.683051362651448
1.6845514084292124
1.6835513779107028
1.6810513016144293
1.677551194799646
1.6709259926145208
1.6635507675405132
1.655800531022065
1.647425275429548
1.6370499588000123
1.6267996459852903
1.6157993102816859
1.6036739402447586
1.5914235663930174
1.579673207800531
1.5659227881710258
1.552797387615589
1.539671987060152
1.5229214758751182
1.5061709646900845
1.4851703238013856
1.4626696371349224
1.4384188970610674
1.4161682180242319
1.399417706839198
1.3912924588763085
1.3954175847651602
1.417668263801996
1.4616696066164128
1.5300466933194983
1.6204244514297923
1.7305528122806482
1.8548066042054507
1.9819354838709677
2.0973140049439984
2.1814415723136085
2.222942838831752
2.218942716757714
2.1654410840174565
2.0683131199072236
1.943434308908353
1.8095552232428969
1.6783012176885281
1.563797723319193
1.4687948240607929
1.3995427106540117
1.3564163945432905
1.3369157994323557
1.3390408642841882
1.3557913754692221
1.381542161320841
1.4119180883205664
1.4431690420239875
1.4720449232459487
1.496045655690176
1.5165462813196202
1.5331717886898404
1.546422193060091
1.55792254402295
1.567797845393231
1.5767981200598165
1.5857983947264016
1.595173680837428
1.6052989898373364
1.61492428357799
1.626424634540849
1.6369249549851985
1.6486753135776848
1.658925626392407
1.6715510116885892
1.6831763664662618
1.6944267097994934
1.7064270760216071
1.7163023773918882
1.7266776940214241
1.7364279915768914
1.7453032624286628
1.7534285103915526
1.761553758354442
1.7681789605395672
1.774304147465438
1.7790542924283579
1.782929410687582
1.7855544907986696
1.78692953276162
1.7864295175023652
1.7855544907986696
1.7831794183172094
1.7799293191320538
1.7755541856135748
1.7704290292062137
1.764803857539598
1.757553636280404
1.7493033845027008
1.7389280678731651
1.730677816095462
1.7209275185399944
1.710802209540086
1.700176885280923
1.6913016144291515
1.6818013245033114
1.6726760460219123
1.6645507980590228
1.6568005615405743
1.6498003479110082
1.6435501571703237
1.6391750236518448
1.635174901577807
1.6330498367259743
1.632299813837092
1.632424817651906
1.6357999206518754
1.6384250007629628
1.6418001037629322
1.6463002410962249
1.6516754051332134
1.656925565355388
1.6611756950590533
1.6679259010589922
1.6724260383922849
1.6768011719107638
1.6804262825403606
1.683051362651448
1.684301400799585
1.6835513779107028
1.6813013092440567
1.6773011871700187
1.6709259926145208
1.6636757713553272
1.6561755424665061
1.6461752372814111
1.6369249549851985
1.626424634540849
1.6160493179113133
1.6037989440595721
1.5921735892818996
1.5794232001709037
1.5659227881710258
1.552797387615589
1.5392969756157109
1.5240465102084415
1.5062959685048982
1.485795342875454
1.4625446333201089
1.439043916135136
1.4170432447279275
1.3992927030243845
1.3907924436170536
1.3955425885799737
1.4170432447279275
1.460794579912717
1.5277966246528518
1.6179243751335184
1.7284277474288157
1.85105648976104
1.9795604113895078
2.0955639515366067
2.180441541795099
2.2219428083132424
2.2198177434614093
2.1671911374248483
2.0700631733146153
1.9461843928342542
1.8121803033539843
1.6811763054292428
1.5652977690969574
1.4700448622089297
1.4009177526169623
1.3567914059877317
1.337290810876797
1.3390408642841882
1.355416364024781
1.3806671346171453
1.4106680501724296
1.4422940153202919
1.4710448927274393
1.496045655690176
1.5166712851344342
1.5319217505417035
1.5459221778008363
1.5570475173192542
1.56742283394879
1.5764231086153753
1.5856733909115879
1.5944236579485458
1.6042989593188268
1.6146742759483628
1.6266746421704763
1.6371749626148258
1.6485503097628713
1.6595506454664755
1.671301004058962
1.683051362651448
1.6943017059846797
1.7055520493179113
1.7161773735770747
1.7265526902066104
1.7359279763176367
1.7446782433545946
1.7541785332804345
1.7611787469100009
1.7680539567247535
1.774179143650624
1.7788042847987304
1.7830544145023959
1.7851794793542284
1.7866795251319927
1.7873045442060609
1.7854294869838556
1.7835544297616506
1.7800543229468673
1.7760542008728295
1.7705540330210272
1.7638038270210883
1.7569286172063356
1.7485533616138187
1.7396780907620473
1.730677816095462
1.7213025299844356
1.7109272133548998
1.702176946317942
1.6913016144291515
1.6820513321329387
1.673176061281167
1.6639257789849544
1.6571755729850153
1.6498003479110082
1.6438001647999512
1.6393000274666587
1.6350498977629933
1.6329248329111608
1.6334248481704154
1.6330498367259743
1.6349248939481797
1.6381749931333354
1.6425501266518143
1.6465502487258523
1.6513003936887722
1.6560505386516924
1.6618007141331217
1.6670508743552965
1.6719260231330302
1.6774261909848323
1.6804262825403606
1.6829263588366346
1.6844264046143986
1.6840513931699574
1.6813013092440567
1.6774261909848323
1.671301004058962
1.6641757866145819
1.655800531022065
1.6473002716147345
1.637549974059267
1.6270496536149175
1.6160493179113133
1.6042989593188268
1.5921735892818996
1.5795482039857174
1.5665478072450942
1.5532974028748436
1.5390469679860834
1.5245465254676962
1.507170995208594
1.486545365764336
1.4639196752830592
1.4400439466536454
1.4175432599871822
1.4000427259132666
1.3912924588763085
1.3945425580614643
1.4165432294686728
1.4589195226905116
1.526171575060274
1.6155493026520584
1.7245526291695914
1.8479313943906979
1.975935300759911
2.0921888485366376
2.17844148075808
2.221567796868801
2.220692770165105
2.1693162022766805
2.0731882686849574
1.9495594958342235
1.815805413983581
1.6845514084292124
1.5671728263191627
1.4724199346903897
1.40254280220954
1.3580414441358686
1.3377908261360516
1.3386658528397473
1.3545413373210853
1.380417126987518
1.410918057802057
1.4417940000610372
1.4706698812829981
1.4955456404309213
1.515546250801111
1.5319217505417035
1.5457971739860226
1.556797509689627
1.5666728110599077
1.5762981048005615
1.5857983947264016
1.5941736503189183
1.6041739555040133
1.6144242683187355
1.625299600207526
1.6364249397259438
1.6480502945036166
1.6593006378368482
1.6710509964293345
1.682676351207007
1.6943017059846797
1.7051770378734703
1.7153023468733786
1.7261776787621694
1.7360529801324502
1.7449282509842219
1.7533035065767388
1.7609287392803734
1.7676789452803126
1.773429120761742
1.7789292886135442
1.782554399243141
1.7848044679097874
1.7858044984282968
1.7871795403912474
1.785679494613483
1.7835544297616506
1.7795543076876126
1.776179204687643
1.7701790215765862
1.7645538499099704
1.757178624835963
1.7489283730582599
1.739803094576861
1.731052827539903
1.7214275337992493
1.7110522171697136
1.7011769157994323
1.6909266029847103
1.6821763359477524
1.6733010650959808
1.6646758018738366
1.6573005767998292
1.6503003631702629
1.6438001647999512
1.6390500198370312
1.6349248939481797
1.6326748252815333
1.6329248329111608
1.6330498367259743
1.6350498977629933
1.6381749931333354
1.6425501266518143
1.6460502334665976
1.6506753746147038
1.6566755577257606
1.6616757103183082
1.66717587817011
1.6721760307626576
1.6758011413922544
1.6803012787255471
1.6831763664662618
1.6841763969847714
1.6836763817255165
1.680676290169988
1.6773011871700187
1.671176000244148
1.6643007904293954
1.6564255500961331
1.6475502792443617
1.6371749626148258
1.6269246498001038
1.6159243140964994
1.6044239631336406
1.5921735892818996
1.5801732230597858
1.5669228186895352
1.55317239906003
1.5390469679860834
1.5245465254676962
1.5070459913937804
1.4861703543198952
1.4639196752830592
1.4399189428388317
1.417668263801996
1.3995427106540117
1.3909174474318675
1.3947925656910916
1.416043214209418
1.4589195226905116
1.5252965483565784
1.6147992797631765
1.7241776177251504
1.8473063753166297
1.9756852931302835
2.091563829462569
2.1780664693136385
2.22119278542436
2.220442762535478
2.1698162175359355
2.0744383068330943
1.950559526352733
1.8165554368724632
1.6858014465773492
1.568547868282113
1.4732949613940856
1.4027928098391673
1.3574164250618
1.3374158146916104
1.3391658680990022
1.3544163335062716
1.3801671193578906
1.410918057802057
1.4419190038758507
1.4706698812829981
1.4954206366161078
1.516296273689993
1.5319217505417035
1.5457971739860226
1.556672505874813
1.5667978148747217
1.5752980742820522
1.5850483718375195
1.594798669392987
1.6040489516891996
1.6144242683187355
1.625674611651967
1.63629993591113
1.6484253059480574
1.6594256416516617
1.6709259926145208
1.6825513473921934
1.6939266945402387
1.7050520340586566
1.7158023621326335
1.7255526596881008
1.735802972502823
1.7450532547990356
1.7530534989471116
1.7611787469100009
1.7689289834284494
1.7740541398358105
1.7788042847987304
1.782929410687582
1.7855544907986696
1.7868045289468062
1.7866795251319927
1.7860545060579243
1.7833044221320231
1.780679342020936
1.775804193243202
1.7708040406506547
1.7643038422803432
1.7569286172063356
1.7495533921323283
1.7400531022064882
1.7308028199102756
1.7214275337992493
1.711177220984527
1.7014269234290598
1.691426618243965
1.6824263435773796
1.6725510422070986
1.6646758018738366
1.6570505691702018
1.6495503402813807
1.6441751762443924
1.639550035096286
1.6350498977629933
1.6326748252815333
1.632424817651906
1.6332998443556017
1.6345498825037386
1.6374249702444532
1.6416750999481187
1.6464252449110386
1.6511753898739585
1.6563005462813196
1.6619257179479354
1.667675893429365
1.6718010193182167
1.6761761528366956
1.6803012787255471
1.682676351207007
1.684301400799585
1.6844264046143986
1.681551316873684
1.6768011719107638
1.671301004058962
1.6645507980590228
1.6568005615405743
1.6471752677999205
1.6374249702444532
1.6274246650593585
1.6164243293557543
1.6044239631336406
1.5925486007263405
1.5799232154301586
1.5665478072450942
1.553547410504471
1.5401720023194068
1.5245465254676962
1.5072959990234076
1.4866703695791499
1.4635446638386183
1.4400439466536454
1.417668263801996
1.4005427411725213
1.3912924588763085
1.3949175695059055
1.415293191320536
1.45816949980163
1.5244215216528825
1.613799249244667
1.7236776024658955
1.8453063142796107
1.973935239722892
2.0908138065736868
2.177566454054384
2.221067781609546
2.22119278542436
2.170941251869259
2.074938322092349
1.9510595416119878
1.8165554368724632
1.686301461836604
1.5691728873561817
1.4737949766533405
1.4031678212836085
1.3580414441358686
1.3376658223212379
1.3385408490249338
1.3542913296914578
1.3797921079134496
1.4107930539872433
1.4411689809869686
1.4704198736533707
1.4959206518753625
1.515921262245552
1.5317967467268898
1.5452971587267679
1.5572975249488816
1.5669228186895352
1.5757980895413068
1.5854233832819604
1.5945486617633595
1.6042989593188268
1.61492428357799
1.6255496078371532
1.6371749626148258
1.6476752830591754
1.659800653096103
1.671176000244148
1.6824263435773796
1.6940516983550522
1.7055520493179113
1.7158023621326335
1.726302682576983
1.7360529801324502
1.7449282509842219
1.7533035065767388
1.761928769798883
1.767803949095126
1.7739291360209968
1.7791792962431716
1.7835544297616506
1.7864295175023652
1.7866795251319927
1.78692953276162
1.785679494613483
1.7831794183172094
1.7803043305764947
1.775804193243202
1.7706790368358412
1.7641788384655293
1.7570536210211494
1.7489283730582599
1.7400531022064882
1.7308028199102756
1.7214275337992493
1.7106772057252724
1.701676931058687
1.691426618243965
1.6820513321329387
1.6729260536515398
1.6650508133182775
1.6568005615405743
1.6499253517258217
1.643925168614765
1.6388000122074038
1.6350498977629933
1.6330498367259743
1.6317997985778374
1.633549851985229
1.6350498977629933
1.6384250007629628
1.641925107577746
1.6460502334665976
1.6511753898739585
1.656550553910947
1.6613006988738672
1.6670508743552965
1.6725510422070986
1.6760511490218817
1.6800512710959197
1.6834263740958892
1.684301400799585
1.6836763817255165
1.6814263130588702
1.6769261757255778
1.671301004058962
1.6639257789849544
1.6561755424665061
1.647425275429548
1.6369249549851985
1.627299661244545
1.6161743217261269
1.6040489516891996
1.5917985778374584
1.5807982421338542
1.5667978148747217
1.5534224066896571
1.5399219946897795
1.5244215216528825
1.5069209875789666
1.4860453505050812
1.4636696676534318
1.4399189428388317
1.417293252357555
1.3996677144688254
1.3916674703207497
1.394667561876278
1.416043214209418
1.4586695150608844
1.5249215369121372
1.6142992645039216
1.7241776177251504
1.8465563524277475
1.9751852778710288
2.0911888180181277
2.1781914731284524
2.2214427930539875
2.220442762535478
2.169691213721122
2.0744383068330943
1.9513095492416153
1.817055452131718
1.6861764580217904
1.5689228797265542
1.473544969023713
1.4031678212836085
1.3575414288766137
1.338040833765679
1.3392908719138157
1.3545413373210853
1.3795421002838222
1.4101680349131749
1.4405439619129004
1.4709198889126254
1.4952956328012939
1.515921262245552
1.5322967619861447
1.5449221472823267
1.5560474868007448
1.5665478072450942
1.5757980895413068
1.5854233832819604
1.5945486617633595
1.6045489669484543
1.6147992797631765
1.624924588763085
1.635924924466689
1.647425275429548
1.6600506607257304
1.6704259773552659
1.6824263435773796
1.6936766869106112
1.7048020264290291
1.715177343058565
1.7260526749473555
1.7351779534287546
1.7448032471694084
1.7528034913174841
1.7610537430951874
1.768303964354381
1.7735541245765558
1.778679280983917
1.7828044068727684
1.7855544907986696
1.78692953276162
1.7868045289468062
1.7855544907986696
1.7831794183172094
1.7803043305764947
1.7759291970580158
1.7705540330210272
1.7643038422803432
1.757553636280404
1.7494283883175148
1.7408031250953704
1.731427838984344
1.721552537614063
1.7115522324289683
1.701801934873501
1.6925516525772883
1.682676351207007
1.673551072725608
1.6654258247627187
1.6573005767998292
1.6505503707998903
1.6443001800592059
1.6394250312814722
1.6352999053926207
1.633174840540788
1.632424817651906
1.6327998290963468
1.6347998901333658
1.637924985503708
1.6416750999481187
1.6461752372814111
1.6506753746147038
1.6559255348368787
1.6611756950590533
1.6665508590960418
1.6719260231330302
1.675676137577441
1.679926267281106
1.6829263588366346
1.6848014160588396
1.6831763664662618
1.681551316873684
1.6774261909848323
1.671176000244148
1.664925809503464
1.656925565355388
1.6478002868739892
1.6377999816888944
1.6279246803186131
1.616924344615009
1.6055489974669637
1.592423596911527
1.5805482345042268
1.5675478377636038
1.5536724143192846
1.5414220404675436
1.5259215674306468
1.5082960295419172
1.487795403912473
1.4654197210608235
1.4407939695425276
1.419293313394574
1.4011677602465895
1.3914174626911222
1.3944175542466506
1.4139181493575854
1.4552944120609148
1.5209214148380994
1.6082990813928648
1.7165523850215156
1.838806115909299
1.9674350413525805
2.084938627277444
2.173191320535905
2.2200677510910367
2.222317819757683
2.174566362498856
2.0811885128330334
1.959184789574877
1.8255557115390486
1.6941767021698662
1.576548112430189
1.4795451521347698
1.406542924283578
1.360541520432142
1.3386658528397473
1.33841584521012
1.353041291543321
1.378042054506058
1.408542985320597
1.4391689199499496
1.4674197820978425
1.493670583208716
1.5144212164677877
1.5312967314676351
1.544422132023072
1.555922482985931
1.5666728110599077
1.5755480819116796
1.5847983642078922
1.5935486312448501
1.6036739402447586
1.613424237800226
1.6244245735038303
1.6352999053926207
1.647425275429548
1.6586756187627796
1.670050965910825
1.6808012939848018
1.6930516678365428
1.7046770226142156
1.7148023316141239
1.7251776482436598
1.7348029419843134
1.7441782280953397
1.7526784875026704
1.7606787316507462
1.7674289376506853
1.7736791283913693
1.7790542924283579
1.7831794183172094
1.7851794793542284
1.7863045136875517
1.7866795251319927
1.7858044984282968
1.7841794488357188
1.7809293496505632
1.776679219946898
1.7710540482802821
1.7643038422803432
1.7578036439100315
1.7498033997619558
1.7408031250953704
1.731427838984344
1.7224275643177587
1.7121772515030367
1.7015519272438735
1.6926766563921019
1.682676351207007
1.6743010956144901
1.6659258400219734
1.6584256111331521
1.6504253669850764
1.6441751762443924
1.6394250312814722
1.6356749168370617
1.6337998596148564
1.632299813837092
1.633549851985229
1.6346748863185523
1.6377999816888944
1.6413000885036775
1.6455502182073427
1.6511753898739585
1.655800531022065
1.660925687429426
1.6669258705404828
1.6718010193182167
1.6764261604663229
1.6801762749107334
1.6829263588366346
1.6836763817255165
1.6834263740958892
1.681551316873684
1.6769261757255778
1.6721760307626576
1.664925809503464
1.6573005767998292
1.6486753135776848
1.638299996948149
1.6282996917630543
1.6174243598742637
1.60542399365215
1.5926736045411543
1.5810482497634815
1.5689228797265542
1.5550474562822352
1.5411720328379164
1.5264215826899015
1.5085460371715445
1.4884204229865414
1.4657947325052645
1.4417940000610372
1.4194183172093875
1.4012927640614032
1.3914174626911222
1.3937925351725822
1.413293130283517
1.454169377727592
1.5186713461714532
1.6069240394299142
1.714427320169683
1.8365560472426528
1.9653099765007476
2.083938596758934
2.173191320535905
2.219317728202155
2.222317819757683
2.175566393017365
2.0826885586107977
1.960809839167455
1.8268057496871855
1.6955517441328165
1.576548112430189
1.4799201635792107
1.4071679433576463
1.3606665242469558
1.33841584521012
1.3385408490249338
1.353166295358135
1.3779170506912441
1.4080429700613422
1.4391689199499496
1.4691698355052338
1.493670583208716
1.5141712088381603
1.530546708578753
1.544422132023072
1.5562974944303722
1.566172795800653
1.5752980742820522
1.584423352763451
1.5934236274300364
1.6032989288003174
1.6136742454298534
1.6245495773186438
1.6352999053926207
1.6468002563554796
1.6584256111331521
1.6698009582811977
1.6811763054292428
1.6928016602069156
1.7048020264290291
1.714427320169683
1.7249276406140324
1.7355529648731955
1.7441782280953397
1.752428479873043
1.760428724021119
1.7676789452803126
1.7733041169469284
1.7783042695394757
1.7826794030579547
1.7848044679097874
1.7879295632801295
1.7871795403912474
1.7858044984282968
1.7833044221320231
1.7800543229468673
1.7755541856135748
1.7710540482802821
1.7641788384655293
1.7574286324655906
1.749678395947142
1.7411781365398113
1.7321778618732262
1.7226775719473861
1.7125522629474779
1.7020519425031282
1.6931766716513565
1.6829263588366346
1.6746761070589313
1.6661758476516009
1.657800592059084
1.6509253822443313
1.6444251838740198
1.6391750236518448
1.6354249092074344
1.6327998290963468
1.6329248329111608
1.6330498367259743
1.634424878688925
1.6376749778740807
1.6414250923184912
1.6464252449110386
1.6511753898739585
1.6559255348368787
1.6606756797997986
1.666425855281228
1.6720510269478437
1.6759261452070682
1.6800512710959197
1.683051362651448
1.6838013855403302
1.683051362651448
1.6814263130588702
1.6778012024292734
1.6721760307626576
1.664925809503464
1.6566755577257606
1.6480502945036166
1.6385500045777766
1.6279246803186131
1.6174243598742637
1.6052989898373364
1.5930486159855952
1.5806732383190405
1.5682978606524856
1.5550474562822352
1.5410470290231024
1.526171575060274
1.5089210486159856
