1.6714260078737755
1.6698009582811977
1.6679259010589922
1.6659258400219734
1.6641757866145819
1.6616757103183082
1.6600506607257304
1.6580505996887114
1.6566755577257606
1.6551755119479965
1.6540504776146734
1.653425458540605
1.6524254280220954
1.6524254280220954
1.6526754356517228
1.6529254432813503
1.6524254280220954
1.6529254432813503
1.6536754661702324
1.6549255043183693
1.655800531022065
1.656550553910947
1.657800592059084
1.6590506302072208
1.660550675984985
1.6610506912442398
1.6611756950590533
1.6621757255775629
1.6625507370220038
1.6619257179479354
1.6614257026886807
1.6608006836146123
1.659800653096103
1.658550614947966
1.6574255806146427
1.6550505081331828
1.6530504470961638
1.651050386059145
1.6484253059480574
1.6468002563554796
1.6434251533555102
1.6414250923184912
1.6389250160222175
1.63629993591113
1.6341748710592976
1.6309247718741418
1.6277996765037996
1.6230495315408795
1.6179243751335184
1.6132992339854122
1.6082990813928648
1.605048982207709
1.6037989440595721
1.6045489669484543
1.609049104281747
1.6176743675038912
1.6310497756889553
1.6486753135776848
1.670800988799707
1.6956767479476302
1.7205525070955536
1.7441782280953397
1.7616787621692556
1.7706790368358412
1.769804010132145
1.759553697317423
1.740178106021302
1.715552354503006
1.6884265266884364
1.6623007293923764
1.637924985503708
1.6197994323557239
1.6060490127262186
1.5969237342448195
1.5931736198004092
1.5937986388744774
1.5964237189855648
1.6019238868373669
1.6077990661336101
1.6139242530594806
1.6194244209112827
1.6245495773186438
1.6285496993926818
1.6320498062074649
1.6347998901333658
1.6376749778740807
1.6391750236518448
1.640675069429609
1.6428001342814416
1.6448001953184606
1.6460502334665976
1.6480502945036166
1.6508003784295175
1.6536754661702324
1.6550505081331828
1.6575505844294565
1.6601756645405439
1.6624257332071901
1.6644257942442091
1.666425855281228
1.669300943021943
1.6705509811700798
1.6724260383922849
1.6741760917996766
1.675676137577441
1.677551194799646
1.6796762596514787
1.6808012939848018
1.681551316873684
1.6823013397625661
1.6825513473921934
1.6821763359477524
1.6828013550218206
1.6823013397625661
1.682676351207007
1.681926328318125
1.6809262977996156
1.679926267281106
1.678676229132969
1.677176183355205
1.6753011261329998
1.6733010650959808
1.671676015503403
1.6699259620960112
1.6683009125034334
1.6658008362071597
1.6644257942442091
1.6621757255775629
1.6600506607257304
1.658550614947966
1.6570505691702018
1.6551755119479965
1.6541754814294871
1.653425458540605
1.652550431836909
1.6523004242072816
1.6520504165776544
1.6520504165776544
1.6519254127628407
1.6529254432813503
1.6536754661702324
1.6541754814294871
1.655425519577624
1.656550553910947
1.6574255806146427
1.6590506302072208
1.6606756797997986
1.660550675984985
1.6618007141331217
1.6615507065034945
1.6624257332071901
1.6619257179479354
1.6616757103183082
1.6610506912442398
1.6599256569109164
1.658550614947966
1.656925565355388
1.6559255348368787
1.6533004547257912
1.6511753898739585
1.6486753135776848
1.6461752372814111
1.6441751762443924
1.6414250923184912
1.6393000274666587
1.6364249397259438
1.6339248634296701
1.6310497756889553
1.6274246650593585
1.6230495315408795
1.6182993865779596
1.6135492416150394
1.6087990966521197
1.6059240089114046
1.6039239478743859
1.6044239631336406
1.6086740928373058
1.6174243598742637
1.630424756614887
1.6475502792443617
1.6695509506515702
1.693426679280984
1.7191774651326028
1.7428031861323894
1.7613037507248146
1.7703040253914
1.7705540330210272
1.76080373546556
1.74180315561388
1.717177404095584
1.6904265877254554
1.6639257789849544
1.6409250770592365
1.620924466689047
1.6065490279854733
1.597173741874447
1.5934236274300364
1.5939236426892909
1.5965487228003785
1.6014238715781122
1.6071740470595417
1.613424237800226
1.6191744132816552
1.6244245735038303
1.6286747032074953
1.6319248023926511
1.6349248939481797
1.6367999511703848
1.639550035096286
1.640675069429609
1.6424251228370008
1.6440501724295786
1.6456752220221567
1.6481752983184301
1.651425397503586
1.652550431836909
1.6546754966887418
1.6581756035035249
1.6600506607257304
1.6621757255775629
1.6645507980590228
1.666425855281228
1.6683009125034334
1.6699259620960112
1.6720510269478437
1.6744260994293039
1.6764261604663229
1.678676229132969
1.6794262520218513
1.6803012787255471
1.6811763054292428
1.6820513321329387
1.6825513473921934
1.682676351207007
1.6829263588366346
1.6829263588366346
1.6823013397625661
1.681926328318125
1.6809262977996156
1.679926267281106
1.6784262215033416
1.6768011719107638
1.675551133762627
1.673176061281167
1.6718010193182167
1.669675954466384
1.6679259010589922
1.6661758476516009
1.6650508133182775
1.6625507370220038
1.6606756797997986
1.658550614947966
1.6570505691702018
1.655425519577624
1.6539254737998597
1.653425458540605
1.6528004394665363
1.6521754203924681
1.6524254280220954
1.6521754203924681
1.652550431836909
1.6530504470961638
1.653425458540605
1.6544254890591144
1.6555505233924375
1.656550553910947
1.6579255958738974
1.6594256416516617
1.6600506607257304
1.6608006836146123
1.6619257179479354
1.6620507217627492
1.6623007293923764
1.6618007141331217
1.6614257026886807
1.6606756797997986
1.6600506607257304
1.6588006225775933
1.6573005767998292
1.655800531022065
1.653425458540605
1.6511753898739585
1.6489253212073123
1.6466752525406658
1.6441751762443924
1.6416750999481187
1.6389250160222175
1.636674947355571
1.634424878688925
1.631174779503769
1.6275496688741722
1.6237995544297616
1.6190494094668417
1.614174260689108
1.6095491195410014
1.6055489974669637
1.6044239631336406
1.6042989593188268
1.6077990661336101
1.6161743217261269
1.628424695577868
1.6453002105777155
1.6666758629108556
1.6908015991698966
1.7160523697622607
1.7404281136509292
1.759553697317423
1.7694289986877043
1.7708040406506547
1.7629288003173924
1.7446782433545946
1.719927488021485
1.6933016754661703
1.6666758629108556
1.6433001495406965
1.6234245429853207
1.608174077578051
1.5985487838373975
1.5932986236152227
1.5934236274300364
1.5955486922818691
1.6001738334299753
1.6066740318002868
1.6127992187261575
1.6182993865779596
1.6235495468001342
1.628049684133427
1.6312997833185827
1.6354249092074344
1.6370499588000123
1.6388000122074038
1.64105008087405
1.6421751152073734
1.6436751609851377
1.645925229651784
1.647425275429548
1.6501753593554491
1.652550431836909
1.6553005157628102
1.6580505996887114
1.6595506454664755
1.6616757103183082
1.6636757713553272
1.6663008514664144
1.668050904873806
1.6701759697256386
1.6724260383922849
1.6741760917996766
1.6758011413922544
1.6778012024292734
1.6793012482070377
1.6805512863551746
1.680676290169988
1.6821763359477524
1.682676351207007
1.6824263435773796
1.6831763664662618
1.6825513473921934
1.683051362651448
1.6821763359477524
1.6810513016144293
1.6801762749107334
1.6784262215033416
1.6773011871700187
1.6760511490218817
1.6734260689107945
1.6720510269478437
1.6703009735404524
1.6684259163182469
1.6661758476516009
1.6646758018738366
1.6626757408368176
1.6604256721701711
1.6581756035035249
1.656550553910947
1.6551755119479965
1.6549255043183693
1.6531754509109775
1.6528004394665363
1.6515504013183995
1.6521754203924681
1.6523004242072816
1.6526754356517228
1.6528004394665363
1.6536754661702324
1.6539254737998597
1.6550505081331828
1.656550553910947
1.6573005767998292
1.6586756187627796
1.6601756645405439
1.6606756797997986
1.6611756950590533
1.6623007293923764
1.6625507370220038
1.6620507217627492
1.6613006988738672
1.6611756950590533
1.6599256569109164
1.658925626392407
1.6575505844294565
1.6563005462813196
1.653800469985046
1.651425397503586
1.6493003326517535
1.6468002563554796
1.6441751762443924
1.6414250923184912
1.6400500503555409
1.6369249549851985
1.6340498672444839
1.6320498062074649
1.6277996765037996
1.6241745658742028
1.6194244209112827
1.6144242683187355
1.6092991119113744
1.6059240089114046
1.6039239478743859
1.6042989593188268
1.6076740623187964
1.6151742912076175
1.6275496688741722
1.6448001953184606
1.6651758171330913
1.6893015533921325
1.7148023316141239
1.7389280678731651
1.7583036591692862
1.7686789757988222
1.7705540330210272
1.7629288003173924
1.7455532700582903
1.7213025299844356
1.6948017212439344
1.6683009125034334
1.6436751609851377
1.6237995544297616
1.6089241004669332
1.598798791467025
1.5936736350596639
1.5934236274300364
1.5956736960966826
1.6009238563188575
1.606174016541032
1.61254921109653
1.6181743827631458
1.622924527726066
1.6275496688741722
1.631674794763024
1.6341748710592976
1.636674947355571
1.6381749931333354
1.640300057985168
1.641925107577746
1.643925168614765
1.6453002105777155
1.6476752830591754
1.6503003631702629
1.6524254280220954
1.6546754966887418
1.6574255806146427
1.6594256416516617
1.6620507217627492
1.6640507827997681
1.666050843836787
1.6678008972441787
1.6701759697256386
1.6720510269478437
1.6744260994293039
1.6759261452070682
1.6773011871700187
1.679551255836665
1.6803012787255471
1.6809262977996156
1.6816763206884975
1.6821763359477524
1.6828013550218206
1.6828013550218206
1.682676351207007
1.682676351207007
1.681926328318125
1.6814263130588702
1.6800512710959197
1.6790512405774103
1.6774261909848323
1.675551133762627
1.6739260841700492
1.6721760307626576
1.670050965910825
1.6681759086886196
1.666425855281228
1.6646758018738366
1.6634257637256997
1.660925687429426
1.6594256416516617
1.6576755882442702
1.6556755272072514
1.6546754966887418
1.6544254890591144
1.652550431836909
1.6523004242072816
1.6523004242072816
1.6524254280220954
1.6524254280220954
1.6529254432813503
1.6536754661702324
1.6541754814294871
1.6550505081331828
1.656550553910947
1.6584256111331521
1.6590506302072208
1.659800653096103
1.660925687429426
1.6615507065034945
1.6620507217627492
1.6621757255775629
1.6615507065034945
1.6624257332071901
1.6606756797997986
1.6599256569109164
1.658925626392407
1.6573005767998292
1.6559255348368787
1.653800469985046
1.6515504013183995
1.6495503402813807
1.6465502487258523
1.6441751762443924
1.6420501113925596
1.6396750389110997
1.6372999664296397
1.634424878688925
1.6319248023926511
1.6281746879482406
1.6237995544297616
1.6192994170964692
1.6146742759483628
1.6100491348002564
1.6065490279854733
1.6041739555040133
1.6042989593188268
1.6069240394299142
1.6146742759483628
1.6266746421704763
1.6434251533555102
1.6635507675405132
1.6873014923551135
1.712802270577105
1.7375530259102145
1.7570536210211494
1.768303964354381
1.7710540482802821
1.7640538346507157
1.7471783196508683
1.7238026062807095
1.6970517899105808
1.669675954466384
1.645925229651784
1.6255496078371532
1.6096741233558154
1.5992988067262794
1.5940486465041048
1.5931736198004092
1.5950486770226142
1.5999238258003479
1.6056740012817774
1.6120491958372754
1.6174243598742637
1.6227995239112523
1.627299661244545
1.63154979094821
1.6340498672444839
1.6365499435407576
1.6384250007629628
1.6400500503555409
1.6418001037629322
1.6438001647999512
1.6454252143925292
1.647425275429548
1.6491753288369395
1.6524254280220954
1.6548005005035553
1.656925565355388
1.6600506607257304
1.6610506912442398
1.663300759910886
1.6656758323923462
1.6679259010589922
1.6698009582811977
1.6720510269478437
1.6743010956144901
1.675551133762627
1.6776761986144597
1.6791762443922238
1.6801762749107334
1.6813013092440567
1.6814263130588702
1.6823013397625661
1.6821763359477524
1.6828013550218206
1.683051362651448
1.6824263435773796
1.681926328318125
1.681551316873684
1.6804262825403606
1.678676229132969
1.6778012024292734
1.6759261452070682
1.6743010956144901
1.6726760460219123
1.6705509811700798
1.6681759086886196
1.666425855281228
1.664925809503464
1.662800744651631
1.6606756797997986
1.658925626392407
1.6574255806146427
1.6551755119479965
1.654550492873928
1.6539254737998597
1.6528004394665363
1.6520504165776544
1.6523004242072816
1.6528004394665363
1.652550431836909
1.6528004394665363
1.653800469985046
1.6546754966887418
1.6549255043183693
1.6563005462813196
1.6580505996887114
1.6584256111331521
1.6594256416516617
1.6610506912442398
1.6623007293923764
1.6620507217627492
1.6625507370220038
1.6624257332071901
1.6619257179479354
1.6608006836146123
1.6603006683553576
1.658925626392407
1.6576755882442702
1.6561755424665061
1.6540504776146734
1.6515504013183995
1.649425336466567
1.6471752677999205
1.6454252143925292
1.6423001190221869
1.639925046540727
1.637549974059267
1.634299874874111
1.6320498062074649
1.628424695577868
1.6247995849482713
1.6197994323557239
1.6151742912076175
1.6104241462446975
1.6062990203558458
1.6045489669484543
1.6040489516891996
1.6066740318002868
1.6136742454298534
1.625174596392712
1.6411750846888638
1.6620507217627492
1.6855514389477217
1.710427198095645
1.7351779534287546
1.7558035828730125
1.76792895290994
1.7710540482802821
1.7645538499099704
1.7486783654286326
1.7253026520584733
1.6990518509475998
1.6723010345774711
1.6471752677999205
1.626424634540849
1.6109241615039522
1.6001738334299753
1.594298654133732
1.5936736350596639
1.5954236884670552
1.6001738334299753
1.6055489974669637
1.6110491653187657
1.6176743675038912
1.6225495162816248
1.6274246650593585
1.6317997985778374
1.6337998596148564
1.63629993591113
1.6385500045777766
1.639925046540727
1.6416750999481187
1.6435501571703237
1.6454252143925292
1.6471752677999205
1.6489253212073123
1.6513003936887722
1.6543004852443006
1.656550553910947
1.6593006378368482
1.6611756950590533
1.6631757560960723
1.6663008514664144
1.667675893429365
1.6694259468367565
1.671676015503403
1.6743010956144901
1.675551133762627
1.6769261757255778
1.6788012329477828
1.6805512863551746
1.6808012939848018
1.6818013245033114
1.683051362651448
1.6829263588366346
1.6828013550218206
1.6824263435773796
1.6828013550218206
1.6820513321329387
1.6816763206884975
1.6805512863551746
1.6788012329477828
1.6773011871700187
1.6759261452070682
1.6740510879848627
1.6721760307626576
1.6703009735404524
1.6685509201330608
1.6665508590960418
1.664925809503464
1.662800744651631
1.660925687429426
1.6595506454664755
1.6580505996887114
1.6555505233924375
1.6543004852443006
1.6535504623554185
1.6524254280220954
1.6520504165776544
1.6523004242072816
1.6519254127628407
1.652550431836909
1.6528004394665363
1.6535504623554185
1.6544254890591144
1.6560505386516924
1.6563005462813196
1.6576755882442702
1.6584256111331521
1.6599256569109164
1.6608006836146123
1.6616757103183082
1.6619257179479354
1.6623007293923764
1.6619257179479354
1.6621757255775629
1.6615507065034945
1.6604256721701711
1.6593006378368482
1.6576755882442702
1.6563005462813196
1.6541754814294871
1.651800408948027
1.6498003479110082
1.6471752677999205
1.645050202948088
1.642675130466628
1.640300057985168
1.6380499893185219
1.6345498825037386
1.6320498062074649
1.6290497146519365
1.6250495925778985
1.6200494399853511
1.6154242988372447
1.6104241462446975
1.6071740470595417
1.6042989593188268
1.6039239478743859
1.6064240241706595
1.6130492263557847
1.624049562059389
1.6394250312814722
1.6595506454664755
1.6836763817255165
1.7086771446882534
1.7336779076509903
1.754428540910062
1.7673039338358714
1.7715540635395368
1.7665539109469892
1.7508034302804651
1.7273027130954923
1.7006769005401776
1.6745511032441176
1.6491753288369395
1.628049684133427
1.612174199652089
1.601048860133671
1.5944236579485458
1.5930486159855952
1.5949236732078005
1.598798791467025
1.6046739707632678
1.610549150059511
1.6167993408001955
1.62204950102237
1.6266746421704763
1.6305497604297006
1.6334248481704154
1.6360499282815029
1.6384250007629628
1.6396750389110997
1.6420501113925596
1.643925168614765
1.6454252143925292
1.647425275429548
1.6491753288369395
1.6519254127628407
1.6541754814294871
1.6561755424665061
1.6590506302072208
1.6610506912442398
1.663300759910886
1.6655508285775322
1.6679259010589922
1.669675954466384
1.6719260231330302
1.6739260841700492
1.6754261299478135
1.6773011871700187
1.678676229132969
1.6805512863551746
1.6804262825403606
1.6814263130588702
1.6824263435773796
1.683051362651448
1.6828013550218206
1.6831763664662618
1.682676351207007
1.6820513321329387
1.6811763054292428
1.6801762749107334
1.6791762443922238
1.677926206244087
1.6761761528366956
1.673676076540422
1.6723010345774711
1.6710509964293345
1.6685509201330608
1.6666758629108556
1.6651758171330913
1.663300759910886
1.660925687429426
1.6588006225775933
1.6573005767998292
1.6561755424665061
1.6540504776146734
1.6540504776146734
1.6530504470961638
1.6524254280220954
1.6524254280220954
1.6524254280220954
1.6524254280220954
1.6528004394665363
1.6533004547257912
1.6539254737998597
1.6551755119479965
1.6559255348368787
1.6573005767998292
1.6581756035035249
1.6596756492812892
1.6611756950590533
1.6614257026886807
1.6623007293923764
1.6623007293923764
1.6620507217627492
1.6616757103183082
1.6611756950590533
1.6610506912442398
1.6588006225775933
1.6580505996887114
1.656550553910947
1.6541754814294871
1.6519254127628407
1.6496753440961944
1.6475502792443617
1.6453002105777155
1.642675130466628
1.6404250617999818
1.6380499893185219
1.635174901577807
1.6325498214667196
1.6290497146519365
1.6250495925778985
1.6204244514297923
1.616549333170568
1.6111741691335797
1.6066740318002868
1.6045489669484543
1.6036739402447586
1.606174016541032
1.6130492263557847
1.623299539170507
1.638299996948149
1.6579255958738974
1.681926328318125
1.7070520950956756
1.7316778466139713
1.753178502761925
1.7665539109469892
1.7711790520950956
1.7666789147618032
1.7516784569841608
1.729427777947325
1.7030519730216378
1.6761761528366956
1.6508003784295175
1.6295497299111912
1.6132992339854122
1.6015488753929257
1.5949236732078005
1.5929236121707817
1.594673665578173
1.598673787652211
1.6044239631336406
1.6104241462446975
1.6162993255409406
1.62204950102237
1.6267996459852903
1.630049745170446
1.6332998443556017
1.6361749320963164
1.6381749931333354
1.639550035096286
1.6413000885036775
1.6434251533555102
1.6451752067629017
1.6465502487258523
1.6491753288369395
1.651800408948027
1.6541754814294871
1.6560505386516924
1.6590506302072208
1.660925687429426
1.6630507522812585
1.6650508133182775
1.667675893429365
1.6695509506515702
1.6714260078737755
1.673551072725608
1.675551133762627
1.6770511795403913
1.678676229132969
1.6798012634662924
1.6809262977996156
1.6818013245033114
1.6823013397625661
1.6823013397625661
1.683051362651448
1.682676351207007
1.6828013550218206
1.681926328318125
1.6820513321329387
1.680676290169988
1.6790512405774103
1.6784262215033416
1.6760511490218817
1.6740510879848627
1.6728010498367258
1.6710509964293345
1.668800927762688
1.6665508590960418
1.6656758323923462
1.6636757713553272
1.6610506912442398
1.6594256416516617
1.6574255806146427
1.6560505386516924
1.6546754966887418
1.654550492873928
1.6526754356517228
1.651800408948027
1.6524254280220954
1.6520504165776544
1.6520504165776544
1.6526754356517228
1.6535504623554185
1.654550492873928
1.6549255043183693
1.6563005462813196
1.6570505691702018
1.6584256111331521
1.6595506454664755
1.660550675984985
1.6615507065034945
1.6620507217627492
1.6625507370220038
1.6620507217627492
1.6616757103183082
1.6615507065034945
1.6606756797997986
1.6593006378368482
1.6580505996887114
1.6566755577257606
1.6549255043183693
1.6524254280220954
1.6500503555406356
1.647425275429548
1.6454252143925292
1.6429251380962555
1.6404250617999818
1.6381749931333354
1.6352999053926207
1.6326748252815333
1.629299722281564
1.6254246040223395
1.6210494705038605
1.6161743217261269
1.6112991729483932
1.6075490585039827
1.6047989745780817
1.6036739402447586
1.6056740012817774
1.612174199652089
1.62204950102237
1.6364249397259438
1.656550553910947
1.679551255836665
1.7043020111697744
1.7299277932065797
1.7518034607989748
1.76555388042848
1.7710540482802821
1.76792895290994
1.7536785180211798
1.731427838984344
1.7050520340586566
1.6780512100589007
1.6530504470961638
1.6310497756889553
1.614174260689108
1.6022988982818078
1.5950486770226142
1.5930486159855952
1.5944236579485458
1.598673787652211
1.6035489364299447
1.61017413861507
1.6154242988372447
1.6211744743186742
1.626424634540849
1.6297997375408186
1.6329248329111608
1.635924924466689
1.637924985503708
1.6398000427259134
1.6414250923184912
1.6431751457258827
1.645050202948088
1.6468002563554796
1.6493003326517535
1.651425397503586
1.6535504623554185
1.655800531022065
1.658550614947966
1.660550675984985
1.6630507522812585
1.6651758171330913
1.667300881984924
1.6689259315775018
1.671301004058962
1.6733010650959808
1.6754261299478135
1.6769261757255778
1.6788012329477828
1.679926267281106
1.6801762749107334
1.681551316873684
1.6821763359477524
1.681926328318125
1.6833013702810755
1.6831763664662618
1.6831763664662618
1.681926328318125
1.6814263130588702
1.6805512863551746
1.6791762443922238
1.677926206244087
1.6765511642811366
1.6743010956144901
1.6725510422070986
1.6714260078737755
1.6694259468367565
1.667300881984924
1.666050843836787
1.6634257637256997
1.6614257026886807
1.6596756492812892
1.6579255958738974
1.6563005462813196
1.6553005157628102
1.6535504623554185
1.653425458540605
1.6523004242072816
1.6521754203924681
1.6520504165776544
1.6521754203924681
1.652550431836909
1.6531754509109775
1.6539254737998597
1.654550492873928
1.6556755272072514
1.6566755577257606
1.6581756035035249
1.6595506454664755
1.660550675984985
1.6608006836146123
1.6615507065034945
1.6621757255775629
1.6625507370220038
1.6620507217627492
1.6613006988738672
1.6606756797997986
1.659800653096103
1.6580505996887114
1.6566755577257606
1.6548005005035553
1.6524254280220954
1.6503003631702629
1.6486753135776848
1.6451752067629017
1.6431751457258827
1.6405500656147955
1.6380499893185219
1.635174901577807
1.633174840540788
1.6297997375408186
1.6255496078371532
1.621299478133488
1.616924344615009
1.6120491958372754
1.6079240699484236
1.6046739707632678
1.6039239478743859
1.6052989898373364
1.6109241615039522
1.6207994628742333
1.6350498977629933
1.6543004852443006
1.6766761680959503
1.7015519272438735
1.7271777092806788
1.7491783806878873
1.7644288460951567
1.7710540482802821
1.7684289681691947
1.7554285714285716
1.734552934354686
1.708052125614185
1.681551316873684
1.6559255348368787
1.6339248634296701
1.6157993102816859
1.603173924985504
1.5956736960966826
1.5930486159855952
1.5937986388744774
1.5976737571337016
1.6022988982818078
1.6091741080965607
1.61492428357799
1.6207994628742333
1.6259246192815942
1.6294247260963775
1.6327998290963468
1.6352999053926207
1.637549974059267
1.6398000427259134
1.6401750541703544
1.6431751457258827
1.6445501876888333
1.645925229651784
1.6485503097628713
1.651050386059145
1.653800469985046
1.6559255348368787
1.6586756187627796
1.660925687429426
1.6626757408368176
1.6654258247627187
1.6665508590960418
1.6686759239478743
1.6709259926145208
1.6729260536515398
1.675176122318186
1.6766761680959503
1.6784262215033416
1.679551255836665
1.680676290169988
1.6814263130588702
1.6823013397625661
1.6824263435773796
1.6829263588366346
1.6825513473921934
1.682676351207007
1.6824263435773796
1.6818013245033114
1.680676290169988
1.6791762443922238
1.6781762138737144
1.6768011719107638
1.6745511032441176
1.6729260536515398
1.6714260078737755
1.669300943021943
1.6674258857997375
1.6656758323923462
1.6636757713553272
1.6616757103183082
1.6595506454664755
1.657800592059084
1.656550553910947
1.6550505081331828
1.6541754814294871
1.6530504470961638
1.652550431836909
1.6526754356517228
1.6524254280220954
1.6524254280220954
1.6529254432813503
1.6528004394665363
1.6544254890591144
1.6546754966887418
1.655425519577624
1.6574255806146427
1.6580505996887114
1.6593006378368482
1.6604256721701711
1.6613006988738672
1.6620507217627492
1.6623007293923764
1.6619257179479354
1.6621757255775629
1.6614257026886807
1.660925687429426
1.6599256569109164
1.6583006073183386
1.656925565355388
1.6549255043183693
1.6526754356517228
1.6505503707998903
1.6480502945036166
1.6455502182073427
1.6433001495406965
1.6409250770592365
1.6385500045777766
1.635924924466689
1.633674855800043
1.630049745170446
1.6265496383556628
1.6221745048371838
1.6176743675038912
1.6124242072817165
1.608174077578051
1.605048982207709
1.6041739555040133
1.6055489974669637
1.6100491348002564
1.6190494094668417
1.6329248329111608
1.6515504013183995
1.6734260689107945
1.697801812799463
1.7238026062807095
1.7466783043916136
1.7631788079470199
1.7709290444654684
1.7694289986877043
1.7584286629841
1.7375530259102145
1.7123022553178504
1.6855514389477217
1.6594256416516617
1.6361749320963164
1.6176743675038912
1.6046739707632678
1.5964237189855648
1.5931736198004092
1.5936736350596639
1.5972987456892607
1.6020488906521806
1.6082990813928648
1.6139242530594806
1.6204244514297923
1.6250495925778985
1.6294247260963775
1.6326748252815333
1.6352999053926207
1.6376749778740807
1.6394250312814722
1.64105008087405
1.6425501266518143
1.6448001953184606
1.6463002410962249
1.6485503097628713
1.651050386059145
1.6530504470961638
1.6553005157628102
1.657800592059084
1.6604256721701711
1.6620507217627492
1.664925809503464
1.6665508590960418
1.6690509353923155
1.6709259926145208
1.6728010498367258
1.6749261146885588
1.6764261604663229
1.6781762138737144
1.679926267281106
1.6805512863551746
1.6814263130588702
1.681926328318125
1.6823013397625661
1.682676351207007
1.682676351207007
1.6829263588366346
1.6824263435773796
1.6821763359477524
1.6809262977996156
1.679551255836665
1.6783012176885281
1.6768011719107638
1.675551133762627
1.673176061281167
1.671676015503403
1.6694259468367565
1.667675893429365
1.6659258400219734
1.6638007751701407
1.6618007141331217
1.6596756492812892
1.658550614947966
1.6566755577257606
1.6550505081331828
1.6541754814294871
1.6528004394665363
1.6526754356517228
1.6523004242072816
1.6526754356517228
1.652550431836909
1.652550431836909
1.6528004394665363
1.653800469985046
1.654550492873928
1.6556755272072514
1.6573005767998292
1.6576755882442702
1.6593006378368482
1.6601756645405439
1.6613006988738672
1.6616757103183082
1.6620507217627492
1.6623007293923764
1.6618007141331217
1.6613006988738672
1.6611756950590533
1.6596756492812892
1.6584256111331521
1.6570505691702018
1.655425519577624
1.6528004394665363
1.6501753593554491
1.6489253212073123
1.6458002258369702
1.6438001647999512
1.6413000885036775
1.6388000122074038
1.6360499282815029
1.6339248634296701
1.631174779503769
1.627174657429731
1.6235495468001342
1.6181743827631458
1.6129242225409712
1.6086740928373058
1.6056740012817774
1.6042989593188268
1.6046739707632678
1.6092991119113744
1.6179243751335184
1.6312997833185827
1.6491753288369395
1.670800988799707
1.6955517441328165
1.7210525223548083
1.7444282357249672
1.7616787621692556
1.769929013946959
1.769929013946959
1.7593036896877956
1.7403031098361157
1.715177343058565
1.6881765190588092
1.6615507065034945
1.63867500839259
1.6199244361705374
1.606174016541032
1.597173741874447
1.5930486159855952
1.5935486312448501
1.597173741874447
1.6012988677632984
1.6075490585039827
1.6135492416150394
1.6192994170964692
1.6242995696890163
1.6289247108371228
1.6321748100222786
1.635174901577807
1.637549974059267
1.6390500198370312
1.64105008087405
1.6424251228370008
1.6443001800592059
1.645925229651784
1.6489253212073123
1.6511753898739585
1.6526754356517228
1.6548005005035553
1.6581756035035249
1.6599256569109164
1.6618007141331217
1.6644257942442091
1.66717587817011
1.6681759086886196
1.6706759849848933
1.6726760460219123
1.6743010956144901
1.6765511642811366
1.6781762138737144
1.679551255836665
1.6788012329477828
1.6810513016144293
1.6820513321329387
1.6821763359477524
1.6824263435773796
1.6841763969847714
1.6834263740958892
1.682676351207007
1.681926328318125
1.6813013092440567
1.6801762749107334
1.677926206244087
1.6776761986144597
1.6750511185033723
1.6733010650959808
1.671301004058962
1.6695509506515702
1.6689259315775018
1.6663008514664144
1.6650508133182775
1.6615507065034945
1.6603006683553576
1.658550614947966
1.6563005462813196
1.655425519577624
1.6548005005035553
1.6535504623554185
1.6526754356517228
1.6524254280220954
1.6524254280220954
1.6520504165776544
1.6524254280220954
1.6530504470961638
1.653800469985046
1.6541754814294871
1.6559255348368787
1.656925565355388
1.6579255958738974
1.658550614947966
1.6601756645405439
1.6606756797997986
1.6615507065034945
1.6620507217627492
1.6621757255775629
1.6616757103183082
1.6618007141331217
1.6615507065034945
1.6594256416516617
1.658550614947966
1.6574255806146427
1.6555505233924375
1.6529254432813503
1.6509253822443313
1.6489253212073123
1.6460502334665976
1.643925168614765
1.6418001037629322
1.6390500198370312
1.6364249397259438
1.6339248634296701
1.6309247718741418
1.6279246803186131
1.6224245124668113
1.6182993865779596
1.613424237800226
1.6087990966521197
1.6051739860225227
1.6041739555040133
1.6045489669484543
1.6089241004669332
1.6167993408001955
1.62917471846675
1.6473002716147345
1.669300943021943
1.6928016602069156
1.7188024536881619
1.7428031861323894
1.760428724021119
1.769804010132145
1.7705540330210272
1.7609287392803734
1.7420531632435072
1.717552415540025
1.6909266029847103
1.6643007904293954
1.6405500656147955
1.6214244819483017
1.6071740470595417
1.5976737571337016
1.5929236121707817
1.5932986236152227
1.5956736960966826
1.601173863948485
1.6067990356151007
1.6131742301705987
1.618924405652028
1.6239245582445754
1.6282996917630543
1.6319248023926511
1.634424878688925
1.6372999664296397
1.6391750236518448
1.6408000732444226
1.6424251228370008
1.6440501724295786
1.6454252143925292
1.6479252906888027
1.6503003631702629
1.6529254432813503
1.6550505081331828
1.6576755882442702
1.659800653096103
1.6614257026886807
1.6640507827997681
1.666425855281228
1.6679259010589922
1.6704259773552659
1.6725510422070986
1.6749261146885588
1.6760511490218817
1.6780512100589007
1.679551255836665
1.6805512863551746
1.6811763054292428
1.6821763359477524
1.6821763359477524
1.6825513473921934
1.6829263588366346
1.6828013550218206
1.6824263435773796
1.6818013245033114
1.6811763054292428
1.6804262825403606
1.6781762138737144
1.6770511795403913
1.675551133762627
1.6734260689107945
1.6715510116885892
1.6699259620960112
1.668050904873806
1.666050843836787
1.6641757866145819
1.6618007141331217
1.6606756797997986
1.658550614947966
1.6568005615405743
1.655425519577624
1.6540504776146734
1.6533004547257912
1.6530504470961638
1.6523004242072816
1.6523004242072816
1.6521754203924681
1.6524254280220954
1.6529254432813503
1.6526754356517228
1.6544254890591144
1.6550505081331828
1.656925565355388
1.6590506302072208
1.6588006225775933
1.6603006683553576
1.660925687429426
1.6615507065034945
1.6620507217627492
1.6619257179479354
1.6620507217627492
1.6618007141331217
1.6616757103183082
1.659800653096103
1.658550614947966
1.6571755729850153
1.6556755272072514
1.6536754661702324
1.651425397503586
1.649050325022126
1.6463002410962249
1.6444251838740198
1.6423001190221869
1.6398000427259134
1.6367999511703848
1.634424878688925
1.6312997833185827
1.6269246498001038
1.623299539170507
1.6187994018372145
1.6142992645039216
1.6092991119113744
1.6057990050965911
1.6042989593188268
1.6049239783928952
1.6077990661336101
1.6157993102816859
1.6274246650593585
1.6444251838740198
1.6655508285775322
1.6900515762810144
1.7153023468733786
1.7389280678731651
1.7594286935026096
1.7690539872432631
1.7709290444654684
1.7633038117618336
1.7449282509842219
1.7208025147251809
1.6949267250587483
1.667675893429365
1.6434251533555102
1.623299539170507
1.6084240852076785
1.5989237952818385
1.5936736350596639
1.5932986236152227
1.5957986999114964
1.6002988372447888
1.6057990050965911
1.61254921109653
1.6180493789483323
1.6230495315408795
1.6274246650593585
1.6314247871333964
1.634299874874111
1.636674947355571
1.6385500045777766
1.6400500503555409
1.6421751152073734
1.643925168614765
1.6454252143925292
1.6480502945036166
1.6503003631702629
1.6519254127628407
1.654550492873928
1.6571755729850153
1.6595506454664755
1.6616757103183082
1.6641757866145819
1.6659258400219734
1.667675893429365
1.6699259620960112
1.6724260383922849
1.6744260994293039
1.6759261452070682
1.6776761986144597
1.6791762443922238
1.6801762749107334
1.6811763054292428
1.6821763359477524
1.6820513321329387
1.6823013397625661
1.6824263435773796
1.6828013550218206
1.6823013397625661
1.6820513321329387
1.6814263130588702
1.6805512863551746
1.6785512253181556
1.6770511795403913
1.6759261452070682
1.673551072725608
1.6721760307626576
1.6699259620960112
1.6684259163182469
1.6663008514664144
1.6654258247627187
1.6624257332071901
1.6608006836146123
1.6590506302072208
1.6573005767998292
1.655425519577624
1.6546754966887418
1.6535504623554185
1.6529254432813503
1.6521754203924681
1.6524254280220954
1.6524254280220954
1.652550431836909
1.6526754356517228
1.6533004547257912
1.6544254890591144
1.6553005157628102
1.656925565355388
1.6576755882442702
1.6590506302072208
1.6594256416516617
1.6606756797997986
1.6613006988738672
1.6623007293923764
1.6619257179479354
1.6616757103183082
1.6618007141331217
1.6618007141331217
1.6601756645405439
1.6590506302072208
1.657800592059084
1.655800531022065
1.6539254737998597
1.6520504165776544
1.6496753440961944
1.647050263985107
1.644675191503647
1.6416750999481187
1.639925046540727
1.6372999664296397
1.6346748863185523
1.63154979094821
1.6285496993926818
1.6236745506149481
1.6196744285409101
1.61492428357799
1.6100491348002564
1.607424054689169
1.6041739555040133
1.6037989440595721
1.6071740470595417
1.6142992645039216
1.6259246192815942
1.641925107577746
1.6621757255775629
1.6855514389477217
1.7110522171697136
1.7364279915768914
1.7563035981322672
1.7680539567247535
1.7710540482802821
1.7641788384655293
1.7481783501693777
1.7244276253547777
1.6984268318735312
1.6719260231330302
1.6471752677999205
1.6261746269112216
1.6109241615039522
1.60067384868923
1.5940486465041048
1.592798608355968
1.5950486770226142
1.5997988219855341
1.60542399365215
1.611424176763207
1.6174243598742637
1.6227995239112523
1.627674672688986
1.631174779503769
1.634299874874111
1.6364249397259438
1.6385500045777766
1.6405500656147955
1.6413000885036775
1.6436751609851377
1.6451752067629017
1.6475502792443617
1.6500503555406356
1.6519254127628407
1.6544254890591144
1.6566755577257606
1.658925626392407
1.6613006988738672
1.6634257637256997
1.666050843836787
1.6675508896145512
1.6698009582811977
1.6715510116885892
1.6743010956144901
1.675551133762627
1.677551194799646
1.6789262367625966
1.6801762749107334
1.6811763054292428
1.681551316873684
1.6821763359477524
1.6829263588366346
1.6833013702810755
1.6828013550218206
1.6831763664662618
1.6823013397625661
1.6814263130588702
1.6808012939848018
1.6791762443922238
1.6773011871700187
1.6749261146885588
1.6739260841700492
1.6725510422070986
1.671176000244148
1.669175939207129
1.6670508743552965
1.665300820947905
1.662800744651631
1.6606756797997986
1.658925626392407
1.6574255806146427
1.655800531022065
1.6548005005035553
1.653425458540605
1.6530504470961638
1.6521754203924681
1.6526754356517228
1.6524254280220954
1.6519254127628407
1.6530504470961638
1.6530504470961638
1.653800469985046
1.655425519577624
1.6563005462813196
1.6576755882442702
1.658550614947966
1.6600506607257304
1.659800653096103
1.6611756950590533
1.6621757255775629
1.6623007293923764
1.6619257179479354
1.6618007141331217
1.6615507065034945
1.6603006683553576
1.6591756340220343
1.6580505996887114
1.6559255348368787
1.6544254890591144
1.6520504165776544
1.6500503555406356
1.6466752525406658
1.6448001953184606
1.6421751152073734
1.6398000427259134
1.6374249702444532
1.6349248939481797
1.6325498214667196
1.628424695577868
1.6241745658742028
1.6202994476149783
1.6152992950224312
1.6106741538743248
1.6064240241706595
1.6037989440595721
1.6039239478743859
1.6064240241706595
1.613424237800226
1.6242995696890163
1.6415500961333047
1.6603006683553576
1.6841763969847714
1.7089271523178808
1.734302926725059
1.7553035676137578
1.7670539262062441
1.771429059724723
1.76555388042848
1.749678395947142
1.7268026978362376
1.7006769005401776
1.673551072725608
1.6486753135776848
1.6277996765037996
1.6131742301705987
1.6005488448744163
1.5945486617633595
1.5929236121707817
1.5945486617633595
1.5999238258003479
1.6047989745780817
1.611424176763207
1.6160493179113133
1.6226745200964385
1.6281746879482406
1.630799768059328
1.633549851985229
1.63629993591113
1.637549974059267
1.6393000274666587
1.6421751152073734
1.6435501571703237
1.6448001953184606
1.647050263985107
1.6500503555406356
1.651800408948027
1.653800469985046
1.6566755577257606
1.6590506302072208
1.6613006988738672
1.6634257637256997
1.665300820947905
1.668050904873806
1.669675954466384
1.671676015503403
1.6744260994293039
1.6753011261329998
1.677551194799646
1.679551255836665
1.679926267281106
1.680676290169988
1.681551316873684
1.6823013397625661
1.682676351207007
1.682676351207007
1.6825513473921934
1.6825513473921934
1.6821763359477524
1.6813013092440567
1.680676290169988
1.6785512253181556
1.677551194799646
1.6760511490218817
1.6743010956144901
1.6720510269478437
1.6703009735404524
1.6690509353923155
1.666800866725669
1.6654258247627187
1.6631757560960723
1.660925687429426
1.6594256416516617
1.6576755882442702
1.6551755119479965
1.6550505081331828
1.6539254737998597
1.6530504470961638
1.6524254280220954
1.6524254280220954
1.6520504165776544
1.6524254280220954
1.6529254432813503
1.6535504623554185
1.6541754814294871
1.6550505081331828
1.6564255500961331
1.6579255958738974
1.6586756187627796
1.6595506454664755
1.6606756797997986
1.6613006988738672
1.6618007141331217
1.6618007141331217
1.6619257179479354
1.6620507217627492
1.6623007293923764
1.660550675984985
1.6586756187627796
1.6580505996887114
1.6566755577257606
1.6541754814294871
1.6520504165776544
1.6506753746147038
1.6473002716147345
1.645050202948088
1.642675130466628
1.639925046540727
1.6377999816888944
1.6352999053926207
1.6326748252815333
1.6290497146519365
1.6250495925778985
1.6204244514297923
1.6159243140964994
1.6104241462446975
1.6062990203558458
1.6044239631336406
1.6039239478743859
1.6066740318002868
1.6127992187261575
1.6230495315408795
1.6384250007629628
1.6586756187627796
1.6816763206884975
1.706927091280862
1.7320528580584125
1.7543035370952484
1.7670539262062441
1.7709290444654684
1.7666789147618032
1.7515534531693473
1.7289277626880704
1.7030519730216378
1.6761761528366956
1.6509253822443313
1.6295497299111912
1.6129242225409712
1.6007988525040437
1.594673665578173
1.5931736198004092
1.5950486770226142
1.598798791467025
1.6044239631336406
1.6106741538743248
1.6162993255409406
1.6215494857631152
1.6275496688741722
1.6305497604297006
1.633549851985229
1.6364249397259438
1.6374249702444532
1.6404250617999818
1.6414250923184912
1.6435501571703237
1.6453002105777155
1.6475502792443617
1.6496753440961944
1.651425397503586
1.6539254737998597
1.6568005615405743
1.6586756187627796
1.6601756645405439
1.6639257789849544
1.664925809503464
1.6669258705404828
1.669175939207129
1.670800988799707
1.6739260841700492
1.675176122318186
1.677176183355205
1.6788012329477828
1.679926267281106
1.6808012939848018
1.681551316873684
1.6828013550218206
1.6825513473921934
1.6821763359477524
1.6828013550218206
1.6833013702810755
1.6821763359477524
1.6818013245033114
1.6803012787255471
1.679551255836665
1.6778012024292734
1.6759261452070682
1.6740510879848627
1.6725510422070986
1.6710509964293345
1.6689259315775018
1.6670508743552965
1.66480080568865
1.6640507827997681
1.6606756797997986
1.6594256416516617
1.6570505691702018
1.6564255500961331
1.6549255043183693
1.6539254737998597
1.6531754509109775
1.6524254280220954
1.6521754203924681
1.652550431836909
1.6524254280220954
1.6526754356517228
1.6535504623554185
1.6539254737998597
1.6550505081331828
1.6561755424665061
1.6574255806146427
1.6580505996887114
1.659800653096103
1.6606756797997986
1.6613006988738672
1.6625507370220038
1.6623007293923764
1.6619257179479354
1.6616757103183082
1.6611756950590533
1.6603006683553576
1.6593006378368482
1.6581756035035249
1.6564255500961331
1.6544254890591144
1.6520504165776544
1.6499253517258217
1.6476752830591754
1.6453002105777155
1.643050141911069
1.6404250617999818
1.637924985503708
1.6356749168370617
1.6325498214667196
1.629299722281564
1.625299600207526
1.620924466689047
1.6161743217261269
1.6112991729483932
1.6072990508743554
1.6046739707632678
1.6034239326151312
1.606174016541032
1.6120491958372754
1.6224245124668113
1.6381749931333354
1.6573005767998292
1.6801762749107334
1.7055520493179113
1.731052827539903
1.7519284646137883
1.765928891872921
1.7711790520950956
1.7668039185766167
1.7529284951322976
1.730302804651021
1.7045520187994019
1.6776761986144597
1.6524254280220954
1.6306747642445143
1.6140492568742943
1.6020488906521806
1.5949236732078005
1.5929236121707817
1.594298654133732
1.5974237495040742
1.6040489516891996
1.6100491348002564
1.6155493026520584
1.621299478133488
1.626424634540849
1.6302997528000733
1.6332998443556017
1.6357999206518754
1.637924985503708
1.6398000427259134
1.6411750846888638
1.6433001495406965
1.645050202948088
1.647050263985107
1.6491753288369395
1.651425397503586
1.6543004852443006
1.6560505386516924
1.6581756035035249
1.6604256721701711
1.6630507522812585
1.6651758171330913
1.667300881984924
1.6689259315775018
1.6715510116885892
1.6733010650959808
1.6748011108737448
1.6770511795403913
1.678676229132969
1.679926267281106
1.6816763206884975
1.6816763206884975
1.6818013245033114
1.6825513473921934
1.6829263588366346
1.6831763664662618
1.6825513473921934
1.6823013397625661
1.6823013397625661
1.6804262825403606
1.6788012329477828
1.6778012024292734
1.6761761528366956
1.6745511032441176
1.6728010498367258
1.6704259773552659
1.668800927762688
1.6670508743552965
1.665300820947905
1.6636757713553272
1.6613006988738672
1.6596756492812892
1.6580505996887114
1.6556755272072514
1.6549255043183693
1.6543004852443006
1.6529254432813503
1.6520504165776544
1.6523004242072816
1.6524254280220954
1.6519254127628407
1.652550431836909
1.6539254737998597
1.6536754661702324
1.6546754966887418
1.6566755577257606
1.6579255958738974
1.6580505996887114
1.659800653096103
1.6603006683553576
1.6601756645405439
1.6619257179479354
1.6623007293923764
1.6623007293923764
1.6618007141331217
1.6613006988738672
1.660925687429426
1.6591756340220343
1.6584256111331521
1.656925565355388
1.6563005462813196
1.6521754203924681
1.6503003631702629
1.6476752830591754
1.6453002105777155
1.6434251533555102
1.640675069429609
1.6380499893185219
1.635549913022248
1.6317997985778374
1.6299247413556321
1.6254246040223395
1.6211744743186742
1.6164243293557543
1.6112991729483932
1.607424054689169
1.6051739860225227
1.6040489516891996
1.6056740012817774
1.611799188207648
1.6210494705038605
1.6357999206518754
1.6556755272072514
1.6780512100589007
1.7038019959105197
1.7286777550584431
1.7498033997619558
1.7653038727988526
1.7715540635395368
1.7676789452803126
1.7543035370952484
1.7321778618732262
1.7068020874660481
1.6796762596514787
1.6540504776146734
1.6317997985778374
1.613799249244667
1.602673909726249
1.5954236884670552
1.5931736198004092
1.594298654133732
1.59829877620777
1.6032989288003174
1.6096741233558154
1.6155493026520584
1.6215494857631152
1.6255496078371532
1.6297997375408186
1.6330498367259743
1.635549913022248
1.6380499893185219
1.639550035096286
1.6421751152073734
1.6433001495406965
1.6448001953184606
1.6468002563554796
1.6489253212073123
1.6515504013183995
1.653425458540605
1.6564255500961331
1.6586756187627796
1.6599256569109164
1.662925748466445
1.66480080568865
1.66717587817011
1.6690509353923155
1.6710509964293345
1.6733010650959808
1.6750511185033723
1.6773011871700187
1.678676229132969
1.679551255836665
1.6805512863551746
1.6818013245033114
1.6823013397625661
1.6829263588366346
1.6828013550218206
1.6829263588366346
1.6825513473921934
1.6825513473921934
1.6818013245033114
1.6810513016144293
1.6790512405774103
1.6783012176885281
1.6764261604663229
1.6743010956144901
1.6723010345774711
1.6706759849848933
1.6695509506515702
1.6674258857997375
1.665300820947905
1.6641757866145819
1.6618007141331217
1.6603006683553576
1.6580505996887114
1.6563005462813196
1.6549255043183693
1.6543004852443006
1.6530504470961638
1.6523004242072816
1.6524254280220954
1.6523004242072816
1.6521754203924681
1.6526754356517228
1.6533004547257912
1.6539254737998597
1.6550505081331828
1.6559255348368787
1.6574255806146427
1.6583006073183386
1.659800653096103
1.6608006836146123
1.6616757103183082
1.6615507065034945
1.6625507370220038
1.6620507217627492
1.6615507065034945
1.6620507217627492
1.6604256721701711
1.6600506607257304
1.658550614947966
1.6568005615405743
1.6539254737998597
1.6529254432813503
1.6504253669850764
1.6479252906888027
1.6453002105777155
1.6440501724295786
1.6409250770592365
1.638299996948149
1.6352999053926207
1.6332998443556017
1.6289247108371228
1.6259246192815942
1.6215494857631152
1.6166743369853815
1.6119241920224616
1.6071740470595417
1.6052989898373364
1.6037989440595721
1.6052989898373364
1.610549150059511
1.6199244361705374
1.6341748710592976
1.6531754509109775
1.6754261299478135
1.700551896725364
1.7260526749473555
1.7485533616138187
1.7646788537247842
1.7713040559099094
1.7690539872432631
1.7563035981322672
1.734552934354686
1.7099271828363902
1.6824263435773796
1.6571755729850153
1.6346748863185523
1.616924344615009
1.6040489516891996
1.5960487075411238
1.5932986236152227
1.5932986236152227
1.5972987456892607
1.6024239020966218
1.6087990966521197
1.6146742759483628
1.6202994476149783
1.626049623096408
1.6289247108371228
1.632424817651906
1.6356749168370617
1.6377999816888944
1.6384250007629628
1.6411750846888638
1.643050141911069
1.6444251838740198
1.6465502487258523
1.6471752677999205
1.6509253822443313
1.6535504623554185
1.6559255348368787
1.6581756035035249
1.6599256569109164
1.6624257332071901
1.6645507980590228
1.6666758629108556
1.668800927762688
1.6709259926145208
1.6729260536515398
1.6749261146885588
1.6768011719107638
1.6778012024292734
1.6800512710959197
1.6801762749107334
1.681926328318125
1.6821763359477524
1.6824263435773796
1.683051362651448
1.6829263588366346
1.6828013550218206
1.682676351207007
1.6816763206884975
1.6808012939848018
1.6793012482070377
1.677926206244087
1.6765511642811366
1.6754261299478135
1.673676076540422
1.671301004058962
1.6698009582811977
1.6674258857997375
1.666050843836787
1.6638007751701407
1.6619257179479354
1.6594256416516617
1.6579255958738974
1.6564255500961331
1.6551755119479965
1.6546754966887418
1.6531754509109775
1.6526754356517228
1.6524254280220954
1.6523004242072816
1.6521754203924681
1.6529254432813503
1.6531754509109775
1.6536754661702324
1.6546754966887418
1.6555505233924375
1.6570505691702018
1.6581756035035249
1.6593006378368482
1.6603006683553576
1.6601756645405439
1.6618007141331217
1.6623007293923764
1.6620507217627492
1.6621757255775629
1.6613006988738672
1.6608006836146123
1.659800653096103
1.6579255958738974
1.6573005767998292
1.6556755272072514
1.6528004394665363
1.6506753746147038
1.6483003021332439
1.6461752372814111
1.6443001800592059
1.6414250923184912
1.6385500045777766
1.6367999511703848
1.6339248634296701
1.6306747642445143
1.6270496536149175
1.6222995086519973
1.6176743675038912
1.6127992187261575
1.6085490890224923
1.60542399365215
1.6044239631336406
1.6047989745780817
1.6106741538743248
1.6186743980224005
1.6321748100222786
1.6503003631702629
1.6721760307626576
1.6965517746513261
1.7228025757621999
1.746053285317545
1.7625537888729514
1.7700540177617725
1.769929013946959
1.7590536820581684
1.739303079317606
1.7139273049104282
1.6868014770958586
1.660550675984985
1.6380499893185219
1.6196744285409101
1.6046739707632678
1.596798730430006
1.5934236274300364
1.5939236426892909
1.596798730430006
1.6019238868373669
1.608174077578051
1.613799249244667
1.6196744285409101
1.625299600207526
1.6289247108371228
1.632299813837092
1.6354249092074344
1.6371749626148258
1.6391750236518448
1.6409250770592365
1.6429251380962555
1.6449251991332745
1.6461752372814111
1.6485503097628713
1.6505503707998903
1.6531754509109775
1.655800531022065
1.657800592059084
1.6591756340220343
1.6625507370220038
1.6643007904293954
1.6669258705404828
1.6678008972441787
1.6706759849848933
1.6730510574663533
1.6749261146885588
1.6766761680959503
1.6780512100589007
1.678676229132969
1.6803012787255471
1.6814263130588702
1.681926328318125
1.6823013397625661
1.6825513473921934
1.682676351207007
1.6831763664662618
1.6821763359477524
1.681926328318125
1.680676290169988
1.6798012634662924
1.6785512253181556
1.6766761680959503
1.6745511032441176
1.6734260689107945
1.6726760460219123
1.669675954466384
1.667300881984924
1.666050843836787
1.6639257789849544
1.6615507065034945
1.6606756797997986
1.6586756187627796
1.656925565355388
1.6550505081331828
1.654550492873928
1.653425458540605
1.6524254280220954
1.652550431836909
1.652550431836909
1.6524254280220954
1.652550431836909
1.652550431836909
1.6536754661702324
1.6546754966887418
1.655800531022065
1.6573005767998292
1.6579255958738974
1.6593006378368482
1.6604256721701711
1.6603006683553576
1.6615507065034945
1.6620507217627492
1.6620507217627492
1.6621757255775629
1.6625507370220038
1.660925687429426
1.659800653096103
1.6588006225775933
1.6568005615405743
1.6550505081331828
1.6528004394665363
1.6515504013183995
1.6486753135776848
1.6461752372814111
1.6445501876888333
1.6415500961333047
1.6391750236518448
1.6364249397259438
1.6339248634296701
1.6301747489852596
1.627674672688986
1.622924527726066
1.6184243903927733
1.6130492263557847
1.6086740928373058
1.60542399365215
1.6037989440595721
1.6046739707632678
1.6095491195410014
1.616549333170568
1.6294247260963775
1.6475502792443617
1.6690509353923155
1.6931766716513565
1.7193024689474166
1.7429281899472029
1.7599287087618642
1.7700540177617725
1.7704290292062137
1.7603037202063052
1.74180315561388
1.717177404095584
1.6904265877254554
1.6639257789849544
1.6400500503555409
1.6211744743186742
1.6067990356151007
1.5977987609485154
1.5936736350596639
1.5931736198004092
1.5957986999114964
1.6004238410596028
1.6071740470595417
1.6127992187261575
1.618924405652028
1.6242995696890163
1.6286747032074953
1.6325498214667196
1.634299874874111
1.6367999511703848
1.6385500045777766
1.6414250923184912
1.6425501266518143
1.6441751762443924
1.6458002258369702
1.6483003021332439
1.6505503707998903
1.6524254280220954
1.6556755272072514
1.657800592059084
1.6594256416516617
1.6621757255775629
1.6640507827997681
1.6663008514664144
1.6679259010589922
1.6705509811700798
1.6733010650959808
1.6741760917996766
1.6758011413922544
1.677926206244087
1.6790512405774103
1.6804262825403606
1.6809262977996156
1.681926328318125
1.6821763359477524
1.6824263435773796
1.6829263588366346
1.6831763664662618
1.6825513473921934
1.6823013397625661
1.6809262977996156
1.6796762596514787
1.6781762138737144
1.6770511795403913
1.6749261146885588
1.6734260689107945
1.6723010345774711
1.6699259620960112
1.6683009125034334
1.6661758476516009
1.6646758018738366
1.6634257637256997
1.660550675984985
1.658925626392407
1.6566755577257606
1.655800531022065
1.654550492873928
1.6531754509109775
1.6533004547257912
1.6526754356517228
1.6523004242072816
1.6521754203924681
1.6526754356517228
1.6531754509109775
1.6535504623554185
1.653800469985046
1.6559255348368787
1.6556755272072514
1.6579255958738974
1.6590506302072208
1.6606756797997986
1.6606756797997986
1.6618007141331217
1.662800744651631
1.6618007141331217
1.6620507217627492
1.6618007141331217
1.6610506912442398
1.6599256569109164
1.6586756187627796
1.6574255806146427
1.6555505233924375
1.653425458540605
1.6508003784295175
1.6491753288369395
1.6463002410962249
1.644675191503647
1.6420501113925596
1.6393000274666587
1.6365499435407576
1.634424878688925
1.6310497756889553
1.6279246803186131
1.6234245429853207
1.6190494094668417
1.6136742454298534
1.609424115726188
1.6052989898373364
1.6039239478743859
1.6040489516891996
1.6085490890224923
1.6156743064668722
1.6281746879482406
1.645050202948088
1.6661758476516009
1.6901765800958282
1.7163023773918882
1.7396780907620473
1.7590536820581684
1.7695540025025178
1.7709290444654684
1.7623037812433242
1.7444282357249672
1.7208025147251809
1.693426679280984
1.6666758629108556
1.6434251533555102
1.624049562059389
1.6082990813928648
1.5985487838373975
1.5936736350596639
1.5929236121707817
1.5956736960966826
1.6005488448744163
1.6060490127262186
1.6120491958372754
1.6181743827631458
1.6234245429853207
1.6281746879482406
1.6319248023926511
1.634424878688925
1.6361749320963164
1.6389250160222175
1.6400500503555409
1.6421751152073734
1.6444251838740198
1.6456752220221567
1.6471752677999205
1.6501753593554491
1.6528004394665363
1.654550492873928
1.6573005767998292
1.6595506454664755
1.6618007141331217
1.6636757713553272
1.666050843836787
1.6678008972441787
1.6699259620960112
1.6726760460219123
1.6741760917996766
1.6760511490218817
1.677926206244087
1.6791762443922238
1.6804262825403606
1.6809262977996156
1.681551316873684
1.681926328318125
1.6824263435773796
1.683926389355144
1.6824263435773796
1.6828013550218206
1.6824263435773796
1.6809262977996156
1.679551255836665
1.6784262215033416
1.6774261909848323
1.675551133762627
1.6739260841700492
1.6720510269478437
1.6699259620960112
1.6681759086886196
1.66717587817011
1.6650508133182775
1.6625507370220038
1.660925687429426
1.658925626392407
1.6574255806146427
1.6559255348368787
1.6539254737998597
1.6533004547257912
1.6526754356517228
1.6526754356517228
1.6521754203924681
1.6524254280220954
1.6526754356517228
1.6528004394665363
1.6531754509109775
1.6540504776146734
1.6551755119479965
1.6564255500961331
1.657800592059084
1.6588006225775933
1.6600506607257304
1.660550675984985
1.6616757103183082
1.6621757255775629
1.6621757255775629
1.6619257179479354
1.6613006988738672
1.6611756950590533
1.6604256721701711
1.6584256111331521
1.6580505996887114
1.6555505233924375
1.6543004852443006
1.6513003936887722
1.6491753288369395
1.6466752525406658
1.6444251838740198
1.642675130466628
1.6394250312814722
1.6369249549851985
1.6345498825037386
1.63154979094821
1.6274246650593585
1.624049562059389
1.6201744438001648
1.614549272133549
1.6112991729483932
1.6072990508743554
1.6045489669484543
1.6040489516891996
1.6075490585039827
1.614549272133549
1.626049623096408
1.6428001342814416
1.662925748466445
1.686676473281045
1.712802270577105
1.736552995391705
1.7569286172063356
1.7681789605395672
1.7711790520950956
1.763928830835902
1.7484283577990052
1.7249276406140324
1.6975518051698355
1.6709259926145208
1.6464252449110386
1.6255496078371532
1.61017413861507
1.5997988219855341
1.5941736503189183
1.5931736198004092
1.5940486465041048
1.5999238258003479
1.6056740012817774
1.6110491653187657
1.6170493484298227
1.622924527726066
1.6269246498001038
1.6305497604297006
1.6337998596148564
1.6365499435407576
1.6381749931333354
1.6404250617999818
1.6418001037629322
1.643925168614765
1.6458002258369702
1.6476752830591754
1.6496753440961944
1.6519254127628407
1.6544254890591144
1.656925565355388
1.658925626392407
1.6613006988738672
1.6635507675405132
1.6658008362071597
1.6674258857997375
1.6695509506515702
1.6721760307626576
1.6738010803552354
1.6759261452070682
1.677551194799646
1.6790512405774103
1.6800512710959197
1.6811763054292428
1.6821763359477524
1.6820513321329387
1.6828013550218206
1.683051362651448
1.6829263588366346
1.6823013397625661
1.682676351207007
1.6811763054292428
1.6801762749107334
1.678676229132969
1.6773011871700187
1.6760511490218817
1.6743010956144901
1.6726760460219123
1.6705509811700798
1.6689259315775018
1.6666758629108556
1.6650508133182775
1.6631757560960723
1.6608006836146123
1.6590506302072208
1.6568005615405743
1.655800531022065
1.654550492873928
1.653425458540605
1.6529254432813503
1.6524254280220954
1.6520504165776544
1.652550431836909
1.6523004242072816
1.6529254432813503
1.6533004547257912
1.6541754814294871
1.6549255043183693
1.6560505386516924
1.6576755882442702
1.6584256111331521
1.6600506607257304
1.660925687429426
1.6616757103183082
1.6620507217627492
1.6623007293923764
1.6618007141331217
1.6620507217627492
1.6614257026886807
1.6608006836146123
1.6591756340220343
1.6581756035035249
1.6559255348368787
1.6536754661702324
1.651800408948027
1.6499253517258217
1.647050263985107
1.6449251991332745
1.6424251228370008
1.6400500503555409
1.6377999816888944
1.6350498977629933
1.6320498062074649
1.6286747032074953
1.624924588763085
1.6204244514297923
1.6151742912076175
1.6107991576891385
1.6071740470595417
1.6046739707632678
1.6035489364299447
1.6067990356151007
1.6131742301705987
1.624049562059389
1.6396750389110997
1.659800653096103
1.6833013702810755
1.7084271370586261
1.733427900021363
1.7539285256508073
1.7671789300210579
1.7710540482802821
1.7661788995025482
1.7503034150212105
1.7275527207251198
1.701676931058687
1.6753011261329998
1.6496753440961944
1.6290497146519365
1.61254921109653
1.6007988525040437
1.594673665578173
1.5931736198004092
1.594798669392987
1.598673787652211
1.6045489669484543
1.6104241462446975
1.616549333170568
1.62204950102237
1.6267996459852903
1.6312997833185827
1.633674855800043
1.6364249397259438
1.6388000122074038
1.639925046540727
1.6418001037629322
1.6434251533555102
1.6451752067629017
1.6475502792443617
1.6495503402813807
1.6523004242072816
1.6539254737998597
1.656550553910947
1.6586756187627796
1.6610506912442398
1.6634257637256997
1.6650508133182775
1.66717587817011
1.6695509506515702
1.6715510116885892
1.673676076540422
1.675676137577441
1.6776761986144597
1.6790512405774103
1.6798012634662924
1.6810513016144293
1.681551316873684
1.681551316873684
1.6824263435773796
1.682676351207007
1.6828013550218206
1.682676351207007
1.6821763359477524
1.681551316873684
1.6804262825403606
1.6791762443922238
1.6780512100589007
1.675551133762627
1.6749261146885588
1.6725510422070986
1.6706759849848933
1.669675954466384
1.6669258705404828
1.6654258247627187
1.6630507522812585
1.6606756797997986
1.6594256416516617
1.6574255806146427
1.655800531022065
1.6548005005035553
1.6540504776146734
1.6540504776146734
1.6526754356517228
1.652550431836909
1.6523004242072816
1.6531754509109775
1.6521754203924681
1.6536754661702324
1.653800469985046
1.6546754966887418
1.6566755577257606
1.6579255958738974
1.6580505996887114
1.6599256569109164
1.6606756797997986
1.6615507065034945
1.6618007141331217
1.6619257179479354
1.6616757103183082
1.6620507217627492
1.6615507065034945
1.660550675984985
1.6594256416516617
1.6581756035035249
1.6561755424665061
1.6543004852443006
1.6521754203924681
1.6501753593554491
1.6480502945036166
1.6451752067629017
1.6428001342814416
1.640300057985168
1.6377999816888944
1.6354249092074344
1.6325498214667196
1.629299722281564
1.6254246040223395
1.6211744743186742
1.6159243140964994
1.6115491805780204
1.6072990508743554
1.6045489669484543
1.6037989440595721
1.6059240089114046
1.6119241920224616
1.6226745200964385
1.6376749778740807
1.6566755577257606
1.6791762443922238
1.7048020264290291
1.730302804651021
1.7513034455397198
1.765928891872921
1.7716790673543503
1.7676789452803126
1.753178502761925
1.7316778466139713
1.7055520493179113
1.678676229132969
1.6530504470961638
1.631174779503769
1.613799249244667
1.6019238868373669
1.5955486922818691
1.5935486312448501
1.594298654133732
1.5977987609485154
1.6037989440595721
1.6096741233558154
1.6157993102816859
1.6214244819483017
1.6262996307260353
1.630049745170446
1.6329248329111608
1.6357999206518754
1.637924985503708
1.6393000274666587
1.6418001037629322
1.6433001495406965
1.6449251991332745
1.6471752677999205
1.6491753288369395
1.6513003936887722
1.6535504623554185
1.6561755424665061
1.6584256111331521
1.6606756797997986
1.662800744651631
1.6651758171330913
1.666800866725669
1.669300943021943
1.671301004058962
1.673551072725608
1.6753011261329998
1.677176183355205
1.6785512253181556
1.6796762596514787
1.6814263130588702
1.6814263130588702
1.6821763359477524
1.6823013397625661
1.683051362651448
1.6828013550218206
1.6823013397625661
1.6824263435773796
1.6814263130588702
1.680676290169988
1.679551255836665
1.6780512100589007
1.6763011566515091
1.6745511032441176
1.6730510574663533
1.6710509964293345
1.669175939207129
1.6675508896145512
1.6654258247627187
1.6631757560960723
1.6613006988738672
1.6596756492812892
1.657800592059084
1.6564255500961331
1.6550505081331828
1.6536754661702324
1.6530504470961638
1.652550431836909
1.652550431836909
1.6523004242072816
1.652550431836909
1.6530504470961638
1.6533004547257912
1.653800469985046
1.6548005005035553
1.6559255348368787
1.6570505691702018
1.6586756187627796
1.6594256416516617
1.660550675984985
1.6608006836146123
1.6619257179479354
1.6620507217627492
1.6626757408368176
1.6619257179479354
1.6614257026886807
1.6606756797997986
1.6595506454664755
1.6584256111331521
1.6564255500961331
1.6541754814294871
1.652550431836909
1.6500503555406356
1.6475502792443617
1.6454252143925292
1.6429251380962555
1.64105008087405
1.6376749778740807
1.635924924466689
1.6327998290963468
1.6301747489852596
1.6254246040223395
1.6216744895779291
1.6167993408001955
1.611424176763207
1.6079240699484236
1.60542399365215
1.6039239478743859
1.6056740012817774
1.6106741538743248
1.6201744438001648
1.6345498825037386
1.6535504623554185
1.6760511490218817
1.700551896725364
1.7265526902066104
1.7489283730582599
1.7643038422803432
1.7709290444654684
1.7688039796136357
1.7561785943174535
1.7350529496139409
1.708802148503067
1.6825513473921934
1.6564255500961331
1.6345498825037386
1.6156743064668722
1.6036739402447586
1.5959237037263099
1.5931736198004092
1.5940486465041048
1.5972987456892607
1.6027989135410627
1.6089241004669332
1.6150492873928037
1.6205494552446058
1.6259246192815942
1.629674733726005
1.6325498214667196
1.6354249092074344
1.6374249702444532
1.6393000274666587
1.6409250770592365
1.6425501266518143
1.6443001800592059
1.6464252449110386
1.649050325022126
1.651050386059145
1.653425458540605
1.655800531022065
1.6583006073183386
1.6601756645405439
1.6625507370220038
1.6645507980590228
1.6663008514664144
1.6685509201330608
1.671176000244148
1.6729260536515398
1.675176122318186
1.6765511642811366
1.6784262215033416
1.6796762596514787
1.6803012787255471
1.6810513016144293
1.681926328318125
1.6821763359477524
1.6824263435773796
1.6823013397625661
1.6825513473921934
1.6825513473921934
1.6820513321329387
1.6809262977996156
1.6796762596514787
1.6781762138737144
1.6763011566515091
1.6746761070589313
1.6728010498367258
1.6710509964293345
1.6695509506515702
1.6674258857997375
1.6663008514664144
1.6640507827997681
1.6618007141331217
1.6593006378368482
1.6581756035035249
1.656550553910947
1.6551755119479965
1.6550505081331828
1.6533004547257912
1.6526754356517228
1.6524254280220954
1.6524254280220954
1.651800408948027
1.6529254432813503
1.6530504470961638
1.6535504623554185
1.6548005005035553
1.6561755424665061
1.6571755729850153
1.6581756035035249
1.6596756492812892
1.6603006683553576
1.6615507065034945
1.6610506912442398
1.6621757255775629
1.6619257179479354
1.6620507217627492
1.6618007141331217
1.6608006836146123
1.6595506454664755
1.6588006225775933
1.6568005615405743
1.6551755119479965
1.6526754356517228
1.6503003631702629
1.6480502945036166
1.6460502334665976
1.643925168614765
1.6411750846888638
1.6391750236518448
1.6361749320963164
1.633674855800043
1.6297997375408186
1.6265496383556628
1.6224245124668113
1.6174243598742637
1.6127992187261575
1.6087990966521197
1.6052989898373364
1.6036739402447586
1.60542399365215
1.609799127170629
1.6186743980224005
1.6325498214667196
1.6504253669850764
1.6724260383922849
1.6961767632068852
1.7226775719473861
1.7450532547990356
1.7623037812433242
1.7704290292062137
1.769929013946959
1.7589286782433546
1.7389280678731651
1.7141773125400557
1.6869264809106725
1.6604256721701711
1.6376749778740807
1.6186743980224005
1.6051739860225227
1.5969237342448195
1.5931736198004092
1.5935486312448501
1.5976737571337016
1.6017988830225531
1.6079240699484236
1.6139242530594806
1.6197994323557239
1.6242995696890163
1.6289247108371228
1.631674794763024
1.6350498977629933
1.6374249702444532
1.6389250160222175
1.6409250770592365
1.6424251228370008
1.6441751762443924
1.6463002410962249
1.6479252906888027
1.6509253822443313
1.6529254432813503
1.6555505233924375
1.6581756035035249
1.660925687429426
1.6620507217627492
1.6644257942442091
1.6658008362071597
1.6689259315775018
1.671176000244148
1.6729260536515398
1.6748011108737448
1.6766761680959503
1.677926206244087
1.6788012329477828
1.6809262977996156
1.681551316873684
1.6816763206884975
1.6824263435773796
1.682676351207007
1.683051362651448
1.682676351207007
1.6825513473921934
1.6818013245033114
1.6808012939848018
1.6794262520218513
1.6781762138737144
1.6768011719107638
1.675176122318186
1.6734260689107945
1.6721760307626576
1.669675954466384
1.6679259010589922
1.6661758476516009
1.6643007904293954
1.663300759910886
1.6601756645405439
1.6584256111331521
1.6568005615405743
1.6553005157628102
1.6549255043183693
1.6531754509109775
1.6526754356517228
1.6526754356517228
1.6521754203924681
1.6539254737998597
1.6519254127628407
1.6529254432813503
1.6531754509109775
1.6544254890591144
1.6555505233924375
1.6568005615405743
1.6579255958738974
1.6593006378368482
1.6601756645405439
1.6610506912442398
1.6616757103183082
1.6619257179479354
1.6621757255775629
1.6618007141331217
1.6613006988738672
1.6621757255775629
1.6599256569109164
1.6584256111331521
1.6568005615405743
1.6549255043183693
1.6531754509109775
1.6513003936887722
1.6484253059480574
1.6463002410962249
1.6440501724295786
1.6415500961333047
1.6394250312814722
1.636674947355571
1.6340498672444839
1.631174779503769
1.6270496536149175
1.6245495773186438
1.6182993865779596
1.6135492416150394
1.6095491195410014
1.606174016541032
1.6036739402447586
1.6044239631336406
1.6084240852076785
1.616924344615009
1.6295497299111912
1.647425275429548
1.6686759239478743
1.6928016602069156
1.7189274575029754
1.7424281746879482
1.7606787316507462
1.7695540025025178
1.7709290444654684
1.7609287392803734
1.7414281441694388
1.7178024231696525
1.6908015991698966
1.6645507980590228
1.64105008087405
1.6216744895779291
1.6072990508743554
1.598673787652211
1.5936736350596639
1.5935486312448501
1.5961737113559373
1.6005488448744163
1.6069240394299142
1.6129242225409712
1.618924405652028
1.6242995696890163
1.6287997070223093
1.63154979094821
1.6350498977629933
1.6364249397259438
1.6394250312814722
1.64105008087405
1.6424251228370008
1.6435501571703237
1.6461752372814111
1.6480502945036166
1.6508003784295175
1.6523004242072816
1.6549255043183693
1.6570505691702018
1.6600506607257304
1.6619257179479354
1.6639257789849544
1.6669258705404828
1.6683009125034334
1.6705509811700798
1.6726760460219123
1.6744260994293039
1.6759261452070682
1.6778012024292734
1.6793012482070377
1.6803012787255471
1.6811763054292428
1.681551316873684
1.6823013397625661
1.6828013550218206
1.682676351207007
1.682676351207007
1.6825513473921934
1.681926328318125
1.6810513016144293
1.679551255836665
1.678676229132969
1.6770511795403913
1.6753011261329998
1.673676076540422
1.6721760307626576
1.6701759697256386
1.6678008972441787
1.666425855281228
1.6645507980590228
1.6621757255775629
1.6610506912442398
1.6588006225775933
1.6571755729850153
1.6560505386516924
1.6544254890591144
1.6533004547257912
1.6531754509109775
1.6528004394665363
1.6520504165776544
1.6523004242072816
1.6523004242072816
1.6529254432813503
1.6531754509109775
1.6544254890591144
1.6555505233924375
1.6571755729850153
1.6575505844294565
1.6588006225775933
1.6601756645405439
1.6613006988738672
1.6611756950590533
1.6618007141331217
1.6618007141331217
1.6615507065034945
1.6619257179479354
1.6614257026886807
1.6599256569109164
1.658925626392407
1.6579255958738974
1.6553005157628102
1.6536754661702324
1.6511753898739585
1.6493003326517535
1.6464252449110386
1.6445501876888333
1.6424251228370008
1.6401750541703544
1.6369249549851985
1.6347998901333658
1.63154979094821
1.6277996765037996
1.6242995696890163
1.6192994170964692
1.6140492568742943
1.609799127170629
1.6062990203558458
1.6040489516891996
1.6041739555040133
1.6072990508743554
1.6155493026520584
1.6266746421704763
1.6436751609851377
1.6644257942442091
1.6876765037995543
1.7143023163548692
1.7391780755027926
1.7576786400952178
1.7686789757988222
1.771429059724723
1.763553819391461
1.7455532700582903
1.7229275795770134
1.6960517593920712
1.6685509201330608
1.6453002105777155
1.6255496078371532
1.6092991119113744
1.5992988067262794
1.5941736503189183
1.5932986236152227
1.5952986846522417
1.6004238410596028
1.6057990050965911
1.611799188207648
1.6175493636890774
1.6234245429853207
1.6275496688741722
1.631674794763024
1.6339248634296701
1.6365499435407576
1.6385500045777766
1.640300057985168
1.6415500961333047
1.6436751609851377
1.6458002258369702
1.6476752830591754
1.6508003784295175
1.6523004242072816
1.6544254890591144
1.656925565355388
1.6591756340220343
1.6615507065034945
1.6636757713553272
1.6656758323923462
1.668050904873806
1.6703009735404524
1.6724260383922849
1.673551072725608
1.6761761528366956
1.677551194799646
1.6791762443922238
1.6796762596514787
1.6808012939848018
1.681551316873684
1.6821763359477524
1.6820513321329387
1.6828013550218206
1.6825513473921934
1.6823013397625661
1.6828013550218206
1.6814263130588702
1.6793012482070377
1.6788012329477828
1.6774261909848323
1.6758011413922544
1.6743010956144901
1.6721760307626576
1.6704259773552659
1.6686759239478743
1.666800866725669
1.664925809503464
1.6626757408368176
1.6608006836146123
1.6591756340220343
1.656925565355388
1.6556755272072514
1.6543004852443006
1.6536754661702324
1.6529254432813503
1.6526754356517228
1.6523004242072816
1.6521754203924681
1.6529254432813503
1.6530504470961638
1.653425458540605
1.6541754814294871
1.6550505081331828
1.6560505386516924
1.6574255806146427
1.6593006378368482
1.6599256569109164
1.6608006836146123
1.660925687429426
1.6621757255775629
1.6624257332071901
1.6621757255775629
1.6623007293923764
1.6614257026886807
1.6610506912442398
1.658925626392407
1.6579255958738974
1.6556755272072514
1.6543004852443006
1.6520504165776544
1.6495503402813807
1.6469252601702933
1.6443001800592059
1.6411750846888638
1.6401750541703544
1.637549974059267
1.6347998901333658
1.6319248023926511
1.6279246803186131
1.6247995849482713
1.6199244361705374
1.6150492873928037
1.610549150059511
1.6064240241706595
1.6042989593188268
1.6039239478743859
1.6066740318002868
1.613799249244667
1.6247995849482713
1.6411750846888638
1.6616757103183082
1.6845514084292124
1.710427198095645
1.7349279457991271
1.7554285714285716
1.76792895290994
1.771429059724723
1.7650538651692254
1.7491783806878873
1.7254276558732873
1.699676870021668
1.6724260383922849
1.6480502945036166
1.627299661244545
1.6110491653187657
1.6001738334299753
1.5944236579485458
1.5930486159855952
1.594798669392987
1.598798791467025
1.6055489974669637
1.6112991729483932
1.6172993560594502
1.6225495162816248
1.627299661244545
1.6309247718741418
1.634299874874111
1.6360499282815029
1.638299996948149
1.6401750541703544
1.6418001037629322
1.643925168614765
1.6451752067629017
1.6473002716147345
1.6503003631702629
1.6515504013183995
1.6546754966887418
1.6566755577257606
1.6586756187627796
1.6615507065034945
1.6634257637256997
1.6654258247627187
1.6675508896145512
1.669675954466384
1.6720510269478437
1.6741760917996766
1.6758011413922544
1.677926206244087
1.679551255836665
1.6801762749107334
1.6809262977996156
1.6821763359477524
1.6821763359477524
1.682676351207007
1.6829263588366346
1.6829263588366346
1.683051362651448
1.6823013397625661
1.6818013245033114
1.6805512863551746
1.6790512405774103
1.6776761986144597
1.6761761528366956
1.6740510879848627
1.6724260383922849
1.670800988799707
1.6689259315775018
1.667675893429365
1.664925809503464
1.6634257637256997
1.6613006988738672
1.6593006378368482
1.6574255806146427
1.6559255348368787
1.6550505081331828
1.6540504776146734
1.6531754509109775
1.6528004394665363
1.6521754203924681
1.6516754051332134
1.6519254127628407
1.6530504470961638
1.6530504470961638
1.6536754661702324
1.655425519577624
1.6568005615405743
1.6574255806146427
1.6586756187627796
1.6600506607257304
1.6606756797997986
1.6610506912442398
1.6619257179479354
1.6626757408368176
1.6621757255775629
1.6621757255775629
1.6619257179479354
1.6606756797997986
1.6593006378368482
1.657800592059084
1.6563005462813196
1.6541754814294871
1.6523004242072816
1.6493003326517535
1.6466752525406658
1.6461752372814111
1.6428001342814416
1.640300057985168
1.637549974059267
1.635174901577807
1.6321748100222786
1.628424695577868
1.6244245735038303
1.6204244514297923
1.6160493179113133
1.6109241615039522
1.6071740470595417
1.6045489669484543
1.6041739555040133
1.6069240394299142
1.6131742301705987
1.623299539170507
1.6393000274666587
1.6595506454664755
1.6823013397625661
1.708052125614185
1.7335529038361768
1.754053529465621
1.7670539262062441
1.7716790673543503
1.766303903317362
1.7510534379100926
1.728302743614002
1.702176946317942
1.6749261146885588
1.6500503555406356
1.629299722281564
1.6124242072817165
1.6007988525040437
1.5952986846522417
1.5930486159855952
1.5941736503189183
1.598798791467025
1.6041739555040133
1.6104241462446975
1.6162993255409406
1.6222995086519973
1.6265496383556628
1.6305497604297006
1.6337998596148564
1.6364249397259438
1.638299996948149
1.6401750541703544
1.6418001037629322
1.6433001495406965
1.6449251991332745
1.647050263985107
1.6493003326517535
1.6523004242072816
1.6548005005035553
1.6566755577257606
1.6593006378368482
1.6601756645405439
1.663300759910886
1.664925809503464
1.6669258705404828
1.6695509506515702
1.671676015503403
1.6741760917996766
1.6754261299478135
1.6778012024292734
1.678676229132969
1.679926267281106
1.680676290169988
1.6818013245033114
1.6821763359477524
1.6828013550218206
1.6825513473921934
1.6828013550218206
1.6829263588366346
1.6824263435773796
1.6813013092440567
1.6803012787255471
1.6788012329477828
1.677551194799646
1.675551133762627
1.6741760917996766
1.6724260383922849
1.6709259926145208
1.6686759239478743
1.667300881984924
1.6654258247627187
1.662800744651631
1.6613006988738672
1.6594256416516617
1.6571755729850153
1.6561755424665061
1.6544254890591144
1.654550492873928
1.6531754509109775
1.6520504165776544
1.6521754203924681
1.651800408948027
1.6521754203924681
1.6528004394665363
1.6535504623554185
1.654550492873928
1.6555505233924375
1.6560505386516924
1.657800592059084
1.6584256111331521
1.6595506454664755
1.6611756950590533
1.6615507065034945
1.6624257332071901
1.6624257332071901
1.6619257179479354
1.6616757103183082
1.6611756950590533
1.660925687429426
1.6594256416516617
1.6583006073183386
1.6564255500961331
1.6540504776146734
1.6523004242072816
1.6504253669850764
1.6473002716147345
1.6453002105777155
1.6431751457258827
1.6405500656147955
1.6374249702444532
1.6356749168370617
1.6329248329111608
1.629299722281564
1.6250495925778985
1.6206744590594195
1.6164243293557543
1.6119241920224616
1.6071740470595417
1.6045489669484543
1.603173924985504
1.6062990203558458
1.611799188207648
1.6231745353556932
1.6377999816888944
1.6574255806146427
1.6801762749107334
1.705677053132725
1.731427838984344
1.7525534836878567
1.766303903317362
1.7711790520950956
1.7671789300210579
1.753178502761925
1.7304278084658344
1.7046770226142156
1.677551194799646
1.6523004242072816
1.6301747489852596
1.613424237800226
1.6017988830225531
1.595173680837428
1.592798608355968
1.594298654133732
1.5979237647633289
1.6039239478743859
1.6100491348002564
1.6157993102816859
1.6210494705038605
1.626424634540849
1.6299247413556321
1.6330498367259743
1.6360499282815029
1.6377999816888944
1.639925046540727
1.6418001037629322
1.6436751609851377
1.6448001953184606
1.6469252601702933
1.6495503402813807
1.651425397503586
1.6535504623554185
1.6559255348368787
1.658550614947966
1.6608006836146123
1.6631757560960723
1.6651758171330913
1.6666758629108556
1.6694259468367565
1.6718010193182167
1.6730510574663533
1.675551133762627
1.6776761986144597
1.6788012329477828
1.679926267281106
1.680676290169988
1.6814263130588702
1.6823013397625661
1.6824263435773796
1.6824263435773796
1.683051362651448
1.6824263435773796
1.6825513473921934
1.681551316873684
1.6805512863551746
1.6793012482070377
1.6776761986144597
1.6761761528366956
1.6743010956144901
1.6728010498367258
1.671176000244148
1.669675954466384
1.6674258857997375
1.6654258247627187
1.6638007751701407
1.6614257026886807
1.6595506454664755
1.6574255806146427
1.6564255500961331
1.654550492873928
1.6546754966887418
1.6530504470961638
1.652550431836909
1.6524254280220954
1.6521754203924681
1.6520504165776544
1.6530504470961638
1.653425458540605
1.6540504776146734
1.6556755272072514
1.6564255500961331
1.6571755729850153
1.6588006225775933
1.659800653096103
1.659800653096103
1.6616757103183082
1.6616757103183082
1.6620507217627492
1.6620507217627492
1.6621757255775629
1.6616757103183082
1.6606756797997986
1.6595506454664755
1.6584256111331521
1.6566755577257606
1.6540504776146734
1.6524254280220954
1.6501753593554491
1.6473002716147345
1.644675191503647
1.6431751457258827
1.640675069429609
1.6381749931333354
1.635924924466689
1.6330498367259743
1.6297997375408186
1.626049623096408
1.6211744743186742
1.6160493179113133
1.611799188207648
1.6080490737632376
1.605048982207709
1.6035489364299447
1.606174016541032
1.6115491805780204
1.6214244819483017
1.6365499435407576
1.655425519577624
1.6780512100589007
1.7035519882808923
1.7293027741325113
1.7509284340952787
1.7651788689840389
1.7713040559099094
1.7675539414654988
1.7536785180211798
1.7331778923917356
1.7070520950956756
1.6798012634662924
1.6548005005035553
1.632299813837092
1.614549272133549
1.6027989135410627
1.5957986999114964
1.592798608355968
1.5939236426892909
1.5980487685781428
1.6034239326151312
1.6099241309854426
1.6156743064668722
1.6205494552446058
1.626049623096408
1.6301747489852596
1.6329248329111608
1.6357999206518754
1.6377999816888944
1.639550035096286
1.6414250923184912
1.6429251380962555
1.6445501876888333
1.647050263985107
1.649050325022126
1.651425397503586
1.6539254737998597
1.6559255348368787
1.6590506302072208
1.660550675984985
1.663300759910886
1.6646758018738366
1.6675508896145512
1.6694259468367565
1.6721760307626576
1.673176061281167
1.6759261452070682
1.677926206244087
1.6783012176885281
1.6798012634662924
1.6808012939848018
1.6816763206884975
1.6820513321329387
1.6833013702810755
1.6820513321329387
1.683051362651448
1.6828013550218206
1.6829263588366346
1.6811763054292428
1.6798012634662924
1.679926267281106
1.6781762138737144
1.6760511490218817
1.6745511032441176
1.6726760460219123
1.6710509964293345
1.669300943021943
1.6675508896145512
1.6658008362071597
1.6631757560960723
1.6606756797997986
1.6596756492812892
1.6575505844294565
1.6560505386516924
1.655800531022065
1.6544254890591144
1.653425458540605
1.6528004394665363
1.6524254280220954
1.6526754356517228
1.6529254432813503
1.6528004394665363
1.6533004547257912
1.6536754661702324
1.6551755119479965
1.656550553910947
1.6573005767998292
1.6586756187627796
1.659800653096103
1.660550675984985
1.6618007141331217
1.6619257179479354
1.6618007141331217
1.6620507217627492
1.6620507217627492
1.6614257026886807
1.6610506912442398
1.6591756340220343
1.6588006225775933
1.6568005615405743
1.6546754966887418
1.652550431836909
1.6504253669850764
1.6479252906888027
