1.6555505233924375
1.6571755729850153
1.6580505996887114
1.6593006378368482
1.6610506912442398
1.6614257026886807
1.6626757408368176
1.6638007751701407
1.6645507980590228
1.664925809503464
1.6656758323923462
1.666425855281228
1.667675893429365
1.6681759086886196
1.669300943021943
1.6699259620960112
1.6701759697256386
1.670800988799707
1.6704259773552659
1.670050965910825
1.6690509353923155
1.669300943021943
1.6683009125034334
1.6689259315775018
1.6681759086886196
1.667675893429365
1.6666758629108556
1.6661758476516009
1.664925809503464
1.6636757713553272
1.6620507217627492
1.6614257026886807
1.6614257026886807
1.6600506607257304
1.6591756340220343
1.6586756187627796
1.6576755882442702
1.6560505386516924
1.6559255348368787
1.655425519577624
1.654550492873928
1.6541754814294871
1.6544254890591144
1.6553005157628102
1.6549255043183693
1.6551755119479965
1.6555505233924375
1.655425519577624
1.6563005462813196
1.6564255500961331
1.6570505691702018
1.6576755882442702
1.6583006073183386
1.6584256111331521
1.6591756340220343
1.659800653096103
1.659800653096103
1.659800653096103
1.6593006378368482
1.6594256416516617
1.6583006073183386
1.6576755882442702
1.6574255806146427
1.6559255348368787
1.6551755119479965
1.6546754966887418
1.653425458540605
1.6529254432813503
1.6506753746147038
1.6498003479110082
1.6485503097628713
1.6475502792443617
1.6455502182073427
1.6441751762443924
1.642675130466628
1.640300057985168
1.6384250007629628
1.6365499435407576
1.6327998290963468
1.6319248023926511
1.6306747642445143
1.6302997528000733
1.63154979094821
1.635549913022248
1.6414250923184912
1.6491753288369395
1.6611756950590533
1.671301004058962
1.6844264046143986
1.6964267708365124
1.706052064577166
1.7123022553178504
1.7136772972808008
1.7106772057252724
1.7024269539475692
1.6918016296884062
1.6790512405774103
1.6645507980590228
1.6530504470961638
1.6416750999481187
1.633674855800043
1.6281746879482406
1.6250495925778985
1.6247995849482713
1.625674611651967
1.628049684133427
1.6319248023926511
1.6349248939481797
1.6367999511703848
1.639550035096286
1.6423001190221869
1.6434251533555102
1.6454252143925292
1.645925229651784
1.6481752983184301
1.6489253212073123
1.6495503402813807
1.6505503707998903
1.6513003936887722
1.6516754051332134
1.6535504623554185
1.6543004852443006
1.6555505233924375
1.6566755577257606
1.6575505844294565
1.6590506302072208
1.660925687429426
1.6618007141331217
1.6625507370220038
1.6641757866145819
1.6650508133182775
1.6656758323923462
1.6654258247627187
1.6661758476516009
1.6681759086886196
1.6684259163182469
1.6686759239478743
1.6699259620960112
1.669300943021943
1.669675954466384
1.6695509506515702
1.670050965910825
1.6694259468367565
1.6694259468367565
1.669175939207129
1.6684259163182469
1.667675893429365
1.6679259010589922
1.6666758629108556
1.6651758171330913
1.6646758018738366
1.6639257789849544
1.6623007293923764
1.6615507065034945
1.6606756797997986
1.6601756645405439
1.6590506302072208
1.6591756340220343
1.6566755577257606
1.6570505691702018
1.6561755424665061
1.655425519577624
1.6544254890591144
1.654550492873928
1.6536754661702324
1.6551755119479965
1.6546754966887418
1.6556755272072514
1.6556755272072514
1.6559255348368787
1.6560505386516924
1.6563005462813196
1.6568005615405743
1.6568005615405743
1.6576755882442702
1.658925626392407
1.6590506302072208
1.6596756492812892
1.6595506454664755
1.6600506607257304
1.6595506454664755
1.6590506302072208
1.6586756187627796
1.657800592059084
1.657800592059084
1.6568005615405743
1.6555505233924375
1.6550505081331828
1.6533004547257912
1.6524254280220954
1.6503003631702629
1.6496753440961944
1.6481752983184301
1.6469252601702933
1.6455502182073427
1.6441751762443924
1.642675130466628
1.6409250770592365
1.6389250160222175
1.6360499282815029
1.6337998596148564
1.6319248023926511
1.6305497604297006
1.6306747642445143
1.6319248023926511
1.6352999053926207
1.6411750846888638
1.6500503555406356
1.6594256416516617
1.6709259926145208
1.6840513931699574
1.6965517746513261
1.7064270760216071
1.712052247688223
1.7139273049104282
1.7110522171697136
1.7031769768364513
1.691426618243965
1.6781762138737144
1.664925809503464
1.6529254432813503
1.6418001037629322
1.633549851985229
1.6277996765037996
1.625299600207526
1.6247995849482713
1.6257996154667806
1.6282996917630543
1.63154979094821
1.634424878688925
1.6370499588000123
1.6396750389110997
1.6421751152073734
1.6443001800592059
1.6451752067629017
1.6469252601702933
1.647425275429548
1.6486753135776848
1.6498003479110082
1.6504253669850764
1.651050386059145
1.6529254432813503
1.653425458540605
1.6546754966887418
1.6553005157628102
1.6566755577257606
1.6580505996887114
1.6594256416516617
1.6604256721701711
1.6611756950590533
1.6626757408368176
1.6639257789849544
1.6643007904293954
1.665300820947905
1.6658008362071597
1.6669258705404828
1.6678008972441787
1.6683009125034334
1.668800927762688
1.670050965910825
1.6698009582811977
1.669300943021943
1.670050965910825
1.669675954466384
1.669300943021943
1.669300943021943
1.6686759239478743
1.6684259163182469
1.667675893429365
1.6674258857997375
1.6666758629108556
1.6651758171330913
1.6645507980590228
1.6639257789849544
1.6625507370220038
1.6615507065034945
1.6606756797997986
1.6603006683553576
1.6588006225775933
1.6581756035035249
1.6574255806146427
1.6563005462813196
1.6564255500961331
1.6551755119479965
1.654550492873928
1.6544254890591144
1.654550492873928
1.6546754966887418
1.6548005005035553
1.6551755119479965
1.655425519577624
1.655800531022065
1.6561755424665061
1.6570505691702018
1.6563005462813196
1.657800592059084
1.657800592059084
1.6586756187627796
1.6593006378368482
1.6596756492812892
1.6608006836146123
1.6595506454664755
1.6591756340220343
1.658925626392407
1.658550614947966
1.658550614947966
1.656925565355388
1.6560505386516924
1.6555505233924375
1.6541754814294871
1.653425458540605
1.651800408948027
1.6511753898739585
1.6496753440961944
1.6481752983184301
1.6466752525406658
1.6451752067629017
1.6445501876888333
1.6428001342814416
1.6408000732444226
1.6391750236518448
1.63629993591113
1.6337998596148564
1.631674794763024
1.6301747489852596
1.6295497299111912
1.631674794763024
1.6346748863185523
1.6411750846888638
1.6488003173924985
1.6603006683553576
1.6714260078737755
1.683926389355144
1.6966767784661398
1.7066770836512346
1.7121772515030367
1.7140523087252417
1.710427198095645
1.7024269539475692
1.6908015991698966
1.6783012176885281
1.6644257942442091
1.6515504013183995
1.6418001037629322
1.633549851985229
1.6281746879482406
1.625299600207526
1.6245495773186438
1.6262996307260353
1.628049684133427
1.6319248023926511
1.6345498825037386
1.6370499588000123
1.639550035096286
1.6424251228370008
1.6436751609851377
1.6451752067629017
1.6464252449110386
1.6476752830591754
1.6489253212073123
1.6498003479110082
1.6508003784295175
1.6503003631702629
1.6528004394665363
1.6535504623554185
1.6541754814294871
1.6549255043183693
1.6575505844294565
1.657800592059084
1.6591756340220343
1.6601756645405439
1.6618007141331217
1.6619257179479354
1.6635507675405132
1.6641757866145819
1.665300820947905
1.6655508285775322
1.66717587817011
1.6675508896145512
1.669675954466384
1.669175939207129
1.6699259620960112
1.669675954466384
1.6701759697256386
1.6699259620960112
1.6698009582811977
1.669175939207129
1.6694259468367565
1.6695509506515702
1.668800927762688
1.6686759239478743
1.6674258857997375
1.666800866725669
1.6656758323923462
1.6641757866145819
1.6638007751701407
1.6619257179479354
1.6621757255775629
1.6606756797997986
1.6596756492812892
1.658925626392407
1.6581756035035249
1.6575505844294565
1.6568005615405743
1.6563005462813196
1.6551755119479965
1.6549255043183693
1.6540504776146734
1.6546754966887418
1.6549255043183693
1.6541754814294871
1.6556755272072514
1.6555505233924375
1.655800531022065
1.6560505386516924
1.6566755577257606
1.6571755729850153
1.6570505691702018
1.6581756035035249
1.6586756187627796
1.6586756187627796
1.6595506454664755
1.6596756492812892
1.6594256416516617
1.6603006683553576
1.6590506302072208
1.6586756187627796
1.6576755882442702
1.656925565355388
1.6563005462813196
1.6555505233924375
1.654550492873928
1.653800469985046
1.6521754203924681
1.6506753746147038
1.6498003479110082
1.6479252906888027
1.6468002563554796
1.6454252143925292
1.643925168614765
1.642675130466628
1.6409250770592365
1.6389250160222175
1.6364249397259438
1.633674855800043
1.6317997985778374
1.6302997528000733
1.6297997375408186
1.6317997985778374
1.6352999053926207
1.6409250770592365
1.649050325022126
1.6600506607257304
1.6715510116885892
1.684301400799585
1.6966767784661398
1.7063020722067934
1.7125522629474779
1.7141773125400557
1.7106772057252724
1.7030519730216378
1.6909266029847103
1.678676229132969
1.6646758018738366
1.6521754203924681
1.6414250923184912
1.633674855800043
1.6274246650593585
1.625174596392712
1.625174596392712
1.626049623096408
1.6279246803186131
1.63154979094821
1.6345498825037386
1.6377999816888944
1.6401750541703544
1.6420501113925596
1.6431751457258827
1.6455502182073427
1.6465502487258523
1.647050263985107
1.6484253059480574
1.6499253517258217
1.6505503707998903
1.6511753898739585
1.6526754356517228
1.6529254432813503
1.6543004852443006
1.654550492873928
1.6571755729850153
1.6579255958738974
1.6593006378368482
1.6603006683553576
1.6611756950590533
1.6623007293923764
1.6634257637256997
1.664925809503464
1.6654258247627187
1.666050843836787
1.6663008514664144
1.6678008972441787
1.6681759086886196
1.6686759239478743
1.6694259468367565
1.6703009735404524
1.6703009735404524
1.6698009582811977
1.6699259620960112
1.669175939207129
1.669300943021943
1.6685509201330608
1.6681759086886196
1.6683009125034334
1.667675893429365
1.6666758629108556
1.6665508590960418
1.66480080568865
1.6635507675405132
1.6624257332071901
1.6613006988738672
1.6610506912442398
1.6599256569109164
1.6591756340220343
1.6579255958738974
1.6576755882442702
1.6568005615405743
1.6559255348368787
1.6553005157628102
1.6548005005035553
1.6546754966887418
1.6544254890591144
1.6540504776146734
1.6546754966887418
1.655425519577624
1.6556755272072514
1.6555505233924375
1.6564255500961331
1.6570505691702018
1.656925565355388
1.6575505844294565
1.6580505996887114
1.6583006073183386
1.6591756340220343
1.6595506454664755
1.6590506302072208
1.6601756645405439
1.6591756340220343
1.658925626392407
1.658550614947966
1.657800592059084
1.6575505844294565
1.6560505386516924
1.655425519577624
1.6544254890591144
1.6535504623554185
1.651800408948027
1.6504253669850764
1.6493003326517535
1.6484253059480574
1.647050263985107
1.6454252143925292
1.6444251838740198
1.6425501266518143
1.6409250770592365
1.63867500839259
1.6357999206518754
1.6346748863185523
1.631674794763024
1.6301747489852596
1.630049745170446
1.631174779503769
1.6352999053926207
1.640675069429609
1.6485503097628713
1.6588006225775933
1.6710509964293345
1.6835513779107028
1.6965517746513261
1.7063020722067934
1.7121772515030367
1.7138023010956145
1.710802209540086
1.702926969206824
1.6919266335032197
1.678676229132969
1.66480080568865
1.6530504470961638
1.642675130466628
1.6341748710592976
1.628049684133427
1.6250495925778985
1.625299600207526
1.6255496078371532
1.6285496993926818
1.6312997833185827
1.6339248634296701
1.6377999816888944
1.639550035096286
1.641925107577746
1.6438001647999512
1.6449251991332745
1.6464252449110386
1.6476752830591754
1.6484253059480574
1.6503003631702629
1.6511753898739585
1.6516754051332134
1.6529254432813503
1.6533004547257912
1.654550492873928
1.6559255348368787
1.6563005462813196
1.6574255806146427
1.6588006225775933
1.660925687429426
1.6615507065034945
1.6624257332071901
1.6643007904293954
1.6650508133182775
1.665300820947905
1.6658008362071597
1.6675508896145512
1.667675893429365
1.6684259163182469
1.6699259620960112
1.6701759697256386
1.669300943021943
1.6709259926145208
1.670050965910825
1.6704259773552659
1.6694259468367565
1.6695509506515702
1.6685509201330608
1.668050904873806
1.6681759086886196
1.667300881984924
1.6669258705404828
1.6651758171330913
1.664925809503464
1.6640507827997681
1.6623007293923764
1.6616757103183082
1.6615507065034945
1.6599256569109164
1.6590506302072208
1.658550614947966
1.656550553910947
1.6570505691702018
1.6559255348368787
1.6550505081331828
1.6553005157628102
1.6548005005035553
1.6540504776146734
1.6543004852443006
1.6549255043183693
1.6551755119479965
1.655425519577624
1.6563005462813196
1.6560505386516924
1.656925565355388
1.6568005615405743
1.6576755882442702
1.6581756035035249
1.658550614947966
1.6586756187627796
1.6603006683553576
1.6599256569109164
1.6593006378368482
1.6595506454664755
1.6590506302072208
1.6580505996887114
1.657800592059084
1.6563005462813196
1.6566755577257606
1.6550505081331828
1.6549255043183693
1.6535504623554185
1.6526754356517228
1.651050386059145
1.6498003479110082
1.6485503097628713
1.6468002563554796
1.6458002258369702
1.6444251838740198
1.642675130466628
1.6409250770592365
1.6390500198370312
1.6364249397259438
1.633174840540788
1.6317997985778374
1.630799768059328
1.6306747642445143
1.6312997833185827
1.6354249092074344
1.6409250770592365
1.6486753135776848
1.6593006378368482
1.6705509811700798
1.6834263740958892
1.695801751762444
1.7051770378734703
1.7118022400585957
1.7143023163548692
1.7109272133548998
1.702926969206824
1.6921766411328472
1.6794262520218513
1.6654258247627187
1.6531754509109775
1.6428001342814416
1.6345498825037386
1.6286747032074953
1.625299600207526
1.624049562059389
1.6259246192815942
1.6287997070223093
1.631174779503769
1.634424878688925
1.6376749778740807
1.6396750389110997
1.6420501113925596
1.6431751457258827
1.6448001953184606
1.6464252449110386
1.6473002716147345
1.6484253059480574
1.6500503555406356
1.6504253669850764
1.651425397503586
1.6528004394665363
1.653800469985046
1.653800469985046
1.6556755272072514
1.656550553910947
1.6575505844294565
1.6590506302072208
1.6608006836146123
1.6614257026886807
1.6623007293923764
1.6638007751701407
1.6643007904293954
1.665300820947905
1.6658008362071597
1.667300881984924
1.66717587817011
1.6685509201330608
1.669175939207129
1.6695509506515702
1.6701759697256386
1.669675954466384
1.6701759697256386
1.6699259620960112
1.6695509506515702
1.6694259468367565
1.669300943021943
1.6685509201330608
1.667675893429365
1.6674258857997375
1.666425855281228
1.6658008362071597
1.664925809503464
1.6640507827997681
1.6624257332071901
1.6619257179479354
1.6606756797997986
1.6596756492812892
1.658550614947966
1.6583006073183386
1.6571755729850153
1.6568005615405743
1.6561755424665061
1.6548005005035553
1.654550492873928
1.6544254890591144
1.6548005005035553
1.654550492873928
1.6546754966887418
1.655425519577624
1.6553005157628102
1.6561755424665061
1.6560505386516924
1.6566755577257606
1.6568005615405743
1.6576755882442702
1.6588006225775933
1.6590506302072208
1.6593006378368482
1.6596756492812892
1.6599256569109164
1.6600506607257304
1.6596756492812892
1.6593006378368482
1.6584256111331521
1.657800592059084
1.6568005615405743
1.6564255500961331
1.6555505233924375
1.6548005005035553
1.6536754661702324
1.6523004242072816
1.6506753746147038
1.6496753440961944
1.6485503097628713
1.6464252449110386
1.6455502182073427
1.6448001953184606
1.6425501266518143
1.6411750846888638
1.6393000274666587
1.636674947355571
1.6337998596148564
1.6319248023926511
1.6306747642445143
1.6299247413556321
1.6312997833185827
1.6345498825037386
1.6401750541703544
1.6484253059480574
1.6588006225775933
1.6701759697256386
1.6820513321329387
1.6955517441328165
1.705677053132725
1.7119272438734092
1.7140523087252417
1.7109272133548998
1.7044270149845882
1.6929266640217293
1.6804262825403606
1.6661758476516009
1.6541754814294871
1.6431751457258827
1.6352999053926207
1.6287997070223093
1.625299600207526
1.6247995849482713
1.6259246192815942
1.6279246803186131
1.630799768059328
1.6340498672444839
1.6367999511703848
1.6394250312814722
1.6421751152073734
1.6431751457258827
1.6444251838740198
1.6463002410962249
1.6473002716147345
1.6486753135776848
1.6500503555406356
1.6506753746147038
1.651425397503586
1.6520504165776544
1.6529254432813503
1.6541754814294871
1.6550505081331828
1.6559255348368787
1.658550614947966
1.658925626392407
1.6604256721701711
1.6621757255775629
1.6625507370220038
1.6631757560960723
1.6644257942442091
1.6654258247627187
1.6656758323923462
1.6666758629108556
1.6681759086886196
1.6685509201330608
1.669175939207129
1.6704259773552659
1.6699259620960112
1.670050965910825
1.670050965910825
1.6699259620960112
1.670050965910825
1.669300943021943
1.6689259315775018
1.6684259163182469
1.6678008972441787
1.6678008972441787
1.6669258705404828
1.6658008362071597
1.6646758018738366
1.6639257789849544
1.662800744651631
1.6620507217627492
1.6610506912442398
1.6601756645405439
1.6594256416516617
1.658550614947966
1.6574255806146427
1.656550553910947
1.6563005462813196
1.6550505081331828
1.6548005005035553
1.6546754966887418
1.6546754966887418
1.6543004852443006
1.6544254890591144
1.655425519577624
1.655425519577624
1.6555505233924375
1.6564255500961331
1.6564255500961331
1.6566755577257606
1.6579255958738974
1.6579255958738974
1.6593006378368482
1.6593006378368482
1.6601756645405439
1.6596756492812892
1.6596756492812892
1.6595506454664755
1.6595506454664755
1.6583006073183386
1.6575505844294565
1.6575505844294565
1.6566755577257606
1.6559255348368787
1.6549255043183693
1.653800469985046
1.652550431836909
1.6508003784295175
1.6501753593554491
1.6484253059480574
1.6469252601702933
1.6458002258369702
1.644675191503647
1.6429251380962555
1.6416750999481187
1.6391750236518448
1.6365499435407576
1.6341748710592976
1.632299813837092
1.631174779503769
1.629674733726005
1.631174779503769
1.6341748710592976
1.6409250770592365
1.6471752677999205
1.6576755882442702
1.669300943021943
1.6816763206884975
1.6944267097994934
1.7048020264290291
1.7114272286141545
1.7141773125400557
1.7121772515030367
1.7043020111697744
1.693801690725425
1.6809262977996156
1.6665508590960418
1.6544254890591144
1.6433001495406965
1.6354249092074344
1.6282996917630543
1.6255496078371532
1.6247995849482713
1.6255496078371532
1.6277996765037996
1.630799768059328
1.6334248481704154
1.6357999206518754
1.639550035096286
1.6424251228370008
1.6434251533555102
1.6444251838740198
1.6455502182073427
1.647425275429548
1.6488003173924985
1.6498003479110082
1.6504253669850764
1.6513003936887722
1.6521754203924681
1.6531754509109775
1.6544254890591144
1.6549255043183693
1.656925565355388
1.657800592059084
1.6591756340220343
1.659800653096103
1.6613006988738672
1.6623007293923764
1.6636757713553272
1.6641757866145819
1.6650508133182775
1.6658008362071597
1.6669258705404828
1.668050904873806
1.6684259163182469
1.668800927762688
1.6698009582811977
1.6699259620960112
1.6698009582811977
1.6698009582811977
1.6699259620960112
1.669175939207129
1.6695509506515702
1.6689259315775018
1.6684259163182469
1.668050904873806
1.668050904873806
1.6669258705404828
1.666050843836787
1.665300820947905
1.6639257789849544
1.6626757408368176
1.6620507217627492
1.6613006988738672
1.659800653096103
1.6590506302072208
1.6586756187627796
1.6580505996887114
1.6570505691702018
1.655800531022065
1.6553005157628102
1.6548005005035553
1.6543004852443006
1.6549255043183693
1.6543004852443006
1.6548005005035553
1.6550505081331828
1.6553005157628102
1.6556755272072514
1.6564255500961331
1.6564255500961331
1.6566755577257606
1.6574255806146427
1.6584256111331521
1.6583006073183386
1.6590506302072208
1.6595506454664755
1.6600506607257304
1.659800653096103
1.6586756187627796
1.6591756340220343
1.6584256111331521
1.6580505996887114
1.6576755882442702
1.6563005462813196
1.6551755119479965
1.654550492873928
1.6540504776146734
1.652550431836909
1.6515504013183995
1.6498003479110082
1.6489253212073123
1.6465502487258523
1.6455502182073427
1.645050202948088
1.6429251380962555
1.6414250923184912
1.6390500198370312
1.6367999511703848
1.6346748863185523
1.6320498062074649
1.630799768059328
1.630049745170446
1.6310497756889553
1.6340498672444839
1.6396750389110997
1.6473002716147345
1.6574255806146427
1.6686759239478743
1.6814263130588702
1.6940516983550522
1.704927030243843
1.7109272133548998
1.7141773125400557
1.7115522324289683
1.7045520187994019
1.6935516830957975
1.6811763054292428
1.6674258857997375
1.6551755119479965
1.6435501571703237
1.6347998901333658
1.6287997070223093
1.6255496078371532
1.624924588763085
1.6255496078371532
1.628049684133427
1.630799768059328
1.633549851985229
1.6367999511703848
1.6398000427259134
1.6418001037629322
1.6433001495406965
1.6449251991332745
1.645925229651784
1.6473002716147345
1.6480502945036166
1.6495503402813807
1.6508003784295175
1.6509253822443313
1.652550431836909
1.653425458540605
1.6540504776146734
1.6551755119479965
1.6563005462813196
1.6583006073183386
1.6588006225775933
1.6603006683553576
1.6614257026886807
1.6623007293923764
1.6638007751701407
1.6644257942442091
1.6654258247627187
1.6659258400219734
1.666800866725669
1.667675893429365
1.6681759086886196
1.669300943021943
1.669675954466384
1.6699259620960112
1.6699259620960112
1.6703009735404524
1.6698009582811977
1.6695509506515702
1.6699259620960112
1.6690509353923155
1.668800927762688
1.6684259163182469
1.6675508896145512
1.6663008514664144
1.666050843836787
1.6646758018738366
1.6640507827997681
1.6630507522812585
1.6614257026886807
1.6611756950590533
1.6599256569109164
1.6591756340220343
1.6590506302072208
1.6575505844294565
1.656925565355388
1.6559255348368787
1.6549255043183693
1.6550505081331828
1.6546754966887418
1.6544254890591144
1.6546754966887418
1.6548005005035553
1.6549255043183693
1.6551755119479965
1.6556755272072514
1.6561755424665061
1.6570505691702018
1.6566755577257606
1.6575505844294565
1.657800592059084
1.658550614947966
1.6588006225775933
1.6595506454664755
1.659800653096103
1.6601756645405439
1.6595506454664755
1.6591756340220343
1.6581756035035249
1.6581756035035249
1.6568005615405743
1.656550553910947
1.6559255348368787
1.6549255043183693
1.653800469985046
1.6524254280220954
1.651425397503586
1.6491753288369395
1.6485503097628713
1.647050263985107
1.6456752220221567
1.645050202948088
1.642675130466628
1.6415500961333047
1.639550035096286
1.6369249549851985
1.634424878688925
1.63154979094821
1.6302997528000733
1.6301747489852596
1.6310497756889553
1.634299874874111
1.6396750389110997
1.6471752677999205
1.6573005767998292
1.6689259315775018
1.6809262977996156
1.693801690725425
1.7048020264290291
1.7115522324289683
1.7139273049104282
1.712427259132664
1.7050520340586566
1.693426679280984
1.6811763054292428
1.6674258857997375
1.655425519577624
1.6440501724295786
1.635174901577807
1.6290497146519365
1.6257996154667806
1.6241745658742028
1.6254246040223395
1.6277996765037996
1.6306747642445143
1.633674855800043
1.6364249397259438
1.6391750236518448
1.6418001037629322
1.643050141911069
1.644675191503647
1.6463002410962249
1.647425275429548
1.6481752983184301
1.6499253517258217
1.6503003631702629
1.6509253822443313
1.6521754203924681
1.6530504470961638
1.6543004852443006
1.6553005157628102
1.6556755272072514
1.6576755882442702
1.6581756035035249
1.6603006683553576
1.6614257026886807
1.6626757408368176
1.662925748466445
1.6644257942442091
1.664925809503464
1.6658008362071597
1.666800866725669
1.6675508896145512
1.6681759086886196
1.669300943021943
1.670050965910825
1.670050965910825
1.6703009735404524
1.6698009582811977
1.6698009582811977
1.669300943021943
1.6695509506515702
1.669300943021943
1.6685509201330608
1.6683009125034334
1.6681759086886196
1.6666758629108556
1.666425855281228
1.664925809503464
1.6640507827997681
1.663300759910886
1.6614257026886807
1.6610506912442398
1.6610506912442398
1.6591756340220343
1.6584256111331521
1.6576755882442702
1.6561755424665061
1.6561755424665061
1.6550505081331828
1.655425519577624
1.6546754966887418
1.6541754814294871
1.6544254890591144
1.6548005005035553
1.6553005157628102
1.6553005157628102
1.655800531022065
1.6559255348368787
1.656925565355388
1.6564255500961331
1.657800592059084
1.6581756035035249
1.658550614947966
1.6594256416516617
1.659800653096103
1.6603006683553576
1.6596756492812892
1.6590506302072208
1.6590506302072208
1.6588006225775933
1.6579255958738974
1.6574255806146427
1.6559255348368787
1.6560505386516924
1.6548005005035553
1.6535504623554185
1.6529254432813503
1.6513003936887722
1.6501753593554491
1.6488003173924985
1.6471752677999205
1.6451752067629017
1.6445501876888333
1.6428001342814416
1.6405500656147955
1.6393000274666587
1.6369249549851985
1.6346748863185523
1.6320498062074649
1.6299247413556321
1.6301747489852596
1.6309247718741418
1.6341748710592976
1.6396750389110997
1.6475502792443617
1.6575505844294565
1.6694259468367565
1.681551316873684
1.6940516983550522
1.7046770226142156
1.7115522324289683
1.7139273049104282
1.7123022553178504
1.704177007354961
1.6939266945402387
1.6813013092440567
1.6678008972441787
1.655425519577624
1.6436751609851377
1.6352999053926207
1.62917471846675
1.625674611651967
1.624924588763085
1.6255496078371532
1.627674672688986
1.6310497756889553
1.633674855800043
1.6361749320963164
1.6393000274666587
1.642675130466628
1.6434251533555102
1.645925229651784
1.645925229651784
1.6473002716147345
1.6485503097628713
1.6489253212073123
1.6506753746147038
1.6515504013183995
1.6519254127628407
1.6531754509109775
1.6540504776146734
1.6553005157628102
1.6564255500961331
1.6576755882442702
1.658925626392407
1.6603006683553576
1.6613006988738672
1.6618007141331217
1.663300759910886
1.6640507827997681
1.66480080568865
1.6658008362071597
1.6661758476516009
1.6675508896145512
1.6683009125034334
1.6689259315775018
1.6694259468367565
1.669675954466384
1.669675954466384
1.670800988799707
1.6695509506515702
1.6699259620960112
1.6694259468367565
1.669675954466384
1.6683009125034334
1.668050904873806
1.668050904873806
1.6666758629108556
1.665300820947905
1.6650508133182775
1.6641757866145819
1.6624257332071901
1.6618007141331217
1.660925687429426
1.6599256569109164
1.6588006225775933
1.6588006225775933
1.6580505996887114
1.6564255500961331
1.6563005462813196
1.655425519577624
1.6540504776146734
1.653800469985046
1.654550492873928
1.654550492873928
1.654550492873928
1.6551755119479965
1.6550505081331828
1.6549255043183693
1.6560505386516924
1.656550553910947
1.656925565355388
1.6575505844294565
1.658550614947966
1.658550614947966
1.6588006225775933
1.6599256569109164
1.6600506607257304
1.6599256569109164
1.6594256416516617
1.6593006378368482
1.6584256111331521
1.6579255958738974
1.6573005767998292
1.6564255500961331
1.655425519577624
1.6548005005035553
1.653425458540605
1.6528004394665363
1.6511753898739585
1.6503003631702629
1.6486753135776848
1.6468002563554796
1.6463002410962249
1.6445501876888333
1.643050141911069
1.6413000885036775
1.6394250312814722
1.6364249397259438
1.6341748710592976
1.632299813837092
1.630049745170446
1.6299247413556321
1.6314247871333964
1.6349248939481797
1.6396750389110997
1.647050263985107
1.656925565355388
1.6685509201330608
1.680676290169988
1.6941767021698662
1.704177007354961
1.7110522171697136
1.7143023163548692
1.7125522629474779
1.7055520493179113
1.6943017059846797
1.6813013092440567
1.667675893429365
1.6546754966887418
1.6440501724295786
1.635549913022248
1.6290497146519365
1.6257996154667806
1.625174596392712
1.6255496078371532
1.6275496688741722
1.630799768059328
1.6339248634296701
1.6365499435407576
1.639550035096286
1.6413000885036775
1.643050141911069
1.6455502182073427
1.6463002410962249
1.6476752830591754
1.6481752983184301
1.649425336466567
1.6506753746147038
1.6511753898739585
1.6521754203924681
1.6535504623554185
1.6546754966887418
1.6551755119479965
1.6566755577257606
1.6576755882442702
1.658925626392407
1.6603006683553576
1.6613006988738672
1.6624257332071901
1.6634257637256997
1.6640507827997681
1.6650508133182775
1.6661758476516009
1.6678008972441787
1.667675893429365
1.6683009125034334
1.6686759239478743
1.669175939207129
1.669675954466384
1.670050965910825
1.6695509506515702
1.6699259620960112
1.669300943021943
1.6698009582811977
1.669300943021943
1.6686759239478743
1.668050904873806
1.668050904873806
1.666800866725669
1.6655508285775322
1.6651758171330913
1.6640507827997681
1.6625507370220038
1.6625507370220038
1.6610506912442398
1.6603006683553576
1.6591756340220343
1.6584256111331521
1.6576755882442702
1.656925565355388
1.6561755424665061
1.655425519577624
1.6546754966887418
1.6548005005035553
1.6546754966887418
1.654550492873928
1.6548005005035553
1.655425519577624
1.655425519577624
1.6556755272072514
1.6560505386516924
1.6561755424665061
1.656925565355388
1.6579255958738974
1.6583006073183386
1.6584256111331521
1.658550614947966
1.6596756492812892
1.660550675984985
1.6596756492812892
1.6595506454664755
1.6593006378368482
1.6590506302072208
1.6579255958738974
1.6580505996887114
1.6564255500961331
1.655800531022065
1.6548005005035553
1.6541754814294871
1.652550431836909
1.6513003936887722
1.6500503555406356
1.6485503097628713
1.6473002716147345
1.645925229651784
1.6449251991332745
1.6438001647999512
1.6414250923184912
1.6393000274666587
1.6370499588000123
1.6341748710592976
1.6327998290963468
1.6305497604297006
1.6302997528000733
1.6314247871333964
1.6340498672444839
1.6394250312814722
1.6471752677999205
1.656925565355388
1.6683009125034334
1.6809262977996156
1.6935516830957975
1.7044270149845882
1.7109272133548998
1.714427320169683
1.7123022553178504
1.7053020416882838
1.6939266945402387
1.681926328318125
1.6678008972441787
1.6560505386516924
1.6441751762443924
1.6357999206518754
1.6295497299111912
1.625674611651967
1.6247995849482713
1.6254246040223395
1.627674672688986
1.6305497604297006
1.633549851985229
1.6364249397259438
1.6391750236518448
1.6421751152073734
1.6431751457258827
1.6445501876888333
1.6463002410962249
1.647425275429548
1.6480502945036166
1.6491753288369395
1.6498003479110082
1.651050386059145
1.6524254280220954
1.6530504470961638
1.654550492873928
1.6555505233924375
1.6564255500961331
1.6579255958738974
1.6590506302072208
1.6600506607257304
1.6615507065034945
1.6623007293923764
1.6630507522812585
1.6643007904293954
1.6651758171330913
1.6656758323923462
1.666800866725669
1.6678008972441787
1.6689259315775018
1.6689259315775018
1.6695509506515702
1.6703009735404524
1.6705509811700798
1.6701759697256386
1.6698009582811977
1.6703009735404524
1.669175939207129
1.669675954466384
1.6685509201330608
1.6681759086886196
1.6675508896145512
1.6670508743552965
1.6656758323923462
1.6651758171330913
1.6636757713553272
1.662925748466445
1.6620507217627492
1.6611756950590533
1.6603006683553576
1.6593006378368482
1.6588006225775933
1.657800592059084
1.6566755577257606
1.6561755424665061
1.6555505233924375
1.6555505233924375
1.6546754966887418
1.6541754814294871
1.6540504776146734
1.6553005157628102
1.655800531022065
1.6553005157628102
1.6560505386516924
1.6559255348368787
1.6566755577257606
1.656550553910947
1.6574255806146427
1.6581756035035249
1.6584256111331521
1.6586756187627796
1.6599256569109164
1.6595506454664755
1.6599256569109164
1.6595506454664755
1.6593006378368482
1.6586756187627796
1.657800592059084
1.6570505691702018
1.6576755882442702
1.6555505233924375
1.6546754966887418
1.6536754661702324
1.6530504470961638
1.6509253822443313
1.6500503555406356
1.6488003173924985
1.6471752677999205
1.6456752220221567
1.645050202948088
1.6433001495406965
1.6413000885036775
1.639550035096286
1.6370499588000123
1.6341748710592976
1.633549851985229
1.6306747642445143
1.6301747489852596
1.6312997833185827
1.634299874874111
1.6389250160222175
1.6468002563554796
1.656925565355388
1.6684259163182469
1.6808012939848018
1.693801690725425
1.703676992095706
1.711177220984527
1.7139273049104282
1.7119272438734092
1.705677053132725
1.6946767174291208
1.681551316873684
1.6685509201330608
1.6549255043183693
1.6445501876888333
1.6360499282815029
1.6289247108371228
1.6255496078371532
1.625299600207526
1.6255496078371532
1.6275496688741722
1.6305497604297006
1.6334248481704154
1.6365499435407576
1.6389250160222175
1.6415500961333047
1.643050141911069
1.6449251991332745
1.6464252449110386
1.6471752677999205
1.6480502945036166
1.6495503402813807
1.6499253517258217
1.651050386059145
1.651800408948027
1.6531754509109775
1.6540504776146734
1.6553005157628102
1.6559255348368787
1.6584256111331521
1.658925626392407
1.6601756645405439
1.6613006988738672
1.6624257332071901
1.6634257637256997
1.6651758171330913
1.6650508133182775
1.6656758323923462
1.666800866725669
1.667300881984924
1.6686759239478743
1.669300943021943
1.6699259620960112
1.6695509506515702
1.6704259773552659
1.670050965910825
1.6704259773552659
1.6694259468367565
1.669175939207129
1.669300943021943
1.6694259468367565
1.6684259163182469
1.668050904873806
1.666425855281228
1.66717587817011
1.664925809503464
1.6636757713553272
1.6620507217627492
1.6621757255775629
1.6621757255775629
1.6599256569109164
1.6590506302072208
1.6584256111331521
1.6575505844294565
1.6571755729850153
1.6559255348368787
1.655425519577624
1.6548005005035553
1.6544254890591144
1.6546754966887418
1.654550492873928
1.6549255043183693
1.6559255348368787
1.655425519577624
1.6556755272072514
1.6560505386516924
1.6561755424665061
1.6573005767998292
1.6575505844294565
1.6584256111331521
1.6583006073183386
1.6593006378368482
1.6603006683553576
1.659800653096103
1.6593006378368482
1.658925626392407
1.6599256569109164
1.6581756035035249
1.657800592059084
1.6570505691702018
1.6556755272072514
1.6559255348368787
1.6550505081331828
1.653800469985046
1.6526754356517228
1.652550431836909
1.6500503555406356
1.6484253059480574
1.647050263985107
1.6463002410962249
1.6444251838740198
1.6431751457258827
1.64105008087405
1.63867500839259
1.6369249549851985
1.634299874874111
1.6321748100222786
1.630799768059328
1.630049745170446
1.6312997833185827
1.6340498672444839
1.6394250312814722
1.647425275429548
1.6574255806146427
1.6686759239478743
1.6808012939848018
1.6936766869106112
1.704177007354961
1.711177220984527
1.7140523087252417
1.7119272438734092
1.7053020416882838
1.6941767021698662
1.6814263130588702
1.667675893429365
1.6553005157628102
1.6440501724295786
1.6352999053926207
1.6290497146519365
1.625299600207526
1.6247995849482713
1.6255496078371532
1.627674672688986
1.630049745170446
1.633674855800043
1.6364249397259438
1.6393000274666587
1.6418001037629322
1.643050141911069
1.6444251838740198
1.6465502487258523
1.6476752830591754
1.6480502945036166
1.649425336466567
1.6495503402813807
1.6504253669850764
1.651800408948027
1.6530504470961638
1.6540504776146734
1.6550505081331828
1.655800531022065
1.6583006073183386
1.658925626392407
1.6603006683553576
1.6614257026886807
1.6619257179479354
1.6635507675405132
1.6641757866145819
1.6650508133182775
1.6661758476516009
1.6670508743552965
1.6675508896145512
1.6683009125034334
1.6690509353923155
1.6704259773552659
1.6690509353923155
1.6699259620960112
1.6699259620960112
1.6699259620960112
1.669675954466384
1.6690509353923155
1.669675954466384
1.668800927762688
1.6681759086886196
1.6678008972441787
1.6665508590960418
1.6663008514664144
1.66480080568865
1.6639257789849544
1.662800744651631
1.6618007141331217
1.660925687429426
1.6599256569109164
1.6593006378368482
1.658550614947966
1.6580505996887114
1.6566755577257606
1.655800531022065
1.655425519577624
1.6548005005035553
1.654550492873928
1.6548005005035553
1.654550492873928
1.6551755119479965
1.655425519577624
1.6553005157628102
1.655800531022065
1.6559255348368787
1.6570505691702018
1.656925565355388
1.657800592059084
1.658550614947966
1.6588006225775933
1.6591756340220343
1.6608006836146123
1.6596756492812892
1.6599256569109164
1.6596756492812892
1.6591756340220343
1.6583006073183386
1.657800592059084
1.6573005767998292
1.6559255348368787
1.6559255348368787
1.6550505081331828
1.6535504623554185
1.652550431836909
1.651425397503586
1.6503003631702629
1.6484253059480574
1.6468002563554796
1.6460502334665976
1.6444251838740198
1.643050141911069
1.6413000885036775
1.6390500198370312
1.6369249549851985
1.633674855800043
1.6319248023926511
1.6301747489852596
1.630049745170446
1.6309247718741418
1.634424878688925
1.639550035096286
1.6473002716147345
1.6573005767998292
1.6695509506515702
1.6813013092440567
1.693801690725425
1.704927030243843
1.711177220984527
1.7139273049104282
1.712052247688223
1.704927030243843
1.6943017059846797
1.6814263130588702
1.6679259010589922
1.6549255043183693
1.6440501724295786
1.6350498977629933
1.62917471846675
1.6254246040223395
1.6244245735038303
1.6255496078371532
1.6275496688741722
1.6305497604297006
1.6334248481704154
1.6361749320963164
1.639925046540727
1.6425501266518143
1.6434251533555102
1.6451752067629017
1.6463002410962249
1.6473002716147345
1.6485503097628713
1.6496753440961944
1.6499253517258217
1.6511753898739585
1.6526754356517228
1.6536754661702324
1.653800469985046
1.654550492873928
1.6560505386516924
1.6576755882442702
1.6588006225775933
1.6601756645405439
1.6616757103183082
1.6626757408368176
1.6635507675405132
1.6644257942442091
1.6650508133182775
1.665300820947905
1.6669258705404828
1.6678008972441787
1.6683009125034334
1.668800927762688
1.6695509506515702
1.6699259620960112
1.6704259773552659
1.670050965910825
1.6698009582811977
1.669675954466384
1.669675954466384
1.6694259468367565
1.668800927762688
1.6683009125034334
1.6678008972441787
1.666800866725669
1.666425855281228
1.6650508133182775
1.6639257789849544
1.6635507675405132
1.6619257179479354
1.6613006988738672
1.660550675984985
1.6590506302072208
1.6586756187627796
1.6571755729850153
1.6566755577257606
1.656550553910947
1.6551755119479965
1.6546754966887418
1.654550492873928
1.6539254737998597
1.6546754966887418
1.6548005005035553
1.6550505081331828
1.655425519577624
1.6559255348368787
1.6560505386516924
1.6561755424665061
1.6563005462813196
1.6575505844294565
1.6583006073183386
1.6588006225775933
1.6590506302072208
1.659800653096103
1.659800653096103
1.659800653096103
1.659800653096103
1.6594256416516617
1.658550614947966
1.6580505996887114
1.6573005767998292
1.6564255500961331
1.655425519577624
1.6549255043183693
1.6536754661702324
1.6526754356517228
1.6511753898739585
1.6500503555406356
1.6480502945036166
1.6476752830591754
1.6463002410962249
1.6449251991332745
1.6431751457258827
1.6415500961333047
1.6393000274666587
1.6370499588000123
1.634299874874111
1.632299813837092
1.630799768059328
1.630049745170446
1.631174779503769
1.6346748863185523
1.639550035096286
1.647050263985107
1.6571755729850153
1.6689259315775018
1.681551316873684
1.6940516983550522
1.7046770226142156
1.7110522171697136
1.7139273049104282
1.7121772515030367
1.7053020416882838
1.6939266945402387
1.6809262977996156
1.667675893429365
1.6544254890591144
1.6441751762443924
1.6356749168370617
1.6290497146519365
1.6259246192815942
1.624924588763085
1.6262996307260353
1.6274246650593585
1.63154979094821
1.6334248481704154
1.6365499435407576
1.6391750236518448
1.641925107577746
1.6435501571703237
1.6448001953184606
1.6469252601702933
1.647050263985107
1.6484253059480574
1.6498003479110082
1.6506753746147038
1.651050386059145
1.651800408948027
1.6533004547257912
1.6540504776146734
1.6551755119479965
1.656550553910947
1.6576755882442702
1.6588006225775933
1.6603006683553576
1.6610506912442398
1.6623007293923764
1.6634257637256997
1.6646758018738366
1.664925809503464
1.6661758476516009
1.666800866725669
1.668050904873806
1.668050904873806
1.6690509353923155
1.6690509353923155
1.6701759697256386
1.6699259620960112
1.6698009582811977
1.6695509506515702
1.669675954466384
1.669300943021943
1.6689259315775018
1.6695509506515702
1.6684259163182469
1.6681759086886196
1.666800866725669
1.6656758323923462
1.6650508133182775
1.6639257789849544
1.6625507370220038
1.6620507217627492
1.6620507217627492
1.6601756645405439
1.6595506454664755
1.6584256111331521
1.6576755882442702
1.6568005615405743
1.6560505386516924
1.6555505233924375
1.6546754966887418
1.6546754966887418
1.6548005005035553
1.6543004852443006
1.654550492873928
1.6551755119479965
1.6559255348368787
1.6563005462813196
1.6563005462813196
1.6564255500961331
1.6563005462813196
1.6573005767998292
1.657800592059084
1.658925626392407
1.6594256416516617
1.6603006683553576
1.6594256416516617
1.6594256416516617
1.6596756492812892
1.6590506302072208
1.6584256111331521
1.6581756035035249
1.6575505844294565
1.656550553910947
1.6559255348368787
1.654550492873928
1.6539254737998597
1.6526754356517228
1.6513003936887722
1.6499253517258217
1.6486753135776848
1.647050263985107
1.6456752220221567
1.6444251838740198
1.6434251533555102
1.6416750999481187
1.6393000274666587
1.6370499588000123
1.6341748710592976
1.6321748100222786
1.630799768059328
1.6297997375408186
1.631174779503769
1.6337998596148564
1.6390500198370312
1.6466752525406658
1.6566755577257606
1.6679259010589922
1.6808012939848018
1.6929266640217293
1.7039269997253335
1.710427198095645
1.7136772972808008
1.712052247688223
1.7059270607623525
1.6946767174291208
1.6818013245033114
1.668800927762688
1.6560505386516924
1.644675191503647
1.635924924466689
1.6295497299111912
1.6265496383556628
1.6247995849482713
1.6254246040223395
1.6277996765037996
1.630799768059328
1.633549851985229
1.6360499282815029
1.6398000427259134
1.6416750999481187
1.643050141911069
1.6448001953184606
1.6458002258369702
1.647050263985107
1.6481752983184301
1.6505503707998903
1.6504253669850764
1.6511753898739585
1.652550431836909
1.653800469985046
1.653425458540605
1.6548005005035553
1.656550553910947
1.6579255958738974
1.6590506302072208
1.6603006683553576
1.6613006988738672
1.6623007293923764
1.6626757408368176
1.664925809503464
1.66480080568865
1.6651758171330913
1.666800866725669
1.6675508896145512
1.6686759239478743
1.6685509201330608
1.6698009582811977
1.670050965910825
1.6701759697256386
1.6699259620960112
1.6699259620960112
1.669675954466384
1.669300943021943
1.6689259315775018
1.6686759239478743
1.6685509201330608
1.6683009125034334
1.6665508590960418
1.6659258400219734
1.66480080568865
1.6643007904293954
1.662925748466445
1.6619257179479354
1.6613006988738672
1.6604256721701711
1.6595506454664755
1.6588006225775933
1.6574255806146427
1.656925565355388
1.6561755424665061
1.6561755424665061
1.654550492873928
1.6549255043183693
1.6543004852443006
1.654550492873928
1.6549255043183693
1.6550505081331828
1.6551755119479965
1.655425519577624
1.6559255348368787
1.6566755577257606
1.6568005615405743
1.6580505996887114
1.6573005767998292
1.6591756340220343
1.6590506302072208
1.6596756492812892
1.6599256569109164
1.6604256721701711
1.6600506607257304
1.6593006378368482
1.6586756187627796
1.6574255806146427
1.656925565355388
1.6560505386516924
1.6556755272072514
1.6548005005035553
1.653800469985046
1.6524254280220954
1.651425397503586
1.651050386059145
1.6488003173924985
1.6469252601702933
1.6463002410962249
1.6443001800592059
1.6428001342814416
1.640675069429609
1.639550035096286
1.6370499588000123
1.6347998901333658
1.6325498214667196
1.6306747642445143
1.6301747489852596
1.630799768059328
1.6337998596148564
1.6389250160222175
1.6464252449110386
1.656550553910947
1.6679259010589922
1.6790512405774103
1.6929266640217293
1.704177007354961
1.7106772057252724
1.7141773125400557
1.7123022553178504
1.7058020569475387
1.6953017365031893
1.6825513473921934
1.669175939207129
1.6560505386516924
1.6448001953184606
1.6357999206518754
1.6294247260963775
1.6255496078371532
1.6257996154667806
1.6255496078371532
1.627174657429731
1.630424756614887
1.6339248634296701
1.636674947355571
1.6390500198370312
1.6413000885036775
1.6431751457258827
1.6449251991332745
1.6458002258369702
1.6476752830591754
1.6483003021332439
1.6495503402813807
1.6503003631702629
1.6506753746147038
1.6509253822443313
1.6536754661702324
1.6541754814294871
1.6553005157628102
1.6556755272072514
1.657800592059084
1.6590506302072208
1.6604256721701711
1.6613006988738672
1.662925748466445
1.662925748466445
1.6641757866145819
1.665300820947905
1.666050843836787
1.66717587817011
1.6675508896145512
1.6681759086886196
1.668800927762688
1.669675954466384
1.669675954466384
1.669300943021943
1.6701759697256386
1.6703009735404524
1.6695509506515702
1.670050965910825
1.669300943021943
1.6685509201330608
1.6683009125034334
1.6678008972441787
1.6665508590960418
1.6659258400219734
1.6646758018738366
1.6640507827997681
1.6630507522812585
1.6616757103183082
1.660925687429426
1.6601756645405439
1.6593006378368482
1.6588006225775933
1.6576755882442702
1.6564255500961331
1.6561755424665061
1.6555505233924375
1.6556755272072514
1.6543004852443006
1.6544254890591144
1.6544254890591144
1.6546754966887418
1.6556755272072514
1.6553005157628102
1.6548005005035553
1.6559255348368787
1.6566755577257606
1.656925565355388
1.6574255806146427
1.6584256111331521
1.6588006225775933
1.6593006378368482
1.6596756492812892
1.6599256569109164
1.6594256416516617
1.6594256416516617
1.6591756340220343
1.6583006073183386
1.6580505996887114
1.656925565355388
1.656925565355388
1.6555505233924375
1.655425519577624
1.6539254737998597
1.6530504470961638
1.651425397503586
1.6500503555406356
1.6485503097628713
1.647425275429548
1.6458002258369702
1.6449251991332745
1.6434251533555102
1.6415500961333047
1.6389250160222175
1.6369249549851985
1.6347998901333658
1.632424817651906
1.6301747489852596
1.630049745170446
1.6317997985778374
1.6334248481704154
1.6389250160222175
1.6465502487258523
1.6566755577257606
1.6678008972441787
1.6808012939848018
1.6930516678365428
1.7035519882808923
1.7106772057252724
1.7138023010956145
1.7126772667622914
1.705677053132725
1.6950517288735618
1.6823013397625661
1.6686759239478743
1.6561755424665061
1.6444251838740198
1.6361749320963164
1.62917471846675
1.6262996307260353
1.6245495773186438
1.625299600207526
1.627299661244545
1.6305497604297006
1.6337998596148564
1.636674947355571
1.6389250160222175
1.6416750999481187
1.6429251380962555
1.6445501876888333
1.6463002410962249
1.6471752677999205
1.6483003021332439
1.6499253517258217
1.6496753440961944
1.651050386059145
1.6524254280220954
1.6531754509109775
1.6536754661702324
1.6550505081331828
1.6564255500961331
1.6573005767998292
1.6584256111331521
1.6600506607257304
1.6611756950590533
1.662800744651631
1.6639257789849544
1.6638007751701407
1.665300820947905
1.6656758323923462
1.6674258857997375
1.6675508896145512
1.6679259010589922
1.668800927762688
1.669300943021943
1.6694259468367565
1.6695509506515702
1.670050965910825
1.6695509506515702
1.669675954466384
1.6689259315775018
1.6689259315775018
1.668800927762688
1.6679259010589922
1.6678008972441787
1.66717587817011
1.6656758323923462
1.6650508133182775
1.6646758018738366
1.662800744651631
1.6619257179479354
1.660925687429426
1.6601756645405439
1.6594256416516617
1.6591756340220343
1.6574255806146427
1.6573005767998292
1.6559255348368787
1.6549255043183693
1.6546754966887418
1.6544254890591144
1.6544254890591144
1.6546754966887418
1.6548005005035553
1.6553005157628102
1.6555505233924375
1.6563005462813196
1.6560505386516924
1.6568005615405743
1.6568005615405743
1.6575505844294565
1.657800592059084
1.658925626392407
1.6593006378368482
1.6599256569109164
1.6599256569109164
1.6591756340220343
1.6594256416516617
1.658925626392407
1.658550614947966
1.6583006073183386
1.658550614947966
1.656550553910947
1.656550553910947
1.6549255043183693
1.653800469985046
1.6533004547257912
1.651425397503586
1.6500503555406356
1.6484253059480574
1.6471752677999205
1.6464252449110386
1.6444251838740198
1.6429251380962555
1.6416750999481187
1.6390500198370312
1.6374249702444532
1.6339248634296701
1.6320498062074649
1.6305497604297006
1.630049745170446
1.6314247871333964
1.634424878688925
1.6390500198370312
1.6465502487258523
1.6559255348368787
1.6679259010589922
1.6796762596514787
1.6926766563921019
1.7038019959105197
1.7110522171697136
1.713177282021546
1.712802270577105
1.7058020569475387
1.6950517288735618
1.6823013397625661
1.6690509353923155
1.655425519577624
1.644675191503647
1.6361749320963164
1.6295497299111912
1.6262996307260353
1.6254246040223395
1.6254246040223395
1.627674672688986
1.630424756614887
1.633174840540788
1.6364249397259438
1.6390500198370312
1.6414250923184912
1.6429251380962555
1.6449251991332745
1.6463002410962249
1.6480502945036166
1.6483003021332439
1.6496753440961944
1.6504253669850764
1.6506753746147038
1.6516754051332134
1.6528004394665363
1.6536754661702324
1.6550505081331828
1.6563005462813196
1.6576755882442702
1.6580505996887114
1.6601756645405439
1.6624257332071901
1.6621757255775629
1.6635507675405132
1.6643007904293954
1.6651758171330913
1.6655508285775322
1.6669258705404828
1.6679259010589922
1.6686759239478743
1.668800927762688
1.6694259468367565
1.669675954466384
1.6694259468367565
1.6701759697256386
1.6699259620960112
1.669175939207129
1.670050965910825
1.6695509506515702
1.6686759239478743
1.668050904873806
1.6679259010589922
1.6669258705404828
1.6659258400219734
1.6651758171330913
1.6643007904293954
1.663300759910886
1.6616757103183082
1.660925687429426
1.6603006683553576
1.6591756340220343
1.6591756340220343
1.6579255958738974
1.6570505691702018
1.6559255348368787
1.6551755119479965
1.654550492873928
1.654550492873928
1.6546754966887418
1.6546754966887418
1.6544254890591144
1.6550505081331828
1.6556755272072514
1.6551755119479965
1.6561755424665061
1.6563005462813196
1.6563005462813196
1.6573005767998292
1.6586756187627796
1.6586756187627796
1.6593006378368482
1.659800653096103
1.6599256569109164
1.659800653096103
1.6599256569109164
1.6596756492812892
1.6583006073183386
1.6576755882442702
1.657800592059084
1.6566755577257606
1.655800531022065
1.6551755119479965
1.6536754661702324
1.6530504470961638
1.6515504013183995
1.6499253517258217
1.6488003173924985
1.6478002868739892
1.6460502334665976
1.6444251838740198
1.6440501724295786
1.6414250923184912
1.6391750236518448
1.6371749626148258
1.6347998901333658
1.632424817651906
1.6305497604297006
1.630049745170446
1.6309247718741418
1.633674855800043
1.6389250160222175
1.6463002410962249
1.6560505386516924
1.6674258857997375
1.6789262367625966
1.6920516373180334
1.7030519730216378
1.710427198095645
1.7140523087252417
1.712427259132664
1.7066770836512346
1.695801751762444
1.6829263588366346
1.669675954466384
1.656925565355388
1.6454252143925292
1.63629993591113
1.6302997528000733
1.6261746269112216
1.6245495773186438
1.625674611651967
1.6274246650593585
1.6301747489852596
1.6334248481704154
1.63629993591113
1.6385500045777766
1.64105008087405
1.6428001342814416
1.644675191503647
1.6461752372814111
1.6473002716147345
1.6483003021332439
1.6496753440961944
1.6504253669850764
1.6504253669850764
1.6519254127628407
1.6529254432813503
1.653800469985046
1.6544254890591144
1.6564255500961331
1.6576755882442702
1.6591756340220343
1.6606756797997986
1.6611756950590533
1.6621757255775629
1.6636757713553272
1.6641757866145819
1.6655508285775322
1.666050843836787
1.666800866725669
1.667300881984924
1.669175939207129
1.669175939207129
1.6694259468367565
1.670050965910825
1.6698009582811977
1.669675954466384
1.670050965910825
1.6695509506515702
1.669675954466384
1.669300943021943
1.6686759239478743
1.6684259163182469
1.668050904873806
1.66717587817011
1.666425855281228
1.664925809503464
1.6639257789849544
1.662925748466445
1.6620507217627492
1.6611756950590533
1.6606756797997986
1.6593006378368482
1.6586756187627796
1.657800592059084
1.6571755729850153
1.6559255348368787
1.655425519577624
1.6544254890591144
1.6543004852443006
1.654550492873928
1.6544254890591144
1.6543004852443006
1.6551755119479965
1.6551755119479965
1.6563005462813196
1.6559255348368787
1.6563005462813196
1.6571755729850153
1.6571755729850153
1.6581756035035249
1.6588006225775933
1.658925626392407
1.6594256416516617
1.659800653096103
1.6596756492812892
1.6595506454664755
1.6595506454664755
1.6586756187627796
1.657800592059084
1.657800592059084
1.6568005615405743
1.655800531022065
1.6549255043183693
1.6541754814294871
1.6524254280220954
1.6516754051332134
1.6503003631702629
1.6483003021332439
1.6473002716147345
1.6458002258369702
1.6444251838740198
1.6434251533555102
1.641925107577746
1.6398000427259134
1.6377999816888944
1.6346748863185523
1.6325498214667196
1.6306747642445143
1.6297997375408186
1.6302997528000733
1.6360499282815029
1.6385500045777766
1.6456752220221567
1.6550505081331828
1.666425855281228
1.6788012329477828
1.691426618243965
1.7028019653920103
1.7096771752067628
1.7138023010956145
1.7138023010956145
1.7066770836512346
1.6963017670216987
1.684301400799585
1.6706759849848933
1.6570505691702018
1.6460502334665976
1.6367999511703848
1.630049745170446
1.6266746421704763
1.6255496078371532
1.625299600207526
1.6270496536149175
1.6302997528000733
1.6330498367259743
1.635924924466689
1.6389250160222175
1.6413000885036775
1.6429251380962555
1.6445501876888333
1.6453002105777155
1.6478002868739892
1.6481752983184301
1.6495503402813807
1.6498003479110082
1.6513003936887722
1.6520504165776544
1.652550431836909
1.6539254737998597
1.6549255043183693
1.6559255348368787
1.6575505844294565
1.6588006225775933
1.659800653096103
1.660925687429426
1.6626757408368176
1.6641757866145819
1.6641757866145819
1.66480080568865
1.6663008514664144
1.6674258857997375
1.6684259163182469
1.6683009125034334
1.669300943021943
1.670050965910825
1.6701759697256386
1.669300943021943
1.670050965910825
1.6699259620960112
1.6695509506515702
1.6698009582811977
1.669175939207129
1.6695509506515702
1.6683009125034334
1.6681759086886196
1.66717587817011
1.6659258400219734
1.6651758171330913
1.6643007904293954
1.6626757408368176
1.6620507217627492
1.6610506912442398
1.6601756645405439
1.6599256569109164
1.6591756340220343
1.6581756035035249
1.6570505691702018
1.6573005767998292
1.655425519577624
1.6541754814294871
1.6543004852443006
1.6541754814294871
1.654550492873928
1.6546754966887418
1.6550505081331828
1.655425519577624
1.6561755424665061
1.6563005462813196
1.6566755577257606
1.6573005767998292
1.657800592059084
1.6583006073183386
1.6586756187627796
1.6591756340220343
1.6594256416516617
1.6600506607257304
1.6594256416516617
1.6600506607257304
1.6604256721701711
1.6586756187627796
1.6580505996887114
1.6570505691702018
1.6568005615405743
1.656550553910947
1.655425519577624
1.6539254737998597
1.6530504470961638
1.6511753898739585
1.6501753593554491
1.6489253212073123
1.6475502792443617
1.6466752525406658
1.6451752067629017
1.6434251533555102
1.6416750999481187
1.639925046540727
1.6377999816888944
1.6356749168370617
1.6327998290963468
1.630799768059328
1.6301747489852596
1.6310497756889553
1.633674855800043
1.6381749931333354
1.6453002105777155
1.6546754966887418
1.6663008514664144
1.6783012176885281
1.6909266029847103
1.7019269386883145
1.7096771752067628
1.7134272896511735
1.712802270577105
1.7073021027253028
1.6966767784661398
1.6854264351329082
1.6709259926145208
1.6583006073183386
1.647050263985107
1.6371749626148258
1.6302997528000733
1.6262996307260353
1.625174596392712
1.6254246040223395
1.6270496536149175
1.630424756614887
1.6330498367259743
1.6354249092074344
1.638299996948149
1.6413000885036775
1.643050141911069
1.6444251838740198
1.6456752220221567
1.6478002868739892
1.6479252906888027
1.6493003326517535
1.6499253517258217
1.6505503707998903
1.6528004394665363
1.6528004394665363
1.653800469985046
1.6544254890591144
1.6560505386516924
1.6574255806146427
1.6586756187627796
1.6599256569109164
1.6613006988738672
1.6619257179479354
1.6624257332071901
1.6638007751701407
1.6650508133182775
1.6655508285775322
1.6666758629108556
1.6684259163182469
1.6685509201330608
1.668800927762688
1.669675954466384
1.6695509506515702
1.6689259315775018
1.669675954466384
1.6694259468367565
1.669175939207129
1.6694259468367565
1.669175939207129
1.6689259315775018
1.6683009125034334
1.6683009125034334
1.6670508743552965
1.6659258400219734
1.6658008362071597
1.6640507827997681
1.662800744651631
1.6620507217627492
1.6623007293923764
1.660925687429426
1.6596756492812892
1.6593006378368482
1.657800592059084
1.6566755577257606
1.6564255500961331
1.6556755272072514
1.6546754966887418
1.6548005005035553
1.6561755424665061
1.6544254890591144
1.6546754966887418
1.6553005157628102
1.6555505233924375
1.6555505233924375
1.6560505386516924
1.6563005462813196
1.6566755577257606
1.6576755882442702
1.6580505996887114
1.658550614947966
1.6590506302072208
1.6595506454664755
1.6601756645405439
1.659800653096103
1.6600506607257304
1.6591756340220343
1.6588006225775933
1.6581756035035249
1.6574255806146427
1.6566755577257606
1.6561755424665061
1.6549255043183693
1.6541754814294871
1.6526754356517228
1.6515504013183995
1.6504253669850764
1.649050325022126
1.647425275429548
1.645925229651784
1.645050202948088
1.6436751609851377
1.6418001037629322
1.6398000427259134
1.6374249702444532
1.6346748863185523
1.6329248329111608
1.6305497604297006
1.6299247413556321
1.6306747642445143
1.6327998290963468
1.6372999664296397
1.6448001953184606
1.653800469985046
1.6646758018738366
1.6765511642811366
1.6900515762810144
1.7015519272438735
1.709177159947508
1.7135522934659873
1.7134272896511735
1.708052125614185
1.6980518204290902
1.6860514542069764
1.6723010345774711
1.6584256111331521
1.6475502792443617
1.6385500045777766
1.6309247718741418
1.6269246498001038
1.6242995696890163
1.6250495925778985
1.6266746421704763
1.6294247260963775
1.632424817651906
1.6352999053926207
1.6381749931333354
1.6408000732444226
1.6424251228370008
1.6441751762443924
1.6458002258369702
1.6465502487258523
1.6479252906888027
1.6489253212073123
1.6498003479110082
1.6508003784295175
1.6513003936887722
1.6523004242072816
1.6536754661702324
1.6549255043183693
1.6556755272072514
1.6571755729850153
1.658550614947966
1.6596756492812892
1.6610506912442398
1.6621757255775629
1.6630507522812585
1.6644257942442091
1.6646758018738366
1.666050843836787
1.6665508590960418
1.6674258857997375
1.6683009125034334
1.6684259163182469
1.669675954466384
1.670050965910825
1.6704259773552659
1.670050965910825
1.6698009582811977
1.6695509506515702
1.6698009582811977
1.669175939207129
1.6689259315775018
1.6684259163182469
1.6679259010589922
1.6674258857997375
1.667300881984924
1.6650508133182775
1.6643007904293954
1.6634257637256997
1.6625507370220038
1.6616757103183082
1.660550675984985
1.6595506454664755
1.6588006225775933
1.6580505996887114
1.6575505844294565
1.6563005462813196
1.655800531022065
1.6546754966887418
1.654550492873928
1.6546754966887418
1.6551755119479965
1.6546754966887418
1.6553005157628102
1.6551755119479965
1.6555505233924375
1.6556755272072514
1.6566755577257606
1.6568005615405743
1.6573005767998292
1.6576755882442702
1.6583006073183386
1.6591756340220343
1.6594256416516617
1.659800653096103
1.659800653096103
1.6594256416516617
1.6593006378368482
1.6588006225775933
1.6584256111331521
1.657800592059084
1.656925565355388
1.6559255348368787
1.6551755119479965
1.6544254890591144
1.6531754509109775
1.6521754203924681
1.651050386059145
1.6491753288369395
1.6475502792443617
1.6461752372814111
1.6454252143925292
1.643925168614765
1.641925107577746
1.6405500656147955
1.6377999816888944
1.635174901577807
1.6330498367259743
1.6314247871333964
1.6305497604297006
1.6302997528000733
1.6327998290963468
1.6371749626148258
1.6438001647999512
1.6528004394665363
1.6639257789849544
1.675676137577441
1.6885515305032504
1.700551896725364
1.708802148503067
1.7133022858363598
1.7133022858363598
1.7084271370586261
1.6990518509475998
1.686676473281045
1.6734260689107945
1.660550675984985
1.6485503097628713
1.6384250007629628
1.6310497756889553
1.6266746421704763
1.6244245735038303
1.6245495773186438
1.6266746421704763
1.6301747489852596
1.6326748252815333
1.635924924466689
1.638299996948149
1.640675069429609
1.642675130466628
1.643925168614765
1.6455502182073427
1.6466752525406658
1.6479252906888027
1.649050325022126
1.6498003479110082
1.6521754203924681
1.6526754356517228
1.6524254280220954
1.6535504623554185
1.6543004852443006
1.6555505233924375
1.6576755882442702
1.6583006073183386
1.6595506454664755
1.6608006836146123
1.6620507217627492
1.6624257332071901
1.6636757713553272
1.664925809503464
1.6651758171330913
1.6670508743552965
1.6675508896145512
1.6684259163182469
1.668800927762688
1.669675954466384
1.669675954466384
1.669675954466384
1.6698009582811977
1.6701759697256386
1.669675954466384
1.6695509506515702
1.669300943021943
1.669675954466384
1.6683009125034334
1.6681759086886196
1.6669258705404828
1.666050843836787
1.6655508285775322
1.6640507827997681
1.662925748466445
1.6624257332071901
1.6615507065034945
1.6608006836146123
1.6596756492812892
1.6591756340220343
1.6580505996887114
1.6571755729850153
1.655800531022065
1.6560505386516924
1.6546754966887418
1.6546754966887418
1.6543004852443006
1.6544254890591144
1.6548005005035553
1.6548005005035553
1.6559255348368787
1.655425519577624
1.655800531022065
1.6563005462813196
1.6566755577257606
1.6570505691702018
1.657800592059084
1.6581756035035249
1.658925626392407
1.6594256416516617
1.6600506607257304
1.6600506607257304
1.6595506454664755
1.6593006378368482
1.6586756187627796
1.6580505996887114
1.6574255806146427
1.6568005615405743
1.6561755424665061
1.6550505081331828
1.6544254890591144
1.6530504470961638
1.6516754051332134
1.6506753746147038
1.6498003479110082
1.6480502945036166
1.6466752525406658
1.6453002105777155
1.643925168614765
1.6420501113925596
1.640300057985168
1.637924985503708
1.6354249092074344
1.6332998443556017
1.6314247871333964
1.6301747489852596
1.6305497604297006
1.6321748100222786
1.6365499435407576
1.6429251380962555
1.6519254127628407
1.6626757408368176
1.6743010956144901
1.6874264961699272
1.699301858577227
1.708177129428999
1.713177282021546
1.7136772972808008
1.709177159947508
1.700176885280923
1.688301522873623
1.6750511185033723
1.6611756950590533
1.6491753288369395
1.6398000427259134
1.6320498062074649
1.6270496536149175
1.6245495773186438
1.624924588763085
1.626424634540849
1.6289247108371228
1.6321748100222786
1.6354249092074344
1.637924985503708
1.6404250617999818
1.641925107577746
1.6441751762443924
1.6449251991332745
1.6469252601702933
1.6478002868739892
1.6488003173924985
1.6503003631702629
1.6511753898739585
1.651425397503586
1.6524254280220954
1.6531754509109775
1.6543004852443006
1.655425519577624
1.656925565355388
1.6583006073183386
1.6591756340220343
1.660550675984985
1.6618007141331217
1.6621757255775629
1.6638007751701407
1.664925809503464
1.665300820947905
1.6663008514664144
1.666800866725669
1.6679259010589922
1.669175939207129
1.669675954466384
1.6698009582811977
1.6699259620960112
1.6703009735404524
1.6699259620960112
1.669300943021943
1.6695509506515702
1.6704259773552659
1.6690509353923155
1.6684259163182469
1.6681759086886196
1.667300881984924
1.666425855281228
1.6654258247627187
1.6645507980590228
1.6634257637256997
1.6623007293923764
1.6614257026886807
1.6606756797997986
1.6604256721701711
1.6590506302072208
1.6581756035035249
1.6564255500961331
1.6563005462813196
1.6555505233924375
1.6551755119479965
1.6548005005035553
1.6560505386516924
1.6546754966887418
1.6551755119479965
1.6549255043183693
1.6553005157628102
1.6561755424665061
1.6561755424665061
1.6561755424665061
1.6568005615405743
1.6566755577257606
1.6575505844294565
1.6586756187627796
1.658925626392407
1.6603006683553576
1.6599256569109164
1.6596756492812892
1.6595506454664755
1.6593006378368482
1.6591756340220343
1.6584256111331521
1.6576755882442702
1.6570505691702018
1.6561755424665061
1.6559255348368787
1.6546754966887418
1.6531754509109775
1.651425397503586
1.651050386059145
1.6491753288369395
1.6478002868739892
1.6466752525406658
1.6455502182073427
1.6438001647999512
1.6424251228370008
1.6405500656147955
1.6384250007629628
1.6356749168370617
1.6332998443556017
1.6309247718741418
1.6299247413556321
1.6309247718741418
1.6327998290963468
1.6357999206518754
1.6423001190221869
1.6509253822443313
1.6614257026886807
1.6733010650959808
1.686676473281045
1.698176824243904
1.7075521103549303
1.7126772667622914
1.7143023163548692
1.710052186651204
1.7015519272438735
1.6895515610217597
1.6761761528366956
1.6626757408368176
1.6498003479110082
1.6404250617999818
1.6327998290963468
1.6281746879482406
1.6250495925778985
1.6255496078371532
1.6257996154667806
1.6286747032074953
1.6317997985778374
1.634424878688925
1.6377999816888944
1.6404250617999818
1.6424251228370008
1.6438001647999512
1.6473002716147345
1.6465502487258523
1.6484253059480574
1.649050325022126
1.6496753440961944
1.6505503707998903
1.6506753746147038
1.6523004242072816
1.6533004547257912
1.6544254890591144
1.6556755272072514
1.6571755729850153
1.6584256111331521
1.6596756492812892
1.660550675984985
1.6616757103183082
1.6631757560960723
1.6634257637256997
1.6646758018738366
1.6654258247627187
1.666050843836787
1.6669258705404828
1.6678008972441787
1.6686759239478743
1.6690509353923155
1.669675954466384
1.6701759697256386
1.6699259620960112
1.6698009582811977
1.6698009582811977
1.6699259620960112
1.6694259468367565
1.669175939207129
1.6686759239478743
1.6685509201330608
1.6674258857997375
1.6670508743552965
1.666050843836787
1.6643007904293954
1.6636757713553272
1.6621757255775629
1.6619257179479354
1.6603006683553576
1.6596756492812892
1.6590506302072208
1.6583006073183386
1.6576755882442702
1.655800531022065
1.655800531022065
1.655425519577624
1.654550492873928
1.6540504776146734
1.6544254890591144
1.6544254890591144
1.6549255043183693
1.6551755119479965
1.6549255043183693
1.6549255043183693
1.656925565355388
1.656550553910947
1.6576755882442702
1.6580505996887114
1.6584256111331521
1.6586756187627796
1.6594256416516617
1.6600506607257304
1.6599256569109164
1.6604256721701711
1.6593006378368482
1.6594256416516617
1.6581756035035249
1.6574255806146427
1.6573005767998292
1.6570505691702018
1.6559255348368787
1.6549255043183693
1.6535504623554185
1.6520504165776544
1.6509253822443313
1.649425336466567
1.6478002868739892
1.6469252601702933
1.6454252143925292
1.6449251991332745
1.6425501266518143
1.6408000732444226
1.6385500045777766
1.636674947355571
1.633549851985229
1.6319248023926511
1.630049745170446
1.6299247413556321
1.6317997985778374
1.6357999206518754
1.6415500961333047
1.6501753593554491
1.6601756645405439
1.6723010345774711
1.6854264351329082
1.6969267860957673
1.7065520798364209
1.7126772667622914
1.7136772972808008
1.710427198095645
1.7026769615771966
1.6906765953550829
1.677551194799646
1.6640507827997681
1.6515504013183995
1.6411750846888638
1.6327998290963468
1.627674672688986
1.6254246040223395
1.6246745811334575
1.6257996154667806
1.6286747032074953
1.6314247871333964
1.634424878688925
1.6370499588000123
1.6400500503555409
1.641925107577746
1.6433001495406965
1.645925229651784
1.6465502487258523
1.6473002716147345
1.6489253212073123
1.6496753440961944
1.6504253669850764
1.651425397503586
1.6524254280220954
1.6533004547257912
1.6540504776146734
1.6553005157628102
1.6566755577257606
1.6583006073183386
1.6591756340220343
1.660550675984985
1.6615507065034945
1.6631757560960723
1.663300759910886
1.6644257942442091
1.6650508133182775
1.666425855281228
1.666800866725669
1.6674258857997375
1.6685509201330608
1.669300943021943
1.669675954466384
1.6706759849848933
1.669675954466384
1.6699259620960112
1.669175939207129
1.6698009582811977
1.6689259315775018
1.6689259315775018
1.6685509201330608
1.6678008972441787
1.6679259010589922
1.666425855281228
1.666425855281228
1.664925809503464
1.6635507675405132
1.6625507370220038
1.6619257179479354
1.6608006836146123
1.6599256569109164
1.6593006378368482
1.658550614947966
1.6566755577257606
1.6560505386516924
1.656550553910947
1.6551755119479965
1.654550492873928
1.654550492873928
1.6548005005035553
1.6549255043183693
1.6546754966887418
1.6555505233924375
1.6549255043183693
1.6559255348368787
1.6561755424665061
1.6568005615405743
1.6571755729850153
1.6574255806146427
1.6593006378368482
1.6588006225775933
1.6591756340220343
1.6600506607257304
1.6596756492812892
1.6593006378368482
1.6596756492812892
1.6586756187627796
1.6584256111331521
1.6576755882442702
1.656925565355388
1.6563005462813196
1.655425519577624
1.6546754966887418
1.653425458540605
1.6529254432813503
1.6513003936887722
1.6504253669850764
1.6485503097628713
1.6469252601702933
1.6465502487258523
1.6440501724295786
1.6429251380962555
1.64105008087405
1.63867500839259
1.6364249397259438
1.633674855800043
1.6317997985778374
1.6301747489852596
1.6306747642445143
1.631674794763024
1.6349248939481797
1.6408000732444226
1.6489253212073123
1.6591756340220343
1.670800988799707
1.6833013702810755
1.6955517441328165
1.7055520493179113
1.712052247688223
1.7139273049104282
1.7113022247993408
1.7034269844660788
1.6924266487624744
1.6789262367625966
1.6656758323923462
1.652550431836909
1.6424251228370008
1.6337998596148564
1.6286747032074953
1.626049623096408
1.625299600207526
1.6250495925778985
1.6279246803186131
1.6314247871333964
1.6341748710592976
1.6367999511703848
1.639550035096286
1.6416750999481187
1.6429251380962555
1.6449251991332745
1.6463002410962249
1.647050263985107
1.6484253059480574
1.6499253517258217
1.6501753593554491
1.651050386059145
1.6519254127628407
1.6531754509109775
1.6539254737998597
1.6556755272072514
1.6566755577257606
1.6584256111331521
1.658925626392407
1.660550675984985
1.6608006836146123
1.6624257332071901
1.6631757560960723
1.6645507980590228
1.66480080568865
1.6661758476516009
1.6670508743552965
1.6678008972441787
1.6678008972441787
1.6698009582811977
1.669675954466384
1.6698009582811977
1.670050965910825
1.6701759697256386
1.6699259620960112
1.669675954466384
1.668800927762688
1.6689259315775018
1.6686759239478743
1.6685509201330608
1.6675508896145512
1.6669258705404828
1.666050843836787
1.664925809503464
1.6635507675405132
1.6626757408368176
1.6615507065034945
1.6600506607257304
1.659800653096103
1.6591756340220343
1.6584256111331521
1.6584256111331521
1.656550553910947
1.6560505386516924
1.6551755119479965
1.6549255043183693
1.6541754814294871
1.6544254890591144
1.6546754966887418
1.6546754966887418
1.6551755119479965
1.655425519577624
1.6560505386516924
1.6561755424665061
1.6563005462813196
1.6566755577257606
1.6573005767998292
1.6580505996887114
1.658925626392407
1.6593006378368482
1.6599256569109164
1.6600506607257304
1.6595506454664755
1.6595506454664755
1.6593006378368482
1.6583006073183386
1.6579255958738974
1.6570505691702018
1.6571755729850153
1.6553005157628102
1.6550505081331828
1.6535504623554185
1.652550431836909
1.651425397503586
1.6499253517258217
1.6481752983184301
1.647050263985107
1.6456752220221567
1.6448001953184606
1.643050141911069
1.6413000885036775
1.639550035096286
1.636674947355571
1.6340498672444839
1.6321748100222786
1.6302997528000733
1.6299247413556321
1.631674794763024
1.6345498825037386
1.6400500503555409
1.6468002563554796
1.6573005767998292
1.6694259468367565
1.6814263130588702
1.6940516983550522
1.7045520187994019
1.7113022247993408
1.7143023163548692
1.7115522324289683
1.7048020264290291
1.6939266945402387
1.6809262977996156
1.6678008972441787
1.6546754966887418
1.643925168614765
1.6350498977629933
1.6290497146519365
1.6254246040223395
1.625299600207526
1.625674611651967
1.627674672688986
1.6305497604297006
1.6337998596148564
1.6364249397259438
1.6394250312814722
1.6414250923184912
1.6429251380962555
1.6454252143925292
1.6465502487258523
1.6475502792443617
1.6481752983184301
1.6495503402813807
1.6495503402813807
1.651050386059145
1.6524254280220954
1.6531754509109775
1.6539254737998597
1.6549255043183693
1.6561755424665061
1.6579255958738974
1.6590506302072208
1.6603006683553576
1.6611756950590533
1.6620507217627492
1.662925748466445
1.6641757866145819
1.6650508133182775
1.6658008362071597
1.667300881984924
1.6674258857997375
1.6684259163182469
1.668800927762688
1.6694259468367565
1.6701759697256386
1.6698009582811977
1.670050965910825
1.6699259620960112
1.669675954466384
1.6698009582811977
1.6695509506515702
1.6683009125034334
1.6683009125034334
1.6679259010589922
1.6669258705404828
1.6659258400219734
1.66480080568865
1.6636757713553272
1.6626757408368176
1.6619257179479354
1.6608006836146123
1.6601756645405439
1.6599256569109164
1.6588006225775933
1.6576755882442702
1.6570505691702018
1.6563005462813196
1.6559255348368787
1.6551755119479965
1.6546754966887418
1.6544254890591144
1.6548005005035553
1.6546754966887418
1.6548005005035553
1.6550505081331828
1.655425519577624
1.6564255500961331
1.6560505386516924
1.6570505691702018
1.6579255958738974
1.6586756187627796
1.6586756187627796
1.6594256416516617
1.6601756645405439
1.659800653096103
1.6594256416516617
1.659800653096103
1.6586756187627796
1.6584256111331521
1.6581756035035249
1.656925565355388
1.6563005462813196
1.6553005157628102
1.6551755119479965
1.6539254737998597
1.6524254280220954
1.6511753898739585
1.6503003631702629
1.6484253059480574
1.647050263985107
1.6465502487258523
1.6451752067629017
1.6434251533555102
1.6414250923184912
1.6390500198370312
1.6372999664296397
1.634424878688925
1.632424817651906
1.6305497604297006
1.630799768059328
1.6310497756889553
1.6339248634296701
1.639550035096286
1.6471752677999205
1.6564255500961331
1.6679259010589922
1.6804262825403606
1.6933016754661703
1.704177007354961
1.7109272133548998
1.7139273049104282
1.712427259132664
1.7059270607623525
1.6949267250587483
1.6821763359477524
1.6683009125034334
1.6555505233924375
1.6441751762443924
1.6357999206518754
1.629674733726005
1.626049623096408
1.6245495773186438
1.6254246040223395
1.6277996765037996
1.6306747642445143
1.633674855800043
1.63629993591113
1.6390500198370312
1.6416750999481187
1.6431751457258827
1.6451752067629017
1.6458002258369702
1.6471752677999205
1.6481752983184301
1.6499253517258217
1.6500503555406356
1.651425397503586
1.6528004394665363
1.6536754661702324
1.653800469985046
1.6550505081331828
1.656925565355388
1.6579255958738974
1.6590506302072208
1.659800653096103
1.6618007141331217
1.6616757103183082
1.6635507675405132
1.6644257942442091
1.6645507980590228
1.6656758323923462
1.6675508896145512
1.6675508896145512
1.6683009125034334
1.669175939207129
1.669300943021943
1.6703009735404524
1.669675954466384
1.669675954466384
1.669675954466384
1.6698009582811977
1.669300943021943
1.6689259315775018
1.6685509201330608
1.6679259010589922
1.6679259010589922
1.6669258705404828
1.6661758476516009
1.66480080568865
1.6636757713553272
1.6625507370220038
1.6620507217627492
1.6613006988738672
1.6601756645405439
1.6595506454664755
1.6588006225775933
1.657800592059084
1.6576755882442702
1.6559255348368787
1.6551755119479965
1.6550505081331828
1.6546754966887418
1.6546754966887418
1.654550492873928
1.655425519577624
1.655425519577624
1.6553005157628102
1.6551755119479965
1.6560505386516924
1.6570505691702018
1.656550553910947
1.656925565355388
1.656925565355388
1.658550614947966
1.6594256416516617
1.6604256721701711
1.6596756492812892
1.6601756645405439
1.6594256416516617
1.6590506302072208
1.6590506302072208
1.6576755882442702
1.6571755729850153
1.6568005615405743
1.6559255348368787
1.654550492873928
1.6548005005035553
1.6533004547257912
1.6513003936887722
1.6496753440961944
1.6491753288369395
1.6466752525406658
1.6465502487258523
1.6444251838740198
1.6436751609851377
1.6415500961333047
1.6394250312814722
1.637549974059267
1.6345498825037386
1.632299813837092
1.630799768059328
1.6299247413556321
1.631674794763024
1.633674855800043
1.63867500839259
1.6465502487258523
1.6555505233924375
1.6669258705404828
1.6794262520218513
1.6926766563921019
1.7026769615771966
1.7105522019104589
1.7143023163548692
1.7129272743919186
1.7063020722067934
1.6953017365031893
1.6834263740958892
1.6695509506515702
1.656550553910947
1.645050202948088
1.636674947355571
1.6295497299111912
1.6262996307260353
1.6254246040223395
1.6250495925778985
1.627674672688986
1.6306747642445143
1.633174840540788
1.6360499282815029
1.6389250160222175
1.6415500961333047
1.6428001342814416
1.6445501876888333
1.645050202948088
1.647050263985107
1.6481752983184301
1.649425336466567
1.6498003479110082
1.6515504013183995
1.6520504165776544
1.6531754509109775
1.6535504623554185
1.6546754966887418
1.656925565355388
1.6576755882442702
1.6591756340220343
1.660550675984985
1.6611756950590533
1.660925687429426
1.6635507675405132
1.6640507827997681
1.664925809503464
1.6659258400219734
1.6666758629108556
1.668800927762688
1.6684259163182469
1.669175939207129
1.6694259468367565
1.6698009582811977
1.669675954466384
1.6699259620960112
1.6698009582811977
1.6695509506515702
1.6695509506515702
1.6699259620960112
1.668800927762688
1.6684259163182469
1.6685509201330608
1.6666758629108556
1.6661758476516009
1.6651758171330913
1.6640507827997681
1.662925748466445
1.6621757255775629
1.6616757103183082
1.660925687429426
1.658925626392407
1.658550614947966
1.6576755882442702
1.656925565355388
1.6561755424665061
1.655800531022065
1.6546754966887418
1.654550492873928
1.6544254890591144
1.6548005005035553
1.654550492873928
1.6553005157628102
1.6553005157628102
1.6563005462813196
1.6561755424665061
1.6568005615405743
1.6568005615405743
1.6574255806146427
1.6583006073183386
1.6586756187627796
1.6588006225775933
1.6600506607257304
1.6599256569109164
1.6593006378368482
1.6588006225775933
1.6593006378368482
1.6588006225775933
1.6580505996887114
1.6573005767998292
1.656925565355388
1.655800531022065
1.6550505081331828
1.6541754814294871
1.6528004394665363
1.6516754051332134
1.6501753593554491
1.6495503402813807
1.6473002716147345
1.6463002410962249
1.6454252143925292
1.6433001495406965
1.6418001037629322
1.639550035096286
1.6374249702444532
1.6347998901333658
1.6326748252815333
1.630799768059328
1.6299247413556321
1.6312997833185827
1.6337998596148564
1.63867500839259
1.6456752220221567
1.6556755272072514
1.6669258705404828
1.6798012634662924
1.6918016296884062
1.7028019653920103
1.710427198095645
1.7140523087252417
1.7125522629474779
1.7066770836512346
1.695801751762444
1.683926389355144
1.670050965910825
1.6559255348368787
1.6455502182073427
1.6367999511703848
1.629674733726005
1.6262996307260353
1.6244245735038303
1.6255496078371532
1.6267996459852903
1.630049745170446
1.6332998443556017
1.63629993591113
1.6396750389110997
1.6415500961333047
1.6431751457258827
1.6451752067629017
1.6463002410962249
1.6473002716147345
1.6481752983184301
1.649425336466567
1.6505503707998903
1.6516754051332134
1.6520504165776544
1.6526754356517228
1.653800469985046
1.6548005005035553
1.6564255500961331
1.656925565355388
1.6586756187627796
1.6596756492812892
1.6618007141331217
1.6620507217627492
1.662925748466445
1.6646758018738366
1.66480080568865
1.665300820947905
1.6663008514664144
1.6679259010589922
1.6683009125034334
1.668800927762688
1.6694259468367565
1.6695509506515702
1.6704259773552659
1.6701759697256386
1.6698009582811977
1.6694259468367565
1.669675954466384
1.6683009125034334
1.6683009125034334
1.668050904873806
1.6683009125034334
1.6670508743552965
1.6670508743552965
1.6651758171330913
1.6640507827997681
1.6634257637256997
1.6625507370220038
1.6611756950590533
1.6603006683553576
1.659800653096103
1.6586756187627796
1.6580505996887114
1.6561755424665061
1.6561755424665061
1.6555505233924375
1.6546754966887418
1.6543004852443006
1.6544254890591144
1.6544254890591144
1.6548005005035553
1.6553005157628102
1.6550505081331828
1.6543004852443006
1.655800531022065
1.6561755424665061
1.6566755577257606
1.6573005767998292
1.6581756035035249
1.658925626392407
1.6588006225775933
1.6594256416516617
1.660550675984985
