1.5970487380596332
1.5956736960966826
1.5939236426892909
1.592423596911527
1.5911735587633902
1.5900485244300668
1.5891734977263712
1.588423474837489
1.5871734366893522
1.5859233985412151
1.5849233680227057
1.58404834131901
1.582923306985687
1.5822982879116183
1.58167326883755
1.581298257393109
1.5802982268745993
1.5801732230597858
1.580048219244972
1.57929819635609
1.5786731772820215
1.5785481734672078
1.5784231696523943
1.5776731467635121
1.5776731467635121
1.5770481276894437
1.5771731315042574
1.5767981200598165
1.5780481582079533
1.5770481276894437
1.5770481276894437
1.5767981200598165
1.5764231086153753
1.5760480971709343
1.5762981048005615
1.5764231086153753
1.5766731162450025
1.5770481276894437
1.5774231391338847
1.5766731162450025
1.5774231391338847
1.5770481276894437
1.5772981353190711
1.576548112430189
1.5772981353190711
1.5774231391338847
1.5776731467635121
1.5775481429486986
1.5780481582079533
1.57929819635609
1.5780481582079533
1.5787981810968352
1.5785481734672078
1.5786731772820215
1.5787981810968352
1.5790481887264625
1.578923184911649
1.5791731925412764
1.5801732230597858
1.5801732230597858
1.5801732230597858
1.5807982421338542
1.5806732383190405
1.5805482345042268
1.580923245948668
1.5810482497634815
1.5807982421338542
1.581298257393109
1.58167326883755
1.582048280281991
1.5822982879116183
1.582048280281991
1.5824232917264323
1.5822982879116183
1.582048280281991
1.5826732993560595
1.5830483108005005
1.583298318430128
1.5835483260597554
1.58404834131901
1.58404834131901
1.58404834131901
1.5841733451338236
1.5841733451338236
1.5846733603930783
1.5846733603930783
1.5851733756523332
1.5851733756523332
1.5851733756523332
1.5855483870967744
1.5862984099856563
1.5859233985412151
1.58642341380047
1.5856733909115879
1.586048402356029
1.5867984252449112
1.5867984252449112
1.5869234290597247
1.5875484481337934
1.5877984557634206
1.587923459578234
1.5877984557634206
1.5876734519486069
1.5881734672078616
1.5877984557634206
1.587923459578234
1.5885484786523028
1.58879848628193
1.5892985015411847
1.5895485091708121
1.5894235053559984
1.5895485091708121
1.5896735129856259
1.5897985168004394
1.5900485244300668
1.5896735129856259
1.589923520615253
1.590298532059694
1.5905485396893215
1.5910485549485762
1.5914235663930174
1.5910485549485762
1.5915485702078311
1.5914235663930174
1.5917985778374584
1.5917985778374584
1.5916735740226449
1.5920485854670858
1.592298593096713
1.592298593096713
1.5930486159855952
1.5929236121707817
1.5929236121707817
1.5934236274300364
1.5932986236152227
1.5934236274300364
1.5936736350596639
1.594298654133732
1.5940486465041048
1.5941736503189183
1.595173680837428
1.5949236732078005
1.5945486617633595
1.5945486617633595
1.595173680837428
1.5950486770226142
1.594798669392987
1.5954236884670552
1.5957986999114964
1.5959237037263099
1.5961737113559373
1.596298715170751
1.5964237189855648
1.596298715170751
1.5965487228003785
1.596798730430006
1.5961737113559373
1.596798730430006
1.5970487380596332
1.5972987456892607
1.5976737571337016
1.5977987609485154
1.5972987456892607
1.5977987609485154
1.5977987609485154
1.5980487685781428
1.5979237647633289
1.5980487685781428
1.5984237800225838
1.598673787652211
1.598798791467025
1.598673787652211
1.5990487990966522
1.599173802911466
1.5996738181707206
1.599173802911466
1.5990487990966522
1.599548814355907
1.5996738181707206
1.6001738334299753
1.6001738334299753
1.6004238410596028
1.601048860133671
1.6019238868373669
1.6015488753929257
1.601173863948485
1.6009238563188575
1.601173863948485
1.6020488906521806
1.6017988830225531
1.6025489059114353
1.602673909726249
1.60304892117069
1.6029239173558765
1.6035489364299447
1.6039239478743859
1.6045489669484543
1.6044239631336406
1.6051739860225227
1.6059240089114046
1.6062990203558458
1.6077990661336101
1.6084240852076785
1.6091741080965607
1.61017413861507
1.610549150059511
1.611799188207648
1.6126742149113438
1.614549272133549
1.6161743217261269
1.6180493789483323
1.6196744285409101
1.6217994933927427
1.6231745353556932
1.625299600207526
1.6274246650593585
1.6295497299111912
1.6320498062074649
1.6350498977629933
1.6374249702444532
1.640675069429609
1.6435501571703237
1.6464252449110386
1.6499253517258217
1.6535504623554185
1.6566755577257606
1.6603006683553576
1.6641757866145819
1.6679259010589922
1.6720510269478437
1.6764261604663229
1.681551316873684
1.6858014465773492
1.6901765800958282
1.6951767326883755
1.700551896725364
1.7046770226142156
1.710427198095645
1.715177343058565
1.7201774956511124
1.7251776482436598
1.7304278084658344
1.7350529496139409
1.7391780755027926
1.743678212836085
1.7479283425397505
1.7519284646137883
1.755553575243385
1.759178685872982
1.762803796502579
1.7656788842432936
1.7680539567247535
1.7708040406506547
1.7731791131321146
1.7745541550950652
1.7759291970580158
1.7769292275765252
1.7779292580950348
1.7783042695394757
1.7778042542802208
1.7779292580950348
1.7776792504654073
1.776679219946898
1.7751791741691336
1.774179143650624
1.7719290749839778
1.7696790063173315
1.7665539109469892
1.7643038422803432
1.7606787316507462
1.7578036439100315
1.7543035370952484
1.7503034150212105
1.7464282967619862
1.7423031708731347
1.7369280068361461
1.7328028809472946
1.7280527359843745
1.7228025757621999
1.7183024384289072
1.7136772972808008
1.708177129428999
1.7030519730216378
1.6986768395031586
1.693426679280984
1.689051545762505
1.684301400799585
1.6785512253181556
1.6738010803552354
1.669300943021943
1.6644257942442091
1.6608006836146123
1.656550553910947
1.652550431836909
1.6485503097628713
1.6445501876888333
1.6409250770592365
1.6376749778740807
1.6340498672444839
1.6309247718741418
1.628424695577868
1.625299600207526
1.6222995086519973
1.6204244514297923
1.6180493789483323
1.6162993255409406
1.6136742454298534
1.6120491958372754
1.6102991424298836
1.6091741080965607
1.6076740623187964
1.607049043244728
1.6055489974669637
1.6044239631336406
1.603173924985504
1.6025489059114353
1.6017988830225531
1.6015488753929257
1.5994238105410932
1.599548814355907
1.599173802911466
1.598673787652211
1.5979237647633289
1.5975487533188881
1.5964237189855648
1.5950486770226142
1.5941736503189183
1.5929236121707817
1.5912985625782037
1.5890484939115572
1.5867984252449112
1.585298379467147
1.5817982726523636
1.5790481887264625
1.5739230323191016
1.5691728873561817
1.5636727195043794
1.5569225135044404
1.5494222846156194
1.5421720633564255
1.534921842097232
1.5280466322824793
1.5200463881344035
1.5134211859492783
1.5076710104678488
1.502420850245674
1.4975457014679403
1.496045655690176
1.4957956480605488
1.4977957090975678
1.5032958769493698
1.5114211249122593
1.5236714987640003
1.5382969450972015
1.5580475478377636
1.5819232764671776
1.6102991424298836
1.6433001495406965
1.6816763206884975
1.7223025605029452
1.7680539567247535
1.817055452131718
1.868557023834956
1.9220586565752127
1.9761853083895384
2.029561937314982
2.081813531907102
2.130815027314066
2.1756913968321787
2.213692556535539
2.2466935636463514
2.270819299905393
2.2863197729422895
2.289819879757073
2.268819238868374
2.254568803979614
2.2316931058687097
2.2010671712393566
2.162065981017487
2.11568956572161
2.0653130283516954
2.010686361278115
1.953684621723075
1.895932859279153
1.8385561082796718
1.7814293649098176
1.726302682576983
1.6738010803552354
1.6259246192815942
1.5814232612079226
1.5421720633564255
1.5070459913937804
1.4774200872829373
1.452544328135014
1.4336687520981475
1.4184182866908779
1.408542985320597
1.4012927640614032
1.3986676839503158
1.3999177220984527
1.4044178594317454
1.4114180730613117
1.4201683400982696
1.4305436567278056
1.4417940000610372
1.4535443586535233
1.465544724875637
1.4776700949125645
1.4890454420606098
1.500045777764214
1.509546067690054
1.51992138431959
1.5284216437269205
1.535671864986114
1.5426720786156805
1.5480472426526688
1.5530473952452162
1.556797509689627
1.559922605059969
1.5629226966154972
1.5656727805413984
1.567797845393231
1.5696729026154363
1.5710479445783867
1.5724229865413375
1.5734230170598467
1.5742980437635425
1.5747980590227975
1.5746730552079835
1.5759230933561206
1.5757980895413068
1.5761731009857478
1.5766731162450025
1.5776731467635121
1.5781731620227668
1.5781731620227668
1.5790481887264625
1.5795482039857174
1.579673207800531
1.5801732230597858
1.5806732383190405
1.5817982726523636
1.5830483108005005
1.5837983336893826
1.5847983642078922
1.5865484176152838
1.5874234443189794
1.5889234900967437
1.5896735129856259
1.5910485549485762
1.5914235663930174
1.5932986236152227
1.5941736503189183
1.596298715170751
1.5976737571337016
1.5992988067262794
1.6012988677632984
1.6027989135410627
1.6039239478743859
1.6060490127262186
1.6077990661336101
1.6100491348002564
1.6120491958372754
1.6139242530594806
1.616924344615009
1.6187994018372145
1.6224245124668113
1.6236745506149481
1.6262996307260353
1.6290497146519365
1.631674794763024
1.6347998901333658
1.6376749778740807
1.64105008087405
1.6445501876888333
1.6475502792443617
1.6515504013183995
1.6548005005035553
1.657800592059084
1.6616757103183082
1.6661758476516009
1.6689259315775018
1.673176061281167
1.6773011871700187
1.6803012787255471
1.6856764427625355
1.6898015686513872
1.6945517136143071
1.6986768395031586
1.7039269997253335
1.7073021027253028
1.7115522324289683
1.7163023773918882
1.7220525528733177
1.726302682576983
1.731427838984344
1.7356779686880093
1.7406781212805567
1.7449282509842219
1.749678395947142
1.7546785485396894
1.7589286782433546
1.763928830835902
1.7689289834284494
1.7730541093173011
1.778554277169103
1.782929410687582
1.7873045442060609
1.79167967772454
1.7959298074282053
1.8001799371318705
1.8040550553910948
1.80830518509476
1.8126803186132388
1.8169304483169042
1.8203055513168738
1.824555681020539
1.8279307840205086
1.8310558793908505
1.8343059785760063
1.8369310586870937
1.8396811426129949
1.8420562150944548
1.844681295205542
1.846681356242561
1.8489314249092075
1.85105648976104
1.8529315469832455
1.8543065889461958
1.855431623279519
1.856181646168401
1.857431684316538
1.8571816766869107
1.8584317148350475
1.8578066957609791
1.8575566881313517
1.8576816919461654
1.857056672872097
1.8560566423535876
1.8551816156498917
1.8539315775017549
1.8520565202795496
1.8503064668721578
1.8484314096499528
1.846681356242561
1.844306283761101
1.8420562150944548
1.8401811578722496
1.8366810510574663
1.8343059785760063
1.8299308450575276
1.826930753501999
1.82255561998352
1.8195555284279916
1.8156804101687674
1.8116802880947296
1.8073051545762506
1.8034300363170261
1.8000549333170568
1.7946797692800684
1.7895546128727073
1.7853044831690421
1.7800543229468673
1.775429181798761
1.7706790368358412
1.7664289071321757
1.7605537278359324
1.7563035981322672
1.7513034455397198
1.7461782891323587
1.7415531479842525
1.7363029877620777
1.7311778313547166
1.7261776787621694
1.7218025452436905
1.716427381206702
1.7118022400585957
1.7073021027253028
1.7026769615771966
1.6975518051698355
1.6925516525772883
1.6885515305032504
1.6845514084292124
1.6790512405774103
1.6749261146885588
1.6715510116885892
1.6663008514664144
1.6626757408368176
1.6586756187627796
1.6551755119479965
1.651050386059145
1.6475502792443617
1.6436751609851377
1.6396750389110997
1.63629993591113
1.633674855800043
1.6310497756889553
1.627299661244545
1.6246745811334575
1.622924527726066
1.6194244209112827
1.6164243293557543
1.614174260689108
1.611424176763207
1.6091741080965607
1.6076740623187964
1.6055489974669637
1.6029239173558765
1.6016738792077396
1.5997988219855341
1.5977987609485154
1.5959237037263099
1.594673665578173
1.5929236121707817
1.5917985778374584
1.590423535874508
1.5891734977263712
1.588048463393048
1.5876734519486069
1.5861734061708426
1.5850483718375195
1.5839233375041963
1.5836733298745689
1.5821732840968048
1.5817982726523636
1.5822982879116183
1.580923245948668
1.5802982268745993
1.5801732230597858
1.5797982116153446
1.578923184911649
1.5786731772820215
1.5785481734672078
1.5776731467635121
1.5774231391338847
1.5772981353190711
1.5767981200598165
1.5770481276894437
1.5770481276894437
1.5771731315042574
1.5777981505783258
1.5775481429486986
1.576548112430189
1.5764231086153753
1.5757980895413068
1.5760480971709343
1.576548112430189
1.5766731162450025
1.5767981200598165
1.5774231391338847
1.5771731315042574
1.5772981353190711
1.5770481276894437
1.5771731315042574
1.5767981200598165
1.5772981353190711
1.5777981505783258
1.5776731467635121
1.5777981505783258
1.5784231696523943
1.5782981658375803
1.5784231696523943
1.5782981658375803
1.5781731620227668
1.5784231696523943
1.5786731772820215
1.57929819635609
1.57929819635609
1.580048219244972
1.5805482345042268
1.5806732383190405
1.5801732230597858
1.5801732230597858
1.5805482345042268
1.5802982268745993
1.5805482345042268
1.580923245948668
1.5811732535782954
1.5814232612079226
1.582048280281991
1.58167326883755
1.582048280281991
1.5822982879116183
1.5824232917264323
1.5821732840968048
1.5826732993560595
1.5822982879116183
1.582923306985687
1.5835483260597554
1.5837983336893826
1.5835483260597554
1.58404834131901
1.58404834131901
1.5836733298745689
1.5847983642078922
1.5846733603930783
1.5846733603930783
1.585298379467147
1.5855483870967744
1.5856733909115879
1.5866734214300973
1.5861734061708426
1.586048402356029
1.58642341380047
1.5859233985412151
1.586048402356029
1.586048402356029
1.5866734214300973
1.5870484328745385
1.5875484481337934
1.587923459578234
1.5877984557634206
1.5877984557634206
1.587923459578234
1.5881734672078616
1.588423474837489
1.5886734824671163
1.5890484939115572
1.5892985015411847
1.5896735129856259
1.5897985168004394
1.5890484939115572
1.5896735129856259
1.5896735129856259
1.590423535874508
1.5900485244300668
1.590298532059694
1.590298532059694
1.590423535874508
1.5909235511337627
1.5917985778374584
1.5915485702078311
1.5906735435041353
1.5912985625782037
1.592298593096713
1.5916735740226449
1.591923581652272
1.592298593096713
1.5926736045411543
1.592798608355968
1.5929236121707817
1.592798608355968
1.5930486159855952
1.5929236121707817
1.5926736045411543
1.5935486312448501
1.5934236274300364
1.5937986388744774
1.5939236426892909
1.5941736503189183
1.5945486617633595
1.594798669392987
1.5944236579485458
1.5949236732078005
1.5959237037263099
1.5949236732078005
1.594798669392987
1.595173680837428
1.5949236732078005
1.5956736960966826
1.5955486922818691
1.596298715170751
1.5961737113559373
1.5960487075411238
1.596298715170751
1.596673726615192
1.5959237037263099
1.5969237342448195
1.596798730430006
1.597173741874447
1.5975487533188881
1.5979237647633289
1.5975487533188881
1.5975487533188881
1.598673787652211
1.5977987609485154
1.5976737571337016
1.5981737723929563
1.598798791467025
1.598673787652211
1.598673787652211
1.5997988219855341
1.6001738334299753
1.5989237952818385
1.599173802911466
1.5996738181707206
1.5994238105410932
1.5994238105410932
1.5997988219855341
1.6005488448744163
1.6000488296151616
1.6005488448744163
1.6005488448744163
1.6007988525040437
1.60067384868923
1.6014238715781122
1.601048860133671
1.6015488753929257
1.6020488906521806
1.6021738944669943
1.602673909726249
1.603173924985504
1.60304892117069
1.6037989440595721
1.6035489364299447
1.6037989440595721
1.6040489516891996
1.6042989593188268
1.605048982207709
1.6056740012817774
1.6062990203558458
1.6072990508743554
1.6075490585039827
1.6091741080965607
1.6095491195410014
1.610549150059511
1.6115491805780204
1.61254921109653
1.614174260689108
1.6157993102816859
1.6166743369853815
1.6194244209112827
1.6207994628742333
1.62204950102237
1.6246745811334575
1.6267996459852903
1.6285496993926818
1.6309247718741418
1.6332998443556017
1.6365499435407576
1.639550035096286
1.6424251228370008
1.6458002258369702
1.6486753135776848
1.6520504165776544
1.655425519577624
1.6590506302072208
1.662925748466445
1.6666758629108556
1.670800988799707
1.6750511185033723
1.6796762596514787
1.6844264046143986
1.6891765495773186
1.6931766716513565
1.6984268318735312
1.7033019806512648
1.7084271370586261
1.7134272896511735
1.7188024536881619
1.7236776024658955
1.7284277474288157
1.7331778923917356
1.7380530411694692
1.7423031708731347
1.7468033082064272
1.7503034150212105
1.754428540910062
1.7578036439100315
1.7611787469100009
1.7649288613544114
1.7673039338358714
1.7700540177617725
1.7724290902432325
1.7748041627246927
1.7753041779839474
1.7768042237617114
1.777054231391339
1.7778042542802208
1.7783042695394757
1.7783042695394757
1.7776792504654073
1.7771792352061526
1.7756791894283883
1.7740541398358105
1.772304086428419
1.7701790215765862
1.7674289376506853
1.7646788537247842
1.7624287850581377
1.758803674428541
1.755178563798944
1.7515534531693473
1.7485533616138187
1.7434282052064578
1.739303079317606
1.734302926725059
1.7295527817621388
1.7245526291695914
1.7196774803918575
1.7150523392437513
1.7099271828363902
1.7050520340586566
1.7000518814661092
1.6948017212439344
1.6898015686513872
1.6849264198736535
1.6801762749107334
1.6758011413922544
1.670800988799707
1.6670508743552965
1.6616757103183082
1.6573005767998292
1.653800469985046
1.6496753440961944
1.6460502334665976
1.6418001037629322
1.6381749931333354
1.6349248939481797
1.631674794763024
1.628424695577868
1.6259246192815942
1.6235495468001342
1.621299478133488
1.6191744132816552
1.616549333170568
1.6147992797631765
1.6126742149113438
1.6109241615039522
1.6091741080965607
1.6082990813928648
1.6071740470595417
1.6065490279854733
1.605048982207709
1.6047989745780817
1.6029239173558765
1.6016738792077396
1.6012988677632984
1.5999238258003479
1.599548814355907
1.598798791467025
1.5985487838373975
1.5975487533188881
1.5974237495040742
1.5964237189855648
1.5956736960966826
1.594673665578173
1.5934236274300364
1.5915485702078311
1.5896735129856259
1.5877984557634206
1.5859233985412151
1.5826732993560595
1.5787981810968352
1.5747980590227975
1.5700479140598773
1.5646727500228887
1.558297555467391
1.5510473342081972
1.5439221167638173
1.5367968993194372
1.5292966704306161
1.52229645680105
1.5150462355418564
1.5089210486159856
1.5032958769493698
1.4986707358012636
1.4964206671346172
1.4954206366161078
1.4971706900234993
1.5015458235419783
1.5100460829493088
1.5201713919492172
1.5344218268379772
1.5534224066896571
1.5760480971709343
1.6032989288003174
1.635174901577807
1.671676015503403
1.7119272438734092
1.7581786553544725
1.805555101168859
1.8569316690572832
1.909808282723472
1.9639349345377972
2.0188116092410047
2.0706881923886837
2.1208147221289715
2.166691122165594
2.206317331461532
2.2404433729056676
2.267444196905423
2.283819696646016
2.2916949369792783
2.27106930753502
2.2576938993499556
2.237318277535325
2.208442396313364
2.1711912594988863
2.126064882351146
2.0763133640552995
2.0220617084261607
1.9660599993896297
1.9075582140568255
1.8498064516129031
1.7923046967986085
1.7371780144657736
1.6840513931699574
1.6352999053926207
1.5896735129856259
1.549547288430433
1.5137961973937193
1.4827952513199256
1.4572944730979338
1.4372938627277445
1.421168370616779
1.409793023468734
1.4024177983947264
1.399042695394757
1.3996677144688254
1.4036678365428634
1.4095430158391065
1.4182932828760644
1.4284185918759726
1.439043916135136
1.4515442976165045
1.463169652394177
1.4752950224311043
1.4870453810235909
1.497670705282754
1.5074210028382216
1.5176713156529436
1.5262965788750877
1.5344218268379772
1.5407970213934752
1.5467972045045322
1.5517973570970793
1.556672505874813
1.5601726126895963
1.5620476699118016
1.5647977538377027
1.5671728263191627
1.5686728720969267
1.5706729331339457
1.5716729636524553
1.5735480208746606
1.5739230323191016
1.5744230475783563
1.5750480666524247
1.5751730704672384
1.5754230780968657
1.5757980895413068
1.5766731162450025
1.57692312387463
1.5772981353190711
1.5781731620227668
1.5786731772820215
1.5790481887264625
1.579673207800531
1.5801732230597858
1.5802982268745993
1.581298257393109
1.5824232917264323
1.583298318430128
1.5846733603930783
1.586048402356029
1.5870484328745385
1.588048463393048
1.5889234900967437
1.590423535874508
1.591923581652272
1.5929236121707817
1.5941736503189183
1.595173680837428
1.5972987456892607
1.598798791467025
1.6005488448744163
1.6022988982818078
1.6036739402447586
1.6059240089114046
1.6077990661336101
1.6092991119113744
1.6116741843928344
1.6144242683187355
1.6166743369853815
1.618549394207587
1.6211744743186742
1.6237995544297616
1.6262996307260353
1.6287997070223093
1.631674794763024
1.6345498825037386
1.6376749778740807
1.6400500503555409
1.6438001647999512
1.6465502487258523
1.6504253669850764
1.6549255043183693
1.6573005767998292
1.660925687429426
1.6645507980590228
1.6683009125034334
1.6728010498367258
1.6770511795403913
1.680676290169988
1.684676412244026
1.689426557206946
1.6936766869106112
1.6980518204290902
1.7020519425031282
1.706927091280862
1.7113022247993408
1.7161773735770747
1.7211775261696218
1.7255526596881008
1.730302804651021
1.7350529496139409
1.739803094576861
1.7440532242805262
1.7489283730582599
1.7538035218359938
1.7580536515396588
1.7631788079470199
1.7675539414654988
1.77267909787286
1.777054231391339
1.7821793877986998
1.78692953276162
1.7910546586504716
1.7950547807245094
1.7994299142429884
1.8040550553910948
1.8081801812799463
1.812305307168798
1.8169304483169042
1.819430524613178
1.8235556505020296
1.8268057496871855
1.8303058565019683
1.8334309518723106
1.8355560167241434
1.8391811273537402
1.8415561998352001
1.8441812799462873
1.8475563829462571
1.849181432538835
1.851181493575854
1.852681539353618
1.8543065889461958
1.8549316080202642
1.856181646168401
1.8568066652424697
1.8573066805017244
1.85818170720542
1.8571816766869107
1.8578066957609791
1.8578066957609791
1.8569316690572832
1.8560566423535876
1.8549316080202642
1.8536815698721276
1.852681539353618
1.8504314706869718
1.849181432538835
1.846806360057375
1.8444312875759148
1.8415561998352001
1.840306161687063
1.837306070131535
1.8334309518723106
1.8306808679464095
1.8273057649464401
1.8230556352427747
1.8195555284279916
1.8159304177983948
1.8115552842799159
1.8080551774651326
1.8045550706503495
1.7999299295022433
1.7951797845393231
1.7904296395764032
1.7859295022431105
1.7810543534653769
1.776179204687643
1.7713040559099094
1.7661788995025482
1.7616787621692556
1.757553636280404
1.7521784722434155
1.7469283120212409
1.741678151799066
1.7366779992065189
1.7315528427991578
1.7273027130954923
1.7216775414288765
1.7165523850215156
1.712052247688223
1.7075521103549303
1.7023019501327556
1.6979268166142767
1.6936766869106112
1.6891765495773186
1.6840513931699574
1.679551255836665
1.675551133762627
1.6706759849848933
1.6670508743552965
1.662925748466445
1.6591756340220343
1.6546754966887418
1.6508003784295175
1.647425275429548
1.6438001647999512
1.6401750541703544
1.6367999511703848
1.634299874874111
1.630799768059328
1.627674672688986
1.624924588763085
1.6225495162816248
1.618549394207587
1.6164243293557543
1.6144242683187355
1.611799188207648
1.6092991119113744
1.6077990661336101
1.6052989898373364
1.6034239326151312
1.6021738944669943
1.5996738181707206
1.5980487685781428
1.5965487228003785
1.5950486770226142
1.5929236121707817
1.5917985778374584
1.5906735435041353
1.5895485091708121
1.5885484786523028
1.5881734672078616
1.5866734214300973
1.585298379467147
1.584423352763451
1.5841733451338236
1.582923306985687
1.5819232764671776
1.58167326883755
1.5811732535782954
1.5802982268745993
1.5802982268745993
1.5797982116153446
1.57929819635609
1.5785481734672078
1.5782981658375803
1.5779231543931396
1.5782981658375803
1.5776731467635121
1.5772981353190711
1.57692312387463
1.5770481276894437
1.5771731315042574
1.5774231391338847
1.576548112430189
1.5767981200598165
1.5770481276894437
1.57692312387463
1.5766731162450025
1.5766731162450025
1.5766731162450025
1.5767981200598165
1.5771731315042574
1.5771731315042574
1.57692312387463
1.5770481276894437
1.5770481276894437
1.57692312387463
1.57692312387463
1.5774231391338847
1.5776731467635121
1.5776731467635121
1.5784231696523943
1.5780481582079533
1.5781731620227668
1.5780481582079533
1.5784231696523943
1.5781731620227668
1.5787981810968352
1.5786731772820215
1.5791731925412764
1.5795482039857174
1.580048219244972
1.580048219244972
1.5799232154301586
1.5805482345042268
1.5801732230597858
1.5804232306894133
1.5804232306894133
1.580923245948668
1.581298257393109
1.5811732535782954
1.5819232764671776
1.5819232764671776
1.5817982726523636
1.5824232917264323
1.5821732840968048
1.582048280281991
1.5822982879116183
1.582923306985687
1.5826732993560595
1.583298318430128
1.5841733451338236
1.583298318430128
1.5835483260597554
1.5839233375041963
1.58404834131901
1.5837983336893826
1.58404834131901
1.5847983642078922
1.5850483718375195
1.5851733756523332
1.5854233832819604
1.5856733909115879
1.586048402356029
1.58642341380047
1.5861734061708426
1.5861734061708426
1.586048402356029
1.58642341380047
1.5862984099856563
1.5866734214300973
1.5874234443189794
1.587923459578234
1.5876734519486069
1.587923459578234
1.5877984557634206
1.5885484786523028
1.588048463393048
1.588048463393048
1.5886734824671163
1.5885484786523028
1.5892985015411847
1.589923520615253
1.5897985168004394
1.5895485091708121
1.5901735282448806
1.5901735282448806
1.5896735129856259
1.5901735282448806
1.5906735435041353
1.5905485396893215
1.590798547318949
1.5915485702078311
1.5911735587633902
1.5915485702078311
1.5915485702078311
1.591923581652272
1.5921735892818996
1.5911735587633902
1.5914235663930174
1.5925486007263405
1.5925486007263405
1.5930486159855952
1.5930486159855952
1.5926736045411543
1.5932986236152227
1.5931736198004092
1.5931736198004092
1.5932986236152227
1.5937986388744774
1.5936736350596639
1.5941736503189183
1.5945486617633595
1.594673665578173
1.5950486770226142
1.594673665578173
1.594798669392987
1.594798669392987
1.5949236732078005
1.5954236884670552
1.5954236884670552
1.5955486922818691
1.5959237037263099
1.5954236884670552
1.5964237189855648
1.5959237037263099
1.5961737113559373
1.5964237189855648
1.5964237189855648
1.596673726615192
1.5976737571337016
1.596673726615192
1.5980487685781428
1.5985487838373975
1.5977987609485154
1.597173741874447
1.5979237647633289
1.59829877620777
1.5976737571337016
1.5979237647633289
1.598673787652211
1.5984237800225838
1.5989237952818385
1.5990487990966522
1.5992988067262794
1.5990487990966522
1.599173802911466
1.599173802911466
1.5994238105410932
1.599548814355907
1.5996738181707206
1.6000488296151616
1.6002988372447888
1.6004238410596028
1.6007988525040437
1.6005488448744163
1.6016738792077396
1.6012988677632984
1.60067384868923
1.6012988677632984
1.6020488906521806
1.6021738944669943
1.6021738944669943
1.6029239173558765
1.60304892117069
1.6032989288003174
1.6035489364299447
1.6035489364299447
1.6032989288003174
1.6045489669484543
1.605048982207709
1.60542399365215
1.6066740318002868
1.6071740470595417
1.608174077578051
1.6087990966521197
1.6099241309854426
1.6102991424298836
1.6115491805780204
1.6124242072817165
1.6146742759483628
1.6156743064668722
1.6174243598742637
1.618924405652028
1.621299478133488
1.6230495315408795
1.625174596392712
1.6265496383556628
1.628424695577868
1.6309247718741418
1.6337998596148564
1.6365499435407576
1.6391750236518448
1.6421751152073734
1.6453002105777155
1.6483003021332439
1.651425397503586
1.6551755119479965
1.658550614947966
1.6621757255775629
1.6663008514664144
1.670800988799707
1.6748011108737448
1.6785512253181556
1.683926389355144
1.6886765343180639
1.6930516678365428
1.698176824243904
1.7033019806512648
1.7075521103549303
1.7134272896511735
1.7186774498733484
1.7231775872066408
1.7275527207251198
1.7339279152806177
1.7380530411694692
1.742178167058321
1.7465533005767997
1.750428418836024
1.7534285103915526
1.757178624835963
1.76080373546556
1.7643038422803432
1.7673039338358714
1.769929013946959
1.771804071169164
1.774179143650624
1.7753041779839474
1.776554216132084
1.7769292275765252
1.7779292580950348
1.778179265724662
1.7776792504654073
1.7773042390209661
1.7769292275765252
1.7759291970580158
1.7745541550950652
1.7724290902432325
1.7710540482802821
1.767803949095126
1.7653038727988526
1.7621787774285103
1.7590536820581684
1.7556785790581988
1.752053468428602
1.748053346354564
1.743678212836085
1.739303079317606
1.7348029419843134
1.7299277932065797
1.7249276406140324
1.7201774956511124
1.7160523697622607
1.7105522019104589
1.7051770378734703
1.7008019043549913
1.6956767479476302
1.6904265877254554
1.6855514389477217
1.6810513016144293
1.6761761528366956
1.671176000244148
1.666800866725669
1.6620507217627492
1.6583006073183386
1.6546754966887418
1.6500503555406356
1.6468002563554796
1.6424251228370008
1.63867500839259
1.6350498977629933
1.6317997985778374
1.6294247260963775
1.6261746269112216
1.6236745506149481
1.6216744895779291
1.6190494094668417
1.6171743522446362
1.61492428357799
1.6129242225409712
1.6106741538743248
1.609424115726188
1.6079240699484236
1.6069240394299142
1.6057990050965911
1.6052989898373364
1.605048982207709
1.603173924985504
1.6025489059114353
1.6005488448744163
1.6004238410596028
1.5999238258003479
1.6001738334299753
1.5981737723929563
1.5979237647633289
1.597173741874447
1.5970487380596332
1.5959237037263099
1.594798669392987
1.5932986236152227
1.591923581652272
1.5900485244300668
1.5877984557634206
1.5859233985412151
1.5830483108005005
1.5791731925412764
1.5755480819116796
1.5707979369487595
1.5655477767265848
1.5585475630970183
1.5522973723563342
1.5445471358378857
1.537671926023133
1.530671712393567
1.5235464949491868
1.5160462660603655
1.5094210638752406
1.504420911282693
1.4989207434308909
1.4970456862086856
1.4950456251716666
1.4967956785790582
1.5007958006530961
1.508421033356731
1.5185463423566392
1.5321717581713308
1.5506723227637564
1.5730480056154057
1.599173802911466
1.631174779503769
1.6665508590960418
1.7068020874660481
1.7509284340952787
1.7991799066133611
1.849556443983276
1.9023080538346506
1.9564347056489761
2.0109363689077426
2.0628129520554213
2.1140645161290323
2.1604409314249096
2.2010671712393566
2.2363182470168157
2.262944059572131
2.282069643238624
2.2916949369792783
2.27344438001648
2.260318979461043
2.2401933652760397
2.2131925412762845
2.1765664235358746
2.132190069277016
2.0830635700552387
2.0296869411297953
1.9733102206488236
1.9161834772789699
1.8576816919461654
1.800429944761498
1.7450532547990356
1.691051606799524
1.6424251228370008
1.5959237037263099
1.554797448652608
1.5187963499862667
1.487295388653218
1.460794579912717
1.4392939237647635
1.423168431653798
1.410918057802057
1.4029178136539813
1.399417706839198
1.399417706839198
1.40254280220954
1.4094180120242927
1.417168248542741
1.427168553727836
1.4372938627277445
1.4499192480239265
1.4615446028015993
1.4740449842829677
1.4849203161717581
1.4965456709494307
1.5065459761345255
1.5166712851344342
1.525796563615833
1.5337968077639088
1.540046998504593
1.5465471968749047
1.5512973418378246
1.5550474562822352
1.5594225898007141
1.5624226813562427
1.5640477309488205
1.5666728110599077
1.5689228797265542
1.5706729331339457
1.5719229712820828
1.5731730094302194
1.5734230170598467
1.5741730399487288
1.574923062837611
1.5752980742820522
1.5751730704672384
1.5759230933561206
1.576548112430189
1.5764231086153753
1.5774231391338847
1.5777981505783258
1.5784231696523943
1.5787981810968352
1.5791731925412764
1.580048219244972
1.5801732230597858
1.5811732535782954
1.5819232764671776
1.58404834131901
1.5842983489486373
1.5856733909115879
1.587298440504166
1.588048463393048
1.5890484939115572
1.590298532059694
1.5912985625782037
1.592798608355968
1.5940486465041048
1.5955486922818691
1.5970487380596332
1.598673787652211
1.6001738334299753
1.6017988830225531
1.6040489516891996
1.6052989898373364
1.6076740623187964
1.6091741080965607
1.6111741691335797
1.6139242530594806
1.6159243140964994
1.6182993865779596
1.621299478133488
1.6234245429853207
1.6259246192815942
1.6294247260963775
1.6312997833185827
1.6339248634296701
1.637549974059267
1.6400500503555409
1.6434251533555102
1.6465502487258523
1.6503003631702629
1.6533004547257912
1.656925565355388
1.6603006683553576
1.6644257942442091
1.6678008972441787
1.6714260078737755
1.6759261452070682
1.6798012634662924
1.684301400799585
1.6889265419476913
1.693426679280984
1.697301797540208
1.7019269386883145
1.7068020874660481
1.7099271828363902
1.7154273506881925
1.7196774803918575
1.7246776329844051
1.7299277932065797
1.7340529190954315
1.7390530716879788
1.7434282052064578
1.7481783501693777
1.7530534989471116
1.7573036286507766
1.7624287850581377
1.7669289223914304
1.771429059724723
1.776679219946898
1.7813043610950041
1.786554521317179
1.7906796472060307
1.7950547807245094
1.7986798913541064
1.8029300210577714
1.8069301431318094
1.8108052613910337
1.8156804101687674
1.8190555131687367
1.8228056276131475
1.8263057344279305
1.830055848872341
1.8326809289834285
1.836056031983398
1.8390561235389262
1.8410561845759452
1.8440562761314738
1.846806360057375
1.848806421094394
1.850681478316599
1.8523065279091768
1.8536815698721276
1.8545565965758233
1.8563066499832148
1.8569316690572832
1.857056672872097
1.8576816919461654
1.857431684316538
1.85818170720542
1.857431684316538
1.857056672872097
1.8566816614276558
1.8553066194647054
1.8541815851313823
1.853056550798059
1.8509314859462265
1.8496814477980896
1.8473063753166297
1.8458063295388654
1.8430562456129642
1.8406811731315043
1.8371810663167212
1.8350560014648885
1.83205590990936
1.8279307840205086
1.8241806695760978
1.82018054750206
1.8168054445020907
1.8135553453169349
1.8085551927243873
1.804805078279977
1.8013049714651936
1.7958048036133916
1.7906796472060307
1.7868045289468062
1.7820543839838863
1.7773042390209661
1.772304086428419
1.7673039338358714
1.7630538041322064
1.7580536515396588
1.7530534989471116
1.7478033387249368
1.743303201391644
1.7380530411694692
1.7331778923917356
1.7278027283547472
1.7226775719473861
1.7180524307992797
1.7135522934659873
1.7084271370586261
1.704052003540147
1.699301858577227
1.6940516983550522
1.6895515610217597
1.6853014313180945
1.6809262977996156
1.6764261604663229
1.6724260383922849
1.6681759086886196
1.6640507827997681
1.6600506607257304
1.6563005462813196
1.6511753898739585
1.6488003173924985
1.645050202948088
1.6409250770592365
1.6381749931333354
1.6340498672444839
1.63154979094821
1.6286747032074953
1.6257996154667806
1.6227995239112523
1.6194244209112827
1.616549333170568
1.6146742759483628
1.6120491958372754
1.6099241309854426
1.6080490737632376
1.6059240089114046
1.6039239478743859
1.6020488906521806
1.6002988372447888
1.598798791467025
1.5974237495040742
1.5950486770226142
1.5934236274300364
1.592298593096713
1.5912985625782037
1.590423535874508
1.5886734824671163
1.5876734519486069
1.5870484328745385
1.5859233985412151
1.5847983642078922
1.5837983336893826
1.5827983031708732
1.5822982879116183
1.5817982726523636
1.580923245948668
1.580048219244972
1.580048219244972
1.57929819635609
1.5791731925412764
1.5786731772820215
1.5787981810968352
1.5779231543931396
1.5772981353190711
1.5771731315042574
1.5774231391338847
1.5774231391338847
1.5770481276894437
1.5777981505783258
1.5770481276894437
1.5766731162450025
1.576548112430189
1.5760480971709343
1.5762981048005615
1.5759230933561206
1.57692312387463
1.5767981200598165
1.57692312387463
1.5774231391338847
1.5771731315042574
1.5770481276894437
1.5774231391338847
1.5771731315042574
1.5771731315042574
1.576548112430189
1.5775481429486986
1.5779231543931396
1.5782981658375803
1.5782981658375803
1.5777981505783258
1.5782981658375803
1.5781731620227668
1.5782981658375803
1.5781731620227668
1.5786731772820215
1.5785481734672078
1.5786731772820215
1.5797982116153446
1.5807982421338542
1.5802982268745993
1.5801732230597858
1.5805482345042268
1.5799232154301586
1.580923245948668
1.5804232306894133
1.5806732383190405
1.5814232612079226
1.581298257393109
1.5819232764671776
1.58167326883755
1.58167326883755
1.5819232764671776
1.5817982726523636
1.5824232917264323
1.5824232917264323
1.5826732993560595
1.5831733146153144
1.582923306985687
1.583298318430128
1.5836733298745689
1.584423352763451
1.5837983336893826
1.5839233375041963
1.58404834131901
1.5841733451338236
1.5841733451338236
1.5845483565782648
1.585298379467147
1.5851733756523332
1.5859233985412151
1.586048402356029
1.5870484328745385
1.5862984099856563
1.5861734061708426
1.586048402356029
1.5865484176152838
1.58642341380047
1.5870484328745385
1.5870484328745385
1.5877984557634206
1.587923459578234
1.588048463393048
1.5881734672078616
1.5877984557634206
1.587923459578234
1.588048463393048
1.588423474837489
1.5886734824671163
1.5889234900967437
1.5895485091708121
1.5895485091708121
1.5892985015411847
1.5896735129856259
1.589923520615253
1.5897985168004394
1.5897985168004394
1.589923520615253
1.590423535874508
1.5905485396893215
1.5910485549485762
1.5911735587633902
1.5906735435041353
1.5910485549485762
1.5915485702078311
1.5915485702078311
1.5921735892818996
1.5920485854670858
1.5921735892818996
1.5925486007263405
1.5932986236152227
1.5930486159855952
1.5934236274300364
1.5936736350596639
1.5935486312448501
1.5939236426892909
1.5936736350596639
1.5940486465041048
1.5937986388744774
1.5937986388744774
1.5941736503189183
1.5949236732078005
1.595173680837428
1.5949236732078005
1.5954236884670552
1.594673665578173
1.5950486770226142
1.5957986999114964
1.5956736960966826
1.5955486922818691
1.5961737113559373
1.596798730430006
1.5961737113559373
1.5955486922818691
1.596298715170751
1.596673726615192
1.596298715170751
1.597173741874447
1.596673726615192
1.5970487380596332
1.5975487533188881
1.5976737571337016
1.5979237647633289
1.596798730430006
1.5980487685781428
1.5980487685781428
1.5975487533188881
1.5980487685781428
1.5977987609485154
1.59829877620777
1.598673787652211
1.5990487990966522
1.599173802911466
1.5985487838373975
1.599173802911466
1.5992988067262794
1.599173802911466
1.5994238105410932
1.6000488296151616
1.599548814355907
1.6001738334299753
1.6009238563188575
1.60067384868923
1.60067384868923
1.601048860133671
1.601173863948485
1.6009238563188575
1.601173863948485
1.601173863948485
1.6021738944669943
1.6022988982818078
1.6022988982818078
1.60304892117069
1.6032989288003174
1.6035489364299447
1.6035489364299447
1.6044239631336406
1.6041739555040133
1.6052989898373364
1.6060490127262186
1.6062990203558458
1.6069240394299142
1.6080490737632376
1.6086740928373058
1.6087990966521197
1.6100491348002564
1.6110491653187657
1.6119241920224616
1.6129242225409712
1.61492428357799
1.616549333170568
1.6182993865779596
1.6202994476149783
1.6221745048371838
1.6236745506149481
1.6259246192815942
1.6282996917630543
1.630049745170446
1.6329248329111608
1.635924924466689
1.6384250007629628
1.6409250770592365
1.6445501876888333
1.6478002868739892
1.6511753898739585
1.6539254737998597
1.657800592059084
1.6614257026886807
1.665300820947905
1.669300943021943
1.673551072725608
1.6776761986144597
1.6828013550218206
1.6873014923551135
1.6916766258735922
1.6966767784661398
1.7019269386883145
1.70617706839198
1.7114272286141545
1.7168023926511429
1.7216775414288765
1.7265526902066104
1.7316778466139713
1.7360529801324502
1.7408031250953704
1.7449282509842219
1.7490533768730736
1.7526784875026704
1.756428601947081
1.7600537125766778
1.7636788232062746
1.766303903317362
1.7686789757988222
1.7713040559099094
1.7736791283913693
1.7745541550950652
1.7760542008728295
1.777054231391339
1.7775542466505936
1.7783042695394757
1.778554277169103
1.7784292733542895
1.7769292275765252
1.7760542008728295
1.7750541703543201
1.7733041169469284
1.7706790368358412
1.7684289681691947
1.765803888058107
1.7634288155766473
1.7601787163914915
1.7563035981322672
1.7526784875026704
1.7491783806878873
1.7449282509842219
1.740928128910184
1.7361779839472642
1.7313028351695303
1.7260526749473555
1.7221775566881314
1.7168023926511429
1.7118022400585957
1.7066770836512346
1.7019269386883145
1.697301797540208
1.6919266335032197
1.6874264961699272
1.6818013245033114
1.6765511642811366
1.6726760460219123
1.6679259010589922
1.6634257637256997
1.6591756340220343
1.6556755272072514
1.651800408948027
1.6471752677999205
1.6433001495406965
1.639925046540727
1.6365499435407576
1.6332998443556017
1.6302997528000733
1.6274246650593585
1.6247995849482713
1.6227995239112523
1.6196744285409101
1.6179243751335184
1.6152992950224312
1.6132992339854122
1.6115491805780204
1.6100491348002564
1.6085490890224923
1.6071740470595417
1.6065490279854733
1.6045489669484543
1.6045489669484543
1.603173924985504
1.6020488906521806
1.6014238715781122
1.6007988525040437
1.599548814355907
1.599173802911466
1.599173802911466
1.5981737723929563
1.5969237342448195
1.5970487380596332
1.5961737113559373
1.595173680837428
1.5939236426892909
1.5920485854670858
1.5906735435041353
1.5891734977263712
1.5862984099856563
1.5836733298745689
1.5806732383190405
1.5770481276894437
1.5724229865413375
1.5669228186895352
1.5607976317636647
1.5545474410229805
1.5471722159489731
1.5405470137638477
1.5332967925046541
1.5251715445417646
1.517921323282571
1.511921140171514
1.5059209570604573
1.5005457930234687
1.4972956938383128
1.4952956328012939
1.4959206518753625
1.4994207586901458
1.5060459608752708
1.5154212469862973
1.5276716208380383
1.5450471510971404
1.5656727805413984
1.5906735435041353
1.6204244514297923
1.655425519577624
1.6941767021698662
1.7370530106509599
1.7839294412060915
1.834055970946379
1.886307565538499
1.9396841944639422
1.994185857722709
2.0476874904629656
2.0995640736106447
2.1468155156102173
2.189566820276498
2.2261929380169074
2.2561938535721913
2.27719449446089
2.289569872127445
2.281819635608997
2.2638190862758263
2.248443617053743
2.2221928159428694
2.1883167821283607
2.1471905270546587
2.0998140812402726
2.0468124637592697
1.9911857661671803
1.9336840113528857
1.875682241279336
1.8183054902798548
1.7626787926877652
1.7073021027253028
1.6568005615405743
1.6102991424298836
1.5667978148747217
1.5294216742454299
1.4959206518753625
1.468419812616352
1.4451691030610065
1.427918576616718
1.4146681722464676
1.4050428785058138
1.4002927335428939
1.3991676992095705
1.4011677602465895
1.4064179204687641
1.4144181646168401
1.423543443098239
1.4344187749870296
1.4459191259498887
1.4574194769127478
1.4694198431348613
1.481420209356975
1.492920560319834
1.5036708883938108
1.5137961973937193
1.5227964720603047
1.5311717276528216
1.5379219336527605
1.5449221472823267
1.5501723075045015
1.5542974333933532
1.5575475325785089
1.5612976470229194
1.5640477309488205
1.5656727805413984
1.5687978759117405
1.570172917874691
1.5715479598376416
1.5727979979857785
1.5729230018005922
1.5740480361339153
1.5747980590227975
1.5754230780968657
1.5752980742820522
1.5757980895413068
1.5761731009857478
1.57692312387463
1.5772981353190711
1.5777981505783258
1.5785481734672078
1.5786731772820215
1.578923184911649
1.5795482039857174
1.5801732230597858
1.5807982421338542
1.5819232764671776
1.5826732993560595
1.5835483260597554
1.5845483565782648
1.58642341380047
1.5876734519486069
1.5889234900967437
1.5896735129856259
1.5911735587633902
1.5917985778374584
1.5936736350596639
1.5955486922818691
1.596798730430006
1.59829877620777
1.5997988219855341
1.6021738944669943
1.6027989135410627
1.605048982207709
1.6065490279854733
1.608174077578051
1.6104241462446975
1.6130492263557847
1.61492428357799
1.6177993713187049
1.6201744438001648
1.6222995086519973
1.6246745811334575
1.6274246650593585
1.6302997528000733
1.6330498367259743
1.635924924466689
1.6391750236518448
1.642675130466628
1.6458002258369702
1.649425336466567
1.6526754356517228
1.6556755272072514
1.659800653096103
1.6630507522812585
1.6665508590960418
1.670800988799707
1.6743010956144901
1.6781762138737144
1.6834263740958892
1.687051484725486
1.6916766258735922
1.6963017670216987
1.700551896725364
1.7050520340586566
1.709177159947508
1.7138023010956145
1.718427442243721
1.7234275948362683
1.7276777245399335
1.7328028809472946
1.737803033539842
1.742178167058321
1.7470533158360546
1.7516784569841608
1.7561785943174535
1.7606787316507462
1.76555388042848
1.7704290292062137
1.7750541703543201
1.7803043305764947
1.78455446028016
1.7890545976134526
1.7933047273171179
1.797554857020783
1.8019299905392623
1.8064301278725547
1.809930234687338
1.8139303567613758
1.8180554826502273
1.8215555894650106
1.8253057039094212
1.8286808069093905
1.8323059175389873
1.8350560014648885
1.838056093020417
1.8401811578722496
1.8430562456129642
1.8458063295388654
1.8476813867610706
1.8499314554277169
1.8521815240943633
1.853556566057314
1.8543065889461958
1.8560566423535876
1.8565566576128423
1.8568066652424697
1.8575566881313517
1.8579316995757926
1.8580567033906066
1.8578066957609791
1.8578066957609791
1.8564316537980285
1.8563066499832148
1.8548066042054507
1.8536815698721276
1.851556505020295
1.8499314554277169
1.8481814020203253
1.8461813409833063
1.8438062685018464
1.8416812036500139
1.8385561082796718
1.8356810205389569
1.8323059175389873
1.829305825983459
1.8251807000946074
1.8220556047242653
1.8183054902798548
1.8145553758354442
1.8105552537614062
1.8060551164281138
1.8019299905392623
1.797554857020783
1.7926797082430495
1.7881795709097568
1.7834294259468366
1.7784292733542895
1.774179143650624
1.7693039948728904
1.7643038422803432
1.7598037049470505
1.7548035523545031
1.7495533921323283
1.7440532242805262
1.7391780755027926
1.734302926725059
1.7295527817621388
1.724302621539964
1.7198024842066715
1.7150523392437513
1.710052186651204
1.7050520340586566
1.7006769005401776
1.6956767479476302
1.6916766258735922
1.6869264809106725
1.681926328318125
1.677926206244087
1.673676076540422
1.669300943021943
1.6651758171330913
1.6615507065034945
1.6574255806146427
1.6531754509109775
1.6498003479110082
1.6460502334665976
1.6425501266518143
1.6388000122074038
1.6357999206518754
1.6327998290963468
1.6297997375408186
1.6265496383556628
1.6237995544297616
1.6211744743186742
1.6181743827631458
1.6155493026520584
1.6129242225409712
1.610549150059511
1.608174077578051
1.6071740470595417
1.6040489516891996
1.6022988982818078
1.6009238563188575
1.5990487990966522
1.5972987456892607
1.5956736960966826
1.5937986388744774
1.592798608355968
1.5912985625782037
1.589923520615253
1.5890484939115572
1.5876734519486069
1.5870484328745385
1.5865484176152838
1.5856733909115879
1.584423352763451
1.5831733146153144
1.5817982726523636
1.5819232764671776
1.5815482650227364
1.5810482497634815
1.5804232306894133
1.5797982116153446
1.5794232001709037
1.579673207800531
1.5791731925412764
1.5782981658375803
1.5774231391338847
1.5781731620227668
1.5774231391338847
1.5767981200598165
1.5770481276894437
1.5776731467635121
1.57692312387463
1.5770481276894437
1.5767981200598165
1.5767981200598165
1.5761731009857478
1.5764231086153753
1.5761731009857478
1.57692312387463
1.5771731315042574
1.5772981353190711
1.5770481276894437
1.5771731315042574
1.5771731315042574
1.57692312387463
1.5771731315042574
1.5770481276894437
1.5775481429486986
1.5779231543931396
1.5779231543931396
1.5782981658375803
1.578923184911649
1.5780481582079533
1.5784231696523943
1.5784231696523943
1.5784231696523943
1.5782981658375803
1.5787981810968352
1.580048219244972
1.5791731925412764
1.5799232154301586
1.5805482345042268
1.580048219244972
1.5801732230597858
1.5802982268745993
1.5802982268745993
1.5805482345042268
1.5806732383190405
1.5806732383190405
1.581298257393109
1.5815482650227364
1.582048280281991
1.582048280281991
1.5819232764671776
1.58167326883755
1.582048280281991
1.582048280281991
1.582923306985687
1.582923306985687
1.5831733146153144
1.583298318430128
1.5839233375041963
1.5841733451338236
1.584423352763451
1.584423352763451
1.5837983336893826
1.5842983489486373
1.5841733451338236
1.5849233680227057
1.5851733756523332
1.585298379467147
1.5862984099856563
1.5856733909115879
1.5862984099856563
1.5856733909115879
1.5859233985412151
1.5861734061708426
1.5865484176152838
1.5866734214300973
1.5871734366893522
1.5871734366893522
1.5876734519486069
1.5877984557634206
1.5876734519486069
1.588048463393048
1.5881734672078616
1.588048463393048
1.5881734672078616
1.5881734672078616
1.5885484786523028
1.5891734977263712
1.5895485091708121
1.5895485091708121
1.5896735129856259
1.5896735129856259
1.589923520615253
1.5906735435041353
1.590423535874508
1.5900485244300668
1.5910485549485762
1.5911735587633902
1.5912985625782037
1.5909235511337627
1.5909235511337627
1.5912985625782037
1.5914235663930174
1.5911735587633902
1.5915485702078311
1.5916735740226449
1.592298593096713
1.5926736045411543
1.5932986236152227
1.5930486159855952
1.5925486007263405
1.5930486159855952
1.5931736198004092
1.5930486159855952
1.5930486159855952
1.5934236274300364
1.5939236426892909
1.5939236426892909
1.5940486465041048
1.5944236579485458
1.594673665578173
1.594673665578173
1.594798669392987
1.5949236732078005
1.594798669392987
1.5952986846522417
1.5952986846522417
1.5956736960966826
1.5956736960966826
1.596798730430006
1.596673726615192
1.5960487075411238
1.5965487228003785
1.5969237342448195
1.596298715170751
1.597173741874447
1.5961737113559373
1.5979237647633289
1.5970487380596332
1.5977987609485154
1.5976737571337016
1.5980487685781428
1.5974237495040742
1.5979237647633289
1.5980487685781428
1.5976737571337016
1.5984237800225838
1.5984237800225838
1.5984237800225838
1.5989237952818385
1.5997988219855341
1.5990487990966522
1.598798791467025
1.5994238105410932
1.5994238105410932
1.5992988067262794
1.5997988219855341
1.6000488296151616
1.6001738334299753
1.6000488296151616
1.6007988525040437
1.6009238563188575
1.6005488448744163
1.601173863948485
1.601048860133671
1.6012988677632984
1.6016738792077396
1.6024239020966218
1.6027989135410627
1.6024239020966218
1.6029239173558765
1.60304892117069
1.6027989135410627
1.6037989440595721
1.6037989440595721
1.6035489364299447
1.6047989745780817
1.6055489974669637
1.6057990050965911
1.6069240394299142
1.6076740623187964
1.6084240852076785
1.6082990813928648
1.609799127170629
1.6107991576891385
1.6112991729483932
1.613424237800226
1.61492428357799
1.616549333170568
1.6174243598742637
1.6199244361705374
1.6214244819483017
1.6241745658742028
1.6250495925778985
1.627299661244545
1.6289247108371228
1.632299813837092
1.634424878688925
1.6376749778740807
1.6401750541703544
1.6435501571703237
1.6465502487258523
1.6504253669850764
1.6528004394665363
1.6561755424665061
1.6600506607257304
1.6634257637256997
1.668050904873806
1.6719260231330302
1.6763011566515091
1.6809262977996156
1.6851764275032808
1.691426618243965
1.6945517136143071
1.6999268776512955
1.7044270149845882
1.7098021790215767
1.7148023316141239
1.719927488021485
1.7246776329844051
1.7296777855769523
1.7346779381694999
1.738553056428724
1.7429281899472029
1.7471783196508683
1.7514284493545336
1.7548035523545031
1.7584286629841
1.7620537736136967
1.7653038727988526
1.7680539567247535
1.7701790215765862
1.7728041016876737
1.774679158909879
1.7755541856135748
1.7768042237617114
1.7775542466505936
1.7779292580950348
1.778679280983917
1.7778042542802208
1.7774292428357799
1.777054231391339
1.7751791741691336
1.7739291360209968
1.7719290749839778
1.7693039948728904
1.7669289223914304
1.7641788384655293
1.7613037507248146
1.7583036591692862
1.7556785790581988
1.7509284340952787
1.7466783043916136
1.7420531632435072
1.737803033539842
1.7333028962065493
1.7280527359843745
1.7231775872066408
1.7198024842066715
1.7134272896511735
1.7089271523178808
1.704177007354961
1.699301858577227
1.6943017059846797
1.6884265266884364
1.6840513931699574
1.678676229132969
1.6745511032441176
1.6705509811700798
1.6656758323923462
1.6613006988738672
1.6570505691702018
1.6529254432813503
1.6496753440961944
1.6448001953184606
1.6411750846888638
1.6377999816888944
1.6345498825037386
1.6314247871333964
1.6290497146519365
1.625299600207526
1.623299539170507
1.6205494552446058
1.6186743980224005
1.6159243140964994
1.613799249244667
1.6126742149113438
1.6106741538743248
1.6089241004669332
1.6080490737632376
1.6069240394299142
1.6052989898373364
1.6046739707632678
1.6040489516891996
1.6024239020966218
1.6017988830225531
1.6009238563188575
1.5997988219855341
1.5992988067262794
1.5985487838373975
1.5980487685781428
1.5979237647633289
1.5974237495040742
1.5964237189855648
1.5941736503189183
1.5944236579485458
1.5929236121707817
1.5909235511337627
1.5894235053559984
1.5862984099856563
1.5846733603930783
1.582048280281991
1.5794232001709037
1.574923062837611
1.5690478835413677
1.5632977080599384
1.557172521134068
1.5502973113193153
1.5436721091341898
1.5350468459120459
1.5282966399121067
1.5212964262825404
1.5146712240974152
1.508421033356731
1.502420850245674
1.4986707358012636
1.495670644245735
1.4954206366161078
1.4971706900234993
1.5022958464308604
1.5106711020233772
1.5216714377269813
1.5367968993194372
1.5556724753563036
1.5790481887264625
1.6066740318002868
1.639550035096286
1.6764261604663229
1.7173024079103976
1.7626787926877652
1.811055269020661
1.8623068330942716
1.9159334696493424
1.969935117648854
2.0235617542039246
2.076188360240486
2.1254398632770775
2.170941251869259
2.210192449720756
2.2433184606463823
2.269069246498001
2.285444746238594
2.2916949369792783
2.269069246498001
2.256318857387005
2.2343181859797965
2.2050672933133946
2.1668161259804073
2.1215647450178534
2.071688222907193
2.0180615863521227
1.9605598315378279
1.9023080538346506
1.8449313028351695
1.7870545365764336
1.7333028962065493
1.679926267281106
1.6314247871333964
1.5857983947264016
1.5459221778008363
1.5111711172826319
1.480670186468093
1.4554194158757288
1.4357938169499802
1.4199183324686422
1.4095430158391065
1.4019177831354717
1.3985426801355023
1.3996677144688254
1.403792840357677
1.4106680501724296
1.4190433057649465
1.4292936185796687
1.4404189580980864
1.4522943205053866
1.4637946714682455
1.4752950224311043
1.4879204077272867
1.4984207281716362
1.5086710409863584
1.5184213385418257
1.5272966093935971
1.534921842097232
1.542047059541612
1.5471722159489731
1.5514223456526384
1.5564224982451857
1.559797601245155
1.5626726889858698
1.5651727652821437
1.5669228186895352
1.569422894985809
1.5709229407635732
1.5720479750968963
1.5735480208746606
1.5737980285042878
1.5742980437635425
1.5751730704672384
1.5754230780968657
1.5761731009857478
1.5761731009857478
1.5770481276894437
1.5771731315042574
1.57692312387463
1.5782981658375803
1.5782981658375803
1.5786731772820215
1.5797982116153446
1.580048219244972
1.580048219244972
1.5814232612079226
1.5831733146153144
1.5835483260597554
1.5850483718375195
1.5865484176152838
1.5874234443189794
1.5881734672078616
1.5895485091708121
1.5906735435041353
1.5915485702078311
1.5932986236152227
1.5949236732078005
1.5957986999114964
1.5977987609485154
1.599173802911466
1.6007988525040437
1.6019238868373669
1.6042989593188268
1.6059240089114046
1.6075490585039827
1.609799127170629
1.6120491958372754
1.614174260689108
1.6162993255409406
1.618924405652028
1.6214244819483017
1.6246745811334575
1.6265496383556628
1.6289247108371228
1.631674794763024
1.6347998901333658
1.6367999511703848
1.64105008087405
1.6440501724295786
1.6473002716147345
1.6509253822443313
1.6546754966887418
1.6574255806146427
1.6611756950590533
1.6650508133182775
1.6684259163182469
1.6720510269478437
1.6768011719107638
1.680676290169988
1.6853014313180945
1.689426557206946
1.6941767021698662
1.6980518204290902
1.7024269539475692
1.7070520950956756
1.7115522324289683
1.7160523697622607
1.7201774956511124
1.7255526596881008
1.7299277932065797
1.7356779686880093
1.73942808313242
1.7444282357249672
1.7490533768730736
1.7538035218359938
1.7584286629841
1.763553819391461
1.7668039185766167
1.7728041016876737
1.7776792504654073
1.7831794183172094
1.7870545365764336
1.7906796472060307
1.7958048036133916
1.799554918057802
1.80355504013184
1.8076801660206916
1.8121803033539843
1.8160554216132085
1.819430524613178
1.824555681020539
1.8270557573168127
1.8295558336130864
1.8336809595019379
1.8374310739463484
1.8390561235389262
1.8420562150944548
1.8440562761314738
1.847181371501816
1.848806421094394
1.85105648976104
1.852681539353618
1.8534315622425002
1.8553066194647054
1.8559316385387736
1.8566816614276558
1.8573066805017244
1.8578066957609791
1.8583067110202338
1.8576816919461654
1.857431684316538
1.8564316537980285
1.8568066652424697
1.8551816156498917
1.8541815851313823
1.8519315164647359
1.8505564745017853
1.849181432538835
1.846681356242561
1.844681295205542
1.8421812189092686
1.840431165501877
1.8374310739463484
1.8334309518723106
1.8306808679464095
1.8271807611316264
1.8235556505020296
1.82018054750206
1.8169304483169042
1.8131803338724937
1.8081801812799463
1.8041800592059083
1.7998049256874293
1.7950547807245094
1.790929654835658
1.7863045136875517
1.7808043458357494
1.7763042085024567
1.7724290902432325
1.7664289071321757
1.7616787621692556
1.757178624835963
1.7516784569841608
1.7474283272804958
1.7415531479842525
1.7369280068361461
1.7320528580584125
1.7265526902066104
1.7218025452436905
1.7176774193548388
1.712802270577105
1.7079271217993715
1.7033019806512648
1.6985518356883451
1.693801690725425
1.6889265419476913
1.6836763817255165
1.679926267281106
1.675176122318186
1.6723010345774711
1.66717587817011
1.6631757560960723
1.6595506454664755
1.655425519577624
1.6515504013183995
1.6479252906888027
1.6440501724295786
1.6405500656147955
1.6370499588000123
1.6337998596148564
1.6306747642445143
1.6281746879482406
1.625174596392712
1.6224245124668113
1.6191744132816552
1.6170493484298227
1.6142992645039216
1.6116741843928344
1.6095491195410014
1.6075490585039827
1.605048982207709
1.6042989593188268
1.6016738792077396
1.5997988219855341
1.5979237647633289
1.5960487075411238
1.594673665578173
1.5930486159855952
1.5920485854670858
1.592423596911527
1.5895485091708121
1.588423474837489
1.588423474837489
1.5867984252449112
1.5855483870967744
1.5842983489486373
1.5837983336893826
1.5826732993560595
1.5827983031708732
1.5819232764671776
1.5810482497634815
1.5802982268745993
1.580923245948668
1.5794232001709037
1.5791731925412764
1.5785481734672078
1.5780481582079533
1.5775481429486986
1.5777981505783258
1.5776731467635121
1.5766731162450025
1.5771731315042574
1.5774231391338847
1.5771731315042574
1.5779231543931396
1.5770481276894437
1.5767981200598165
1.576548112430189
1.576548112430189
1.5766731162450025
1.5767981200598165
1.5764231086153753
1.5770481276894437
1.5766731162450025
1.57692312387463
1.5766731162450025
1.5772981353190711
1.5770481276894437
1.57692312387463
1.5774231391338847
1.5774231391338847
1.5779231543931396
1.5779231543931396
1.5785481734672078
1.5780481582079533
1.5781731620227668
1.5782981658375803
1.5785481734672078
1.5782981658375803
1.578923184911649
1.5791731925412764
1.57929819635609
1.5794232001709037
1.5807982421338542
1.5802982268745993
1.5799232154301586
1.5802982268745993
1.5801732230597858
1.579673207800531
1.5806732383190405
1.5805482345042268
1.581298257393109
1.581298257393109
1.5819232764671776
1.5817982726523636
1.5817982726523636
1.5819232764671776
1.5822982879116183
1.5824232917264323
1.5825482955412458
1.5835483260597554
1.5827983031708732
1.5834233222449416
1.58404834131901
1.58404834131901
1.5850483718375195
1.5839233375041963
1.5842983489486373
1.58404834131901
1.5850483718375195
1.584423352763451
1.5856733909115879
1.5855483870967744
1.5855483870967744
1.5857983947264016
1.5862984099856563
1.586048402356029
1.5861734061708426
1.586048402356029
1.58642341380047
1.5867984252449112
1.5867984252449112
1.5869234290597247
1.5875484481337934
1.5877984557634206
1.5881734672078616
1.5877984557634206
1.5877984557634206
1.5882984710226753
1.5881734672078616
1.5882984710226753
1.5889234900967437
1.5892985015411847
1.5890484939115572
1.5894235053559984
1.5891734977263712
1.5909235511337627
1.5897985168004394
1.5906735435041353
1.5897985168004394
1.5900485244300668
1.5906735435041353
1.5906735435041353
1.5906735435041353
1.5916735740226449
1.5915485702078311
1.591923581652272
1.5915485702078311
1.5916735740226449
1.5914235663930174
1.5915485702078311
1.5920485854670858
1.5920485854670858
1.5925486007263405
1.5931736198004092
1.5930486159855952
1.592423596911527
1.5926736045411543
1.5931736198004092
1.5929236121707817
1.5929236121707817
1.5939236426892909
1.5936736350596639
1.5936736350596639
1.594673665578173
1.5949236732078005
1.5945486617633595
1.5954236884670552
1.594673665578173
1.5945486617633595
1.595173680837428
1.5955486922818691
1.5955486922818691
1.5960487075411238
1.5964237189855648
1.596298715170751
1.5965487228003785
1.5964237189855648
1.596298715170751
1.596298715170751
1.596298715170751
1.596673726615192
1.5972987456892607
1.5975487533188881
1.5977987609485154
1.5981737723929563
1.59829877620777
1.5977987609485154
1.5977987609485154
1.5977987609485154
1.5976737571337016
1.5981737723929563
1.59829877620777
1.5984237800225838
1.599173802911466
1.5992988067262794
1.599173802911466
1.5984237800225838
1.5992988067262794
1.5994238105410932
1.5989237952818385
1.5989237952818385
1.5992988067262794
1.5997988219855341
1.6002988372447888
1.6009238563188575
1.6007988525040437
1.6012988677632984
1.6005488448744163
1.6012988677632984
1.6009238563188575
1.601048860133671
1.6025489059114353
1.6020488906521806
1.6029239173558765
1.602673909726249
1.603173924985504
1.6036739402447586
1.6032989288003174
1.6039239478743859
1.6036739402447586
1.6044239631336406
1.6051739860225227
1.6055489974669637
1.6065490279854733
1.607049043244728
1.608174077578051
1.6095491195410014
1.6091741080965607
1.6102991424298836
1.6109241615039522
1.6124242072817165
1.6140492568742943
1.6160493179113133
1.616924344615009
1.6192994170964692
1.6205494552446058
1.6226745200964385
1.6242995696890163
1.626049623096408
1.6281746879482406
1.6299247413556321
1.6332998443556017
1.6357999206518754
1.6393000274666587
1.6418001037629322
1.6448001953184606
1.6483003021332439
1.6509253822443313
1.654550492873928
1.6580505996887114
1.6615507065034945
1.6654258247627187
1.6704259773552659
1.6741760917996766
1.6781762138737144
1.6836763817255165
1.6878015076143682
1.6916766258735922
1.697426801355022
1.7024269539475692
1.7070520950956756
1.712052247688223
1.7174274117252115
1.7223025605029452
1.7274277169103063
1.7325528733176672
1.7371780144657736
1.7406781212805567
1.7455532700582903
1.7498033997619558
1.7533035065767388
1.7573036286507766
1.7601787163914915
1.7638038270210883
1.7666789147618032
1.769804010132145
1.7716790673543503
1.7733041169469284
1.7750541703543201
1.776554216132084
1.777054231391339
1.7778042542802208
1.7789292886135442
1.778554277169103
1.7780542619098483
1.7771792352061526
1.7764292123172705
1.773804132206183
1.773429120761742
1.7704290292062137
1.7680539567247535
1.7656788842432936
1.7633038117618336
1.7596787011322368
1.7570536210211494
1.752428479873043
1.7489283730582599
1.744553239539781
1.7400531022064882
1.734552934354686
1.730677816095462
1.725927671132542
1.7208025147251809
1.7163023773918882
1.7113022247993408
1.7066770836512346
1.701676931058687
1.6966767784661398
1.6915516220587787
1.6865514694662314
1.681551316873684
1.6761761528366956
1.6719260231330302
1.6684259163182469
1.663300759910886
1.658925626392407
1.6563005462813196
1.6508003784295175
1.645925229651784
1.6431751457258827
1.640300057985168
1.6354249092074344
1.632424817651906
1.631174779503769
1.6270496536149175
1.6241745658742028
1.62204950102237
1.6196744285409101
1.6177993713187049
1.6150492873928037
1.6135492416150394
1.6110491653187657
1.6104241462446975
1.6082990813928648
1.6072990508743554
1.606174016541032
1.6052989898373364
1.6040489516891996
1.6041739555040133
1.6020488906521806
1.6012988677632984
1.6002988372447888
1.5997988219855341
1.5990487990966522
1.5994238105410932
1.5981737723929563
1.5975487533188881
1.5974237495040742
1.5952986846522417
1.5945486617633595
1.5939236426892909
1.5920485854670858
1.5905485396893215
1.587923459578234
1.5862984099856563
1.5835483260597554
1.5802982268745993
1.5764231086153753
1.5716729636524553
1.566297799615467
1.56029761650441
1.553547410504471
1.5465471968749047
1.5391719718008974
1.531671742912076
1.524296517838069
1.5174213080233163
1.5111711172826319
1.505170934171575
1.5002957853938415
1.4971706900234993
1.4952956328012939
1.4959206518753625
1.4992957548753318
1.5069209875789666
1.5160462660603655
1.5294216742454299
1.5469222083193457
1.5675478377636038
1.5939236426892909
1.6236745506149481
1.6586756187627796
1.6976768089846492
1.7415531479842525
1.7883045747245705
1.838431104464858
1.8905576952421645
1.9443093356120487
1.9988109988708151
2.0513126010925626
2.103064180425428
2.1509406414990693
2.192566911832026
2.229193029572436
2.2573188879055146
2.2789445478682824
2.289944883571886
2.2796945707571643
2.263194067201758
2.246443556016724
2.220692770165105
2.185441694387646
2.1440654316843166
2.0958139591662346
2.0429373455000457
1.987310647907956
1.9298088930936614
1.872057130649739
1.8140553605761895
1.757553636280404
1.704177007354961
1.6536754661702324
1.6071740470595417
1.5645477462080752
1.52704660176397
1.4942956022827847
1.4667947630237739
1.4436690572832422
1.4264185308389539
1.4137931455427717
1.404542863246559
1.3997927182836392
1.3991676992095705
1.401042756431776
1.4071679433576463
1.4145431684316538
1.423668446913053
1.4347937864314706
1.4465441450239571
1.4584195074312571
1.4692948393200476
1.4824202398754844
1.4934205755790888
1.504045899838252
1.5141712088381603
1.524171514023255
1.5310467238380079
1.5385469527268287
1.5455471663563953
1.5509223303933837
1.5540474257637258
1.5580475478377636
1.5615476546525469
1.563797723319193
1.566172795800653
1.5680478530228583
1.5700479140598773
1.5712979522080142
1.5726729941709647
1.5740480361339153
1.5739230323191016
1.5756730857264931
1.5755480819116796
1.5750480666524247
1.5762981048005615
1.5777981505783258
1.5767981200598165
1.5772981353190711
1.5781731620227668
1.5784231696523943
1.5791731925412764
1.57929819635609
1.5794232001709037
1.5802982268745993
1.580923245948668
1.5815482650227364
1.582923306985687
1.5841733451338236
1.5857983947264016
1.5869234290597247
1.5869234290597247
1.5886734824671163
1.589923520615253
1.5909235511337627
1.5917985778374584
1.594298654133732
1.5954236884670552
1.5965487228003785
1.59829877620777
1.6001738334299753
1.6024239020966218
1.603173924985504
1.6049239783928952
1.6067990356151007
1.6085490890224923
1.610549150059511
1.61254921109653
1.6150492873928037
1.6179243751335184
1.6205494552446058
1.6222995086519973
1.6255496078371532
1.627674672688986
1.6302997528000733
1.6329248329111608
1.6361749320963164
1.6393000274666587
1.6423001190221869
1.6455502182073427
1.649425336466567
1.6528004394665363
1.6560505386516924
1.6604256721701711
1.6635507675405132
1.6665508590960418
1.6705509811700798
1.6749261146885588
1.678676229132969
1.683051362651448
1.6874264961699272
1.6913016144291515
1.6959267555772577
1.7003018890957367
1.7048020264290291
1.7093021637623218
1.7134272896511735
1.7178024231696525
1.7230525833918273
1.7281777397991884
1.7336779076509903
1.7379280373546557
1.7411781365398113
1.7466783043916136
1.7518034607989748
1.7563035981322672
1.7609287392803734
1.7673039338358714
1.7706790368358412
1.7753041779839474
1.780554338206122
1.7843044526505327
1.7894296090578936
1.7936797387615588
1.7976798608355968
1.8018049867244483
1.8056801049836726
1.809805230872524
1.8135553453169349
1.8176804712057864
1.8219306009094518
1.8255557115390486
1.829305825983459
1.83205590990936
1.8351810052797022
1.8378060853907896
1.8406811731315043
1.8438062685018464
1.8459313333536789
1.8476813867610706
1.8499314554277169
1.8524315317239908
1.8543065889461958
1.8548066042054507
1.8556816309091464
1.8564316537980285
1.8571816766869107
1.8578066957609791
1.8576816919461654
1.857431684316538
1.8576816919461654
1.8575566881313517
1.8568066652424697
1.8556816309091464
1.8546816003906368
1.853556566057314
1.851556505020295
1.8494314401684622
1.848806421094394
1.8459313333536789
1.8438062685018464
1.8416812036500139
1.838806115909299
1.8346809900204473
1.8328059327982422
1.8291808221686454
1.8253057039094212
1.8216805932798243
1.8180554826502273
1.8146803796502577
1.8100552385021516
1.8070551469466232
1.8020549943540758
1.7980548722800378
1.7925547044282357
1.788054567094943
1.7831794183172094
1.7784292733542895
1.774304147465438
1.7691789910580769
1.7641788384655293
1.7593036896877956
1.7550535599841306
1.7494283883175148
1.7444282357249672
1.739303079317606
1.7340529190954315
1.7289277626880704
1.7254276558732873
1.7190524613177893
1.7150523392437513
1.710052186651204
1.7054270455030978
1.7003018890957367
1.6959267555772577
1.6909266029847103
1.6861764580217904
1.681926328318125
1.6773011871700187
1.673676076540422
1.669300943021943
1.6655508285775322
1.6610506912442398
1.6570505691702018
1.6528004394665363
1.649425336466567
1.6456752220221567
1.6420501113925596
1.6389250160222175
1.635549913022248
1.6327998290963468
1.6295497299111912
1.6262996307260353
1.6237995544297616
1.6195494247260964
1.6179243751335184
1.6157993102816859
1.6126742149113438
1.6106741538743248
1.609424115726188
1.6062990203558458
1.605048982207709
1.602673909726249
1.6007988525040437
1.5994238105410932
1.5974237495040742
1.5950486770226142
1.5935486312448501
1.5921735892818996
1.5929236121707817
1.5906735435041353
1.58879848628193
1.588423474837489
1.5867984252449112
1.5861734061708426
1.5850483718375195
1.58404834131901
1.582923306985687
1.5824232917264323
1.5806732383190405
1.5811732535782954
1.580923245948668
1.5805482345042268
1.5801732230597858
1.579673207800531
1.5790481887264625
1.5791731925412764
1.5776731467635121
1.5776731467635121
1.5772981353190711
1.5775481429486986
1.5771731315042574
1.5774231391338847
1.5779231543931396
1.5774231391338847
1.576548112430189
1.576548112430189
1.5766731162450025
1.5760480971709343
1.5766731162450025
1.57692312387463
1.576548112430189
1.57692312387463
1.5767981200598165
1.5774231391338847
1.576548112430189
1.5771731315042574
1.5770481276894437
1.5770481276894437
1.5772981353190711
1.5784231696523943
1.5780481582079533
1.5781731620227668
1.5782981658375803
1.5779231543931396
1.5785481734672078
1.5776731467635121
1.5779231543931396
1.5785481734672078
1.5784231696523943
1.5797982116153446
1.5791731925412764
1.5790481887264625
1.580048219244972
1.5797982116153446
1.5799232154301586
1.580048219244972
1.5801732230597858
1.5802982268745993
1.5806732383190405
1.5806732383190405
1.5810482497634815
1.5810482497634815
1.5819232764671776
1.582048280281991
1.5821732840968048
1.5811732535782954
1.5822982879116183
1.5819232764671776
1.5822982879116183
1.5824232917264323
1.5830483108005005
1.5834233222449416
1.5835483260597554
1.5836733298745689
1.5841733451338236
1.5839233375041963
1.58404834131901
1.5841733451338236
1.5841733451338236
1.5850483718375195
1.5850483718375195
1.5850483718375195
1.5851733756523332
1.5861734061708426
1.5856733909115879
1.586048402356029
1.5861734061708426
1.5861734061708426
1.5871734366893522
1.5869234290597247
1.5870484328745385
1.5867984252449112
1.5871734366893522
1.588048463393048
1.5875484481337934
1.5875484481337934
1.5871734366893522
1.5881734672078616
1.5875484481337934
1.588048463393048
1.5886734824671163
1.5886734824671163
1.5892985015411847
1.5896735129856259
1.5897985168004394
1.589923520615253
1.5897985168004394
1.590423535874508
1.5897985168004394
1.589923520615253
1.5911735587633902
1.5909235511337627
1.5911735587633902
1.5917985778374584
1.5912985625782037
1.5916735740226449
1.5915485702078311
1.5912985625782037
1.5911735587633902
1.5925486007263405
1.5915485702078311
1.592298593096713
1.592423596911527
1.592798608355968
1.592798608355968
1.5931736198004092
1.5920485854670858
1.5934236274300364
1.5934236274300364
1.5935486312448501
1.5941736503189183
1.5940486465041048
1.5941736503189183
1.5939236426892909
1.5949236732078005
1.594798669392987
1.5945486617633595
1.5950486770226142
1.594298654133732
1.594673665578173
1.594673665578173
1.5956736960966826
1.5955486922818691
1.5959237037263099
1.5964237189855648
1.5965487228003785
1.596673726615192
1.596798730430006
1.5965487228003785
1.5964237189855648
1.5964237189855648
1.598798791467025
1.5970487380596332
1.5969237342448195
1.5976737571337016
1.5976737571337016
1.597173741874447
1.5975487533188881
1.5980487685781428
1.5977987609485154
1.5980487685781428
1.5972987456892607
1.5984237800225838
1.598673787652211
1.5994238105410932
1.5996738181707206
1.5989237952818385
1.5990487990966522
1.5992988067262794
1.5989237952818385
1.5996738181707206
1.5999238258003479
1.6000488296151616
1.6001738334299753
1.6009238563188575
1.6005488448744163
1.6000488296151616
1.601048860133671
1.60067384868923
1.601048860133671
1.6017988830225531
1.6025489059114353
1.6019238868373669
1.6021738944669943
1.6025489059114353
1.603173924985504
1.6035489364299447
1.6034239326151312
1.603173924985504
1.6039239478743859
1.6041739555040133
1.6042989593188268
1.6055489974669637
1.60542399365215
1.607049043244728
1.6082990813928648
1.6085490890224923
1.6085490890224923
1.609799127170629
1.6104241462446975
1.6111741691335797
1.61254921109653
1.6150492873928037
1.6162993255409406
1.6181743827631458
1.6197994323557239
1.6219244972075564
1.6231745353556932
1.6250495925778985
1.6275496688741722
1.629674733726005
1.631674794763024
1.635549913022248
1.6377999816888944
1.6408000732444226
1.6440501724295786
1.6469252601702933
1.6501753593554491
1.6530504470961638
1.656925565355388
1.6600506607257304
1.6638007751701407
1.669675954466384
1.6726760460219123
1.6766761680959503
1.6816763206884975
1.6858014465773492
1.6899265724662007
1.6950517288735618
1.7000518814661092
1.7046770226142156
1.7095521713919493
1.7139273049104282
1.7205525070955536
1.7253026520584733
1.7304278084658344
1.7355529648731955
1.7395530869472335
1.7439282204657125
1.7483033539841915
1.7519284646137883
1.7553035676137578
1.7598037049470505
1.7629288003173924
1.7656788842432936
1.7685539719840082
1.771429059724723
1.7733041169469284
1.774179143650624
1.776179204687643
1.7768042237617114
1.7771792352061526
1.778179265724662
1.7775542466505936
1.7779292580950348
1.7774292428357799
1.776554216132084
1.7750541703543201
1.7731791131321146
1.7719290749839778
1.7688039796136357
1.766303903317362
1.763928830835902
1.76080373546556
1.7573036286507766
1.7545535447248757
1.7505534226508377
1.7461782891323587
1.7406781212805567
1.7370530106509599
1.7325528733176672
1.7275527207251198
1.7225525681325726
1.7179274269844662
1.713177282021546
1.7079271217993715
1.7034269844660788
1.6985518356883451
1.6924266487624744
1.688301522873623
1.683051362651448
1.6781762138737144
1.6734260689107945
1.6675508896145512
1.66480080568865
1.6603006683553576
1.6568005615405743
1.6524254280220954
1.6473002716147345
1.6449251991332745
1.640675069429609
1.636674947355571
1.6334248481704154
1.630799768059328
1.6282996917630543
1.625299600207526
1.6230495315408795
1.6207994628742333
1.6186743980224005
1.6156743064668722
1.613424237800226
1.611424176763207
1.6102991424298836
1.6092991119113744
1.6075490585039827
1.6069240394299142
1.60542399365215
1.6049239783928952
1.6037989440595721
1.6027989135410627
1.6014238715781122
1.6000488296151616
1.6002988372447888
1.5997988219855341
1.5990487990966522
1.5977987609485154
1.5977987609485154
1.5976737571337016
1.5952986846522417
1.5949236732078005
1.5941736503189183
1.5925486007263405
1.5912985625782037
1.5891734977263712
1.5859233985412151
1.5842983489486373
1.58167326883755
1.5781731620227668
1.5734230170598467
1.5676728415784174
1.5616726584673606
1.5557974791711173
1.54842225409711
1.5415470442823573
1.534546830652791
1.5274216132084109
1.5196713766899625
1.5132961821344646
1.5074210028382216
1.5019208349864193
1.4975457014679403
1.495670644245735
1.4952956328012939
1.498045716727195
1.5037958922086248
1.5126711630603962
1.52467152928251
1.5407970213934752
1.5604226203192237
1.5847983642078922
1.613799249244667
1.6476752830591754
1.6855514389477217
1.7284277474288157
1.7739291360209968
1.8231806390575884
1.874932218390454
1.9290588702047793
1.9829355143894771
2.0366871547593615
2.088313730277413
2.137565233314005
2.181066560869167
2.2194427320169683
2.2516937162388992
2.27344438001648
2.2880698263496813
2.2871947996459854
2.2664441663869135
2.2521937314981537
2.2284430066835537
2.1956920072023682
2.1561908017212437
2.109439374980926
2.0581878109073153
2.002811120944853
1.9450593585009308
1.8870575884273812
1.8294308297982727
1.772179082613605
1.7180524307992797
1.6666758629108556
1.6187994018372145
1.5750480666524247
1.5360468764305553
1.502045838801233
1.4730449537644583
1.450544267097995
1.4304186529129916
1.4161682180242319
1.4071679433576463
1.401417767876217
1.399042695394757
1.4002927335428939
1.405417889950255
1.4131681264687033
1.4220433973204747
1.4321687063203834
1.4440440687276832
1.4554194158757288
1.4676697897274698
1.479420148319956
1.4907954954680014
1.501170812097537
1.511921140171514
1.5214214300973539
1.5296716818750573
1.5371719107638784
1.5436721091341898
1.5486722617267374
1.5530473952452162
1.5572975249488816
1.560672627948851
1.5631727042451247
1.5664228034302805
1.5686728720969267
1.5696729026154363
1.5711729483932007
1.5730480056154057
1.5735480208746606
1.5741730399487288
1.5744230475783563
1.5759230933561206
1.5762981048005615
1.5759230933561206
1.57692312387463
1.57692312387463
1.5775481429486986
1.5784231696523943
1.5786731772820215
1.5782981658375803
1.5791731925412764
1.5794232001709037
1.579673207800531
1.5811732535782954
1.5821732840968048
1.582923306985687
1.5847983642078922
1.5849233680227057
1.5865484176152838
1.5870484328745385
1.5882984710226753
1.5896735129856259
1.5910485549485762
1.5921735892818996
1.5932986236152227
1.595173680837428
1.596798730430006
1.5977987609485154
1.599548814355907
1.601173863948485
1.6029239173558765
1.6045489669484543
1.6066740318002868
1.6080490737632376
1.6100491348002564
1.6116741843928344
1.6150492873928037
1.616924344615009
1.6200494399853511
1.6221745048371838
1.6255496078371532
1.6274246650593585
1.629299722281564
1.6321748100222786
1.6354249092074344
1.6390500198370312
1.6415500961333047
