1.64105008087405
1.6415500961333047
1.6414250923184912
1.6418001037629322
1.6428001342814416
1.6429251380962555
1.6433001495406965
1.6428001342814416
1.6434251533555102
1.6438001647999512
1.6438001647999512
1.6445501876888333
1.6436751609851377
1.6448001953184606
1.645925229651784
1.6461752372814111
1.6465502487258523
1.647050263985107
1.6480502945036166
1.6481752983184301
1.649050325022126
1.6489253212073123
1.649425336466567
1.6506753746147038
1.651425397503586
1.6521754203924681
1.6531754509109775
1.6526754356517228
1.6544254890591144
1.6559255348368787
1.6556755272072514
1.6570505691702018
1.657800592059084
1.6586756187627796
1.6600506607257304
1.6613006988738672
1.6626757408368176
1.6634257637256997
1.6641757866145819
1.6655508285775322
1.666050843836787
1.667675893429365
1.6681759086886196
1.6703009735404524
1.6714260078737755
1.673176061281167
1.6739260841700492
1.6744260994293039
1.6763011566515091
1.6770511795403913
1.6783012176885281
1.6791762443922238
1.6808012939848018
1.681926328318125
1.6833013702810755
1.6844264046143986
1.6855514389477217
1.6869264809106725
1.687051484725486
1.6880515152439954
1.6889265419476913
1.6896765648365732
1.6913016144291515
1.6911766106143375
1.6928016602069156
1.6929266640217293
1.693801690725425
1.6941767021698662
1.6949267250587483
1.6951767326883755
1.695426740318003
1.6955517441328165
1.6965517746513261
1.6964267708365124
1.6969267860957673
1.6970517899105808
1.6966767784661398
1.697301797540208
1.697301797540208
1.6964267708365124
1.6961767632068852
1.695801751762444
1.6953017365031893
1.695801751762444
1.693801690725425
1.6944267097994934
1.693426679280984
1.6928016602069156
1.691051606799524
1.6905515915402693
1.689426557206946
1.6885515305032504
1.6875514999847407
1.6886765343180639
1.685926450392163
1.684676412244026
1.683926389355144
1.6828013550218206
1.6811763054292428
1.679926267281106
1.678676229132969
1.6778012024292734
1.6770511795403913
1.6749261146885588
1.673176061281167
1.6726760460219123
1.6715510116885892
1.6698009582811977
1.6686759239478743
1.668050904873806
1.666425855281228
1.66480080568865
1.6636757713553272
1.662800744651631
1.6616757103183082
1.6604256721701711
1.6596756492812892
1.6583006073183386
1.6571755729850153
1.6560505386516924
1.6553005157628102
1.6541754814294871
1.6529254432813503
1.6515504013183995
1.6511753898739585
1.6508003784295175
1.6500503555406356
1.649050325022126
1.649050325022126
1.6469252601702933
1.6461752372814111
1.6455502182073427
1.6451752067629017
1.6441751762443924
1.6443001800592059
1.6435501571703237
1.6434251533555102
1.642675130466628
1.642675130466628
1.64105008087405
1.6413000885036775
1.6405500656147955
1.640300057985168
1.6393000274666587
1.639925046540727
1.639550035096286
1.6393000274666587
1.6390500198370312
1.6390500198370312
1.638299996948149
1.6380499893185219
1.6376749778740807
1.6372999664296397
1.637924985503708
1.6377999816888944
1.6384250007629628
1.6374249702444532
1.637549974059267
1.6376749778740807
1.6367999511703848
1.6367999511703848
1.6367999511703848
1.6356749168370617
1.635924924466689
1.6364249397259438
1.6365499435407576
1.6361749320963164
1.636674947355571
1.6370499588000123
1.6364249397259438
1.6365499435407576
1.6360499282815029
1.636674947355571
1.6360499282815029
1.6371749626148258
1.63629993591113
1.63629993591113
1.6369249549851985
1.6365499435407576
1.6364249397259438
1.63629993591113
1.6367999511703848
1.63629993591113
1.63629993591113
1.6367999511703848
1.6369249549851985
1.6370499588000123
1.6369249549851985
1.6370499588000123
1.6371749626148258
1.6370499588000123
1.6376749778740807
1.6370499588000123
1.6367999511703848
1.636674947355571
1.6371749626148258
1.6372999664296397
1.6377999816888944
1.6377999816888944
1.6377999816888944
1.6372999664296397
1.637549974059267
1.6372999664296397
1.637549974059267
1.6377999816888944
1.6380499893185219
1.6376749778740807
1.637924985503708
1.6394250312814722
1.63867500839259
1.6377999816888944
1.6381749931333354
1.6380499893185219
1.638299996948149
1.6377999816888944
1.638299996948149
1.6384250007629628
1.6385500045777766
1.63867500839259
1.6388000122074038
1.6380499893185219
1.6391750236518448
1.6388000122074038
1.6384250007629628
1.6380499893185219
1.6390500198370312
1.63867500839259
1.6393000274666587
1.6400500503555409
1.639550035096286
1.6401750541703544
1.6398000427259134
1.6398000427259134
1.6393000274666587
1.639925046540727
1.6408000732444226
1.6405500656147955
1.6414250923184912
1.6418001037629322
1.6423001190221869
1.6420501113925596
1.642675130466628
1.643050141911069
1.6431751457258827
1.6440501724295786
1.644675191503647
1.645925229651784
1.6461752372814111
1.6475502792443617
1.6479252906888027
1.6479252906888027
1.6493003326517535
1.6503003631702629
1.651425397503586
1.651800408948027
1.6543004852443006
1.654550492873928
1.6555505233924375
1.6563005462813196
1.6586756187627796
1.6596756492812892
1.660550675984985
1.6615507065034945
1.6626757408368176
1.66480080568865
1.6651758171330913
1.6663008514664144
1.6679259010589922
1.669175939207129
1.6701759697256386
1.6710509964293345
1.6724260383922849
1.6724260383922849
1.6733010650959808
1.673676076540422
1.6744260994293039
1.6753011261329998
1.675676137577441
1.6763011566515091
1.6761761528366956
1.6759261452070682
1.6764261604663229
1.6764261604663229
1.6758011413922544
1.675176122318186
1.6753011261329998
1.6745511032441176
1.6740510879848627
1.6730510574663533
1.6720510269478437
1.6715510116885892
1.6703009735404524
1.669300943021943
1.6679259010589922
1.666800866725669
1.6663008514664144
1.6645507980590228
1.6636757713553272
1.6624257332071901
1.660925687429426
1.6596756492812892
1.6584256111331521
1.6574255806146427
1.6563005462813196
1.6553005157628102
1.6533004547257912
1.652550431836909
1.6520504165776544
1.6513003936887722
1.6504253669850764
1.649425336466567
1.6476752830591754
1.647425275429548
1.6466752525406658
1.6460502334665976
1.6449251991332745
1.6438001647999512
1.6441751762443924
1.6443001800592059
1.6436751609851377
1.643050141911069
1.643050141911069
1.6425501266518143
1.6416750999481187
1.6411750846888638
1.640675069429609
1.6408000732444226
1.640675069429609
1.6396750389110997
1.6393000274666587
1.6381749931333354
1.6372999664296397
1.635549913022248
1.635174901577807
1.633174840540788
1.6312997833185827
1.6295497299111912
1.627674672688986
1.6257996154667806
1.6244245735038303
1.6234245429853207
1.6207994628742333
1.6201744438001648
1.6196744285409101
1.6196744285409101
1.6199244361705374
1.6225495162816248
1.6257996154667806
1.6301747489852596
1.6356749168370617
1.6423001190221869
1.651050386059145
1.6603006683553576
1.6710509964293345
1.683051362651448
1.695426740318003
1.7089271523178808
1.7231775872066408
1.7368030030213324
1.7495533921323283
1.7611787469100009
1.7709290444654684
1.778179265724662
1.782554399243141
1.7841794488357188
1.7828044068727684
1.7789292886135442
1.7725540940580462
1.7634288155766473
1.7526784875026704
1.740178106021302
1.7260526749473555
1.7103021942808314
1.6949267250587483
1.681551316873684
1.66717587817011
1.6551755119479965
1.6435501571703237
1.634299874874111
1.6261746269112216
1.6190494094668417
1.613424237800226
1.6091741080965607
1.6069240394299142
1.60542399365215
1.6047989745780817
1.6059240089114046
1.6082990813928648
1.6100491348002564
1.6131742301705987
1.6160493179113133
1.6195494247260964
1.62204950102237
1.624924588763085
1.6277996765037996
1.6301747489852596
1.632424817651906
1.6340498672444839
1.6361749320963164
1.6372999664296397
1.637924985503708
1.6391750236518448
1.639550035096286
1.639925046540727
1.6408000732444226
1.640300057985168
1.640675069429609
1.6413000885036775
1.6418001037629322
1.6421751152073734
1.6424251228370008
1.643050141911069
1.6433001495406965
1.6423001190221869
1.6438001647999512
1.6435501571703237
1.6436751609851377
1.643925168614765
1.6445501876888333
1.645050202948088
1.6455502182073427
1.6463002410962249
1.6464252449110386
1.6468002563554796
1.6473002716147345
1.6476752830591754
1.6480502945036166
1.6489253212073123
1.6496753440961944
1.6503003631702629
1.651050386059145
1.651800408948027
1.6524254280220954
1.6530504470961638
1.653800469985046
1.6546754966887418
1.6549255043183693
1.6564255500961331
1.6579255958738974
1.6590506302072208
1.658925626392407
1.6610506912442398
1.6616757103183082
1.662800744651631
1.663300759910886
1.6646758018738366
1.665300820947905
1.666800866725669
1.667675893429365
1.669300943021943
1.6705509811700798
1.6719260231330302
1.673551072725608
1.6745511032441176
1.675551133762627
1.6765511642811366
1.677551194799646
1.6784262215033416
1.6798012634662924
1.681551316873684
1.6823013397625661
1.6833013702810755
1.6849264198736535
1.6858014465773492
1.6869264809106725
1.6875514999847407
1.6886765343180639
1.6891765495773186
1.6900515762810144
1.6908015991698966
1.6918016296884062
1.6924266487624744
1.6930516678365428
1.693426679280984
1.6944267097994934
1.6946767174291208
1.6949267250587483
1.6955517441328165
1.695801751762444
1.6960517593920712
1.6964267708365124
1.6966767784661398
1.697426801355022
1.6970517899105808
1.6965517746513261
1.6966767784661398
1.6965517746513261
1.695801751762444
1.6955517441328165
1.6953017365031893
1.6946767174291208
1.6941767021698662
1.6935516830957975
1.6930516678365428
1.6918016296884062
1.6913016144291515
1.6900515762810144
1.689426557206946
1.6881765190588092
1.6881765190588092
1.687051484725486
1.6854264351329082
1.684676412244026
1.6831763664662618
1.681926328318125
1.6808012939848018
1.679551255836665
1.677926206244087
1.6765511642811366
1.6765511642811366
1.6741760917996766
1.6730510574663533
1.6723010345774711
1.671301004058962
1.669300943021943
1.6684259163182469
1.666800866725669
1.6656758323923462
1.6641757866145819
1.6631757560960723
1.6623007293923764
1.660925687429426
1.6596756492812892
1.6590506302072208
1.6573005767998292
1.6566755577257606
1.6556755272072514
1.6544254890591144
1.6530504470961638
1.6526754356517228
1.651425397503586
1.6508003784295175
1.6501753593554491
1.649425336466567
1.6479252906888027
1.6475502792443617
1.6469252601702933
1.6463002410962249
1.6460502334665976
1.6443001800592059
1.6443001800592059
1.6433001495406965
1.6438001647999512
1.6433001495406965
1.6425501266518143
1.6418001037629322
1.6414250923184912
1.640675069429609
1.6408000732444226
1.6400500503555409
1.640675069429609
1.6398000427259134
1.6394250312814722
1.6401750541703544
1.6391750236518448
1.6388000122074038
1.6380499893185219
1.6384250007629628
1.6376749778740807
1.6380499893185219
1.637549974059267
1.6377999816888944
1.6376749778740807
1.637924985503708
1.6372999664296397
1.6371749626148258
1.6372999664296397
1.6369249549851985
1.6360499282815029
1.63629993591113
1.6369249549851985
1.6361749320963164
1.6360499282815029
1.6364249397259438
1.63629993591113
1.6360499282815029
1.6367999511703848
1.6360499282815029
1.635924924466689
1.6360499282815029
1.637549974059267
1.6360499282815029
1.6365499435407576
1.6364249397259438
1.6364249397259438
1.6360499282815029
1.6367999511703848
1.636674947355571
1.63629993591113
1.6361749320963164
1.6370499588000123
1.6369249549851985
1.6372999664296397
1.6369249549851985
1.6369249549851985
1.6369249549851985
1.6374249702444532
1.6367999511703848
1.6370499588000123
1.636674947355571
1.6374249702444532
1.6372999664296397
1.6371749626148258
1.6374249702444532
1.6376749778740807
1.637924985503708
1.6377999816888944
1.6380499893185219
1.6376749778740807
1.637549974059267
1.637549974059267
1.6376749778740807
1.637924985503708
1.637924985503708
1.6380499893185219
1.6377999816888944
1.6380499893185219
1.638299996948149
1.6377999816888944
1.638299996948149
1.6394250312814722
1.6365499435407576
1.6385500045777766
1.638299996948149
1.6388000122074038
1.6384250007629628
1.6390500198370312
1.63867500839259
1.6381749931333354
1.63867500839259
1.6388000122074038
1.639550035096286
1.6393000274666587
1.639550035096286
1.6396750389110997
1.639550035096286
1.6404250617999818
1.6400500503555409
1.6398000427259134
1.6391750236518448
1.6404250617999818
1.64105008087405
1.640675069429609
1.6411750846888638
1.6416750999481187
1.6421751152073734
1.6421751152073734
1.6425501266518143
1.643050141911069
1.6433001495406965
1.643925168614765
1.644675191503647
1.6451752067629017
1.6458002258369702
1.6465502487258523
1.6478002868739892
1.6486753135776848
1.6489253212073123
1.6498003479110082
1.6508003784295175
1.651800408948027
1.6529254432813503
1.6536754661702324
1.6550505081331828
1.655800531022065
1.6579255958738974
1.6594256416516617
1.6600506607257304
1.6606756797997986
1.6616757103183082
1.6638007751701407
1.6645507980590228
1.6663008514664144
1.6669258705404828
1.6685509201330608
1.6699259620960112
1.6710509964293345
1.6714260078737755
1.6719260231330302
1.6730510574663533
1.6739260841700492
1.6739260841700492
1.675176122318186
1.675551133762627
1.6759261452070682
1.6768011719107638
1.6768011719107638
1.6768011719107638
1.6759261452070682
1.6759261452070682
1.6753011261329998
1.6750511185033723
1.6744260994293039
1.6748011108737448
1.673551072725608
1.673551072725608
1.6720510269478437
1.6714260078737755
1.6695509506515702
1.6686759239478743
1.667300881984924
1.666800866725669
1.664925809503464
1.6640507827997681
1.662800744651631
1.6621757255775629
1.6610506912442398
1.6593006378368482
1.6575505844294565
1.656925565355388
1.6555505233924375
1.6539254737998597
1.6529254432813503
1.6528004394665363
1.651050386059145
1.651050386059145
1.6508003784295175
1.6488003173924985
1.6481752983184301
1.6473002716147345
1.6461752372814111
1.6455502182073427
1.6445501876888333
1.6443001800592059
1.6445501876888333
1.6434251533555102
1.6436751609851377
1.6424251228370008
1.6424251228370008
1.6418001037629322
1.6414250923184912
1.6404250617999818
1.6400500503555409
1.6401750541703544
1.6396750389110997
1.6389250160222175
1.6388000122074038
1.637924985503708
1.6367999511703848
1.6352999053926207
1.6339248634296701
1.631674794763024
1.630424756614887
1.6287997070223093
1.626424634540849
1.6247995849482713
1.6234245429853207
1.6219244972075564
1.6204244514297923
1.6197994323557239
1.6194244209112827
1.6196744285409101
1.6217994933927427
1.6242995696890163
1.6279246803186131
1.632424817651906
1.6394250312814722
1.6465502487258523
1.655800531022065
1.666050843836787
1.677551194799646
1.6893015533921325
1.7030519730216378
1.7170524002807703
1.7308028199102756
1.7434282052064578
1.7561785943174535
1.7670539262062441
1.7751791741691336
1.7804293343913085
1.7841794488357188
1.7835544297616506
1.7810543534653769
1.775804193243202
1.7680539567247535
1.7585536667989135
1.745678273873104
1.7320528580584125
1.7180524307992797
1.7024269539475692
1.6879265114291817
1.6739260841700492
1.660550675984985
1.6491753288369395
1.6389250160222175
1.62917471846675
1.6221745048371838
1.6159243140964994
1.6109241615039522
1.6082990813928648
1.6060490127262186
1.60542399365215
1.6059240089114046
1.6066740318002868
1.6086740928373058
1.6115491805780204
1.6147992797631765
1.6187994018372145
1.62204950102237
1.6236745506149481
1.6262996307260353
1.629299722281564
1.6312997833185827
1.6341748710592976
1.635174901577807
1.635924924466689
1.637924985503708
1.6390500198370312
1.639550035096286
1.6401750541703544
1.640675069429609
1.6405500656147955
1.6405500656147955
1.6413000885036775
1.6416750999481187
1.6420501113925596
1.6434251533555102
1.643050141911069
1.6429251380962555
1.6421751152073734
1.6431751457258827
1.643050141911069
1.6434251533555102
1.644675191503647
1.6435501571703237
1.6441751762443924
1.645050202948088
1.6461752372814111
1.6456752220221567
1.645925229651784
1.6473002716147345
1.6475502792443617
1.6479252906888027
1.6480502945036166
1.6484253059480574
1.6501753593554491
1.6506753746147038
1.6520504165776544
1.6520504165776544
1.6535504623554185
1.6536754661702324
1.6544254890591144
1.6550505081331828
1.655800531022065
1.6566755577257606
1.6584256111331521
1.6586756187627796
1.6596756492812892
1.6613006988738672
1.6621757255775629
1.6631757560960723
1.6636757713553272
1.664925809503464
1.666050843836787
1.667300881984924
1.6685509201330608
1.670050965910825
1.6714260078737755
1.6726760460219123
1.6739260841700492
1.6748011108737448
1.6761761528366956
1.6770511795403913
1.6780512100589007
1.6791762443922238
1.680676290169988
1.6816763206884975
1.6831763664662618
1.684301400799585
1.685051423688467
1.6858014465773492
1.686676473281045
1.6875514999847407
1.6886765343180639
1.689426557206946
1.6901765800958282
1.691051606799524
1.6921766411328472
1.693426679280984
1.693801690725425
1.6936766869106112
1.6948017212439344
1.6951767326883755
1.6951767326883755
1.6955517441328165
1.6955517441328165
1.6968017822809534
1.6966767784661398
1.6964267708365124
1.6969267860957673
1.6969267860957673
1.6965517746513261
1.6964267708365124
1.6959267555772577
1.6950517288735618
1.695426740318003
1.6959267555772577
1.6946767174291208
1.6946767174291208
1.693801690725425
1.6925516525772883
1.6906765953550829
1.6906765953550829
1.6899265724662007
1.6888015381328776
1.6874264961699272
1.687051484725486
1.6860514542069764
1.685051423688467
1.683926389355144
1.6825513473921934
1.6818013245033114
1.6801762749107334
1.6783012176885281
1.6769261757255778
1.6761761528366956
1.6753011261329998
1.6741760917996766
1.6728010498367258
1.6718010193182167
1.6705509811700798
1.668800927762688
1.6675508896145512
1.666800866725669
1.664925809503464
1.6639257789849544
1.6626757408368176
1.6616757103183082
1.6606756797997986
1.6601756645405439
1.658550614947966
1.6579255958738974
1.6556755272072514
1.6551755119479965
1.653800469985046
1.653800469985046
1.6531754509109775
1.6511753898739585
1.6505503707998903
1.649425336466567
1.6493003326517535
1.6476752830591754
1.6473002716147345
1.6464252449110386
1.6458002258369702
1.6451752067629017
1.6441751762443924
1.6438001647999512
1.643925168614765
1.6434251533555102
1.6434251533555102
1.641925107577746
1.6413000885036775
1.6413000885036775
1.6405500656147955
1.6401750541703544
1.6404250617999818
1.639925046540727
1.6396750389110997
1.6391750236518448
1.6391750236518448
1.638299996948149
1.6391750236518448
1.6376749778740807
1.6380499893185219
1.6376749778740807
1.6384250007629628
1.637549974059267
1.6377999816888944
1.6376749778740807
1.6374249702444532
1.637924985503708
1.6372999664296397
1.6370499588000123
1.6365499435407576
1.635924924466689
1.635924924466689
1.6357999206518754
1.6361749320963164
1.6365499435407576
1.636674947355571
1.6364249397259438
1.6369249549851985
1.63629993591113
1.6364249397259438
1.6357999206518754
1.6367999511703848
1.6365499435407576
1.636674947355571
1.63629993591113
1.6369249549851985
1.6369249549851985
1.636674947355571
1.6365499435407576
1.6372999664296397
1.636674947355571
1.6367999511703848
1.6377999816888944
1.6365499435407576
1.6370499588000123
1.6372999664296397
1.6374249702444532
1.6367999511703848
1.6369249549851985
1.6367999511703848
1.636674947355571
1.6371749626148258
1.6374249702444532
1.6374249702444532
1.6374249702444532
1.637549974059267
1.6371749626148258
1.6380499893185219
1.6374249702444532
1.6376749778740807
1.637924985503708
1.637549974059267
1.637924985503708
1.637924985503708
1.637924985503708
1.6385500045777766
1.6381749931333354
1.6384250007629628
1.6380499893185219
1.6381749931333354
1.637924985503708
1.6377999816888944
1.63867500839259
1.6384250007629628
1.6384250007629628
1.6384250007629628
1.63867500839259
1.6388000122074038
1.6388000122074038
1.638299996948149
1.6388000122074038
1.6388000122074038
1.6391750236518448
1.6391750236518448
1.6388000122074038
1.639550035096286
1.6398000427259134
1.639550035096286
1.6394250312814722
1.6398000427259134
1.639550035096286
1.6396750389110997
1.640300057985168
1.640300057985168
1.64105008087405
1.6411750846888638
1.641925107577746
1.6420501113925596
1.6428001342814416
1.6428001342814416
1.6431751457258827
1.6435501571703237
1.6438001647999512
1.6443001800592059
1.6456752220221567
1.6463002410962249
1.647050263985107
1.6475502792443617
1.6485503097628713
1.6496753440961944
1.6503003631702629
1.6509253822443313
1.651800408948027
1.6531754509109775
1.6544254890591144
1.6551755119479965
1.6570505691702018
1.6580505996887114
1.658925626392407
1.6604256721701711
1.6616757103183082
1.662800744651631
1.6641757866145819
1.6651758171330913
1.666800866725669
1.6678008972441787
1.6690509353923155
1.6699259620960112
1.6710509964293345
1.6718010193182167
1.6724260383922849
1.673176061281167
1.6740510879848627
1.6750511185033723
1.6753011261329998
1.675551133762627
1.6763011566515091
1.6765511642811366
1.6766761680959503
1.6763011566515091
1.6764261604663229
1.675676137577441
1.675551133762627
1.675176122318186
1.6746761070589313
1.6748011108737448
1.6730510574663533
1.6728010498367258
1.6706759849848933
1.671676015503403
1.6689259315775018
1.6686759239478743
1.6666758629108556
1.6661758476516009
1.6650508133182775
1.6636757713553272
1.6623007293923764
1.6613006988738672
1.6599256569109164
1.6581756035035249
1.6576755882442702
1.6563005462813196
1.6548005005035553
1.6541754814294871
1.651800408948027
1.6523004242072816
1.6511753898739585
1.6503003631702629
1.6498003479110082
1.6491753288369395
1.6478002868739892
1.6464252449110386
1.6458002258369702
1.6453002105777155
1.6449251991332745
1.644675191503647
1.643925168614765
1.6436751609851377
1.6425501266518143
1.6418001037629322
1.6415500961333047
1.6418001037629322
1.6411750846888638
1.64105008087405
1.6411750846888638
1.6400500503555409
1.6396750389110997
1.6394250312814722
1.6384250007629628
1.6384250007629628
1.63629993591113
1.6347998901333658
1.633174840540788
1.631674794763024
1.6309247718741418
1.6286747032074953
1.625674611651967
1.6245495773186438
1.6226745200964385
1.6217994933927427
1.6196744285409101
1.6196744285409101
1.6197994323557239
1.6206744590594195
1.6224245124668113
1.624924588763085
1.629674733726005
1.6349248939481797
1.6420501113925596
1.6488003173924985
1.658925626392407
1.6694259468367565
1.681551316873684
1.6940516983550522
1.7078021179845577
1.7205525070955536
1.7350529496139409
1.7478033387249368
1.7603037202063052
1.769929013946959
1.777054231391339
1.7819293801690725
1.7843044526505327
1.7833044221320231
1.7798043153172398
1.7730541093173011
1.7649288613544114
1.7539285256508073
1.7415531479842525
1.7275527207251198
1.712427259132664
1.6975518051698355
1.682676351207007
1.6685509201330608
1.6573005767998292
1.6448001953184606
1.6354249092074344
1.6269246498001038
1.6197994323557239
1.6144242683187355
1.609049104281747
1.6071740470595417
1.6057990050965911
1.6051739860225227
1.6060490127262186
1.607049043244728
1.61017413861507
1.6130492263557847
1.616924344615009
1.6191744132816552
1.62204950102237
1.624924588763085
1.6274246650593585
1.6297997375408186
1.6319248023926511
1.6337998596148564
1.6356749168370617
1.6367999511703848
1.6384250007629628
1.6390500198370312
1.6398000427259134
1.640675069429609
1.640675069429609
1.6409250770592365
1.6408000732444226
1.6418001037629322
1.6420501113925596
1.6421751152073734
1.6425501266518143
1.6428001342814416
1.6431751457258827
1.643050141911069
1.6434251533555102
1.643925168614765
1.6451752067629017
1.6444251838740198
1.6449251991332745
1.6445501876888333
1.6454252143925292
1.6461752372814111
1.6461752372814111
1.6475502792443617
1.6473002716147345
1.6478002868739892
1.6479252906888027
1.6486753135776848
1.6495503402813807
1.6504253669850764
1.6506753746147038
1.6515504013183995
1.6524254280220954
1.6548005005035553
1.6539254737998597
1.654550492873928
1.6549255043183693
1.6563005462813196
1.656550553910947
1.6581756035035249
1.6590506302072208
1.6603006683553576
1.6616757103183082
1.662925748466445
1.6635507675405132
1.6644257942442091
1.665300820947905
1.6665508590960418
1.6689259315775018
1.669300943021943
1.6703009735404524
1.6721760307626576
1.6730510574663533
1.673551072725608
1.6749261146885588
1.6760511490218817
1.6769261757255778
1.6783012176885281
1.6800512710959197
1.6811763054292428
1.6828013550218206
1.6836763817255165
1.6844264046143986
1.6855514389477217
1.6869264809106725
1.6873014923551135
1.688301522873623
1.6889265419476913
1.6900515762810144
1.6905515915402693
1.6918016296884062
1.6926766563921019
1.6931766716513565
1.6933016754661703
1.6949267250587483
1.6945517136143071
1.6950517288735618
1.695426740318003
1.695426740318003
1.6971767937253945
1.6966767784661398
1.6966767784661398
1.6970517899105808
1.6970517899105808
1.6969267860957673
1.6964267708365124
1.6964267708365124
1.695801751762444
1.6948017212439344
1.6966767784661398
1.6949267250587483
1.6949267250587483
1.6933016754661703
1.6931766716513565
1.6923016449476609
1.691426618243965
1.6900515762810144
1.6891765495773186
1.6886765343180639
1.6880515152439954
1.6864264656514176
1.6856764427625355
1.6844264046143986
1.6831763664662618
1.6823013397625661
1.6809262977996156
1.6798012634662924
1.677926206244087
1.6769261757255778
1.6754261299478135
1.6750511185033723
1.673551072725608
1.6733010650959808
1.6710509964293345
1.669300943021943
1.6685509201330608
1.6674258857997375
1.6656758323923462
1.6643007904293954
1.6636757713553272
1.6623007293923764
1.6613006988738672
1.6608006836146123
1.6588006225775933
1.6586756187627796
1.6570505691702018
1.6559255348368787
1.6546754966887418
1.6539254737998597
1.652550431836909
1.6524254280220954
1.6511753898739585
1.6505503707998903
1.6491753288369395
1.6489253212073123
1.6476752830591754
1.6475502792443617
1.645925229651784
1.6454252143925292
1.644675191503647
1.6444251838740198
1.6438001647999512
1.6440501724295786
1.6435501571703237
1.642675130466628
1.6420501113925596
1.6414250923184912
1.6413000885036775
1.6401750541703544
1.6400500503555409
1.6391750236518448
1.639925046540727
1.6394250312814722
1.6396750389110997
1.6389250160222175
1.6388000122074038
1.6385500045777766
1.637924985503708
1.6376749778740807
1.6374249702444532
1.637549974059267
1.6376749778740807
1.6376749778740807
1.6376749778740807
1.6372999664296397
1.6370499588000123
1.6370499588000123
1.6370499588000123
1.635924924466689
1.6360499282815029
1.6365499435407576
1.6357999206518754
1.6361749320963164
1.6367999511703848
1.6367999511703848
1.635549913022248
1.6365499435407576
1.6361749320963164
1.6360499282815029
1.6357999206518754
1.6367999511703848
1.6365499435407576
1.6361749320963164
1.6370499588000123
1.636674947355571
1.636674947355571
1.636674947355571
1.636674947355571
1.6360499282815029
1.6365499435407576
1.6365499435407576
1.6370499588000123
1.636674947355571
1.637549974059267
1.6370499588000123
1.6372999664296397
1.636674947355571
1.6371749626148258
1.636674947355571
1.636674947355571
1.6370499588000123
1.6377999816888944
1.6376749778740807
1.6372999664296397
1.6376749778740807
1.6377999816888944
1.6374249702444532
1.6377999816888944
1.6372999664296397
1.6369249549851985
1.6369249549851985
1.6388000122074038
1.6381749931333354
1.637924985503708
1.6380499893185219
1.638299996948149
1.637924985503708
1.6376749778740807
1.6381749931333354
1.6377999816888944
1.6377999816888944
1.637924985503708
1.638299996948149
1.638299996948149
1.6384250007629628
1.6384250007629628
1.6372999664296397
1.6390500198370312
1.63867500839259
1.638299996948149
1.6385500045777766
1.6385500045777766
1.6394250312814722
1.6391750236518448
1.6400500503555409
1.639925046540727
1.6393000274666587
1.6396750389110997
1.639925046540727
1.639550035096286
1.6394250312814722
1.6405500656147955
1.6408000732444226
1.64105008087405
1.6421751152073734
1.6418001037629322
1.6418001037629322
1.6424251228370008
1.6428001342814416
1.6423001190221869
1.6431751457258827
1.6441751762443924
1.6444251838740198
1.6458002258369702
1.6468002563554796
1.647425275429548
1.6483003021332439
1.6486753135776848
1.6496753440961944
1.6504253669850764
1.651050386059145
1.6528004394665363
1.6546754966887418
1.6549255043183693
1.6566755577257606
1.6571755729850153
1.6583006073183386
1.6606756797997986
1.6608006836146123
1.6618007141331217
1.6625507370220038
1.6640507827997681
1.6659258400219734
1.6675508896145512
1.6681759086886196
1.669175939207129
1.6701759697256386
1.6695509506515702
1.6721760307626576
1.6733010650959808
1.673176061281167
1.6744260994293039
1.6763011566515091
1.6753011261329998
1.675676137577441
1.6759261452070682
1.6770511795403913
1.677176183355205
1.6761761528366956
1.6761761528366956
1.675551133762627
1.6759261452070682
1.6744260994293039
1.6744260994293039
1.6734260689107945
1.6733010650959808
1.6724260383922849
1.671301004058962
1.6709259926145208
1.6686759239478743
1.6679259010589922
1.6669258705404828
1.6656758323923462
1.6645507980590228
1.662800744651631
1.6620507217627492
1.6608006836146123
1.6588006225775933
1.6588006225775933
1.6571755729850153
1.6555505233924375
1.6544254890591144
1.6543004852443006
1.6520504165776544
1.6516754051332134
1.6504253669850764
1.6499253517258217
1.6499253517258217
1.6478002868739892
1.6475502792443617
1.6461752372814111
1.6455502182073427
1.6451752067629017
1.6449251991332745
1.6443001800592059
1.6435501571703237
1.6436751609851377
1.6431751457258827
1.642675130466628
1.6424251228370008
1.6415500961333047
1.640675069429609
1.6404250617999818
1.6405500656147955
1.6400500503555409
1.6398000427259134
1.6389250160222175
1.6385500045777766
1.6361749320963164
1.635549913022248
1.6340498672444839
1.6329248329111608
1.6306747642445143
1.6287997070223093
1.627299661244545
1.625174596392712
1.6242995696890163
1.6219244972075564
1.6202994476149783
1.6197994323557239
1.6196744285409101
1.6195494247260964
1.6210494705038605
1.6227995239112523
1.6270496536149175
1.6310497756889553
1.6376749778740807
1.6441751762443924
1.6524254280220954
1.662800744651631
1.673676076540422
1.6855514389477217
1.6988018433179723
1.7129272743919186
1.725927671132542
1.7396780907620473
1.7523034760582294
1.763553819391461
1.7730541093173011
1.7793043000579851
1.7830544145023959
1.7839294412060915
1.7821793877986998
1.7779292580950348
1.7713040559099094
1.761553758354442
1.7503034150212105
1.7370530106509599
1.7224275643177587
1.7085521408734399
1.6923016449476609
1.6778012024292734
1.6646758018738366
1.6526754356517228
1.64105008087405
1.632424817651906
1.6244245735038303
1.6177993713187049
1.6129242225409712
1.6096741233558154
1.6060490127262186
1.6051739860225227
1.605048982207709
1.606174016541032
1.6087990966521197
1.6106741538743248
1.613799249244667
1.6170493484298227
1.6196744285409101
1.6221745048371838
1.6257996154667806
1.6281746879482406
1.6305497604297006
1.6329248329111608
1.6346748863185523
1.635924924466689
1.6369249549851985
1.63867500839259
1.6393000274666587
1.639550035096286
1.640300057985168
1.6415500961333047
1.6408000732444226
1.6413000885036775
1.6411750846888638
1.6423001190221869
1.6423001190221869
1.6429251380962555
1.6425501266518143
1.6431751457258827
1.6428001342814416
1.6433001495406965
1.6433001495406965
1.6438001647999512
1.6443001800592059
1.6440501724295786
1.6451752067629017
1.6460502334665976
1.6461752372814111
1.6475502792443617
1.6464252449110386
1.6475502792443617
1.6475502792443617
1.6485503097628713
1.6493003326517535
1.6500503555406356
1.6504253669850764
1.6509253822443313
1.6531754509109775
1.652550431836909
1.6531754509109775
1.6541754814294871
1.6549255043183693
1.655800531022065
1.6564255500961331
1.6581756035035249
1.6593006378368482
1.6594256416516617
1.6614257026886807
1.6615507065034945
1.6619257179479354
1.6634257637256997
1.6646758018738366
1.6658008362071597
1.6670508743552965
1.6683009125034334
1.6690509353923155
1.6703009735404524
1.6723010345774711
1.673551072725608
1.6744260994293039
1.6749261146885588
1.6760511490218817
1.6776761986144597
1.677926206244087
1.681551316873684
1.6814263130588702
1.6825513473921934
1.6838013855403302
1.6844264046143986
1.6854264351329082
1.6869264809106725
1.6878015076143682
1.6881765190588092
1.6889265419476913
1.6896765648365732
1.6913016144291515
1.6926766563921019
1.6930516678365428
1.6935516830957975
1.6933016754661703
1.6944267097994934
1.6946767174291208
1.6953017365031893
1.6961767632068852
1.6971767937253945
1.6968017822809534
1.6968017822809534
1.697301797540208
1.6968017822809534
1.6963017670216987
1.6969267860957673
1.6964267708365124
1.695801751762444
1.6959267555772577
1.6956767479476302
1.695426740318003
1.6946767174291208
1.6944267097994934
1.693426679280984
1.6925516525772883
1.6924266487624744
1.6909266029847103
1.6898015686513872
1.6886765343180639
1.6879265114291817
1.6875514999847407
1.6861764580217904
1.6851764275032808
1.6840513931699574
1.6831763664662618
1.6824263435773796
1.6805512863551746
1.6788012329477828
1.6778012024292734
1.6765511642811366
1.6743010956144901
1.6748011108737448
1.6733010650959808
1.6720510269478437
1.6710509964293345
1.6679259010589922
1.6683009125034334
1.66717587817011
1.6655508285775322
1.6645507980590228
1.6636757713553272
1.6621757255775629
1.6611756950590533
1.659800653096103
1.6593006378368482
1.6580505996887114
1.6568005615405743
1.6556755272072514
1.6544254890591144
1.6533004547257912
1.653425458540605
1.6516754051332134
1.6508003784295175
1.6503003631702629
1.6500503555406356
1.6481752983184301
1.6480502945036166
1.647425275429548
1.6465502487258523
1.645050202948088
1.6456752220221567
1.6443001800592059
1.6434251533555102
1.6435501571703237
1.6431751457258827
1.6414250923184912
1.6411750846888638
1.6414250923184912
1.640675069429609
1.640300057985168
1.6404250617999818
1.6398000427259134
1.6396750389110997
1.639550035096286
1.639550035096286
1.6390500198370312
1.6388000122074038
1.6381749931333354
1.637924985503708
1.637924985503708
1.6390500198370312
1.6371749626148258
1.6389250160222175
1.637549974059267
1.637549974059267
1.636674947355571
1.6371749626148258
1.6370499588000123
1.636674947355571
1.6354249092074344
1.6361749320963164
1.6360499282815029
1.6360499282815029
1.6365499435407576
1.6365499435407576
1.6364249397259438
1.6356749168370617
1.6369249549851985
1.6360499282815029
1.6360499282815029
1.635924924466689
1.6370499588000123
1.63629993591113
1.6364249397259438
1.6372999664296397
1.6369249549851985
1.6371749626148258
1.636674947355571
1.636674947355571
1.6361749320963164
1.63629993591113
1.6372999664296397
1.6367999511703848
1.6364249397259438
1.6376749778740807
1.6371749626148258
1.6364249397259438
1.6371749626148258
1.6370499588000123
1.6371749626148258
1.6371749626148258
1.6376749778740807
1.6370499588000123
1.6370499588000123
1.6388000122074038
1.6376749778740807
1.6367999511703848
1.6376749778740807
1.637924985503708
1.6371749626148258
1.6380499893185219
1.6384250007629628
1.6372999664296397
1.6380499893185219
1.638299996948149
1.6380499893185219
1.6384250007629628
1.6381749931333354
1.6381749931333354
1.6380499893185219
1.637549974059267
1.6376749778740807
1.6376749778740807
1.6385500045777766
1.6384250007629628
1.6385500045777766
1.6385500045777766
1.6388000122074038
1.6381749931333354
1.63867500839259
1.63867500839259
1.6385500045777766
1.6390500198370312
1.6396750389110997
1.6391750236518448
1.6391750236518448
1.639550035096286
1.6400500503555409
1.6398000427259134
1.6393000274666587
1.639925046540727
1.640300057985168
1.6408000732444226
1.6413000885036775
1.6409250770592365
1.6415500961333047
1.6421751152073734
1.642675130466628
1.6424251228370008
1.6428001342814416
1.6431751457258827
1.6436751609851377
1.644675191503647
1.6448001953184606
1.645925229651784
1.647050263985107
1.6475502792443617
1.6493003326517535
1.649050325022126
1.6498003479110082
1.6506753746147038
1.6513003936887722
1.6543004852443006
1.6541754814294871
1.6551755119479965
1.656550553910947
1.6579255958738974
1.6579255958738974
1.6595506454664755
1.6611756950590533
1.6618007141331217
1.6634257637256997
1.66480080568865
1.6661758476516009
1.667300881984924
1.6686759239478743
1.670050965910825
1.6699259620960112
1.6714260078737755
1.6725510422070986
1.6725510422070986
1.6733010650959808
1.6741760917996766
1.6753011261329998
1.6758011413922544
1.6758011413922544
1.6763011566515091
1.6760511490218817
1.6763011566515091
1.6763011566515091
1.6758011413922544
1.675551133762627
1.6754261299478135
1.6750511185033723
1.6745511032441176
1.6739260841700492
1.6733010650959808
1.6723010345774711
1.6710509964293345
1.6686759239478743
1.6686759239478743
1.6670508743552965
1.6665508590960418
1.6659258400219734
1.6641757866145819
1.662925748466445
1.6621757255775629
1.6610506912442398
1.6590506302072208
1.6581756035035249
1.6568005615405743
1.6550505081331828
1.6551755119479965
1.6536754661702324
1.6524254280220954
1.6513003936887722
1.6506753746147038
1.6499253517258217
1.6491753288369395
1.6480502945036166
1.647050263985107
1.6460502334665976
1.6458002258369702
1.6464252449110386
1.6444251838740198
1.6440501724295786
1.643925168614765
1.6433001495406965
1.6429251380962555
1.6424251228370008
1.641925107577746
1.6413000885036775
1.6409250770592365
1.6414250923184912
1.6405500656147955
1.639925046540727
1.6396750389110997
1.63867500839259
1.6371749626148258
1.6370499588000123
1.6354249092074344
1.633549851985229
1.6321748100222786
1.6314247871333964
1.6286747032074953
1.6266746421704763
1.625174596392712
1.623299539170507
1.62204950102237
1.6211744743186742
1.6196744285409101
1.6194244209112827
1.6207994628742333
1.6215494857631152
1.624049562059389
1.6279246803186131
1.633674855800043
1.63867500839259
1.6466752525406658
1.655425519577624
1.6659258400219734
1.6769261757255778
1.6898015686513872
1.702926969206824
1.7166773888363294
1.7304278084658344
1.743803216650899
1.7560535905026398
1.7665539109469892
1.7750541703543201
1.7810543534653769
1.7841794488357188
1.783679433576464
1.780554338206122
1.776179204687643
1.76792895290994
1.7583036591692862
1.7465533005767997
1.73230286568804
1.7178024231696525
1.7031769768364513
1.6878015076143682
1.6739260841700492
1.660550675984985
1.6495503402813807
1.6389250160222175
1.6297997375408186
1.6221745048371838
1.6159243140964994
1.609424115726188
1.6076740623187964
1.6060490127262186
1.6052989898373364
1.6055489974669637
1.6066740318002868
1.6091741080965607
1.6119241920224616
1.61492428357799
1.6182993865779596
1.6205494552446058
1.6239245582445754
1.6266746421704763
1.628424695577868
1.631174779503769
1.6332998443556017
1.6350498977629933
1.6364249397259438
1.6376749778740807
1.6385500045777766
1.6393000274666587
1.6398000427259134
1.639925046540727
1.64105008087405
1.6414250923184912
1.6415500961333047
1.6414250923184912
1.6416750999481187
1.641925107577746
1.6425501266518143
1.6435501571703237
1.6420501113925596
1.6431751457258827
1.6435501571703237
1.6433001495406965
1.6436751609851377
1.6448001953184606
1.6451752067629017
1.6455502182073427
1.6453002105777155
1.6464252449110386
1.6458002258369702
1.6466752525406658
1.6475502792443617
1.6483003021332439
1.6480502945036166
1.6489253212073123
1.6501753593554491
1.6505503707998903
1.6519254127628407
1.652550431836909
1.6529254432813503
1.653425458540605
1.6546754966887418
1.6549255043183693
1.655425519577624
1.656925565355388
1.6581756035035249
1.658925626392407
1.659800653096103
1.660925687429426
1.6624257332071901
1.662925748466445
1.6639257789849544
1.66480080568865
1.6661758476516009
1.6678008972441787
1.668800927762688
1.6703009735404524
1.6715510116885892
1.6728010498367258
1.6733010650959808
1.6749261146885588
1.6759261452070682
1.6769261757255778
1.6780512100589007
1.6784262215033416
1.6804262825403606
1.6821763359477524
1.6834263740958892
1.6844264046143986
1.6851764275032808
1.6858014465773492
1.6865514694662314
1.6875514999847407
1.6881765190588092
1.6908015991698966
1.6905515915402693
1.6918016296884062
1.6921766411328472
1.6929266640217293
1.6930516678365428
1.6943017059846797
1.6946767174291208
1.6944267097994934
1.6950517288735618
1.6956767479476302
1.6964267708365124
1.6965517746513261
1.697301797540208
1.6969267860957673
1.6968017822809534
1.6969267860957673
1.6968017822809534
1.6964267708365124
1.6960517593920712
1.6959267555772577
1.6946767174291208
1.6950517288735618
1.6941767021698662
1.6945517136143071
1.693426679280984
1.6918016296884062
1.6924266487624744
1.6908015991698966
1.689426557206946
1.6888015381328776
1.6878015076143682
1.687051484725486
1.6860514542069764
1.6845514084292124
1.683926389355144
1.6821763359477524
1.6813013092440567
1.6798012634662924
1.678676229132969
1.677551194799646
1.675551133762627
1.675176122318186
1.6739260841700492
1.673176061281167
1.6715510116885892
1.6698009582811977
1.668800927762688
1.6681759086886196
1.6665508590960418
1.6650508133182775
1.6638007751701407
1.662925748466445
1.6619257179479354
1.660550675984985
1.659800653096103
1.657800592059084
1.6575505844294565
1.6564255500961331
1.6546754966887418
1.6539254737998597
1.653425458540605
1.6523004242072816
1.6519254127628407
1.6506753746147038
1.6503003631702629
1.6489253212073123
1.6479252906888027
1.6473002716147345
1.6463002410962249
1.6454252143925292
1.6453002105777155
1.6449251991332745
1.643925168614765
1.643925168614765
1.6440501724295786
1.6431751457258827
1.6413000885036775
1.6415500961333047
1.6409250770592365
1.640300057985168
1.6405500656147955
1.6404250617999818
1.6398000427259134
1.6400500503555409
1.6394250312814722
1.639925046540727
1.6389250160222175
1.63867500839259
1.638299996948149
1.637549974059267
1.637924985503708
1.637924985503708
1.6376749778740807
1.6377999816888944
1.6380499893185219
1.6374249702444532
1.6370499588000123
1.637549974059267
1.6370499588000123
1.6364249397259438
1.635924924466689
1.6374249702444532
1.6364249397259438
1.6370499588000123
1.6367999511703848
1.6369249549851985
1.6364249397259438
1.6364249397259438
1.6361749320963164
1.6354249092074344
1.63629993591113
1.635924924466689
1.6360499282815029
1.6365499435407576
1.6372999664296397
1.6369249549851985
1.6377999816888944
1.6360499282815029
1.6367999511703848
1.6364249397259438
1.6361749320963164
1.6360499282815029
1.6365499435407576
1.6365499435407576
1.6371749626148258
1.6370499588000123
1.6376749778740807
1.6370499588000123
1.6374249702444532
1.6367999511703848
1.6367999511703848
1.6370499588000123
1.6371749626148258
1.6370499588000123
1.6376749778740807
1.6377999816888944
1.6370499588000123
1.637549974059267
1.6374249702444532
1.6374249702444532
1.6374249702444532
1.6384250007629628
1.6377999816888944
1.6376749778740807
1.6381749931333354
1.6380499893185219
1.637549974059267
1.6388000122074038
1.6380499893185219
1.6380499893185219
1.637924985503708
1.637924985503708
1.6381749931333354
1.638299996948149
1.6384250007629628
1.6388000122074038
1.6388000122074038
1.6388000122074038
1.6384250007629628
1.63867500839259
1.6385500045777766
1.6391750236518448
1.6385500045777766
1.6390500198370312
1.6389250160222175
1.6396750389110997
1.639925046540727
1.6394250312814722
1.6393000274666587
1.6394250312814722
1.6391750236518448
1.6400500503555409
1.640675069429609
1.6405500656147955
1.64105008087405
1.6414250923184912
1.6414250923184912
1.6420501113925596
1.6421751152073734
1.6428001342814416
1.6428001342814416
1.643050141911069
1.644675191503647
1.6454252143925292
1.6453002105777155
1.6461752372814111
1.6471752677999205
1.6478002868739892
1.6485503097628713
1.6493003326517535
1.6499253517258217
1.6506753746147038
1.652550431836909
1.6531754509109775
1.6544254890591144
1.655425519577624
1.6568005615405743
1.6580505996887114
1.6591756340220343
1.6604256721701711
1.6613006988738672
1.6625507370220038
1.6643007904293954
1.6651758171330913
1.6665508590960418
1.6681759086886196
1.6689259315775018
1.669175939207129
1.6705509811700798
1.6719260231330302
1.6724260383922849
1.6730510574663533
1.6739260841700492
1.6749261146885588
1.6750511185033723
1.6754261299478135
1.6761761528366956
1.6759261452070682
1.6759261452070682
1.6764261604663229
1.6763011566515091
1.6760511490218817
1.675551133762627
1.6754261299478135
1.6745511032441176
1.6741760917996766
1.6738010803552354
1.6725510422070986
1.6718010193182167
1.6705509811700798
1.6695509506515702
1.6679259010589922
1.666800866725669
1.6666758629108556
1.6650508133182775
1.6639257789849544
1.6630507522812585
1.6619257179479354
1.6593006378368482
1.6580505996887114
1.6575505844294565
1.6561755424665061
1.654550492873928
1.6539254737998597
1.6530504470961638
1.6519254127628407
1.651425397503586
1.6504253669850764
1.6488003173924985
1.6484253059480574
1.647425275429548
1.6464252449110386
1.6458002258369702
1.6448001953184606
1.6453002105777155
1.6448001953184606
1.6441751762443924
1.6431751457258827
1.6433001495406965
1.6424251228370008
1.6425501266518143
1.6411750846888638
1.64105008087405
1.6413000885036775
1.6408000732444226
1.6400500503555409
1.639550035096286
1.6388000122074038
1.638299996948149
1.6371749626148258
1.63629993591113
1.6347998901333658
1.6337998596148564
1.6319248023926511
1.6301747489852596
1.6279246803186131
1.626049623096408
1.6245495773186438
1.6221745048371838
1.6204244514297923
1.6199244361705374
1.6194244209112827
1.6192994170964692
1.6206744590594195
1.622924527726066
1.6259246192815942
1.6299247413556321
1.6357999206518754
1.6424251228370008
1.6499253517258217
1.6599256569109164
1.6709259926145208
1.6824263435773796
1.6951767326883755
1.709177159947508
1.7228025757621999
1.7360529801324502
1.7498033997619558
1.7610537430951874
1.7711790520950956
1.7780542619098483
1.7823043916135137
1.7835544297616506
1.7828044068727684
1.7793043000579851
1.773429120761742
1.7646788537247842
1.7529284951322976
1.739803094576861
1.7249276406140324
1.7109272133548998
1.695801751762444
1.6814263130588702
1.667675893429365
1.656925565355388
1.6441751762443924
1.634299874874111
1.626049623096408
1.6190494094668417
1.61254921109653
1.609424115726188
1.6066740318002868
1.6051739860225227
1.6052989898373364
1.6057990050965911
1.6076740623187964
1.6102991424298836
1.6132992339854122
1.616549333170568
1.6200494399853511
1.6222995086519973
1.625174596392712
1.6282996917630543
1.6297997375408186
1.632299813837092
1.6345498825037386
1.6357999206518754
1.6374249702444532
1.638299996948149
1.63867500839259
1.6396750389110997
1.6401750541703544
1.6404250617999818
1.640300057985168
1.6404250617999818
1.6416750999481187
1.6420501113925596
1.6421751152073734
1.6429251380962555
1.6420501113925596
1.6429251380962555
1.6429251380962555
1.643050141911069
1.6431751457258827
1.6441751762443924
1.644675191503647
1.6445501876888333
1.6453002105777155
1.6455502182073427
1.6460502334665976
1.6465502487258523
1.647050263985107
1.6471752677999205
1.6476752830591754
1.6485503097628713
1.649425336466567
1.6496753440961944
1.6508003784295175
1.651425397503586
1.651800408948027
1.6526754356517228
1.6524254280220954
1.6540504776146734
1.6543004852443006
1.6555505233924375
1.6570505691702018
1.6580505996887114
1.6584256111331521
1.6591756340220343
1.660550675984985
1.6611756950590533
1.6621757255775629
1.6634257637256997
1.6640507827997681
1.6654258247627187
1.6655508285775322
1.6683009125034334
1.6695509506515702
1.6705509811700798
1.6720510269478437
1.6743010956144901
1.6739260841700492
1.6753011261329998
1.6766761680959503
1.6776761986144597
1.6791762443922238
1.679926267281106
1.6813013092440567
1.6823013397625661
1.6835513779107028
1.683926389355144
1.6864264656514176
1.686676473281045
1.6874264961699272
1.6880515152439954
1.6886765343180639
1.690301583910642
1.691051606799524
1.6919266335032197
1.6929266640217293
1.6935516830957975
1.6933016754661703
1.6940516983550522
1.6945517136143071
1.6948017212439344
1.695426740318003
1.6960517593920712
1.6965517746513261
1.6966767784661398
1.6975518051698355
1.6969267860957673
1.6968017822809534
1.6966767784661398
1.6966767784661398
1.6961767632068852
1.6960517593920712
1.6950517288735618
1.6950517288735618
1.6948017212439344
1.6945517136143071
1.6935516830957975
1.693801690725425
1.6921766411328472
1.6911766106143375
1.6895515610217597
1.689426557206946
1.6876765037995543
1.6874264961699272
1.6864264656514176
1.6851764275032808
1.684676412244026
1.6835513779107028
1.6820513321329387
1.6808012939848018
1.6798012634662924
1.6781762138737144
1.6773011871700187
1.6758011413922544
1.6750511185033723
1.6740510879848627
1.6725510422070986
1.6703009735404524
1.6694259468367565
1.6683009125034334
1.6670508743552965
1.6656758323923462
1.6641757866145819
1.6634257637256997
1.6624257332071901
1.6611756950590533
1.6606756797997986
1.658925626392407
1.6583006073183386
1.6568005615405743
1.6559255348368787
1.6544254890591144
1.6541754814294871
1.6524254280220954
1.652550431836909
1.6511753898739585
1.6505503707998903
1.6484253059480574
1.6485503097628713
1.6478002868739892
1.6469252601702933
1.6458002258369702
1.6449251991332745
1.6449251991332745
1.6445501876888333
1.643925168614765
1.6436751609851377
1.6429251380962555
1.642675130466628
1.641925107577746
1.6413000885036775
1.6405500656147955
1.640675069429609
1.6400500503555409
1.640300057985168
1.639925046540727
1.6398000427259134
1.639550035096286
1.6390500198370312
1.63867500839259
1.638299996948149
1.637924985503708
1.6380499893185219
1.6371749626148258
1.637924985503708
1.6380499893185219
1.6376749778740807
1.6376749778740807
1.6381749931333354
1.6371749626148258
1.6374249702444532
1.6367999511703848
1.6364249397259438
1.63629993591113
1.6361749320963164
1.6364249397259438
1.6364249397259438
1.6367999511703848
1.636674947355571
1.6361749320963164
1.6367999511703848
1.6364249397259438
1.635549913022248
1.63629993591113
1.6365499435407576
1.63629993591113
1.6364249397259438
1.636674947355571
1.6370499588000123
1.6365499435407576
1.6364249397259438
1.6365499435407576
1.6364249397259438
1.6364249397259438
1.637549974059267
1.636674947355571
1.6371749626148258
1.6374249702444532
1.6370499588000123
1.6370499588000123
1.6370499588000123
1.63629993591113
1.6369249549851985
1.6370499588000123
1.6371749626148258
1.6372999664296397
1.6374249702444532
1.6377999816888944
1.6377999816888944
1.6380499893185219
1.637549974059267
1.6370499588000123
1.6371749626148258
1.6372999664296397
1.6372999664296397
1.6377999816888944
1.6377999816888944
1.6384250007629628
1.6381749931333354
1.637549974059267
1.6381749931333354
1.6380499893185219
1.6377999816888944
1.6381749931333354
1.6381749931333354
1.638299996948149
1.6380499893185219
1.6389250160222175
1.6389250160222175
1.6389250160222175
1.6393000274666587
1.6384250007629628
1.638299996948149
1.6391750236518448
1.6380499893185219
1.6398000427259134
1.6393000274666587
1.6393000274666587
1.6390500198370312
1.6400500503555409
1.6394250312814722
1.6394250312814722
1.639550035096286
1.639550035096286
1.639925046540727
1.6405500656147955
1.6408000732444226
1.6411750846888638
1.6415500961333047
1.6414250923184912
1.6421751152073734
1.6421751152073734
1.6428001342814416
1.6434251533555102
1.6436751609851377
1.6449251991332745
1.645050202948088
1.6456752220221567
1.6466752525406658
1.647425275429548
1.6483003021332439
1.649425336466567
1.6495503402813807
1.6511753898739585
1.6519254127628407
1.6526754356517228
1.653800469985046
1.6549255043183693
1.6563005462813196
1.6573005767998292
1.6579255958738974
1.659800653096103
1.660550675984985
1.6618007141331217
1.662925748466445
1.6650508133182775
1.6656758323923462
1.6670508743552965
1.6686759239478743
1.6695509506515702
1.6701759697256386
1.671301004058962
1.6724260383922849
1.6728010498367258
1.673676076540422
1.6748011108737448
1.6749261146885588
1.6759261452070682
1.6763011566515091
1.6761761528366956
1.6766761680959503
1.6766761680959503
1.6765511642811366
1.6761761528366956
1.675676137577441
1.6753011261329998
1.675176122318186
1.6739260841700492
1.6740510879848627
1.6728010498367258
1.6714260078737755
1.6706759849848933
1.6699259620960112
1.6685509201330608
1.6679259010589922
1.6666758629108556
1.6655508285775322
1.6644257942442091
1.6630507522812585
1.6620507217627492
1.6596756492812892
1.6595506454664755
1.6588006225775933
1.656925565355388
1.6551755119479965
1.6553005157628102
1.6539254737998597
1.6529254432813503
1.651800408948027
1.6511753898739585
1.6495503402813807
1.6486753135776848
1.6480502945036166
1.6463002410962249
1.6469252601702933
1.6458002258369702
1.6449251991332745
1.6440501724295786
1.6441751762443924
1.6443001800592059
1.6431751457258827
1.6428001342814416
1.6436751609851377
1.6420501113925596
1.6409250770592365
1.640675069429609
1.6409250770592365
1.640300057985168
1.639925046540727
1.6396750389110997
1.6388000122074038
1.6381749931333354
1.6369249549851985
1.635924924466689
1.6337998596148564
1.632424817651906
1.6305497604297006
1.628424695577868
1.6265496383556628
1.6266746421704763
1.6234245429853207
1.6215494857631152
1.6206744590594195
1.6207994628742333
1.6192994170964692
1.6196744285409101
1.6211744743186742
1.6239245582445754
1.6275496688741722
1.6320498062074649
1.6380499893185219
1.6456752220221567
1.6541754814294871
1.6645507980590228
1.6754261299478135
1.6878015076143682
1.7014269234290598
1.715177343058565
1.7284277474288157
1.7420531632435072
1.7548035523545031
1.7660538956877345
1.7740541398358105
1.7803043305764947
1.7831794183172094
1.7840544450209053
1.781679372539445
1.776554216132084
1.7695540025025178
1.7598037049470505
1.7484283577990052
1.734552934354686
1.719552476577044
1.704177007354961
1.6895515610217597
1.675551133762627
1.6610506912442398
1.6506753746147038
1.6396750389110997
1.6305497604297006
1.6237995544297616
1.6164243293557543
1.6115491805780204
1.608174077578051
1.6059240089114046
1.60542399365215
1.605048982207709
1.6062990203558458
1.6087990966521197
1.6115491805780204
1.614549272133549
1.6172993560594502
1.6206744590594195
1.6236745506149481
1.626424634540849
1.628424695577868
1.6309247718741418
1.633549851985229
1.6349248939481797
1.6364249397259438
1.6376749778740807
1.63867500839259
1.6388000122074038
1.640675069429609
1.640300057985168
1.6404250617999818
1.6416750999481187
1.6414250923184912
1.6415500961333047
1.641925107577746
1.6425501266518143
1.6425501266518143
1.6431751457258827
1.642675130466628
1.6431751457258827
1.6433001495406965
1.6435501571703237
1.6425501266518143
1.6441751762443924
1.6445501876888333
1.6456752220221567
1.6456752220221567
1.6454252143925292
1.6465502487258523
1.6471752677999205
1.6471752677999205
1.6480502945036166
1.6486753135776848
1.649425336466567
1.6504253669850764
1.6509253822443313
1.6513003936887722
1.6511753898739585
1.652550431836909
1.6535504623554185
1.6539254737998597
1.6549255043183693
1.655425519577624
1.6573005767998292
1.6575505844294565
1.6588006225775933
1.6601756645405439
1.6611756950590533
1.6624257332071901
1.662800744651631
1.6640507827997681
1.6651758171330913
1.6659258400219734
1.6669258705404828
1.6681759086886196
1.6699259620960112
1.6715510116885892
1.6724260383922849
1.6734260689107945
1.6746761070589313
1.675551133762627
1.6769261757255778
1.6778012024292734
1.679551255836665
1.6809262977996156
1.6818013245033114
1.6836763817255165
1.6840513931699574
1.6858014465773492
1.685926450392163
1.6865514694662314
1.6875514999847407
1.6884265266884364
1.6898015686513872
1.6906765953550829
1.6920516373180334
1.6929266640217293
1.693426679280984
1.6935516830957975
1.6950517288735618
1.6946767174291208
1.6950517288735618
1.6950517288735618
1.695801751762444
1.6969267860957673
1.6966767784661398
1.6968017822809534
1.6970517899105808
1.6971767937253945
1.6970517899105808
1.6964267708365124
1.6966767784661398
1.695801751762444
1.6964267708365124
1.6956767479476302
1.6951767326883755
1.6945517136143071
1.6943017059846797
1.6933016754661703
1.6925516525772883
1.6911766106143375
1.6906765953550829
1.6896765648365732
1.6875514999847407
1.6875514999847407
1.6869264809106725
1.6861764580217904
1.6849264198736535
1.683051362651448
1.6829263588366346
1.6814263130588702
1.6800512710959197
1.6784262215033416
1.6773011871700187
1.6763011566515091
1.6753011261329998
1.6740510879848627
1.6730510574663533
1.6718010193182167
1.6701759697256386
1.669300943021943
1.667675893429365
1.6665508590960418
1.6650508133182775
1.6644257942442091
1.6631757560960723
1.6621757255775629
1.6600506607257304
1.6601756645405439
1.6590506302072208
1.6576755882442702
1.6561755424665061
1.6551755119479965
1.6543004852443006
1.6528004394665363
1.6521754203924681
1.6519254127628407
1.6513003936887722
1.6496753440961944
1.6485503097628713
1.6476752830591754
1.6473002716147345
1.6458002258369702
1.6456752220221567
1.6456752220221567
1.6448001953184606
1.6443001800592059
1.6434251533555102
1.6434251533555102
1.643050141911069
1.6420501113925596
1.641925107577746
1.6401750541703544
1.640300057985168
1.6405500656147955
1.6398000427259134
1.6398000427259134
1.639925046540727
1.639550035096286
1.6396750389110997
1.63867500839259
1.63867500839259
1.637924985503708
1.6381749931333354
1.6367999511703848
1.6377999816888944
1.6380499893185219
1.6377999816888944
1.6376749778740807
1.6381749931333354
1.637549974059267
1.6374249702444532
1.6369249549851985
1.6369249549851985
1.6361749320963164
1.6361749320963164
1.6360499282815029
1.6367999511703848
1.6357999206518754
1.6365499435407576
1.6360499282815029
1.6360499282815029
1.6364249397259438
1.6360499282815029
1.6367999511703848
1.6367999511703848
1.6361749320963164
1.636674947355571
1.6369249549851985
1.6365499435407576
1.6364249397259438
1.6371749626148258
1.6369249549851985
1.6370499588000123
1.636674947355571
1.6364249397259438
1.6369249549851985
1.6369249549851985
1.6371749626148258
1.6371749626148258
1.6365499435407576
1.6370499588000123
1.6367999511703848
1.6367999511703848
1.6372999664296397
1.6370499588000123
1.6371749626148258
1.6374249702444532
1.6377999816888944
1.6376749778740807
1.6380499893185219
1.6381749931333354
1.637549974059267
1.6367999511703848
1.6371749626148258
1.6377999816888944
1.6380499893185219
1.6381749931333354
1.6385500045777766
1.6384250007629628
1.6371749626148258
1.6376749778740807
1.6381749931333354
1.6377999816888944
1.637549974059267
1.636674947355571
1.638299996948149
1.6380499893185219
1.6385500045777766
1.6385500045777766
1.6393000274666587
1.63867500839259
1.6385500045777766
1.638299996948149
1.6385500045777766
1.6385500045777766
1.6391750236518448
1.6388000122074038
1.6385500045777766
1.6394250312814722
1.6401750541703544
1.6390500198370312
1.639550035096286
1.6394250312814722
1.640300057985168
1.6398000427259134
1.6405500656147955
1.6405500656147955
1.6405500656147955
1.6416750999481187
1.6416750999481187
1.6420501113925596
1.6420501113925596
1.6428001342814416
1.642675130466628
1.6435501571703237
1.6443001800592059
1.644675191503647
1.6454252143925292
1.6464252449110386
1.6469252601702933
1.647425275429548
1.6484253059480574
1.649050325022126
1.6496753440961944
1.6511753898739585
1.6531754509109775
1.6529254432813503
1.6535504623554185
1.655425519577624
1.656925565355388
1.6563005462813196
1.6586756187627796
1.6601756645405439
1.6611756950590533
1.6623007293923764
1.6643007904293954
1.6646758018738366
1.6666758629108556
1.6681759086886196
1.6690509353923155
1.6706759849848933
1.670800988799707
1.6718010193182167
1.6721760307626576
1.673176061281167
1.6738010803552354
1.6744260994293039
1.675176122318186
1.6758011413922544
1.6763011566515091
1.6758011413922544
1.6759261452070682
1.6769261757255778
1.6760511490218817
1.675676137577441
1.6765511642811366
1.6749261146885588
1.6745511032441176
1.6744260994293039
1.673551072725608
1.6729260536515398
1.6715510116885892
1.6704259773552659
1.6694259468367565
1.6679259010589922
1.667675893429365
1.666050843836787
1.6651758171330913
1.6641757866145819
1.6626757408368176
1.6616757103183082
1.6596756492812892
1.658925626392407
1.6580505996887114
1.6570505691702018
1.6549255043183693
1.6541754814294871
1.6529254432813503
1.6521754203924681
1.6516754051332134
1.6505503707998903
1.649425336466567
1.6484253059480574
1.6475502792443617
1.6468002563554796
1.6458002258369702
1.645925229651784
1.644675191503647
1.6441751762443924
1.6440501724295786
1.6440501724295786
1.6441751762443924
1.6428001342814416
1.6425501266518143
1.6411750846888638
1.64105008087405
1.639925046540727
1.6413000885036775
1.640300057985168
1.6400500503555409
1.6394250312814722
1.6372999664296397
1.637549974059267
1.6361749320963164
1.634299874874111
1.6334248481704154
1.6325498214667196
1.630049745170446
1.6287997070223093
1.626424634540849
1.6245495773186438
1.6217994933927427
1.6210494705038605
1.6202994476149783
1.6192994170964692
1.6192994170964692
1.6205494552446058
1.6222995086519973
1.625174596392712
1.62917471846675
1.635174901577807
1.640675069429609
1.649425336466567
1.6584256111331521
1.6686759239478743
1.680676290169988
1.6946767174291208
1.7073021027253028
1.7209275185399944
1.7344279305398724
1.7479283425397505
1.7596787011322368
1.7694289986877043
1.7768042237617114
1.7818043763542588
1.7838044373912778
1.782929410687582
1.7803043305764947
1.7735541245765558
1.7651788689840389
1.7546785485396894
1.7423031708731347
1.7273027130954923
1.7130522782067326
1.6976768089846492
1.6829263588366346
1.6699259620960112
1.6573005767998292
1.6458002258369702
1.6357999206518754
1.627174657429731
1.6192994170964692
1.614549272133549
1.6099241309854426
1.607049043244728
1.6051739860225227
1.605048982207709
1.6066740318002868
1.6077990661336101
1.6100491348002564
1.6131742301705987
1.6159243140964994
1.6176743675038912
1.6217994933927427
1.6242995696890163
1.6269246498001038
1.6299247413556321
1.631674794763024
1.6334248481704154
1.6356749168370617
1.6369249549851985
1.6380499893185219
1.63867500839259
1.6400500503555409
1.639550035096286
1.6408000732444226
1.6408000732444226
1.6408000732444226
1.6414250923184912
1.6416750999481187
1.6423001190221869
1.6425501266518143
1.6424251228370008
1.6421751152073734
1.6429251380962555
1.6429251380962555
1.6435501571703237
1.6433001495406965
1.6444251838740198
1.6436751609851377
1.645050202948088
1.6456752220221567
1.6456752220221567
1.6463002410962249
1.6468002563554796
1.647425275429548
1.6475502792443617
1.6483003021332439
1.6488003173924985
1.6501753593554491
1.6503003631702629
1.6511753898739585
1.651050386059145
1.6523004242072816
1.6531754509109775
1.6536754661702324
1.653800469985046
1.6553005157628102
1.6568005615405743
1.6571755729850153
1.6580505996887114
1.659800653096103
1.660550675984985
1.6616757103183082
1.6625507370220038
1.6638007751701407
1.6646758018738366
1.6654258247627187
1.666800866725669
1.668050904873806
1.669300943021943
1.6709259926145208
1.6714260078737755
1.6734260689107945
1.6739260841700492
1.6753011261329998
1.6763011566515091
1.6770511795403913
1.6796762596514787
1.679551255836665
1.6811763054292428
1.6824263435773796
1.6834263740958892
1.6851764275032808
1.6853014313180945
1.686301461836604
1.687051484725486
1.6874264961699272
1.6895515610217597
1.690301583910642
1.6908015991698966
1.6920516373180334
1.6926766563921019
1.6941767021698662
1.693801690725425
1.6943017059846797
1.6944267097994934
1.6949267250587483
1.6960517593920712
1.6960517593920712
1.6964267708365124
1.6966767784661398
1.6965517746513261
1.6968017822809534
1.6966767784661398
1.6968017822809534
1.6966767784661398
1.6960517593920712
1.6960517593920712
1.6959267555772577
1.6951767326883755
1.6944267097994934
1.6946767174291208
1.6941767021698662
1.6926766563921019
1.6923016449476609
1.6915516220587787
1.6899265724662007
1.689426557206946
1.6885515305032504
1.6876765037995543
1.6865514694662314
1.6856764427625355
1.684676412244026
1.6828013550218206
1.681926328318125
1.6808012939848018
1.6794262520218513
1.6785512253181556
1.6770511795403913
1.6761761528366956
1.6749261146885588
1.6738010803552354
1.6723010345774711
1.6704259773552659
1.6699259620960112
1.6685509201330608
1.6665508590960418
1.6659258400219734
1.6634257637256997
1.6640507827997681
1.6625507370220038
1.6614257026886807
1.6600506607257304
1.657800592059084
1.6581756035035249
1.6574255806146427
1.655425519577624
1.6548005005035553
1.6530504470961638
1.6526754356517228
1.6519254127628407
1.651050386059145
1.6501753593554491
1.6488003173924985
1.6484253059480574
1.6476752830591754
1.6461752372814111
1.6458002258369702
1.6463002410962249
1.645050202948088
1.643925168614765
1.6444251838740198
1.6434251533555102
1.6429251380962555
1.6420501113925596
1.6424251228370008
1.6423001190221869
1.640675069429609
1.6414250923184912
1.6405500656147955
1.6398000427259134
1.6400500503555409
1.6398000427259134
1.6394250312814722
1.6393000274666587
1.6388000122074038
1.638299996948149
1.637924985503708
1.6381749931333354
1.6380499893185219
1.6376749778740807
1.6371749626148258
1.637549974059267
1.6377999816888944
1.6371749626148258
1.6372999664296397
1.6372999664296397
1.6365499435407576
1.6361749320963164
1.6352999053926207
1.6361749320963164
1.6361749320963164
1.6367999511703848
1.6367999511703848
1.6357999206518754
1.6364249397259438
1.6357999206518754
1.6357999206518754
1.6364249397259438
1.6374249702444532
1.63629993591113
1.63629993591113
1.636674947355571
1.6369249549851985
1.6365499435407576
1.6365499435407576
1.6365499435407576
1.6360499282815029
1.6364249397259438
1.6364249397259438
1.637924985503708
1.6370499588000123
1.6376749778740807
1.6369249549851985
1.6370499588000123
1.6371749626148258
1.6370499588000123
1.6364249397259438
1.6369249549851985
1.6356749168370617
1.6372999664296397
1.6374249702444532
1.6384250007629628
1.6371749626148258
1.6380499893185219
1.6376749778740807
1.6377999816888944
1.6371749626148258
1.637549974059267
1.6381749931333354
1.637549974059267
1.637924985503708
1.6380499893185219
1.637924985503708
1.6381749931333354
1.6381749931333354
1.637549974059267
1.6381749931333354
1.6377999816888944
1.637924985503708
1.6385500045777766
1.63867500839259
1.6389250160222175
1.63867500839259
1.637924985503708
1.638299996948149
1.63867500839259
1.6381749931333354
1.6381749931333354
1.6389250160222175
1.638299996948149
1.6389250160222175
1.6393000274666587
1.6398000427259134
1.639925046540727
1.639550035096286
1.63867500839259
1.6398000427259134
1.6393000274666587
1.6400500503555409
1.6404250617999818
1.6408000732444226
1.6409250770592365
1.6413000885036775
1.6415500961333047
1.6408000732444226
1.6413000885036775
1.641925107577746
1.6428001342814416
1.643050141911069
1.6434251533555102
1.6445501876888333
1.6451752067629017
1.645925229651784
1.6468002563554796
1.6476752830591754
1.6480502945036166
1.6483003021332439
1.6493003326517535
1.6496753440961944
1.6515504013183995
1.6528004394665363
1.6533004547257912
1.6551755119479965
1.655800531022065
1.6575505844294565
1.6583006073183386
1.6595506454664755
1.660550675984985
1.6623007293923764
1.6623007293923764
1.6644257942442091
1.6658008362071597
1.6669258705404828
1.668050904873806
1.6694259468367565
1.6706759849848933
1.6709259926145208
1.6718010193182167
1.6726760460219123
1.6734260689107945
1.6741760917996766
1.6750511185033723
1.675551133762627
1.6763011566515091
1.6764261604663229
1.6759261452070682
1.6763011566515091
1.6760511490218817
1.6761761528366956
1.6758011413922544
1.6748011108737448
1.6753011261329998
1.6745511032441176
1.6744260994293039
1.6733010650959808
1.6721760307626576
1.6710509964293345
1.6701759697256386
1.6686759239478743
1.6678008972441787
1.667300881984924
1.665300820947905
1.6645507980590228
1.663300759910886
1.6621757255775629
1.6608006836146123
1.6599256569109164
1.6583006073183386
1.6568005615405743
1.655800531022065
1.6550505081331828
1.653425458540605
1.6524254280220954
1.6519254127628407
1.6508003784295175
1.6499253517258217
1.649050325022126
1.6480502945036166
1.6471752677999205
1.6464252449110386
1.6445501876888333
1.6455502182073427
1.6443001800592059
1.6441751762443924
1.643925168614765
1.6433001495406965
1.6423001190221869
1.6424251228370008
1.6420501113925596
1.6414250923184912
1.64105008087405
1.6409250770592365
1.6409250770592365
1.6401750541703544
1.6398000427259134
1.6398000427259134
1.637924985503708
1.6370499588000123
1.635174901577807
1.634299874874111
1.6326748252815333
1.6312997833185827
1.629299722281564
1.627299661244545
1.6255496078371532
1.624049562059389
1.62204950102237
1.6205494552446058
1.6194244209112827
1.618549394207587
1.6196744285409101
1.6210494705038605
1.623299539170507
1.6269246498001038
1.631674794763024
1.6374249702444532
1.6448001953184606
1.6533004547257912
1.662925748466445
1.6740510879848627
1.6861764580217904
1.6995518662068545
1.7135522934659873
1.7269277016510514
1.7408031250953704
1.753178502761925
1.7641788384655293
1.7728041016876737
1.7796793115024263
1.782929410687582
1.7835544297616506
1.7833044221320231
1.7773042390209661
1.7701790215765862
1.7610537430951874
1.7490533768730736
1.735427961058382
1.7211775261696218
1.7063020722067934
1.691051606799524
1.6769261757255778
1.6635507675405132
1.651800408948027
1.6409250770592365
1.631674794763024
1.6237995544297616
1.616549333170568
1.611799188207648
1.6084240852076785
1.606174016541032
1.605048982207709
1.6065490279854733
1.6065490279854733
1.6084240852076785
1.6112991729483932
1.6140492568742943
1.616924344615009
1.6200494399853511
1.6230495315408795
1.626049623096408
1.6282996917630543
1.630424756614887
1.6332998443556017
1.635174901577807
1.636674947355571
1.6376749778740807
1.6381749931333354
1.6391750236518448
1.639550035096286
1.6400500503555409
1.640675069429609
1.6404250617999818
1.6411750846888638
1.6418001037629322
1.6416750999481187
1.6425501266518143
1.6428001342814416
1.6434251533555102
1.641925107577746
1.6429251380962555
1.6431751457258827
1.6436751609851377
1.6431751457258827
1.643925168614765
1.6449251991332745
1.6455502182073427
1.6458002258369702
1.645925229651784
1.6464252449110386
1.6468002563554796
1.6468002563554796
1.6481752983184301
1.6483003021332439
1.649050325022126
1.6498003479110082
1.6503003631702629
1.6509253822443313
1.6521754203924681
1.6523004242072816
1.653425458540605
1.6539254737998597
1.6548005005035553
1.656550553910947
1.6564255500961331
1.6576755882442702
1.6584256111331521
1.659800653096103
1.6603006683553576
1.6611756950590533
1.6626757408368176
1.6636757713553272
1.6650508133182775
1.6661758476516009
1.6674258857997375
1.669300943021943
1.670050965910825
1.671176000244148
1.6721760307626576
1.6729260536515398
1.6745511032441176
1.6750511185033723
1.6765511642811366
1.677926206244087
1.6793012482070377
1.6803012787255471
1.6813013092440567
1.6831763664662618
1.6841763969847714
1.6844264046143986
1.6858014465773492
1.6865514694662314
1.6876765037995543
1.688301522873623
1.6893015533921325
1.6913016144291515
1.6913016144291515
1.6924266487624744
1.6929266640217293
1.6935516830957975
1.6940516983550522
1.6946767174291208
1.6945517136143071
1.6949267250587483
1.6959267555772577
1.6963017670216987
1.6966767784661398
1.6970517899105808
1.6966767784661398
1.6966767784661398
1.6969267860957673
1.6966767784661398
1.6960517593920712
1.6960517593920712
1.6946767174291208
1.6955517441328165
1.6951767326883755
1.6951767326883755
1.6941767021698662
1.6923016449476609
1.6920516373180334
1.6918016296884062
1.690301583910642
1.6900515762810144
1.690301583910642
1.6876765037995543
1.6873014923551135
1.6864264656514176
1.6855514389477217
1.6833013702810755
1.6836763817255165
1.6813013092440567
1.6796762596514787
1.6789262367625966
1.6774261909848323
1.6765511642811366
1.675551133762627
1.6740510879848627
1.6729260536515398
1.6718010193182167
1.6706759849848933
1.669175939207129
1.6678008972441787
1.666050843836787
1.6646758018738366
1.6640507827997681
1.6631757560960723
1.6624257332071901
1.6600506607257304
1.6591756340220343
1.658925626392407
1.6573005767998292
1.6563005462813196
1.6548005005035553
1.6550505081331828
1.653425458540605
1.6524254280220954
1.6511753898739585
1.6506753746147038
1.6505503707998903
1.649425336466567
1.6476752830591754
1.6485503097628713
1.6458002258369702
1.6456752220221567
1.6449251991332745
1.6448001953184606
1.6443001800592059
1.6440501724295786
1.6435501571703237
1.6425501266518143
1.641925107577746
1.6413000885036775
1.6413000885036775
1.640675069429609
1.640300057985168
1.6401750541703544
1.639925046540727
1.639925046540727
1.639550035096286
1.639925046540727
1.6385500045777766
1.638299996948149
1.638299996948149
1.637924985503708
1.638299996948149
1.6374249702444532
1.6380499893185219
1.6380499893185219
1.6376749778740807
1.6377999816888944
1.636674947355571
1.6370499588000123
1.6369249549851985
1.6364249397259438
1.6371749626148258
1.6364249397259438
1.63629993591113
1.6370499588000123
1.6365499435407576
1.6350498977629933
1.6361749320963164
1.6364249397259438
1.635924924466689
1.6361749320963164
1.6357999206518754
1.6365499435407576
1.6365499435407576
1.6367999511703848
1.6367999511703848
1.6360499282815029
1.6360499282815029
1.6364249397259438
1.6361749320963164
1.63629993591113
1.6367999511703848
1.6369249549851985
1.6367999511703848
1.6367999511703848
1.637549974059267
1.6374249702444532
1.6367999511703848
1.6365499435407576
1.6370499588000123
1.6371749626148258
1.6364249397259438
1.6360499282815029
1.6372999664296397
1.6372999664296397
1.6381749931333354
1.6377999816888944
1.636674947355571
1.6374249702444532
1.6381749931333354
1.6374249702444532
1.637549974059267
1.6380499893185219
1.6376749778740807
1.637924985503708
1.6381749931333354
1.637924985503708
1.6377999816888944
1.6374249702444532
1.637924985503708
1.638299996948149
1.6380499893185219
1.6377999816888944
1.638299996948149
1.638299996948149
1.63867500839259
1.6384250007629628
1.6372999664296397
1.638299996948149
1.6381749931333354
1.638299996948149
1.6381749931333354
1.6380499893185219
1.6390500198370312
1.6390500198370312
1.6398000427259134
1.6391750236518448
1.6396750389110997
1.639550035096286
1.6394250312814722
1.639550035096286
1.639550035096286
1.6404250617999818
1.639925046540727
1.6408000732444226
1.6409250770592365
1.6415500961333047
1.6415500961333047
1.6418001037629322
1.6421751152073734
1.6423001190221869
1.642675130466628
1.6431751457258827
1.642675130466628
1.6440501724295786
1.6453002105777155
1.6465502487258523
1.6468002563554796
1.6483003021332439
1.6479252906888027
1.6481752983184301
1.6496753440961944
1.6506753746147038
1.651800408948027
1.6529254432813503
1.6541754814294871
1.6555505233924375
1.656925565355388
1.6570505691702018
1.6594256416516617
1.659800653096103
1.6614257026886807
1.6625507370220038
1.6643007904293954
1.66480080568865
1.6666758629108556
1.668050904873806
1.6689259315775018
1.669300943021943
1.671676015503403
1.6726760460219123
1.6721760307626576
1.6729260536515398
1.6724260383922849
1.6743010956144901
1.6749261146885588
1.6766761680959503
1.6759261452070682
1.6754261299478135
1.6761761528366956
1.6761761528366956
1.6758011413922544
1.675551133762627
1.6760511490218817
1.6754261299478135
1.6746761070589313
1.6740510879848627
1.673551072725608
1.6726760460219123
1.6720510269478437
1.6706759849848933
1.669175939207129
1.6685509201330608
1.667300881984924
1.666050843836787
1.6650508133182775
1.6638007751701407
1.6630507522812585
1.6610506912442398
1.6595506454664755
1.6588006225775933
1.6573005767998292
1.6559255348368787
1.6559255348368787
1.6543004852443006
1.6531754509109775
1.6526754356517228
1.6516754051332134
1.6503003631702629
1.6496753440961944
1.6483003021332439
1.6476752830591754
1.6464252449110386
1.6468002563554796
1.6456752220221567
1.6448001953184606
1.6445501876888333
1.6443001800592059
1.6441751762443924
1.6431751457258827
1.642675130466628
1.6421751152073734
1.6411750846888638
1.6413000885036775
1.6409250770592365
1.640675069429609
1.6400500503555409
1.6398000427259134
1.6391750236518448
1.6385500045777766
1.6376749778740807
1.6360499282815029
1.6345498825037386
1.6327998290963468
1.63154979094821
1.6301747489852596
1.6282996917630543
1.6267996459852903
1.625674611651967
1.6230495315408795
1.6211744743186742
1.6201744438001648
1.618924405652028
1.6195494247260964
1.6205494552446058
1.6224245124668113
1.6247995849482713
1.6299247413556321
1.6341748710592976
1.640300057985168
1.6479252906888027
1.6575505844294565
1.667675893429365
1.679551255836665
1.6923016449476609
1.706052064577166
1.719552476577044
1.7333028962065493
1.7463032929471725
1.758803674428541
1.7688039796136357
1.7763042085024567
1.781679372539445
1.7835544297616506
1.7841794488357188
1.780679342020936
1.7744291512802515
1.7665539109469892
1.7563035981322672
1.743303201391644
1.7293027741325113
1.7148023316141239
1.6990518509475998
1.6853014313180945
1.6710509964293345
1.6586756187627796
1.647050263985107
1.6367999511703848
1.6281746879482406
1.6202994476149783
1.6151742912076175
1.6091741080965607
1.607424054689169
1.6056740012817774
1.60542399365215
1.6060490127262186
1.6075490585039827
1.609799127170629
1.61254921109653
1.6151742912076175
1.6182993865779596
1.621299478133488
1.6247995849482713
1.6265496383556628
1.6290497146519365
1.631674794763024
1.6339248634296701
1.6360499282815029
1.6371749626148258
1.637924985503708
1.63867500839259
1.6393000274666587
1.639550035096286
1.639550035096286
1.6408000732444226
1.64105008087405
1.6413000885036775
1.6418001037629322
1.6423001190221869
1.642675130466628
1.641925107577746
1.6425501266518143
1.6429251380962555
1.6431751457258827
1.6433001495406965
1.6438001647999512
1.6449251991332745
1.6445501876888333
1.645050202948088
1.6455502182073427
1.6454252143925292
1.6463002410962249
1.6469252601702933
1.6468002563554796
1.6475502792443617
1.6481752983184301
1.6485503097628713
1.6495503402813807
1.6505503707998903
1.6509253822443313
1.6519254127628407
1.651800408948027
1.6528004394665363
1.6533004547257912
1.6540504776146734
1.6551755119479965
1.6560505386516924
1.6573005767998292
1.6579255958738974
1.6591756340220343
1.6604256721701711
1.660925687429426
1.6620507217627492
1.6630507522812585
1.6640507827997681
1.6651758171330913
1.6665508590960418
1.667300881984924
1.6685509201330608
1.670050965910825
1.6718010193182167
1.6721760307626576
1.6741760917996766
1.6754261299478135
1.675551133762627
1.6785512253181556
1.6800512710959197
1.6801762749107334
1.6810513016144293
1.6823013397625661
1.6833013702810755
1.6835513779107028
1.6849264198736535
1.6861764580217904
