1.5811732535782954
1.5824232917264323
1.5830483108005005
1.5842983489486373
1.586048402356029
1.5867984252449112
1.5885484786523028
1.590423535874508
1.5921735892818996
1.5931736198004092
1.5955486922818691
1.5975487533188881
1.5990487990966522
1.6017988830225531
1.6039239478743859
1.6065490279854733
1.6091741080965607
1.6124242072817165
1.6147992797631765
1.616924344615009
1.6204244514297923
1.6241745658742028
1.6266746421704763
1.6301747489852596
1.6350498977629933
1.6376749778740807
1.641925107577746
1.645925229651784
1.6508003784295175
1.6541754814294871
1.6590506302072208
1.6644257942442091
1.6685509201330608
1.6738010803552354
1.6789262367625966
1.6844264046143986
1.6901765800958282
1.6960517593920712
1.7014269234290598
1.7078021179845577
1.7133022858363598
1.7196774803918575
1.7249276406140324
1.7305528122806482
1.7359279763176367
1.7426781823175757
1.7491783806878873
1.7549285561693166
1.7614287545396283
1.7668039185766167
1.7729291055024872
1.7783042695394757
1.7834294259468366
1.7891796014282664
1.7939297463911863
1.7996799218726158
1.8045550706503495
1.8093052156132694
1.814305368205817
1.819430524613178
1.8231806390575884
1.8270557573168127
1.831680898464919
1.8345559862056338
1.8370560625019074
1.8409311807611317
1.844806299020356
1.8461813409833063
1.8490564287240212
1.85105648976104
1.8533065584276864
1.8539315775017549
1.8546816003906368
1.8546816003906368
1.8560566423535876
1.8559316385387736
1.8565566576128423
1.8551816156498917
1.8541815851313823
1.8528065431684317
1.8516815088351086
1.84868141727958
1.8458063295388654
1.842806237983337
1.8395561387981811
1.8361810357982116
1.831680898464919
1.8280557878353223
1.8239306619464706
1.8191805169835507
1.814305368205817
1.809055207983642
1.8040550553910948
1.7978048646504103
1.7925547044282357
1.7870545365764336
1.7813043610950041
1.7756791894283883
1.769804010132145
1.7634288155766473
1.757553636280404
1.7510534379100926
1.744553239539781
1.7386780602435379
1.7324278695028534
1.725927671132542
1.719552476577044
1.7140523087252417
1.7079271217993715
1.7023019501327556
1.6959267555772577
1.690301583910642
1.683926389355144
1.677926206244087
1.6720510269478437
1.6665508590960418
1.6615507065034945
1.6559255348368787
1.6509253822443313
1.6460502334665976
1.640675069429609
1.6356749168370617
1.63154979094821
1.627174657429731
1.6221745048371838
1.6180493789483323
1.613424237800226
1.610549150059511
1.6071740470595417
1.6034239326151312
1.6009238563188575
1.5975487533188881
1.5940486465041048
1.5911735587633902
1.5881734672078616
1.5862984099856563
1.5827983031708732
1.5814232612079226
1.5797982116153446
1.5777981505783258
1.5759230933561206
1.5735480208746606
1.572547990356151
1.5706729331339457
1.5690478835413677
1.568172856837672
1.5664228034302805
1.5652977690969574
1.5646727500228887
1.563797723319193
1.5631727042451247
1.562297677541429
1.5612976470229194
1.5605476241340372
1.5592975859859004
1.559172582171087
1.5585475630970183
1.5587975707266457
1.5574225287636951
1.5574225287636951
1.5544224372081668
1.5537974181340983
1.553547410504471
1.5540474257637258
1.553547410504471
1.55317239906003
1.5532974028748436
1.552672383800775
1.553547410504471
1.553547410504471
1.5541724295785393
1.5537974181340983
1.5542974333933532
1.5541724295785393
1.5544224372081668
1.5540474257637258
1.5541724295785393
1.5537974181340983
1.555172460097049
1.55554747154149
1.5556724753563036
1.5561724906155583
1.5544224372081668
1.5562974944303722
1.557172521134068
1.555922482985931
1.5565475020599995
1.5574225287636951
1.5569225135044404
1.5575475325785089
1.5584225592822047
1.5580475478377636
1.5584225592822047
1.559172582171087
1.5592975859859004
1.558672566911832
1.5594225898007141
1.5605476241340372
1.5592975859859004
1.559922605059969
1.5601726126895963
1.5612976470229194
1.56029761650441
1.5615476546525469
1.5616726584673606
1.5609226355784784
1.561172643208106
1.561047639393292
1.5621726737266153
1.5626726889858698
1.563047700430311
1.563047700430311
1.563797723319193
1.5631727042451247
1.5635477156895659
1.563797723319193
1.5636727195043794
1.565422772911771
1.5646727500228887
1.56504776146733
1.565797784356212
1.5659227881710258
1.5672978301339764
1.5672978301339764
1.567797845393231
1.567797845393231
1.5676728415784174
1.5680478530228583
1.5696729026154363
1.5706729331339457
1.5711729483932007
1.5731730094302194
1.5741730399487288
1.5742980437635425
1.5754230780968657
1.5767981200598165
1.5777981505783258
1.579673207800531
1.5821732840968048
1.5837983336893826
1.5862984099856563
1.5890484939115572
1.5914235663930174
1.595173680837428
1.5970487380596332
1.6005488448744163
1.603173924985504
1.6076740623187964
1.6120491958372754
1.6156743064668722
1.6205494552446058
1.6250495925778985
1.6297997375408186
1.6354249092074344
1.6401750541703544
1.6455502182073427
1.6509253822443313
1.656925565355388
1.663300759910886
1.6695509506515702
1.6754261299478135
1.6825513473921934
1.6891765495773186
1.6948017212439344
1.7014269234290598
1.7070520950956756
1.7121772515030367
1.7176774193548388
1.7229275795770134
1.7276777245399335
1.7324278695028534
1.7369280068361461
1.7404281136509292
1.743803216650899
1.7461782891323587
1.7488033692434461
1.750428418836024
1.752053468428602
1.7534285103915526
1.7536785180211798
1.7530534989471116
1.7530534989471116
1.7523034760582294
1.7503034150212105
1.7470533158360546
1.7443032319101537
1.7410531327249978
1.7369280068361461
1.7329278847621081
1.7278027283547472
1.7225525681325726
1.7178024231696525
1.712802270577105
1.7065520798364209
1.7006769005401776
1.6953017365031893
1.6881765190588092
1.6820513321329387
1.6765511642811366
1.670050965910825
1.6643007904293954
1.6584256111331521
1.652550431836909
1.6473002716147345
1.6415500961333047
1.6361749320963164
1.6305497604297006
1.625299600207526
1.6207994628742333
1.6167993408001955
1.61254921109653
1.6087990966521197
1.6052989898373364
1.601173863948485
1.5989237952818385
1.594798669392987
1.5925486007263405
1.5894235053559984
1.5881734672078616
1.5862984099856563
1.5836733298745689
1.5821732840968048
1.5801732230597858
1.578923184911649
1.57692312387463
1.5742980437635425
1.5715479598376416
1.568547868282113
1.5652977690969574
1.561922666096988
1.5574225287636951
1.5514223456526384
1.5449221472823267
1.5372969145786919
1.5280466322824793
1.5189213538010804
1.5094210638752406
1.4997957701345868
1.4907954954680014
1.4827952513199256
1.475920041505173
1.4724199346903897
1.4704198736533707
1.4724199346903897
1.4777950987273782
1.4880454115421002
1.5041709036530655
1.526546586504715
1.5550474562822352
1.590423535874508
1.6327998290963468
1.6823013397625661
1.7384280526139104
1.7989298989837337
1.8636818750572224
1.9314339426862392
1.9995610217596973
2.0663130588702048
2.130065004425184
2.1858167058320874
2.232693136387219
2.2661941587572865
2.2866947843867305
2.293194982757042
2.284819727164525
2.2625690481276894
2.2280679952391127
2.181191564683981
2.124064821314127
2.057937803277688
1.987310647907956
1.9126833704641866
1.8371810663167212
1.7671789300210579
1.699676870021668
1.6388000122074038
1.5830483108005005
1.5354218573564866
1.49379558702353
1.460794579912717
1.4351687978759118
1.4169182409131138
1.4051678823206275
1.4001677297280801
1.4001677297280801
1.4046678670613728
1.4137931455427717
1.4259185155796992
1.4391689199499496
1.4542943815424054
1.4701698660237434
1.4850453199865719
1.500045777764214
1.5140462050233467
1.5260465712454605
1.5374219183935056
1.5457971739860226
1.5525473799859615
1.558297555467391
1.5627976928006837
1.5669228186895352
1.5697979064302499
1.5734230170598467
1.5752980742820522
1.5774231391338847
1.5790481887264625
1.579673207800531
1.5814232612079226
1.5822982879116183
1.583298318430128
1.5851733756523332
1.5856733909115879
1.5874234443189794
1.58879848628193
1.5910485549485762
1.5926736045411543
1.5954236884670552
1.596673726615192
1.5975487533188881
1.5996738181707206
1.6020488906521806
1.6045489669484543
1.6065490279854733
1.6092991119113744
1.6120491958372754
1.6150492873928037
1.6164243293557543
1.620924466689047
1.6239245582445754
1.6265496383556628
1.6301747489852596
1.6349248939481797
1.6381749931333354
1.6421751152073734
1.6469252601702933
1.6508003784295175
1.6543004852443006
1.6590506302072208
1.6641757866145819
1.6683009125034334
1.6743010956144901
1.6798012634662924
1.685051423688467
1.6901765800958282
1.6963017670216987
1.701801934873501
1.7086771446882534
1.7135522934659873
1.7196774803918575
1.7255526596881008
1.731427838984344
1.7381780449842832
1.7440532242805262
1.7505534226508377
1.7556785790581988
1.7614287545396283
1.7671789300210579
1.7725540940580462
1.7790542924283579
1.7839294412060915
1.7898046205023346
1.7951797845393231
1.800429944761498
1.8053050935392316
1.8101802423169653
1.815055391094699
1.8200555436872463
1.8240556657612843
1.8274307687612537
1.831305887020478
1.83443098239082
1.8375560777611624
1.8406811731315043
1.8438062685018464
1.8464313486129338
1.8490564287240212
1.8518065126499221
1.8528065431684317
1.8538065736869411
1.8546816003906368
1.8549316080202642
1.8551816156498917
1.8568066652424697
1.8555566270943329
1.8549316080202642
1.8541815851313823
1.8524315317239908
1.850681478316599
1.8481814020203253
1.8459313333536789
1.842306222724082
1.8393061311685537
1.8348059938352612
1.8319309060945466
1.8279307840205086
1.8238056581316568
1.8184304940946685
1.8144303720206305
1.8088052003540147
1.8034300363170261
1.7986798913541064
1.792429700613422
1.786554521317179
1.7811793572801906
1.7751791741691336
1.769804010132145
1.7633038117618336
1.757553636280404
1.7503034150212105
1.7446782433545946
1.7381780449842832
1.7319278542435987
1.726302682576983
1.719927488021485
1.7136772972808008
1.7078021179845577
1.7015519272438735
1.6955517441328165
1.6891765495773186
1.6835513779107028
1.677551194799646
1.6718010193182167
1.6661758476516009
1.6610506912442398
1.6559255348368787
1.6506753746147038
1.6458002258369702
1.6408000732444226
1.6357999206518754
1.6309247718741418
1.6267996459852903
1.62204950102237
1.6177993713187049
1.6135492416150394
1.61017413861507
1.607049043244728
1.6036739402447586
1.6005488448744163
1.596798730430006
1.5940486465041048
1.5910485549485762
1.588048463393048
1.5857983947264016
1.5835483260597554
1.5810482497634815
1.5794232001709037
1.5781731620227668
1.5756730857264931
1.5739230323191016
1.5722979827265235
1.5702979216895046
1.5689228797265542
1.567797845393231
1.5667978148747217
1.5655477767265848
1.5646727500228887
1.563797723319193
1.5627976928006837
1.5614226508377331
1.5609226355784784
1.559922605059969
1.559172582171087
1.559047578356273
1.5589225745414594
1.5581725516525773
1.5576725363933226
1.5572975249488816
1.554672444837794
1.5537974181340983
1.5536724143192846
1.5536724143192846
1.553547410504471
1.553547410504471
1.5536724143192846
1.5536724143192846
1.5536724143192846
1.5536724143192846
1.5542974333933532
1.5541724295785393
1.553547410504471
1.553547410504471
1.553922421948912
1.554672444837794
1.5542974333933532
1.554672444837794
1.554797448652608
1.5554224677266761
1.5554224677266761
1.5557974791711173
1.5554224677266761
1.555922482985931
1.5565475020599995
1.5561724906155583
1.5564224982451857
1.556797509689627
1.557172521134068
1.5576725363933226
1.5580475478377636
1.5584225592822047
1.5581725516525773
1.5585475630970183
1.5584225592822047
1.558297555467391
1.5587975707266457
1.5595475936155279
1.5600476088747826
1.559797601245155
1.559797601245155
1.561172643208106
1.5604226203192237
1.561047639393292
1.561172643208106
1.561047639393292
1.5614226508377331
1.5616726584673606
1.5624226813562427
1.562297677541429
1.5624226813562427
1.5631727042451247
1.563047700430311
1.5631727042451247
1.563422711874752
1.564297738578448
1.563797723319193
1.564297738578448
1.565422772911771
1.5652977690969574
1.566172795800653
1.5664228034302805
1.5666728110599077
1.5669228186895352
1.5667978148747217
1.5679228492080448
1.5684228644672995
1.5692978911709952
1.5697979064302499
1.5704229255043185
1.5715479598376416
1.5727979979857785
1.5740480361339153
1.5742980437635425
1.574923062837611
1.5771731315042574
1.5785481734672078
1.580048219244972
1.5815482650227364
1.5841733451338236
1.5861734061708426
1.5892985015411847
1.5916735740226449
1.594798669392987
1.5981737723929563
1.6004238410596028
1.6044239631336406
1.6077990661336101
1.6116741843928344
1.6155493026520584
1.6201744438001648
1.6259246192815942
1.6301747489852596
1.6349248939481797
1.6401750541703544
1.6455502182073427
1.6511753898739585
1.6580505996887114
1.6636757713553272
1.6695509506515702
1.6759261452070682
1.6828013550218206
1.6889265419476913
1.6949267250587483
1.700551896725364
1.706927091280862
1.7123022553178504
1.7179274269844662
1.723552598651082
1.7281777397991884
1.7329278847621081
1.7366779992065189
1.7400531022064882
1.7448032471694084
1.7459282815027315
1.7490533768730736
1.7505534226508377
1.7519284646137883
1.7534285103915526
1.7534285103915526
1.7539285256508073
1.752428479873043
1.7518034607989748
1.749678395947142
1.7468033082064272
1.7441782280953397
1.7406781212805567
1.736552995391705
1.7324278695028534
1.7281777397991884
1.7230525833918273
1.7178024231696525
1.7125522629474779
1.7066770836512346
1.7006769005401776
1.6943017059846797
1.6884265266884364
1.6820513321329387
1.6758011413922544
1.669675954466384
1.6644257942442091
1.657800592059084
1.6526754356517228
1.6464252449110386
1.6414250923184912
1.6357999206518754
1.6305497604297006
1.625674611651967
1.620924466689047
1.616924344615009
1.6127992187261575
1.6087990966521197
1.605048982207709
1.6012988677632984
1.598798791467025
1.5957986999114964
1.592423596911527
1.5892985015411847
1.5881734672078616
1.5869234290597247
1.5839233375041963
1.5817982726523636
1.5806732383190405
1.5784231696523943
1.5760480971709343
1.5737980285042878
1.5716729636524553
1.5690478835413677
1.565422772911771
1.561922666096988
1.5570475173192542
1.5516723532822658
1.5446721396526994
1.5371719107638784
1.5282966399121067
1.5187963499862667
1.509171056245613
1.4990457472457046
1.4906704916531877
1.4827952513199256
1.475920041505173
1.4721699270607624
1.4707948850978119
1.4722949308755762
1.478295113986633
1.4889204382457961
1.5054209418012026
1.5274216132084109
1.5561724906155583
1.5920485854670858
1.634299874874111
1.6834263740958892
1.739303079317606
1.8003049409466843
1.8659319437238684
1.9329339884640035
2.0019360942411573
2.0683131199072236
2.1309400311288798
2.1871917477950378
2.2340681783501695
2.266819177831355
2.2870697958311714
2.293194982757042
2.2850697347941527
2.262819055757317
2.227567979979858
2.1800665303506577
2.122189764091922
2.056937772759179
1.9856855983153783
1.9106833094271676
1.8363060396130253
1.7656788842432936
1.6986768395031586
1.6377999816888944
1.5822982879116183
1.5346718344676047
1.4930455641346478
1.4599195532090212
1.4347937864314706
1.4159182103946044
1.4042928556169316
1.3997927182836392
1.4001677297280801
1.4046678670613728
1.4139181493575854
1.4259185155796992
1.4389189123203223
1.454169377727592
1.4701698660237434
1.4859203466902677
1.500045777764214
1.5140462050233467
1.5262965788750877
1.5375469222083193
1.5449221472823267
1.552797387615589
1.5584225592822047
1.563047700430311
1.5676728415784174
1.5704229255043185
1.5734230170598467
1.5755480819116796
1.5772981353190711
1.5780481582079533
1.5804232306894133
1.5817982726523636
1.5822982879116183
1.5830483108005005
1.584423352763451
1.5862984099856563
1.5874234443189794
1.5890484939115572
1.5911735587633902
1.5926736045411543
1.594298654133732
1.5960487075411238
1.5974237495040742
1.5994238105410932
1.6020488906521806
1.6040489516891996
1.6066740318002868
1.6096741233558154
1.6124242072817165
1.6152992950224312
1.6172993560594502
1.6210494705038605
1.6239245582445754
1.6267996459852903
1.6309247718741418
1.6340498672444839
1.6381749931333354
1.6424251228370008
1.647050263985107
1.651050386059145
1.655425519577624
1.659800653096103
1.6644257942442091
1.6689259315775018
1.6740510879848627
1.6791762443922238
1.6849264198736535
1.6905515915402693
1.6966767784661398
1.7023019501327556
1.7083021332438124
1.7138023010956145
1.7200524918362987
1.725052644428846
1.731427838984344
1.736552995391705
1.7440532242805262
1.750053407391583
1.7561785943174535
1.7618037659840693
1.768303964354381
1.7735541245765558
1.7789292886135442
1.7841794488357188
1.7893046052430799
1.7950547807245094
1.8005549485763115
1.8054300973540451
1.8100552385021516
1.815055391094699
1.8191805169835507
1.8241806695760978
1.8271807611316264
1.8315558946501054
1.8345559862056338
1.837306070131535
1.8415561998352001
1.8439312723166599
1.8470563676870022
1.8494314401684622
1.8520565202795496
1.8529315469832455
1.8536815698721276
1.8553066194647054
1.8553066194647054
1.8546816003906368
1.855431623279519
1.855431623279519
1.855431623279519
1.8544315927610096
1.8518065126499221
1.8518065126499221
1.8481814020203253
1.8460563371684928
1.842306222724082
1.8394311349833674
1.8359310281685843
1.8318059022797326
1.8275557725760676
1.8234306466872157
1.8186805017242957
1.8139303567613758
1.8084301889095737
1.8029300210577714
1.7978048646504103
1.792429700613422
1.7866795251319927
1.7810543534653769
1.7750541703543201
1.7695540025025178
1.7629288003173924
1.7561785943174535
1.750428418836024
1.7444282357249672
1.7376780297250283
1.7320528580584125
1.7260526749473555
1.7194274727622303
1.713177282021546
1.7073021027253028
1.7015519272438735
1.6950517288735618
1.6891765495773186
1.6835513779107028
1.6773011871700187
1.671676015503403
1.6659258400219734
1.6611756950590533
1.655800531022065
1.6515504013183995
1.6456752220221567
1.640675069429609
1.6352999053926207
1.631674794763024
1.6267996459852903
1.6221745048371838
1.6177993713187049
1.6140492568742943
1.6102991424298836
1.6066740318002868
1.6034239326151312
1.6001738334299753
1.596298715170751
1.5936736350596639
1.5912985625782037
1.5881734672078616
1.585298379467147
1.5835483260597554
1.5810482497634815
1.5791731925412764
1.5776731467635121
1.5756730857264931
1.5736730246894741
1.5727979979857785
1.5702979216895046
1.5689228797265542
1.5675478377636038
1.56504776146733
1.5655477767265848
1.564297738578448
1.5639227271340068
1.563047700430311
1.5624226813562427
1.5605476241340372
1.5600476088747826
1.5587975707266457
1.5584225592822047
1.558672566911832
1.5585475630970183
1.5574225287636951
1.5576725363933226
1.555172460097049
1.5537974181340983
1.5537974181340983
1.5534224066896571
1.5532974028748436
1.5534224066896571
1.55317239906003
1.553547410504471
1.553547410504471
1.5541724295785393
1.5536724143192846
1.552797387615589
1.5537974181340983
1.5541724295785393
1.5542974333933532
1.5545474410229805
1.5554224677266761
1.5545474410229805
1.555172460097049
1.555172460097049
1.5557974791711173
1.5557974791711173
1.5562974944303722
1.5557974791711173
1.5564224982451857
1.5557974791711173
1.5561724906155583
1.5572975249488816
1.5575475325785089
1.5572975249488816
1.5581725516525773
1.5584225592822047
1.5584225592822047
1.5581725516525773
1.559172582171087
1.559047578356273
1.5587975707266457
1.5595475936155279
1.559922605059969
1.5604226203192237
1.5607976317636647
1.5605476241340372
1.5605476241340372
1.5615476546525469
1.5609226355784784
1.561172643208106
1.5614226508377331
1.5629226966154972
1.5620476699118016
1.5627976928006837
1.5631727042451247
1.563047700430311
1.563047700430311
1.5635477156895659
1.5636727195043794
1.563797723319193
1.563797723319193
1.5636727195043794
1.5646727500228887
1.5652977690969574
1.566172795800653
1.566172795800653
1.566172795800653
1.5680478530228583
1.5675478377636038
1.5672978301339764
1.5684228644672995
1.5686728720969267
1.5700479140598773
1.5704229255043185
1.5717979674672689
1.5729230018005922
1.5742980437635425
1.5744230475783563
1.5759230933561206
1.5767981200598165
1.5780481582079533
1.5795482039857174
1.582048280281991
1.5837983336893826
1.58642341380047
1.5892985015411847
1.5912985625782037
1.5944236579485458
1.5969237342448195
1.6001738334299753
1.6040489516891996
1.608174077578051
1.6124242072817165
1.6166743369853815
1.6206744590594195
1.6261746269112216
1.6301747489852596
1.6354249092074344
1.6404250617999818
1.645925229651784
1.6515504013183995
1.6575505844294565
1.6640507827997681
1.6701759697256386
1.6765511642811366
1.683051362651448
1.6904265877254554
1.6950517288735618
1.7014269234290598
1.7073021027253028
1.712427259132664
1.7176774193548388
1.7229275795770134
1.7280527359843745
1.7328028809472946
1.737428022095401
1.7404281136509292
1.7431781975768303
1.7470533158360546
1.7491783806878873
1.7505534226508377
1.752428479873043
1.7523034760582294
1.7538035218359938
1.7538035218359938
1.7530534989471116
1.7518034607989748
1.7503034150212105
1.7468033082064272
1.7439282204657125
1.740553117465743
1.7366779992065189
1.7316778466139713
1.7274277169103063
1.7224275643177587
1.7176774193548388
1.712052247688223
1.7065520798364209
1.6999268776512955
1.6940516983550522
1.6871764885402998
1.6816763206884975
1.6743010956144901
1.6695509506515702
1.6638007751701407
1.6576755882442702
1.6521754203924681
1.6463002410962249
1.6411750846888638
1.635174901577807
1.6309247718741418
1.625299600207526
1.6205494552446058
1.6166743369853815
1.6124242072817165
1.6084240852076785
1.6049239783928952
1.601048860133671
1.5981737723929563
1.595173680837428
1.5926736045411543
1.5897985168004394
1.5876734519486069
1.5855483870967744
1.5839233375041963
1.5815482650227364
1.5804232306894133
1.5781731620227668
1.5752980742820522
1.5739230323191016
1.5724229865413375
1.568172856837672
1.5651727652821437
1.5621726737266153
1.556797509689627
1.5510473342081972
1.5446721396526994
1.5366718955046237
1.5282966399121067
1.5181713309121982
1.508421033356731
1.4987957396160771
1.4899204687643055
1.4821702322458572
1.4757950376903592
1.4711698965422528
1.4709198889126254
1.4720449232459487
1.477920102542192
1.4895454573198645
1.5062959685048982
1.528546647541734
1.557797540208136
1.594298654133732
1.6372999664296397
1.686676473281045
1.7426781823175757
1.8040550553910948
1.8700570696127201
1.9373091219824825
2.0054362010559403
2.071688222907193
2.1343151341288493
2.1896918240913115
2.2363182470168157
2.26869423505356
2.2876948149052403
2.2926949674977877
2.2835696890163883
2.2611940061647386
2.225192907498398
2.177191442609943
2.1191896725363932
2.053062654499954
1.9816854762413403
1.9073082064271982
1.8324309213538013
1.761928769798883
1.695426740318003
1.633674855800043
1.5801732230597858
1.5317967467268898
1.4907954954680014
1.4585445112460709
1.4347937864314706
1.4150431836909085
1.4044178594317454
1.3997927182836392
1.4007927488021485
1.406542924283578
1.4145431684316538
1.4262935270241401
1.440293954283273
1.456169438764611
1.4704198736533707
1.4867953733939634
1.5009208044679097
1.5149212317270424
1.5267965941343424
1.538046937467574
1.5454221625415814
1.553547410504471
1.5584225592822047
1.5631727042451247
1.5680478530228583
1.5709229407635732
1.5731730094302194
1.5757980895413068
1.5780481582079533
1.578923184911649
1.5802982268745993
1.581298257393109
1.5825482955412458
1.5830483108005005
1.5847983642078922
1.5862984099856563
1.5875484481337934
1.5890484939115572
1.5905485396893215
1.5929236121707817
1.5944236579485458
1.5959237037263099
1.5975487533188881
1.5992988067262794
1.6020488906521806
1.6045489669484543
1.6066740318002868
1.6092991119113744
1.6122992034669026
1.6146742759483628
1.6179243751335184
1.6210494705038605
1.624049562059389
1.627174657429731
1.6309247718741418
1.634299874874111
1.6385500045777766
1.6424251228370008
1.6468002563554796
1.651050386059145
1.6550505081331828
1.6599256569109164
1.6645507980590228
1.669175939207129
1.6741760917996766
1.6796762596514787
1.6855514389477217
1.6909266029847103
1.6969267860957673
1.702551957762383
1.7074271065401168
1.7139273049104282
1.7204275032807397
1.7261776787621694
1.7318028504287852
1.7369280068361461
1.7441782280953397
1.7494283883175148
1.7563035981322672
1.7621787774285103
1.7676789452803126
1.7733041169469284
1.7790542924283579
1.7841794488357188
1.7898046205023346
1.7956797997985778
1.800429944761498
1.8056801049836726
1.810305246131779
1.8145553758354442
1.8200555436872463
1.8234306466872157
1.8278057802056948
1.831305887020478
1.8346809900204473
1.8381810968352306
1.8413061922055727
1.8439312723166599
1.847181371501816
1.8493064363536484
1.85105648976104
1.8523065279091768
1.8540565813165686
1.8546816003906368
1.8553066194647054
1.8559316385387736
1.8559316385387736
1.8555566270943329
1.8549316080202642
1.8540565813165686
1.8524315317239908
1.8504314706869718
1.848306405835139
1.8453063142796107
1.842306222724082
1.838806115909299
1.8359310281685843
1.8319309060945466
1.8279307840205086
1.8234306466872157
1.8188055055391095
1.814305368205817
1.8084301889095737
1.8033050325022126
1.797554857020783
1.7921796929837945
1.7870545365764336
1.7809293496505632
1.7745541550950652
1.7686789757988222
1.7633038117618336
1.7573036286507766
1.7498033997619558
1.7441782280953397
1.737428022095401
1.7324278695028534
1.7261776787621694
1.719552476577044
1.7135522934659873
1.7074271065401168
1.7014269234290598
1.6940516983550522
1.6885515305032504
1.683051362651448
1.677176183355205
1.671176000244148
1.666425855281228
1.6601756645405439
1.6561755424665061
1.6506753746147038
1.6456752220221567
1.6413000885036775
1.6357999206518754
1.6312997833185827
1.6261746269112216
1.6221745048371838
1.6167993408001955
1.6139242530594806
1.6102991424298836
1.6066740318002868
1.6029239173558765
1.5997988219855341
1.597173741874447
1.5944236579485458
1.5909235511337627
1.5882984710226753
1.5855483870967744
1.5830483108005005
1.581298257393109
1.57929819635609
1.5779231543931396
1.5761731009857478
1.5735480208746606
1.5716729636524553
1.5709229407635732
1.5689228797265542
1.5679228492080448
1.5665478072450942
1.5652977690969574
1.5645477462080752
1.5636727195043794
1.5625476851710562
1.5607976317636647
1.561172643208106
1.5601726126895963
1.5592975859859004
1.558672566911832
1.5572975249488816
1.558297555467391
1.5574225287636951
1.5575475325785089
1.554797448652608
1.5544224372081668
1.5536724143192846
1.5536724143192846
1.552797387615589
1.55317239906003
1.5532974028748436
1.5534224066896571
1.5537974181340983
1.5541724295785393
1.5541724295785393
1.5532974028748436
1.5541724295785393
1.5541724295785393
1.553922421948912
1.5541724295785393
1.554797448652608
1.5550474562822352
1.5552974639118626
1.5552974639118626
1.55554747154149
1.554797448652608
1.5557974791711173
1.555922482985931
1.5561724906155583
1.5557974791711173
1.5565475020599995
1.556672505874813
1.5572975249488816
1.5576725363933226
1.558297555467391
1.55792254402295
1.5581725516525773
1.5587975707266457
1.559047578356273
1.5585475630970183
1.5592975859859004
1.5595475936155279
1.559797601245155
1.56029761650441
1.561797662282174
1.56029761650441
1.5607976317636647
1.5609226355784784
1.561172643208106
1.560672627948851
1.5615476546525469
1.5615476546525469
1.5624226813562427
1.5625476851710562
1.5632977080599384
1.563047700430311
1.563047700430311
1.563422711874752
1.5639227271340068
1.5639227271340068
1.563797723319193
1.5636727195043794
1.5649227576525162
1.5652977690969574
1.5659227881710258
1.5660477919858395
1.5676728415784174
1.567047822504349
1.56742283394879
1.5675478377636038
1.568547868282113
1.5695478988006226
1.570172917874691
1.5704229255043185
1.5717979674672689
1.572547990356151
1.572547990356151
1.5744230475783563
1.5754230780968657
1.57692312387463
1.5785481734672078
1.5805482345042268
1.5815482650227364
1.5839233375041963
1.587298440504166
1.5892985015411847
1.5920485854670858
1.595173680837428
1.5980487685781428
1.601173863948485
1.6041739555040133
1.6082990813928648
1.6122992034669026
1.6160493179113133
1.6214244819483017
1.6257996154667806
1.631174779503769
1.6357999206518754
1.6409250770592365
1.6468002563554796
1.6519254127628407
1.6576755882442702
1.6645507980590228
1.670800988799707
1.6769261757255778
1.6838013855403302
1.6901765800958282
1.6961767632068852
1.702176946317942
1.7074271065401168
1.7134272896511735
1.7183024384289072
1.7238026062807095
1.7285527512436292
1.733427900021363
1.737803033539842
1.7414281441694388
1.743803216650899
1.7481783501693777
1.749678395947142
1.7508034302804651
1.7533035065767388
1.7528034913174841
1.7535535142063663
1.753178502761925
1.7530534989471116
1.7519284646137883
1.7484283577990052
1.7469283120212409
1.743803216650899
1.739803094576861
1.7356779686880093
1.731427838984344
1.727052705465865
1.7225525681325726
1.7170524002807703
1.7114272286141545
1.7046770226142156
1.698926847132786
1.6926766563921019
1.687051484725486
1.6808012939848018
1.675551133762627
1.668800927762688
1.663300759910886
1.6574255806146427
1.651050386059145
1.6458002258369702
1.639925046540727
1.6347998901333658
1.6289247108371228
1.6245495773186438
1.6206744590594195
1.6162993255409406
1.611424176763207
1.6077990661336101
1.6044239631336406
1.6004238410596028
1.5977987609485154
1.5950486770226142
1.591923581652272
1.5892985015411847
1.5875484481337934
1.5850483718375195
1.5835483260597554
1.5819232764671776
1.5801732230597858
1.5784231696523943
1.5759230933561206
1.5742980437635425
1.5714229560228279
1.5676728415784174
1.5646727500228887
1.561047639393292
1.5557974791711173
1.5505473189489425
1.5437971129490036
1.5352968535416731
1.5262965788750877
1.5166712851344342
1.5072959990234076
1.4974206976531268
1.488545426801355
1.481420209356975
1.475045014801477
1.4717949156163215
1.4705448774681846
1.4731699575792718
1.4799201635792107
1.491295510727256
1.5089210486159856
1.532921781060213
1.5640477309488205
1.6002988372447888
1.644675191503647
1.6951767326883755
1.7518034607989748
1.8140553605761895
1.880057374797815
1.947434430982391
2.0160615253151035
2.0823135471663567
2.1440654316843166
2.197567064424574
2.242068422498245
2.273319376201666
2.289819879757073
2.2921949522385328
2.281194616534928
2.2559438459425643
2.2179426862392044
2.168316171758171
2.1085643482772305
2.0414372997222814
1.9693100985747856
1.8940578020569476
1.8200555436872463
1.7501784112063965
1.6848014160588396
1.6247995849482713
1.5712979522080142
1.524296517838069
1.4847953123569444
1.4537943662831507
1.4290436109500413
1.412793115024262
1.4027928098391673
1.3997927182836392
1.4007927488021485
1.4072929471724602
1.4169182409131138
1.4286685995056
1.4429190343943603
1.45816949980163
1.473919980468154
1.4889204382457961
1.5030458693197426
1.5170462965788751
1.5290466628009889
1.5390469679860834
1.5471722159489731
1.5540474257637258
1.558672566911832
1.564297738578448
1.5684228644672995
1.5720479750968963
1.5736730246894741
1.5764231086153753
1.5777981505783258
1.5784231696523943
1.5804232306894133
1.5815482650227364
1.58167326883755
1.583298318430128
1.585298379467147
1.58642341380047
1.5876734519486069
1.5895485091708121
1.590798547318949
1.5925486007263405
1.5945486617633595
1.596298715170751
1.5980487685781428
1.6001738334299753
1.6021738944669943
1.6046739707632678
1.607424054689169
1.6100491348002564
1.6126742149113438
1.6157993102816859
1.6179243751335184
1.6214244819483017
1.6242995696890163
1.6281746879482406
1.6312997833185827
1.635549913022248
1.6391750236518448
1.6434251533555102
1.6486753135776848
1.6524254280220954
1.6561755424665061
1.660925687429426
1.6654258247627187
1.6699259620960112
1.6754261299478135
1.6805512863551746
1.6865514694662314
1.6919266335032197
1.697801812799463
1.703676992095706
1.709177159947508
1.7150523392437513
1.7211775261696218
1.7269277016510514
1.7331778923917356
1.739303079317606
1.7448032471694084
1.7510534379100926
1.7573036286507766
1.763553819391461
1.7686789757988222
1.7745541550950652
1.780179326761681
1.7855544907986696
1.7911796624652854
1.79642982268746
1.8010549638355662
1.8064301278725547
1.811055269020661
1.815805413983581
1.820555558946501
1.8240556657612843
1.8285558030945768
1.8318059022797326
1.8358060243537706
1.8389311197241127
1.841931211279641
1.8444312875759148
1.8475563829462571
1.8496814477980896
1.8514315012054812
1.8528065431684317
1.8541815851313823
1.8553066194647054
1.855431623279519
1.855431623279519
1.8555566270943329
1.8556816309091464
1.8545565965758233
1.8538065736869411
1.8513064973906674
1.8498064516129031
1.8475563829462571
1.8455563219092381
1.8416812036500139
1.838431104464858
1.8348059938352612
1.8310558793908505
1.8270557573168127
1.8228056276131475
1.817430463576159
1.8124303109836117
1.8076801660206916
1.8021799981688895
1.796054811243019
1.790929654835658
1.7853044831690421
1.7796793115024263
1.7739291360209968
1.7681789605395672
1.7610537430951874
1.7563035981322672
1.7489283730582599
1.7431781975768303
1.7364279915768914
1.7305528122806482
1.7246776329844051
1.718427442243721
1.7123022553178504
1.706927091280862
1.7003018890957367
1.6936766869106112
1.6880515152439954
1.6821763359477524
1.6758011413922544
1.6706759849848933
1.664925809503464
1.6596756492812892
1.6549255043183693
1.6498003479110082
1.6443001800592059
1.6400500503555409
1.6350498977629933
1.6312997833185827
1.6254246040223395
1.6207994628742333
1.6170493484298227
1.6135492416150394
1.6096741233558154
1.6062990203558458
1.6032989288003174
1.599173802911466
1.5957986999114964
1.5935486312448501
1.590298532059694
1.5871734366893522
1.5837983336893826
1.5826732993560595
1.5810482497634815
1.5791731925412764
1.5771731315042574
1.5755480819116796
1.5731730094302194
1.5715479598376416
1.5702979216895046
1.568547868282113
1.56742283394879
1.5664228034302805
1.56504776146733
1.564172734763634
1.5640477309488205
1.5625476851710562
1.5609226355784784
1.5605476241340372
1.56029761650441
1.559172582171087
1.5587975707266457
1.5580475478377636
1.558672566911832
1.5576725363933226
1.5572975249488816
1.5542974333933532
1.5540474257637258
1.5536724143192846
1.55317239906003
1.55317239906003
1.55317239906003
1.55317239906003
1.5536724143192846
1.5541724295785393
1.5542974333933532
1.5541724295785393
1.55317239906003
1.5541724295785393
1.5541724295785393
1.5540474257637258
1.5545474410229805
1.5549224524674214
1.554672444837794
1.5554224677266761
1.5564224982451857
1.5554224677266761
1.5549224524674214
1.5557974791711173
1.5564224982451857
1.5560474868007448
1.5565475020599995
1.5557974791711173
1.5569225135044404
1.5572975249488816
1.55792254402295
1.5581725516525773
1.557797540208136
1.5581725516525773
1.5584225592822047
1.5589225745414594
1.5587975707266457
1.5601726126895963
1.5596725974303416
1.559922605059969
1.5604226203192237
1.5607976317636647
1.560672627948851
1.5612976470229194
1.5609226355784784
1.561047639393292
1.5609226355784784
1.5605476241340372
1.5616726584673606
1.5621726737266153
1.5626726889858698
1.5627976928006837
1.5631727042451247
1.563422711874752
1.5632977080599384
1.563422711874752
1.563797723319193
1.5644227423932615
1.5649227576525162
1.56504776146733
1.5651727652821437
1.5656727805413984
1.567047822504349
1.567047822504349
1.5671728263191627
1.56742283394879
1.5679228492080448
1.5686728720969267
1.5697979064302499
1.5706729331339457
1.5706729331339457
1.5724229865413375
1.5730480056154057
1.5751730704672384
1.57454805139317
1.5752980742820522
1.5766731162450025
1.57929819635609
1.5795482039857174
1.582923306985687
1.5845483565782648
1.5876734519486069
1.5894235053559984
1.592798608355968
1.5952986846522417
1.59829877620777
1.6012988677632984
1.605048982207709
1.6087990966521197
1.6131742301705987
1.6179243751335184
1.6219244972075564
1.6266746421704763
1.6314247871333964
1.636674947355571
1.6420501113925596
1.647050263985107
1.6528004394665363
1.6590506302072208
1.6651758171330913
1.671676015503403
1.6780512100589007
1.6845514084292124
1.6911766106143375
1.6966767784661398
1.7035519882808923
1.7079271217993715
1.7138023010956145
1.7198024842066715
1.7238026062807095
1.7293027741325113
1.7341779229102452
1.7388030640583514
1.741303140354625
1.7443032319101537
1.7474283272804958
1.7495533921323283
1.7508034302804651
1.7523034760582294
1.7536785180211798
1.754053529465621
1.7533035065767388
1.7525534836878567
1.7509284340952787
1.749678395947142
1.7464282967619862
1.743303201391644
1.739303079317606
1.735302957243568
1.7319278542435987
1.7266776940214241
1.7209275185399944
1.716427381206702
1.710427198095645
1.7046770226142156
1.6983018280587177
1.6928016602069156
1.686301461836604
1.6803012787255471
1.6746761070589313
1.6686759239478743
1.662800744651631
1.6568005615405743
1.6508003784295175
1.6444251838740198
1.6394250312814722
1.634299874874111
1.629674733726005
1.6242995696890163
1.6196744285409101
1.6155493026520584
1.6115491805780204
1.6075490585039827
1.6042989593188268
1.6004238410596028
1.5972987456892607
1.594798669392987
1.592298593096713
1.5890484939115572
1.5874234443189794
1.5851733756523332
1.5835483260597554
1.5815482650227364
1.5805482345042268
1.5781731620227668
1.5757980895413068
1.5739230323191016
1.5709229407635732
1.56742283394879
1.5647977538377027
1.5607976317636647
1.5556724753563036
1.5496722922452468
1.5441721243934445
1.534546830652791
1.5264215826899015
1.516296273689993
1.5065459761345255
1.4965456709494307
1.4880454115421002
1.480295175023652
1.4744199957274087
1.4710448927274393
1.4706698812829981
1.4731699575792718
1.4800451673940245
1.492920560319834
1.51042109439375
1.5342968230231637
1.5649227576525162
1.6027989135410627
1.6469252601702933
1.698176824243904
1.755553575243385
1.8175554673909728
1.8829324625385297
1.9510595416119878
2.019436628315073
2.0855636463515124
2.1466905117954043
2.2001921445356607
2.2430684530167544
2.2735693838312936
2.289944883571886
2.2929449751274147
2.2803195898312327
2.254568803979614
2.21644264046144
2.166191106906339
2.1064392834253973
2.038812219611194
1.9665600146488846
1.8916827295754877
1.817430463576159
1.7488033692434461
1.6825513473921934
1.6230495315408795
1.5696729026154363
1.523796502578814
1.4837952818384352
1.4526693319498276
1.4289186071352276
1.4122930997650074
1.4024177983947264
1.3996677144688254
1.4012927640614032
1.4067929319132053
1.4167932370983
1.4290436109500413
1.443294045838801
1.4586695150608844
1.4741699880977814
1.4895454573198645
1.5037958922086248
1.5171713003936889
1.5295466780602436
1.5391719718008974
1.5479222388378553
1.5541724295785393
1.559172582171087
1.564172734763634
1.5684228644672995
1.5714229560228279
1.5737980285042878
1.5762981048005615
1.5777981505783258
1.57929819635609
1.5804232306894133
1.5815482650227364
1.5825482955412458
1.5834233222449416
1.5846733603930783
1.58642341380047
1.587923459578234
1.5895485091708121
1.5917985778374584
1.5921735892818996
1.5945486617633595
1.5964237189855648
1.5977987609485154
1.6000488296151616
1.6029239173558765
1.6047989745780817
1.6072990508743554
1.6100491348002564
1.6127992187261575
1.6155493026520584
1.6186743980224005
1.6219244972075564
1.6245495773186438
1.6279246803186131
1.63154979094821
1.6354249092074344
1.6393000274666587
1.6433001495406965
1.6481752983184301
1.651800408948027
1.6559255348368787
1.6608006836146123
1.6654258247627187
1.670050965910825
1.6758011413922544
1.6808012939848018
1.6864264656514176
1.6918016296884062
1.6980518204290902
1.704052003540147
1.7089271523178808
1.715552354503006
1.7210525223548083
1.7269277016510514
1.733427900021363
1.7380530411694692
1.7450532547990356
1.7515534531693473
1.757553636280404
1.7631788079470199
1.7684289681691947
1.7745541550950652
1.7800543229468673
1.786554521317179
1.7906796472060307
1.7963048188726465
1.8011799676503801
1.8065551316873685
1.8114302804651021
1.8160554216132085
1.8200555436872463
1.8241806695760978
1.8284307992797633
1.8319309060945466
1.8355560167241434
1.8389311197241127
1.8420562150944548
1.844681295205542
1.8475563829462571
1.8499314554277169
1.85105648976104
1.8528065431684317
1.8536815698721276
1.8548066042054507
1.855431623279519
1.8565566576128423
1.8558066347239601
1.8558066347239601
1.8549316080202642
1.8536815698721276
1.8525565355388043
1.8503064668721578
1.8475563829462571
1.844681295205542
1.8416812036500139
1.838056093020417
1.835306009094516
1.830930875576037
1.826930753501999
1.8224306161687065
1.8169304483169042
1.8125553147984252
1.8073051545762506
1.8020549943540758
1.79642982268746
1.7908046510208442
1.7854294869838556
1.7795543076876126
1.774304147465438
1.7675539414654988
1.7610537430951874
1.7550535599841306
1.7491783806878873
1.7428031861323894
1.736552995391705
1.7304278084658344
1.7251776482436598
1.7180524307992797
1.7119272438734092
1.70617706839198
1.6999268776512955
1.6930516678365428
1.6881765190588092
1.6821763359477524
1.6761761528366956
1.6704259773552659
1.6650508133182775
1.6599256569109164
1.6546754966887418
1.649050325022126
1.6444251838740198
1.6390500198370312
1.6340498672444839
1.630049745170446
1.625174596392712
1.6211744743186742
1.6164243293557543
1.6127992187261575
1.6096741233558154
1.6064240241706595
1.6029239173558765
1.6000488296151616
1.5960487075411238
1.5935486312448501
1.5900485244300668
1.5874234443189794
1.5866734214300973
1.5834233222449416
1.5806732383190405
1.5791731925412764
1.57692312387463
1.5751730704672384
1.5735480208746606
1.5715479598376416
1.570172917874691
1.568172856837672
1.5665478072450942
1.5665478072450942
1.5652977690969574
1.5644227423932615
1.5639227271340068
1.5625476851710562
1.561047639393292
1.5607976317636647
1.559797601245155
1.5595475936155279
1.5584225592822047
1.5585475630970183
1.5576725363933226
1.55792254402295
1.55792254402295
1.5534224066896571
1.5537974181340983
1.5534224066896571
1.5537974181340983
1.55317239906003
1.55317239906003
1.5536724143192846
1.5536724143192846
1.5537974181340983
1.5537974181340983
1.553922421948912
1.555172460097049
1.5536724143192846
1.5544224372081668
1.553922421948912
1.5542974333933532
1.555172460097049
1.554797448652608
1.55554747154149
1.5557974791711173
1.5556724753563036
1.5561724906155583
1.5560474868007448
1.5560474868007448
1.5560474868007448
1.5562974944303722
1.5572975249488816
1.5572975249488816
1.5574225287636951
1.55792254402295
1.5575475325785089
1.558297555467391
1.5581725516525773
1.5589225745414594
1.5584225592822047
1.5589225745414594
1.559047578356273
1.5605476241340372
1.5595475936155279
1.5605476241340372
1.560672627948851
1.5612976470229194
1.560672627948851
1.5614226508377331
1.5609226355784784
1.561172643208106
1.561797662282174
1.562297677541429
1.5624226813562427
1.562297677541429
1.563422711874752
1.5629226966154972
1.563422711874752
1.5636727195043794
1.5635477156895659
1.563797723319193
1.564297738578448
1.5647977538377027
1.5651727652821437
1.5659227881710258
1.566297799615467
1.5667978148747217
1.5665478072450942
1.5667978148747217
1.56742283394879
1.5684228644672995
1.5684228644672995
1.570172917874691
1.5697979064302499
1.5711729483932007
1.5720479750968963
1.5731730094302194
1.5736730246894741
1.5746730552079835
1.5756730857264931
1.5770481276894437
1.5784231696523943
1.5805482345042268
1.5824232917264323
1.5847983642078922
1.587923459578234
1.5894235053559984
1.5916735740226449
1.5955486922818691
1.59829877620777
1.601048860133671
1.6047989745780817
1.6085490890224923
1.6130492263557847
1.616924344615009
1.6217994933927427
1.6265496383556628
1.630799768059328
1.6361749320963164
1.6418001037629322
1.647425275429548
1.6529254432813503
1.658550614947966
1.6655508285775322
1.671301004058962
1.6783012176885281
1.6853014313180945
1.6911766106143375
1.6966767784661398
1.702551957762383
1.708177129428999
1.7139273049104282
1.719552476577044
1.7245526291695914
1.729427777947325
1.7340529190954315
1.7383030487990967
1.7410531327249978
1.7444282357249672
1.7473033234656818
1.7494283883175148
1.7509284340952787
1.7521784722434155
1.7530534989471116
1.7534285103915526
1.7530534989471116
1.7528034913174841
1.7510534379100926
1.7491783806878873
1.7464282967619862
1.743303201391644
1.7390530716879788
1.7356779686880093
1.731052827539903
1.7264276863917967
1.7216775414288765
1.7166773888363294
1.7109272133548998
1.704927030243843
1.6986768395031586
1.6928016602069156
1.6861764580217904
1.6801762749107334
1.6748011108737448
1.6684259163182469
1.6625507370220038
1.6568005615405743
1.651425397503586
1.6451752067629017
1.6396750389110997
1.634299874874111
1.6287997070223093
1.6244245735038303
1.6196744285409101
1.6156743064668722
1.6116741843928344
1.6077990661336101
1.6041739555040133
1.6007988525040437
1.5972987456892607
1.594673665578173
1.5911735587633902
1.5894235053559984
1.5869234290597247
1.585298379467147
1.5834233222449416
1.58167326883755
1.5797982116153446
1.5787981810968352
1.5755480819116796
1.5736730246894741
1.5710479445783867
1.5680478530228583
1.5636727195043794
1.56029761650441
1.555922482985931
1.5502973113193153
1.5429220862453077
1.534921842097232
1.5256715598010193
1.5161712698751793
1.5059209570604573
1.4967956785790582
1.488170415356914
1.480670186468093
1.4745449995422222
1.4707948850978119
1.4711698965422528
1.4734199652088993
1.480295175023652
1.492545548875393
1.5101710867641225
1.534546830652791
1.5656727805413984
1.6035489364299447
1.6476752830591754
1.6990518509475998
1.756803613391522
1.8189305093539232
1.88430750450148
1.952934598834193
2.021061677907651
2.0869386883144627
2.1483155613879816
2.20219220557268
2.2444434949797056
2.2744444105349895
2.2903198950163275
2.2921949522385328
2.2803195898312327
2.2538187810907315
2.2154426099429303
2.164066042054506
2.1044392223883785
2.036562150944548
1.964434949797052
1.8891826532792138
1.81543040253914
1.7455532700582903
1.6801762749107334
1.6206744590594195
1.5676728415784174
1.5211714224677266
1.4831702627643666
1.4526693319498276
1.4285435956907866
1.4124181035798211
1.4027928098391673
1.3997927182836392
1.401792779320658
1.4075429548020875
1.4170432447279275
1.4297936338389234
1.443419049653615
1.458794518875698
1.475045014801477
1.4902954802087467
1.504420911282693
1.5180463270973845
1.5294216742454299
1.5387969603564562
1.5471722159489731
1.554797448652608
1.5594225898007141
1.5640477309488205
1.568172856837672
1.5714229560228279
1.5742980437635425
1.5761731009857478
1.5784231696523943
1.5795482039857174
1.5807982421338542
1.5815482650227364
1.5825482955412458
1.5836733298745689
1.5845483565782648
1.5862984099856563
1.588048463393048
1.5900485244300668
1.5912985625782037
1.5939236426892909
1.594298654133732
1.596298715170751
1.5981737723929563
1.6001738334299753
1.6027989135410627
1.60542399365215
1.6080490737632376
1.6100491348002564
1.6130492263557847
1.6151742912076175
1.6182993865779596
1.6216744895779291
1.6247995849482713
1.6281746879482406
1.6319248023926511
1.635549913022248
1.6398000427259134
1.6434251533555102
1.6478002868739892
1.6516754051332134
1.656550553910947
1.6610506912442398
1.6655508285775322
1.6706759849848933
1.6759261452070682
1.681926328318125
1.6869264809106725
1.6925516525772883
1.698176824243904
1.703676992095706
1.709177159947508
1.7160523697622607
1.7213025299844356
1.7271777092806788
1.733427900021363
1.7395530869472335
1.745678273873104
1.7516784569841608
1.7579286477248453
1.7634288155766473
1.7689289834284494
1.7755541856135748
1.7803043305764947
1.7858044984282968
1.7913046662800989
1.7965548265022737
1.8016799829096348
1.8061801202429273
1.811805291909543
1.8160554216132085
1.8203055513168738
1.8246806848353525
1.8285558030945768
1.8318059022797326
1.8361810357982116
1.8393061311685537
1.8421812189092686
1.844806299020356
1.848306405835139
1.8493064363536484
1.851181493575854
1.852681539353618
1.8541815851313823
1.8545565965758233
1.8553066194647054
1.8564316537980285
1.8556816309091464
1.8555566270943329
1.8553066194647054
1.8539315775017549
1.851556505020295
1.8499314554277169
1.847181371501816
1.844306283761101
1.8415561998352001
1.8386811120944853
1.8346809900204473
1.8306808679464095
1.8263057344279305
1.822180608539079
1.8176804712057864
1.811930295724357
1.8074301583910641
1.8013049714651936
1.796054811243019
1.7905546433912167
1.7853044831690421
1.7793043000579851
1.773804132206183
1.76792895290994
1.7614287545396283
1.7550535599841306
1.7489283730582599
1.7424281746879482
1.7361779839472642
1.7300527970213935
1.7246776329844051
1.7176774193548388
1.7113022247993408
1.7055520493179113
1.699801873836482
1.6933016754661703
1.6874264961699272
1.681551316873684
1.6754261299478135
1.6701759697256386
1.664925809503464
1.6594256416516617
1.6541754814294871
1.6486753135776848
1.6443001800592059
1.6396750389110997
1.6345498825037386
1.6295497299111912
1.624924588763085
1.6207994628742333
1.6172993560594502
1.6127992187261575
1.609049104281747
1.606174016541032
1.6027989135410627
1.5989237952818385
1.5959237037263099
1.592423596911527
1.589923520615253
1.5874234443189794
1.5849233680227057
1.583298318430128
1.580923245948668
1.578923184911649
1.57692312387463
1.5759230933561206
1.5729230018005922
1.5714229560228279
1.570172917874691
1.5687978759117405
1.56742283394879
1.566297799615467
1.5651727652821437
1.564297738578448
1.5635477156895659
1.562297677541429
1.5614226508377331
1.5609226355784784
1.5594225898007141
1.5592975859859004
1.559047578356273
1.5587975707266457
1.5580475478377636
1.5575475325785089
1.5570475173192542
1.5544224372081668
1.5537974181340983
1.5540474257637258
1.5532974028748436
1.5529223914304024
1.5532974028748436
1.553547410504471
1.553547410504471
1.553547410504471
1.5541724295785393
1.5540474257637258
1.5542974333933532
1.553922421948912
1.554797448652608
1.553922421948912
1.5542974333933532
1.5542974333933532
1.5549224524674214
1.555172460097049
1.555922482985931
1.5560474868007448
1.5556724753563036
1.5561724906155583
1.5562974944303722
1.55554747154149
1.5562974944303722
1.556797509689627
1.5570475173192542
1.5574225287636951
1.5580475478377636
1.55792254402295
1.5580475478377636
1.558297555467391
1.5587975707266457
1.5581725516525773
1.559172582171087
1.5600476088747826
1.5595475936155279
1.5600476088747826
1.5601726126895963
1.5605476241340372
1.561047639393292
1.5601726126895963
1.5609226355784784
1.561047639393292
1.5612976470229194
1.561797662282174
1.561797662282174
1.5626726889858698
1.5625476851710562
1.5632977080599384
1.564297738578448
1.563422711874752
1.563797723319193
1.563422711874752
1.563422711874752
1.564297738578448
1.5644227423932615
1.5651727652821437
1.565422772911771
1.566172795800653
1.566172795800653
1.5667978148747217
1.5671728263191627
1.56742283394879
1.5676728415784174
1.5687978759117405
1.5695478988006226
1.5699229102450638
1.5709229407635732
1.5717979674672689
1.5722979827265235
1.5732980132450332
1.5750480666524247
1.5761731009857478
1.5772981353190711
1.578923184911649
1.580923245948668
1.5830483108005005
1.5849233680227057
1.5871734366893522
1.5901735282448806
1.592423596911527
1.594673665578173
1.5984237800225838
1.6012988677632984
1.6044239631336406
1.609424115726188
1.613424237800226
1.6175493636890774
1.6221745048371838
1.6262996307260353
1.6306747642445143
1.6370499588000123
1.641925107577746
1.647425275429548
1.653425458540605
1.659800653096103
1.6658008362071597
1.6720510269478437
1.6789262367625966
1.6854264351329082
1.6913016144291515
1.697801812799463
1.702926969206824
1.7084271370586261
1.7143023163548692
1.719927488021485
1.7246776329844051
1.729427777947325
1.7341779229102452
1.7383030487990967
1.7415531479842525
1.7448032471694084
1.7473033234656818
1.749678395947142
1.7508034302804651
1.7528034913174841
1.7541785332804345
1.7535535142063663
1.753178502761925
1.7528034913174841
1.7513034455397198
1.7489283730582599
1.7461782891323587
1.7426781823175757
1.7391780755027926
1.7350529496139409
1.730677816095462
1.7264276863917967
1.7209275185399944
1.7161773735770747
1.7105522019104589
1.7043020111697744
1.6983018280587177
1.6924266487624744
1.6865514694662314
1.6800512710959197
1.673676076540422
1.6679259010589922
1.6619257179479354
1.6561755424665061
1.6505503707998903
1.6441751762443924
1.6394250312814722
1.6339248634296701
1.628424695577868
1.6237995544297616
1.6187994018372145
1.6150492873928037
1.6110491653187657
1.608174077578051
1.6032989288003174
1.5996738181707206
1.5972987456892607
1.594298654133732
1.5915485702078311
1.5890484939115572
1.587298440504166
1.5850483718375195
1.583298318430128
1.5821732840968048
1.5797982116153446
1.5785481734672078
1.5755480819116796
1.5739230323191016
1.5704229255043185
1.5672978301339764
1.5636727195043794
1.559922605059969
1.5550474562822352
1.5489222693563647
1.5417970519119846
1.533671803949095
1.5244215216528825
1.5152962431714836
1.5054209418012026
1.496045655690176
1.4867953733939634
1.4800451673940245
1.4741699880977814
1.4709198889126254
1.4710448927274393
1.4732949613940856
1.4809201940977201
1.493670583208716
1.5121711478011413
1.536921903134251
1.568172856837672
1.6059240089114046
1.6513003936887722
1.7033019806512648
1.7606787316507462
1.8228056276131475
1.8896826685384687
1.9574347361674858
2.0256868190557578
2.0911888180181277
2.153065706350902
2.2050672933133946
2.246943571275979
2.275569444868313
2.2915699331644643
2.2919449446089053
2.2779445173497725
2.2516937162388992
2.212067506942961
2.1605659352397226
2.100814111758782
2.0319370097964415
1.9589347819452498
1.8840574968718529
1.811180272835475
1.741678151799066
1.675176122318186
1.6171743522446362
1.5647977538377027
1.5186713461714532
1.4804201788384654
1.449794244209113
1.427168553727836
1.41204309213538
1.4022927945799126
1.399417706839198
1.4016677755058444
1.4075429548020875
1.4179182714316232
1.4304186529129916
1.4447940916165654
1.4597945493942077
1.4754200262459183
1.4910455030976288
1.5054209418012026
1.5185463423566392
1.5300466933194983
1.5397969908749656
1.5481722464674825
1.5544224372081668
1.56029761650441
1.5647977538377027
1.5686728720969267
1.5716729636524553
1.57454805139317
1.5762981048005615
1.5779231543931396
1.579673207800531
1.5804232306894133
1.581298257393109
1.5821732840968048
1.5836733298745689
1.5854233832819604
1.5865484176152838
1.5889234900967437
1.5890484939115572
1.5910485549485762
1.592798608355968
1.5941736503189183
1.5965487228003785
1.5981737723929563
1.60067384868923
1.6029239173558765
1.60542399365215
1.608174077578051
1.6104241462446975
1.6129242225409712
1.6159243140964994
1.6186743980224005
1.6214244819483017
1.6246745811334575
1.6281746879482406
1.631674794763024
1.6356749168370617
1.6398000427259134
1.6440501724295786
1.6478002868739892
1.6519254127628407
1.6564255500961331
1.6610506912442398
1.6655508285775322
1.6706759849848933
1.6759261452070682
1.6811763054292428
1.6871764885402998
1.6926766563921019
1.6980518204290902
1.7043020111697744
1.7094271675771355
1.7153023468733786
1.7213025299844356
1.7278027283547472
1.7333028962065493
1.73942808313242
1.7458032776879178
1.7519284646137883
1.7581786553544725
1.7630538041322064
1.7694289986877043
1.7749291665395062
1.780554338206122
1.7851794793542284
1.7919296853541673
1.7965548265022737
1.801554979094821
1.8069301431318094
1.812305307168798
1.816305429242836
1.8204305551316875
1.8244306772057253
1.828930814539018
1.83205590990936
1.8366810510574663
1.8393061311685537
1.8421812189092686
1.8454313180944242
1.8478063905758844
1.8494314401684622
1.8509314859462265
1.853056550798059
1.8543065889461958
1.8546816003906368
1.8559316385387736
1.8553066194647054
1.8559316385387736
1.855056611835078
1.855056611835078
1.853556566057314
1.8525565355388043
1.8500564592425306
1.8473063753166297
1.8444312875759148
1.8413061922055727
1.8375560777611624
1.8341809747611926
1.8310558793908505
1.8261807306131168
1.8223056123538928
1.8173054597613454
1.811805291909543
1.8069301431318094
1.8018049867244483
1.796054811243019
1.7903046357615895
1.7843044526505327
1.7789292886135442
1.7730541093173011
1.7668039185766167
1.7618037659840693
1.7546785485396894
1.7485533616138187
1.7424281746879482
1.7359279763176367
1.7295527817621388
1.724302621539964
1.717552415540025
1.7116772362437818
1.7058020569475387
1.7000518814661092
1.6929266640217293
1.6878015076143682
1.6818013245033114
1.6754261299478135
1.669675954466384
1.6645507980590228
1.6590506302072208
1.6543004852443006
1.6493003326517535
1.643925168614765
1.638299996948149
1.6341748710592976
1.6299247413556321
1.6242995696890163
1.6200494399853511
1.616549333170568
1.6129242225409712
1.609049104281747
1.6059240089114046
1.602673909726249
1.598798791467025
1.5959237037263099
1.5925486007263405
1.5891734977263712
1.5870484328745385
1.585298379467147
1.5827983031708732
1.5806732383190405
1.5787981810968352
1.57692312387463
1.5757980895413068
1.5727979979857785
1.5720479750968963
1.5696729026154363
1.5679228492080448
1.56742283394879
1.566297799615467
1.5651727652821437
1.564297738578448
1.5627976928006837
1.5616726584673606
1.561797662282174
1.5609226355784784
1.559922605059969
1.5601726126895963
1.5581725516525773
1.5580475478377636
1.5584225592822047
1.557797540208136
1.5569225135044404
1.5541724295785393
1.5541724295785393
1.5536724143192846
1.553547410504471
1.5532974028748436
1.5530473952452162
1.553547410504471
1.553922421948912
1.5534224066896571
1.5540474257637258
1.553547410504471
1.5540474257637258
1.553922421948912
1.5541724295785393
1.5540474257637258
1.5544224372081668
1.555172460097049
1.554797448652608
1.555172460097049
1.5557974791711173
1.555922482985931
1.5562974944303722
1.5560474868007448
1.5562974944303722
1.5565475020599995
1.556672505874813
1.5575475325785089
1.5570475173192542
1.5574225287636951
1.5580475478377636
1.5580475478377636
1.5585475630970183
1.558297555467391
1.5589225745414594
1.5587975707266457
1.5594225898007141
1.5595475936155279
1.559797601245155
1.5596725974303416
1.560672627948851
1.56029761650441
1.560672627948851
1.5605476241340372
1.561047639393292
1.5607976317636647
1.5616726584673606
1.5614226508377331
1.561922666096988
1.5616726584673606
1.5627976928006837
1.563047700430311
1.563422711874752
1.5627976928006837
1.5631727042451247
1.563422711874752
1.563422711874752
1.5644227423932615
1.5646727500228887
1.5651727652821437
1.565422772911771
1.566172795800653
1.5659227881710258
1.567047822504349
1.567047822504349
1.567047822504349
1.5680478530228583
1.568547868282113
1.569422894985809
1.5709229407635732
1.5712979522080142
1.5719229712820828
1.5727979979857785
1.5736730246894741
1.5747980590227975
1.5757980895413068
1.5771731315042574
1.5787981810968352
1.5811732535782954
1.582923306985687
1.5850483718375195
1.5875484481337934
1.5900485244300668
1.5930486159855952
1.5954236884670552
1.5992988067262794
1.6012988677632984
1.6060490127262186
1.609424115726188
1.6132992339854122
1.6177993713187049
1.6222995086519973
1.627174657429731
1.63154979094821
1.6367999511703848
1.6423001190221869
1.6476752830591754
1.653425458540605
1.6593006378368482
1.6661758476516009
1.6726760460219123
1.6788012329477828
1.6853014313180945
1.6906765953550829
1.6971767937253945
1.7034269844660788
1.7089271523178808
1.7143023163548692
1.7198024842066715
1.7246776329844051
1.7298027893917662
1.7348029419843134
1.738553056428724
1.7419281594286935
1.7448032471694084
1.7475533310953093
1.7501784112063965
1.7513034455397198
1.7526784875026704
1.7533035065767388
1.7530534989471116
1.753178502761925
1.7528034913174841
1.7505534226508377
1.7488033692434461
1.7461782891323587
1.742553178502762
1.739303079317606
1.735427961058382
1.730677816095462
1.7264276863917967
1.7211775261696218
1.715552354503006
1.7106772057252724
1.7045520187994019
1.6984268318735312
1.6920516373180334
1.6864264656514176
1.679551255836665
1.6738010803552354
1.667675893429365
1.6621757255775629
1.6564255500961331
1.6505503707998903
1.6445501876888333
1.6391750236518448
1.6340498672444839
1.628049684133427
1.6236745506149481
1.6191744132816552
1.6150492873928037
1.6110491653187657
1.6077990661336101
1.6036739402447586
1.5997988219855341
1.5965487228003785
1.5941736503189183
1.5921735892818996
1.5889234900967437
1.5876734519486069
1.5849233680227057
1.5830483108005005
1.58167326883755
1.580048219244972
1.5772981353190711
1.5755480819116796
1.5739230323191016
1.570547929319132
1.5675478377636038
1.563797723319193
1.5592975859859004
1.554797448652608
1.5490472731711782
1.5425470748008667
1.5342968230231637
1.5250465407269511
1.5150462355418564
1.5052959379863888
1.4957956480605488
1.4870453810235909
1.4804201788384654
1.474294991912595
1.4709198889126254
1.4706698812829981
1.4741699880977814
1.481420209356975
1.4940455946531572
1.5126711630603962
1.536921903134251
1.568172856837672
1.6069240394299142
1.6521754203924681
1.7039269997253335
1.761928769798883
1.8241806695760978
1.890307687612537
1.9586847743156224
2.02681185338908
2.092688863795892
2.153065706350902
2.206442335276345
2.248068605609302
2.2764444715720087
2.291819940794092
2.2913199255348373
2.277819513534959
2.2510686971648304
2.210942472609638
2.1598159123508407
2.0988140507217627
2.03018695638905
1.9578097476119267
1.8820574358348339
1.8094302194280831
1.739803094576861
1.6753011261329998
1.6156743064668722
1.563797723319193
1.517796319467757
1.4799201635792107
1.449669240394299
1.4265435346537676
1.4112930692464982
1.4022927945799126
1.3992927030243845
1.4009177526169623
1.4080429700613422
1.4179182714316232
1.430668660542619
1.4451691030610065
1.4610445875423446
1.475920041505173
1.491295510727256
1.5054209418012026
1.5187963499862667
1.5300466933194983
1.539671987060152
1.5481722464674825
1.554797448652608
1.5605476241340372
1.566297799615467
1.568547868282113
1.5714229560228279
1.57454805139317
1.5766731162450025
1.5782981658375803
1.5790481887264625
1.5806732383190405
1.58167326883755
1.5822982879116183
1.5834233222449416
1.585298379467147
1.5861734061708426
1.5877984557634206
1.5892985015411847
1.5912985625782037
1.5925486007263405
1.594798669392987
1.5961737113559373
1.5981737723929563
1.6002988372447888
1.602673909726249
1.6052989898373364
1.6077990661336101
1.6102991424298836
1.6126742149113438
1.6161743217261269
1.6187994018372145
1.6216744895779291
1.6245495773186438
1.628424695577868
1.632299813837092
1.6357999206518754
1.639925046540727
1.6440501724295786
1.6479252906888027
1.6524254280220954
1.6574255806146427
1.6613006988738672
1.6654258247627187
1.6709259926145208
1.6763011566515091
1.681551316873684
1.6873014923551135
1.6930516678365428
1.6988018433179723
1.7048020264290291
1.7094271675771355
1.7159273659474472
1.7214275337992493
1.7275527207251198
1.7335529038361768
1.7404281136509292
1.746053285317545
1.7523034760582294
1.7585536667989135
1.763928830835902
1.7696790063173315
1.7750541703543201
1.780679342020936
1.7860545060579243
1.7910546586504716
1.7973048493911556
1.8023050019837032
1.8074301583910641
1.811930295724357
1.8165554368724632
1.8203055513168738
1.8248056886501665
1.8290558183538315
1.8325559251686148
1.8358060243537706
1.8393061311685537
1.8425562303537095
1.845181310464797
1.8478063905758844
1.8499314554277169
1.851556505020295
1.8529315469832455
1.8544315927610096
1.8543065889461958
1.855056611835078
1.8558066347239601
1.8556816309091464
1.8559316385387736
1.8549316080202642
1.8533065584276864
1.8520565202795496
1.8494314401684622
1.8474313791314432
1.8439312723166599
1.8410561845759452
1.8375560777611624
1.8341809747611926
1.830055848872341
1.8263057344279305
1.8219306009094518
1.817430463576159
1.8115552842799159
1.8065551316873685
1.800429944761498
1.7956797997985778
1.7905546433912167
1.78455446028016
1.778679280983917
1.7729291055024872
1.7668039185766167
1.760428724021119
1.7545535447248757
1.748053346354564
1.741303140354625
1.7366779992065189
1.7295527817621388
1.7236776024658955
1.717177404095584
1.7118022400585957
1.7051770378734703
1.6985518356883451
1.6925516525772883
1.686676473281045
1.6810513016144293
1.6749261146885588
1.669675954466384
1.6641757866145819
1.6588006225775933
1.6541754814294871
1.6486753135776848
1.6435501571703237
1.6389250160222175
1.6337998596148564
1.629299722281564
1.6245495773186438
1.6206744590594195
1.6160493179113133
1.6129242225409712
1.6085490890224923
1.6057990050965911
1.6019238868373669
1.5985487838373975
1.5956736960966826
1.5925486007263405
1.5892985015411847
1.5871734366893522
1.5846733603930783
1.582923306985687
1.5801732230597858
1.578923184911649
1.57692312387463
1.5747980590227975
1.5727979979857785
1.5717979674672689
1.5695478988006226
1.568547868282113
1.5669228186895352
1.5660477919858395
1.5649227576525162
1.5644227423932615
1.5625476851710562
1.561797662282174
1.5614226508377331
1.560672627948851
1.5594225898007141
1.5589225745414594
1.5585475630970183
1.5581725516525773
1.5584225592822047
1.558297555467391
1.5562974944303722
1.5536724143192846
1.5540474257637258
1.5536724143192846
1.5545474410229805
1.5530473952452162
1.5534224066896571
1.5532974028748436
1.553547410504471
1.553547410504471
1.553922421948912
1.5540474257637258
1.5540474257637258
1.5541724295785393
1.553922421948912
1.5541724295785393
1.5550474562822352
1.554797448652608
1.5552974639118626
1.55554747154149
1.556797509689627
1.5557974791711173
1.5557974791711173
1.5564224982451857
1.5564224982451857
1.5562974944303722
1.5557974791711173
1.556672505874813
1.5576725363933226
1.5569225135044404
1.558297555467391
1.5580475478377636
1.5585475630970183
1.5585475630970183
1.5589225745414594
1.558672566911832
1.559047578356273
1.5587975707266457
1.559797601245155
1.559922605059969
1.5604226203192237
1.560672627948851
1.5615476546525469
1.561047639393292
1.5612976470229194
1.5612976470229194
1.5616726584673606
1.561797662282174
1.5626726889858698
1.561922666096988
1.563047700430311
1.5625476851710562
1.5635477156895659
1.5635477156895659
1.563422711874752
1.563047700430311
1.563797723319193
1.564297738578448
1.56504776146733
1.5647977538377027
1.5656727805413984
1.5655477767265848
1.566172795800653
1.567047822504349
1.5671728263191627
1.567047822504349
1.568547868282113
1.568547868282113
1.5689228797265542
1.570547929319132
1.5710479445783867
1.57217297891171
1.5726729941709647
1.5741730399487288
1.5750480666524247
1.5757980895413068
1.5770481276894437
1.5787981810968352
1.581298257393109
1.5825482955412458
1.5851733756523332
1.5877984557634206
1.5896735129856259
1.5930486159855952
1.5955486922818691
1.5989237952818385
1.6015488753929257
1.6055489974669637
1.6099241309854426
1.6136742454298534
1.6180493789483323
1.6226745200964385
1.6277996765037996
1.6319248023926511
1.6371749626148258
1.6429251380962555
1.6476752830591754
1.653800469985046
1.6596756492812892
1.6663008514664144
1.6730510574663533
1.6790512405774103
1.6854264351329082
1.6923016449476609
1.6979268166142767
1.7035519882808923
1.7086771446882534
1.7150523392437513
1.719552476577044
1.7249276406140324
1.7305528122806482
1.734552934354686
1.7384280526139104
1.7424281746879482
1.745678273873104
1.747678334910123
1.7493033845027008
1.7516784569841608
1.7513034455397198
1.7535535142063663
1.7539285256508073
1.754428540910062
1.752428479873043
1.7499284035767695
1.7481783501693777
1.7459282815027315
1.7426781823175757
1.7388030640583514
1.7341779229102452
1.730677816095462
1.7254276558732873
1.7210525223548083
1.7158023621326335
1.7098021790215767
1.704177007354961
1.6979268166142767
1.6916766258735922
1.6858014465773492
1.6794262520218513
1.673176061281167
1.6678008972441787
1.6615507065034945
1.6559255348368787
1.6503003631702629
1.6440501724295786
1.63867500839259
1.633674855800043
1.628049684133427
1.6230495315408795
1.618924405652028
1.6151742912076175
1.611799188207648
1.6072990508743554
1.6037989440595721
1.6000488296151616
1.5969237342448195
1.5939236426892909
1.5911735587633902
1.5889234900967437
1.5875484481337934
1.5850483718375195
1.5830483108005005
1.5817982726523636
1.5791731925412764
1.5779231543931396
1.5754230780968657
1.5729230018005922
1.5702979216895046
1.56742283394879
1.5636727195043794
1.559797601245155
1.555172460097049
1.5490472731711782
1.5426720786156805
1.532921781060213
1.5244215216528825
1.514796227912229
1.5047959227271341
1.4950456251716666
1.487420392468032
1.4796701559495833
1.474294991912595
1.4710448927274393
1.4705448774681846
1.4734199652088993
1.4820452284310435
1.4946706137272256
1.5132961821344646
1.537671926023133
1.5700479140598773
1.6084240852076785
1.653800469985046
1.7059270607623525
1.7641788384655293
1.8258057191686758
1.8934327829828792
1.960809839167455
2.029061922055727
2.0948139286477248
2.1555657826471757
2.2078173772392957
2.2485686208685567
2.276819483016449
2.2913199255348373
2.291819940794092
2.277319498275704
2.249568651387066
2.2091924192022465
2.157690847499008
2.096313974425489
2.0279368877224035
1.9551846675008393
1.8798073671681876
1.8069301431318094
1.7380530411694692
1.673176061281167
1.6140492568742943
1.5616726584673606
1.5161712698751793
1.4785451216162602
1.4486692098757896
1.4259185155796992
1.4107930539872433
1.4019177831354717
1.3996677144688254
1.4019177831354717
1.4086679891354106
1.4185432905056918
1.4311686758018738
1.445794122135075
1.460794579912717
1.4769200720236824
1.491795525986511
1.507170995208594
1.5191713614307079
1.5311717276528216
1.5402970061342205
1.54842225409711
1.5550474562822352
1.559922605059969
1.5649227576525162
1.5684228644672995
1.5720479750968963
1.5744230475783563
1.5772981353190711
1.5780481582079533
1.57929819635609
1.5804232306894133
1.5814232612079226
1.5827983031708732
1.58404834131901
1.5854233832819604
1.5865484176152838
1.588423474837489
1.5900485244300668
1.5915485702078311
1.5935486312448501
1.594798669392987
1.5965487228003785
1.5976737571337016
1.5997988219855341
1.6027989135410627
1.60542399365215
1.6076740623187964
1.6102991424298836
1.6129242225409712
1.6152992950224312
1.618924405652028
1.6219244972075564
1.6254246040223395
1.628424695577868
1.6325498214667196
1.6361749320963164
1.6404250617999818
1.6444251838740198
1.6481752983184301
1.6524254280220954
1.6566755577257606
1.6611756950590533
1.6656758323923462
1.6709259926145208
1.6769261757255778
1.681551316873684
1.6871764885402998
1.6930516678365428
1.6990518509475998
1.7039269997253335
1.7098021790215767
1.7161773735770747
1.7216775414288765
1.727927732169561
1.734302926725059
1.7399280983916745
1.7461782891323587
1.7523034760582294
1.7583036591692862
1.7630538041322064
1.769929013946959
1.775804193243202
1.7809293496505632
1.7864295175023652
1.7921796929837945
1.7971798455763421
1.8023050019837032
1.8073051545762506
1.8121803033539843
1.8164304330576495
1.8209305703909422
1.8253057039094212
1.8285558030945768
1.833305948057497
1.8361810357982116
1.8390561235389262
1.8425562303537095
1.8458063295388654
1.8478063905758844
1.8499314554277169
1.8516815088351086
1.8534315622425002
1.8539315775017549
1.8548066042054507
1.8558066347239601
1.8558066347239601
1.8559316385387736
1.855431623279519
1.8549316080202642
1.853181554612873
1.8514315012054812
1.8496814477980896
1.8474313791314432
1.8444312875759148
1.8415561998352001
1.8376810815759759
1.8343059785760063
1.8308058717612232
1.826555742057558
1.8219306009094518
1.8166804406872767
1.811930295724357
1.807180150761437
1.8006799523911254
1.7959298074282053
1.7901796319467758
1.7844294564653462
1.7789292886135442
1.7729291055024872
1.7673039338358714
1.7605537278359324
1.7545535447248757
1.7484283577990052
1.7419281594286935
1.7355529648731955
1.7300527970213935
1.7236776024658955
1.7176774193548388
1.7118022400585957
1.7055520493179113
1.6985518356883451
1.6930516678365428
1.6869264809106725
1.6811763054292428
1.675676137577441
1.670050965910825
1.6643007904293954
1.6591756340220343
1.6540504776146734
1.6491753288369395
1.6436751609851377
1.6385500045777766
1.6339248634296701
1.6287997070223093
1.6241745658742028
1.6204244514297923
1.6166743369853815
1.61254921109653
1.6092991119113744
1.6057990050965911
1.6019238868373669
1.5985487838373975
1.5957986999114964
1.592298593096713
1.5894235053559984
1.5867984252449112
1.5849233680227057
1.582923306985687
1.5802982268745993
1.5787981810968352
1.5767981200598165
1.574923062837611
1.5726729941709647
1.5714229560228279
1.569422894985809
1.5682978606524856
1.56742283394879
1.5665478072450942
1.5659227881710258
1.5646727500228887
1.5631727042451247
1.5624226813562427
1.561172643208106
1.5607976317636647
1.5594225898007141
1.559922605059969
1.5584225592822047
1.5585475630970183
1.5581725516525773
1.557797540208136
1.556797509689627
1.5540474257637258
1.5537974181340983
1.5536724143192846
1.5532974028748436
1.5530473952452162
1.553547410504471
1.5534224066896571
1.553547410504471
1.5537974181340983
1.5541724295785393
1.5534224066896571
1.5542974333933532
1.5540474257637258
1.5542974333933532
1.5541724295785393
1.5541724295785393
1.554797448652608
1.5550474562822352
1.555172460097049
1.5552974639118626
1.5554224677266761
1.5557974791711173
1.5560474868007448
1.5557974791711173
1.5564224982451857
1.556797509689627
1.5565475020599995
1.5572975249488816
1.5574225287636951
1.5580475478377636
1.557797540208136
1.55792254402295
1.5585475630970183
1.5585475630970183
1.5585475630970183
1.5594225898007141
1.5592975859859004
1.5596725974303416
1.5600476088747826
1.5600476088747826
1.5604226203192237
1.560672627948851
1.560672627948851
1.5616726584673606
1.561047639393292
1.5615476546525469
1.5616726584673606
1.5621726737266153
1.5621726737266153
1.5627976928006837
1.5625476851710562
1.563047700430311
1.563047700430311
1.5632977080599384
1.5635477156895659
1.563422711874752
1.5649227576525162
1.5647977538377027
1.565797784356212
1.5664228034302805
1.566172795800653
1.5660477919858395
1.5665478072450942
1.5671728263191627
1.5671728263191627
1.5680478530228583
1.5682978606524856
1.569422894985809
1.5699229102450638
1.5711729483932007
1.5717979674672689
1.5724229865413375
1.5736730246894741
1.5746730552079835
1.5757980895413068
1.5771731315042574
1.5786731772820215
1.5806732383190405
1.5836733298745689
1.585298379467147
1.5875484481337934
1.5897985168004394
1.5929236121707817
1.5955486922818691
1.598798791467025
1.6019238868373669
1.6051739860225227
1.6095491195410014
1.6135492416150394
1.6177993713187049
1.6226745200964385
1.627299661244545
1.6329248329111608
1.6370499588000123
1.6425501266518143
1.6479252906888027
1.6536754661702324
1.6599256569109164
1.666050843836787
1.6720510269478437
1.6788012329477828
1.6856764427625355
1.6915516220587787
1.6975518051698355
1.7034269844660788
1.708802148503067
1.7148023316141239
1.7203024994659262
1.725052644428846
1.7300527970213935
1.7349279457991271
1.7389280678731651
1.741303140354625
1.7450532547990356
1.747678334910123
1.7498033997619558
1.7506784264656514
1.7529284951322976
1.7538035218359938
1.7536785180211798
1.7533035065767388
1.7533035065767388
1.7503034150212105
1.7488033692434461
1.7459282815027315
1.7428031861323894
1.7388030640583514
1.7355529648731955
1.730302804651021
1.7258026673177282
1.7210525223548083
1.7159273659474472
1.7095521713919493
1.7039269997253335
1.6980518204290902
1.6916766258735922
1.685926450392163
1.679551255836665
1.6733010650959808
1.6675508896145512
1.6611756950590533
1.6561755424665061
1.6496753440961944
1.6440501724295786
1.6390500198370312
1.6332998443556017
1.6275496688741722
1.6235495468001342
1.6192994170964692
1.6147992797631765
1.6106741538743248
1.607424054689169
1.6032989288003174
1.6001738334299753
1.596798730430006
1.5935486312448501
1.5914235663930174
1.5886734824671163
1.5871734366893522
1.5849233680227057
1.5830483108005005
1.5817982726523636
1.5795482039857174
1.5770481276894437
1.5757980895413068
1.5735480208746606
1.5702979216895046
1.5669228186895352
1.5639227271340068
1.559922605059969
1.554797448652608
1.5491722769859921
1.5415470442823573
1.5339218115787225
1.5245465254676962
1.5145462202826014
1.5046709189123204
1.4952956328012939
1.4867953733939634
1.4799201635792107
1.4737949766533405
1.4707948850978119
1.4701698660237434
1.4737949766533405
1.4815452131717888
1.4949206213568529
1.5134211859492783
1.5391719718008974
1.5709229407635732
1.6095491195410014
1.6549255043183693
1.7074271065401168
1.7653038727988526
1.8279307840205086
1.8943078096865749
1.9636849269081698
2.030936979277932
2.09668898586993
2.156940824610126
2.2094424268318735
2.24969365520188
2.277819513534959
2.2916949369792783
2.290944914090396
2.2760694601275677
2.2488186284981846
2.208067384868923
2.1555657826471757
2.0943139133884703
2.025811822870571
1.9523095797601246
1.8771822870571
1.804805078279977
1.735302957243568
1.6709259926145208
1.612174199652089
1.56029761650441
1.5154212469862973
1.4780451063570055
1.4479191869869077
1.4250434888760033
1.4102930387279886
1.4019177831354717
1.399417706839198
1.4015427716910305
1.408542985320597
1.4189183019501328
1.4311686758018738
1.4459191259498887
1.4625446333201089
1.4771700796533098
1.4921705374309517
1.5080460219122898
1.5187963499862667
1.5299216895046848
1.5401720023194068
1.5489222693563647
1.554797448652608
1.561047639393292
1.5652977690969574
1.5687978759117405
1.5717979674672689
1.57454805139317
1.5764231086153753
1.5774231391338847
1.5791731925412764
1.5806732383190405
1.5810482497634815
1.5824232917264323
1.5847983642078922
1.5854233832819604
1.58642341380047
1.588048463393048
1.5897985168004394
1.590798547318949
1.5934236274300364
1.5955486922818691
1.596798730430006
1.5981737723929563
1.6004238410596028
1.60304892117069
1.605048982207709
1.608174077578051
1.611424176763207
1.6132992339854122
1.6160493179113133
1.6190494094668417
1.6217994933927427
1.624924588763085
1.6289247108371228
1.632299813837092
1.635924924466689
1.6404250617999818
1.6445501876888333
1.6483003021332439
1.6529254432813503
1.6574255806146427
1.6616757103183082
1.6666758629108556
1.6714260078737755
1.6764261604663229
1.681926328318125
1.6873014923551135
1.6935516830957975
1.6985518356883451
1.704927030243843
1.7105522019104589
1.7163023773918882
1.7218025452436905
1.728302743614002
1.734552934354686
1.740178106021302
1.746053285317545
1.7529284951322976
1.7580536515396588
1.7646788537247842
1.769929013946959
1.7753041779839474
1.7814293649098176
1.7864295175023652
1.7914296700949126
1.797554857020783
1.8025550096133305
