1.6488003173924985
1.6493003326517535
1.6503003631702629
1.6516754051332134
1.6533004547257912
1.6546754966887418
1.6561755424665061
1.6576755882442702
1.6593006378368482
1.6601756645405439
1.6615507065034945
1.662925748466445
1.6641757866145819
1.6651758171330913
1.6661758476516009
1.667675893429365
1.669675954466384
1.669675954466384
1.6709259926145208
1.6718010193182167
1.6719260231330302
1.6728010498367258
1.6728010498367258
1.6725510422070986
1.6729260536515398
1.6730510574663533
1.6720510269478437
1.6724260383922849
1.6715510116885892
1.671301004058962
1.670050965910825
1.6689259315775018
1.667675893429365
1.666050843836787
1.66480080568865
1.6638007751701407
1.662800744651631
1.6611756950590533
1.6596756492812892
1.6583006073183386
1.656925565355388
1.6551755119479965
1.6540504776146734
1.6520504165776544
1.651425397503586
1.6499253517258217
1.6485503097628713
1.6473002716147345
1.6471752677999205
1.6460502334665976
1.6444251838740198
1.6440501724295786
1.6421751152073734
1.6414250923184912
1.6408000732444226
1.6404250617999818
1.6398000427259134
1.6388000122074038
1.6385500045777766
1.6381749931333354
1.6369249549851985
1.635924924466689
1.6346748863185523
1.6329248329111608
1.631674794763024
1.62917471846675
1.6274246650593585
1.6247995849482713
1.6234245429853207
1.6204244514297923
1.6181743827631458
1.6155493026520584
1.6151742912076175
1.6151742912076175
1.6150492873928037
1.6175493636890774
1.6204244514297923
1.6259246192815942
1.6330498367259743
1.6413000885036775
1.6509253822443313
1.6624257332071901
1.6763011566515091
1.6919266335032197
1.7075521103549303
1.7244276253547777
1.739803094576861
1.7533035065767388
1.7650538651692254
1.773429120761742
1.778179265724662
1.7804293343913085
1.778554277169103
1.7719290749839778
1.7614287545396283
1.7489283730582599
1.7356779686880093
1.7191774651326028
1.7033019806512648
1.6868014770958586
1.6705509811700798
1.6559255348368787
1.6414250923184912
1.6301747489852596
1.6207994628742333
1.6129242225409712
1.6080490737632376
1.6051739860225227
1.6029239173558765
1.6021738944669943
1.603173924985504
1.605048982207709
1.6075490585039827
1.6111741691335797
1.6142992645039216
1.6184243903927733
1.62204950102237
1.6255496078371532
1.628049684133427
1.630424756614887
1.633174840540788
1.6341748710592976
1.6360499282815029
1.636674947355571
1.6376749778740807
1.6376749778740807
1.6385500045777766
1.6388000122074038
1.6393000274666587
1.640300057985168
1.6411750846888638
1.6411750846888638
1.640675069429609
1.6421751152073734
1.6425501266518143
1.6431751457258827
1.6436751609851377
1.6441751762443924
1.645050202948088
1.6458002258369702
1.6473002716147345
1.6479252906888027
1.6479252906888027
1.649050325022126
1.6501753593554491
1.6505503707998903
1.6521754203924681
1.6530504470961638
1.6546754966887418
1.6555505233924375
1.6570505691702018
1.6581756035035249
1.6590506302072208
1.6603006683553576
1.6613006988738672
1.6620507217627492
1.6643007904293954
1.6650508133182775
1.6666758629108556
1.6678008972441787
1.6689259315775018
1.6709259926145208
1.6723010345774711
1.673551072725608
1.6750511185033723
1.6760511490218817
1.677176183355205
1.6794262520218513
1.6813013092440567
1.681926328318125
1.6833013702810755
1.684676412244026
1.6858014465773492
1.6868014770958586
1.6876765037995543
1.6880515152439954
1.6891765495773186
1.6901765800958282
1.691426618243965
1.6920516373180334
1.6928016602069156
1.6931766716513565
1.693801690725425
1.6940516983550522
1.6943017059846797
1.6940516983550522
1.6940516983550522
1.6944267097994934
1.6940516983550522
1.6939266945402387
1.6941767021698662
1.6936766869106112
1.6931766716513565
1.6924266487624744
1.6919266335032197
1.6909266029847103
1.6899265724662007
1.689426557206946
1.6885515305032504
1.6871764885402998
1.6865514694662314
1.6856764427625355
1.6835513779107028
1.6828013550218206
1.6814263130588702
1.6800512710959197
1.6783012176885281
1.6766761680959503
1.675551133762627
1.6744260994293039
1.6730510574663533
1.6724260383922849
1.6709259926145208
1.6684259163182469
1.667675893429365
1.666050843836787
1.6639257789849544
1.662925748466445
1.6615507065034945
1.6599256569109164
1.6588006225775933
1.6584256111331521
1.6568005615405743
1.6551755119479965
1.6539254737998597
1.6531754509109775
1.6515504013183995
1.6504253669850764
1.6499253517258217
1.6486753135776848
1.6484253059480574
1.647425275429548
1.6464252449110386
1.6445501876888333
1.6448001953184606
1.6438001647999512
1.642675130466628
1.6423001190221869
1.641925107577746
1.6415500961333047
1.6409250770592365
1.6405500656147955
1.6398000427259134
1.6398000427259134
1.6390500198370312
1.63867500839259
1.6380499893185219
1.637549974059267
1.6380499893185219
1.6374249702444532
1.6371749626148258
1.6372999664296397
1.6370499588000123
1.636674947355571
1.6370499588000123
1.6361749320963164
1.63629993591113
1.6354249092074344
1.635924924466689
1.6361749320963164
1.6354249092074344
1.6369249549851985
1.6361749320963164
1.635549913022248
1.6356749168370617
1.6357999206518754
1.6367999511703848
1.6346748863185523
1.635549913022248
1.6361749320963164
1.6354249092074344
1.6357999206518754
1.635924924466689
1.6360499282815029
1.6361749320963164
1.6357999206518754
1.6356749168370617
1.635549913022248
1.6354249092074344
1.6360499282815029
1.6370499588000123
1.63629993591113
1.6371749626148258
1.636674947355571
1.636674947355571
1.636674947355571
1.6367999511703848
1.6367999511703848
1.6369249549851985
1.6376749778740807
1.6374249702444532
1.6380499893185219
1.6388000122074038
1.6389250160222175
1.6396750389110997
1.6401750541703544
1.640675069429609
1.6409250770592365
1.6414250923184912
1.6428001342814416
1.6431751457258827
1.6441751762443924
1.644675191503647
1.6460502334665976
1.647050263985107
1.6486753135776848
1.6500503555406356
1.651050386059145
1.6521754203924681
1.6524254280220954
1.6549255043183693
1.655800531022065
1.6580505996887114
1.658925626392407
1.6601756645405439
1.6616757103183082
1.6634257637256997
1.6641757866145819
1.6651758171330913
1.6669258705404828
1.6679259010589922
1.669300943021943
1.669675954466384
1.6710509964293345
1.6729260536515398
1.6723010345774711
1.6720510269478437
1.6729260536515398
1.6725510422070986
1.6725510422070986
1.6724260383922849
1.6729260536515398
1.6719260231330302
1.6715510116885892
1.6705509811700798
1.6698009582811977
1.6684259163182469
1.667675893429365
1.6658008362071597
1.665300820947905
1.6636757713553272
1.6626757408368176
1.6611756950590533
1.6601756645405439
1.6580505996887114
1.6563005462813196
1.6556755272072514
1.6539254737998597
1.6520504165776544
1.651050386059145
1.6499253517258217
1.6484253059480574
1.6479252906888027
1.6466752525406658
1.645925229651784
1.6444251838740198
1.6438001647999512
1.6429251380962555
1.6418001037629322
1.64105008087405
1.639925046540727
1.6401750541703544
1.6389250160222175
1.639550035096286
1.6380499893185219
1.636674947355571
1.6354249092074344
1.6346748863185523
1.632424817651906
1.6306747642445143
1.6294247260963775
1.6274246650593585
1.6247995849482713
1.623299539170507
1.6204244514297923
1.6181743827631458
1.6161743217261269
1.6154242988372447
1.6147992797631765
1.6151742912076175
1.6175493636890774
1.6211744743186742
1.626424634540849
1.6339248634296701
1.6421751152073734
1.6523004242072816
1.6639257789849544
1.6769261757255778
1.6931766716513565
1.7094271675771355
1.7258026673177282
1.7408031250953704
1.7545535447248757
1.765803888058107
1.773804132206183
1.778554277169103
1.7800543229468673
1.7784292733542895
1.7713040559099094
1.7610537430951874
1.7488033692434461
1.7339279152806177
1.7190524613177893
1.7015519272438735
1.6856764427625355
1.6689259315775018
1.6541754814294871
1.6413000885036775
1.62917471846675
1.6199244361705374
1.6132992339854122
1.607424054689169
1.6042989593188268
1.6021738944669943
1.6025489059114353
1.6036739402447586
1.606174016541032
1.6086740928373058
1.611424176763207
1.61492428357799
1.6184243903927733
1.6222995086519973
1.6262996307260353
1.628424695577868
1.6309247718741418
1.6326748252815333
1.634299874874111
1.6354249092074344
1.6371749626148258
1.637549974059267
1.6377999816888944
1.63867500839259
1.6388000122074038
1.6398000427259134
1.6408000732444226
1.6411750846888638
1.6415500961333047
1.6418001037629322
1.643050141911069
1.642675130466628
1.6429251380962555
1.6433001495406965
1.644675191503647
1.6455502182073427
1.645925229651784
1.6468002563554796
1.6475502792443617
1.6484253059480574
1.6491753288369395
1.6503003631702629
1.6505503707998903
1.651800408948027
1.6533004547257912
1.6543004852443006
1.6556755272072514
1.6570505691702018
1.6576755882442702
1.6586756187627796
1.6601756645405439
1.6619257179479354
1.6621757255775629
1.6638007751701407
1.6655508285775322
1.666800866725669
1.6689259315775018
1.6704259773552659
1.6720510269478437
1.6726760460219123
1.6738010803552354
1.6748011108737448
1.6764261604663229
1.6794262520218513
1.6794262520218513
1.6805512863551746
1.6823013397625661
1.6833013702810755
1.6848014160588396
1.6864264656514176
1.6873014923551135
1.6878015076143682
1.6886765343180639
1.6895515610217597
1.6899265724662007
1.6919266335032197
1.6920516373180334
1.6925516525772883
1.6930516678365428
1.6935516830957975
1.6936766869106112
1.6940516983550522
1.6944267097994934
1.6936766869106112
1.6944267097994934
1.6941767021698662
1.6941767021698662
1.6939266945402387
1.6940516983550522
1.6933016754661703
1.6920516373180334
1.6924266487624744
1.6908015991698966
1.6896765648365732
1.689051545762505
1.6884265266884364
1.6873014923551135
1.686301461836604
1.685926450392163
1.6836763817255165
1.6828013550218206
1.6816763206884975
1.6800512710959197
1.6784262215033416
1.6770511795403913
1.6758011413922544
1.6741760917996766
1.6734260689107945
1.6724260383922849
1.6704259773552659
1.6690509353923155
1.667300881984924
1.6659258400219734
1.6643007904293954
1.662800744651631
1.6614257026886807
1.6603006683553576
1.6590506302072208
1.6581756035035249
1.6568005615405743
1.6553005157628102
1.6541754814294871
1.6530504470961638
1.6508003784295175
1.6504253669850764
1.6496753440961944
1.6489253212073123
1.6480502945036166
1.6479252906888027
1.6464252449110386
1.6454252143925292
1.6441751762443924
1.6438001647999512
1.642675130466628
1.6423001190221869
1.6416750999481187
1.641925107577746
1.6404250617999818
1.640300057985168
1.6396750389110997
1.639550035096286
1.6389250160222175
1.6384250007629628
1.637924985503708
1.6381749931333354
1.637924985503708
1.6376749778740807
1.6365499435407576
1.6369249549851985
1.6381749931333354
1.6367999511703848
1.6361749320963164
1.6360499282815029
1.6361749320963164
1.6360499282815029
1.6360499282815029
1.6356749168370617
1.635924924466689
1.6357999206518754
1.6360499282815029
1.6357999206518754
1.635924924466689
1.635549913022248
1.6356749168370617
1.635549913022248
1.635549913022248
1.6357999206518754
1.6356749168370617
1.635924924466689
1.6361749320963164
1.6357999206518754
1.6357999206518754
1.6360499282815029
1.6357999206518754
1.6356749168370617
1.6357999206518754
1.63629993591113
1.63629993591113
1.63629993591113
1.6365499435407576
1.63629993591113
1.6367999511703848
1.6365499435407576
1.6374249702444532
1.636674947355571
1.6372999664296397
1.6377999816888944
1.6380499893185219
1.6381749931333354
1.6391750236518448
1.639550035096286
1.6391750236518448
1.639550035096286
1.6405500656147955
1.6408000732444226
1.6411750846888638
1.6421751152073734
1.6435501571703237
1.6440501724295786
1.6453002105777155
1.6464252449110386
1.6473002716147345
1.6483003021332439
1.649425336466567
1.6508003784295175
1.6516754051332134
1.654550492873928
1.654550492873928
1.6563005462813196
1.6580505996887114
1.6595506454664755
1.6606756797997986
1.6619257179479354
1.6630507522812585
1.6644257942442091
1.6655508285775322
1.6669258705404828
1.6684259163182469
1.669300943021943
1.6705509811700798
1.6715510116885892
1.6719260231330302
1.6720510269478437
1.6725510422070986
1.6728010498367258
1.6726760460219123
1.6724260383922849
1.6723010345774711
1.6725510422070986
1.6720510269478437
1.6714260078737755
1.6706759849848933
1.669300943021943
1.668800927762688
1.66717587817011
1.666050843836787
1.6644257942442091
1.6638007751701407
1.6623007293923764
1.660925687429426
1.6596756492812892
1.6576755882442702
1.6570505691702018
1.6551755119479965
1.6535504623554185
1.6519254127628407
1.651050386059145
1.649425336466567
1.6484253059480574
1.647425275429548
1.6465502487258523
1.6456752220221567
1.6443001800592059
1.6435501571703237
1.6424251228370008
1.6415500961333047
1.640675069429609
1.640300057985168
1.639925046540727
1.6390500198370312
1.6380499893185219
1.637924985503708
1.636674947355571
1.6354249092074344
1.6340498672444839
1.6321748100222786
1.630424756614887
1.6285496993926818
1.6266746421704763
1.6246745811334575
1.6224245124668113
1.6200494399853511
1.6176743675038912
1.6159243140964994
1.6151742912076175
1.6144242683187355
1.6154242988372447
1.6180493789483323
1.62204950102237
1.6282996917630543
1.6345498825037386
1.643925168614765
1.6543004852443006
1.6656758323923462
1.6798012634662924
1.6959267555772577
1.7118022400585957
1.7284277474288157
1.743678212836085
1.7565536057618945
1.7673039338358714
1.7755541856135748
1.7789292886135442
1.780179326761681
1.7773042390209661
1.769804010132145
1.759178685872982
1.7459282815027315
1.731427838984344
1.7154273506881925
1.698926847132786
1.6824263435773796
1.666425855281228
1.6520504165776544
1.63867500839259
1.628049684133427
1.6184243903927733
1.6115491805780204
1.6069240394299142
1.6039239478743859
1.6022988982818078
1.6024239020966218
1.6036739402447586
1.6056740012817774
1.6089241004669332
1.6119241920224616
1.6157993102816859
1.6190494094668417
1.6224245124668113
1.6257996154667806
1.628424695577868
1.631174779503769
1.6330498367259743
1.6346748863185523
1.6360499282815029
1.636674947355571
1.6377999816888944
1.6390500198370312
1.6389250160222175
1.6390500198370312
1.640300057985168
1.6405500656147955
1.6411750846888638
1.6413000885036775
1.6414250923184912
1.6423001190221869
1.642675130466628
1.6431751457258827
1.643925168614765
1.6451752067629017
1.6453002105777155
1.6461752372814111
1.647425275429548
1.6476752830591754
1.6488003173924985
1.6496753440961944
1.6504253669850764
1.6511753898739585
1.6524254280220954
1.6536754661702324
1.6544254890591144
1.655425519577624
1.6571755729850153
1.6581756035035249
1.658925626392407
1.660550675984985
1.6616757103183082
1.662925748466445
1.6640507827997681
1.6659258400219734
1.666800866725669
1.6685509201330608
1.6706759849848933
1.6715510116885892
1.6728010498367258
1.6741760917996766
1.675551133762627
1.6764261604663229
1.6781762138737144
1.6796762596514787
1.6810513016144293
1.6823013397625661
1.683926389355144
1.684676412244026
1.685926450392163
1.687051484725486
1.6880515152439954
1.6885515305032504
1.6896765648365732
1.6911766106143375
1.6915516220587787
1.6926766563921019
1.6930516678365428
1.6936766869106112
1.693801690725425
1.6941767021698662
1.6941767021698662
1.6941767021698662
1.6944267097994934
1.6949267250587483
1.6943017059846797
1.6940516983550522
1.6935516830957975
1.6939266945402387
1.6930516678365428
1.6920516373180334
1.691426618243965
1.6906765953550829
1.6896765648365732
1.689051545762505
1.6880515152439954
1.6868014770958586
1.6858014465773492
1.685051423688467
1.683926389355144
1.6816763206884975
1.6808012939848018
1.6790512405774103
1.677926206244087
1.6770511795403913
1.6749261146885588
1.6743010956144901
1.6728010498367258
1.6721760307626576
1.6699259620960112
1.6684259163182469
1.6670508743552965
1.6654258247627187
1.6645507980590228
1.6625507370220038
1.6614257026886807
1.6599256569109164
1.658925626392407
1.6576755882442702
1.6563005462813196
1.6551755119479965
1.6539254737998597
1.6528004394665363
1.651050386059145
1.6504253669850764
1.6493003326517535
1.6483003021332439
1.6478002868739892
1.6468002563554796
1.645925229651784
1.6445501876888333
1.6443001800592059
1.6433001495406965
1.642675130466628
1.6420501113925596
1.6415500961333047
1.6413000885036775
1.6405500656147955
1.6404250617999818
1.6400500503555409
1.6393000274666587
1.6389250160222175
1.6381749931333354
1.6376749778740807
1.637549974059267
1.6381749931333354
1.6371749626148258
1.6376749778740807
1.6370499588000123
1.6369249549851985
1.6367999511703848
1.63629993591113
1.6360499282815029
1.6361749320963164
1.6360499282815029
1.636674947355571
1.635924924466689
1.635924924466689
1.635924924466689
1.6364249397259438
1.6357999206518754
1.6354249092074344
1.6354249092074344
1.6352999053926207
1.6354249092074344
1.6360499282815029
1.6356749168370617
1.6357999206518754
1.6357999206518754
1.63629993591113
1.635924924466689
1.6357999206518754
1.6357999206518754
1.6357999206518754
1.635549913022248
1.635924924466689
1.6361749320963164
1.6360499282815029
1.6360499282815029
1.6369249549851985
1.6372999664296397
1.6361749320963164
1.6367999511703848
1.6369249549851985
1.6369249549851985
1.6369249549851985
1.637549974059267
1.6381749931333354
1.638299996948149
1.6390500198370312
1.6400500503555409
1.6398000427259134
1.6398000427259134
1.6404250617999818
1.640675069429609
1.6420501113925596
1.6425501266518143
1.6435501571703237
1.6443001800592059
1.6460502334665976
1.6469252601702933
1.6478002868739892
1.6484253059480574
1.6496753440961944
1.6511753898739585
1.6524254280220954
1.6541754814294871
1.6551755119479965
1.6570505691702018
1.6583006073183386
1.659800653096103
1.6610506912442398
1.6621757255775629
1.6634257637256997
1.6646758018738366
1.6658008362071597
1.6670508743552965
1.6683009125034334
1.6695509506515702
1.6704259773552659
1.671301004058962
1.6719260231330302
1.6725510422070986
1.6726760460219123
1.6724260383922849
1.6725510422070986
1.6728010498367258
1.6725510422070986
1.6724260383922849
1.6720510269478437
1.6714260078737755
1.670050965910825
1.6694259468367565
1.668800927762688
1.6670508743552965
1.665300820947905
1.6645507980590228
1.6631757560960723
1.6623007293923764
1.6606756797997986
1.6594256416516617
1.657800592059084
1.6561755424665061
1.6551755119479965
1.6531754509109775
1.6515504013183995
1.6504253669850764
1.649425336466567
1.6484253059480574
1.6469252601702933
1.6461752372814111
1.6451752067629017
1.6440501724295786
1.6435501571703237
1.6424251228370008
1.6413000885036775
1.6405500656147955
1.6405500656147955
1.6396750389110997
1.6390500198370312
1.63867500839259
1.6372999664296397
1.6360499282815029
1.6345498825037386
1.633674855800043
1.6319248023926511
1.6297997375408186
1.6281746879482406
1.6261746269112216
1.6237995544297616
1.62204950102237
1.6192994170964692
1.6171743522446362
1.6154242988372447
1.6146742759483628
1.6147992797631765
1.6156743064668722
1.6191744132816552
1.6230495315408795
1.62917471846675
1.636674947355571
1.6463002410962249
1.6566755577257606
1.6701759697256386
1.683926389355144
1.700176885280923
1.7165523850215156
1.7329278847621081
1.7478033387249368
1.7599287087618642
1.7700540177617725
1.776554216132084
1.7798043153172398
1.780679342020936
1.7756791894283883
1.7669289223914304
1.7556785790581988
1.7419281594286935
1.7273027130954923
1.710427198095645
1.6936766869106112
1.677926206244087
1.6623007293923764
1.6478002868739892
1.635549913022248
1.6250495925778985
1.6162993255409406
1.61017413861507
1.6056740012817774
1.6029239173558765
1.6020488906521806
1.6029239173558765
1.6045489669484543
1.6066740318002868
1.6096741233558154
1.6131742301705987
1.6166743369853815
1.6201744438001648
1.6237995544297616
1.6267996459852903
1.6294247260963775
1.632299813837092
1.633674855800043
1.6354249092074344
1.63629993591113
1.6367999511703848
1.637549974059267
1.638299996948149
1.63867500839259
1.6396750389110997
1.6396750389110997
1.6408000732444226
1.6411750846888638
1.6416750999481187
1.641925107577746
1.6424251228370008
1.642675130466628
1.6433001495406965
1.6444251838740198
1.6453002105777155
1.6454252143925292
1.6460502334665976
1.6479252906888027
1.6480502945036166
1.6486753135776848
1.6500503555406356
1.6501753593554491
1.6513003936887722
1.6526754356517228
1.6535504623554185
1.6550505081331828
1.6559255348368787
1.6576755882442702
1.6584256111331521
1.6595506454664755
1.6604256721701711
1.6614257026886807
1.6634257637256997
1.66480080568865
1.6663008514664144
1.6675508896145512
1.6689259315775018
1.6705509811700798
1.6720510269478437
1.673176061281167
1.6746761070589313
1.6763011566515091
1.6773011871700187
1.6783012176885281
1.6801762749107334
1.6810513016144293
1.6831763664662618
1.683926389355144
1.6854264351329082
1.6860514542069764
1.687051484725486
1.6879265114291817
1.6886765343180639
1.6899265724662007
1.691051606799524
1.6915516220587787
1.6920516373180334
1.6935516830957975
1.6931766716513565
1.693801690725425
1.6940516983550522
1.6944267097994934
1.693801690725425
1.6941767021698662
1.6939266945402387
1.6941767021698662
1.6944267097994934
1.6940516983550522
1.6935516830957975
1.6930516678365428
1.6920516373180334
1.6915516220587787
1.6904265877254554
1.6893015533921325
1.6886765343180639
1.6874264961699272
1.686676473281045
1.6858014465773492
1.684301400799585
1.6833013702810755
1.6820513321329387
1.6805512863551746
1.6793012482070377
1.677551194799646
1.6764261604663229
1.675176122318186
1.6738010803552354
1.6724260383922849
1.6715510116885892
1.6694259468367565
1.6679259010589922
1.667300881984924
1.6651758171330913
1.663300759910886
1.6623007293923764
1.6611756950590533
1.6599256569109164
1.6590506302072208
1.6575505844294565
1.6560505386516924
1.6550505081331828
1.6535504623554185
1.6523004242072816
1.6509253822443313
1.6503003631702629
1.6488003173924985
1.6483003021332439
1.647050263985107
1.6469252601702933
1.645925229651784
1.645050202948088
1.6436751609851377
1.6434251533555102
1.6425501266518143
1.6418001037629322
1.6416750999481187
1.64105008087405
1.640300057985168
1.6404250617999818
1.6398000427259134
1.6391750236518448
1.6389250160222175
1.6381749931333354
1.6377999816888944
1.637549974059267
1.6376749778740807
1.6371749626148258
1.6372999664296397
1.6371749626148258
1.6371749626148258
1.6365499435407576
1.63629993591113
1.6360499282815029
1.6356749168370617
1.6357999206518754
1.63629993591113
1.6364249397259438
1.635924924466689
1.6360499282815029
1.6364249397259438
1.6357999206518754
1.6360499282815029
1.6356749168370617
1.6354249092074344
1.635924924466689
1.6360499282815029
1.635549913022248
1.6356749168370617
1.6360499282815029
1.6361749320963164
1.635924924466689
1.6356749168370617
1.6356749168370617
1.635924924466689
1.6354249092074344
1.6365499435407576
1.6360499282815029
1.6361749320963164
1.6361749320963164
1.636674947355571
1.6367999511703848
1.6365499435407576
1.6369249549851985
1.6370499588000123
1.6367999511703848
1.637549974059267
1.6377999816888944
1.6381749931333354
1.6385500045777766
1.6389250160222175
1.6396750389110997
1.639925046540727
1.640300057985168
1.6409250770592365
1.6409250770592365
1.6420501113925596
1.6429251380962555
1.6436751609851377
1.645050202948088
1.6460502334665976
1.647050263985107
1.6478002868739892
1.6491753288369395
1.6501753593554491
1.6511753898739585
1.6526754356517228
1.653800469985046
1.6555505233924375
1.6574255806146427
1.6586756187627796
1.6601756645405439
1.6614257026886807
1.6623007293923764
1.6638007751701407
1.664925809503464
1.6661758476516009
1.6675508896145512
1.668800927762688
1.669675954466384
1.6709259926145208
1.6718010193182167
1.6720510269478437
1.6723010345774711
1.6728010498367258
1.6726760460219123
1.6725510422070986
1.6725510422070986
1.6725510422070986
1.6721760307626576
1.6715510116885892
1.671301004058962
1.6703009735404524
1.6690509353923155
1.6678008972441787
1.6669258705404828
1.6655508285775322
1.66480080568865
1.6625507370220038
1.6619257179479354
1.6599256569109164
1.6594256416516617
1.6574255806146427
1.6559255348368787
1.654550492873928
1.6529254432813503
1.6515504013183995
1.6500503555406356
1.6493003326517535
1.6479252906888027
1.647050263985107
1.6466752525406658
1.6451752067629017
1.643925168614765
1.642675130466628
1.6418001037629322
1.6409250770592365
1.6401750541703544
1.639925046540727
1.6391750236518448
1.6390500198370312
1.6384250007629628
1.6372999664296397
1.6364249397259438
1.6347998901333658
1.6327998290963468
1.631174779503769
1.6297997375408186
1.628424695577868
1.6254246040223395
1.6236745506149481
1.6217994933927427
1.6190494094668417
1.6162993255409406
1.6152992950224312
1.61492428357799
1.6150492873928037
1.6166743369853815
1.6195494247260964
1.6239245582445754
1.630799768059328
1.639550035096286
1.6481752983184301
1.6588006225775933
1.6723010345774711
1.6868014770958586
1.7030519730216378
1.719552476577044
1.7359279763176367
1.7499284035767695
1.761928769798883
1.7715540635395368
1.7779292580950348
1.7794293038727989
1.7794293038727989
1.7745541550950652
1.7650538651692254
1.7534285103915526
1.73942808313242
1.7236776024658955
1.7084271370586261
1.691051606799524
1.6753011261329998
1.6596756492812892
1.6448001953184606
1.6332998443556017
1.6236745506149481
1.61492428357799
1.6092991119113744
1.6051739860225227
1.602673909726249
1.6019238868373669
1.603173924985504
1.6045489669484543
1.6066740318002868
1.6100491348002564
1.6140492568742943
1.6174243598742637
1.6214244819483017
1.6242995696890163
1.6270496536149175
1.6297997375408186
1.6321748100222786
1.6340498672444839
1.6354249092074344
1.636674947355571
1.6380499893185219
1.6371749626148258
1.6380499893185219
1.63867500839259
1.6398000427259134
1.6404250617999818
1.6416750999481187
1.6409250770592365
1.6416750999481187
1.6423001190221869
1.642675130466628
1.6428001342814416
1.6438001647999512
1.6440501724295786
1.6463002410962249
1.6458002258369702
1.6464252449110386
1.647425275429548
1.6483003021332439
1.6488003173924985
1.6503003631702629
1.6508003784295175
1.6511753898739585
1.6528004394665363
1.6536754661702324
1.6548005005035553
1.6563005462813196
1.6576755882442702
1.6583006073183386
1.6593006378368482
1.660925687429426
1.6635507675405132
1.6639257789849544
1.6650508133182775
1.6665508590960418
1.6681759086886196
1.6686759239478743
1.6704259773552659
1.6721760307626576
1.6741760917996766
1.6749261146885588
1.6765511642811366
1.6776761986144597
1.6789262367625966
1.6804262825403606
1.681551316873684
1.682676351207007
1.6840513931699574
1.685051423688467
1.686301461836604
1.687051484725486
1.6884265266884364
1.6888015381328776
1.690301583910642
1.6911766106143375
1.6919266335032197
1.6924266487624744
1.6930516678365428
1.6936766869106112
1.6940516983550522
1.693801690725425
1.6943017059846797
1.6940516983550522
1.6945517136143071
1.6944267097994934
1.693801690725425
1.6941767021698662
1.6939266945402387
1.6931766716513565
1.6926766563921019
1.6919266335032197
1.691051606799524
1.6900515762810144
1.6891765495773186
1.6884265266884364
1.6881765190588092
1.6865514694662314
1.6856764427625355
1.6841763969847714
1.6833013702810755
1.6818013245033114
1.6804262825403606
1.6788012329477828
1.677926206244087
1.6764261604663229
1.675176122318186
1.6741760917996766
1.6725510422070986
1.6709259926145208
1.669175939207129
1.6685509201330608
1.6661758476516009
1.6646758018738366
1.6634257637256997
1.6621757255775629
1.6613006988738672
1.6596756492812892
1.659800653096103
1.6573005767998292
1.655800531022065
1.6546754966887418
1.6535504623554185
1.6513003936887722
1.6508003784295175
1.6498003479110082
1.6488003173924985
1.6483003021332439
1.6473002716147345
1.647050263985107
1.6456752220221567
1.6448001953184606
1.644675191503647
1.6433001495406965
1.6413000885036775
1.641925107577746
1.6411750846888638
1.6411750846888638
1.6405500656147955
1.6401750541703544
1.6401750541703544
1.6388000122074038
1.6389250160222175
1.6385500045777766
1.6377999816888944
1.6377999816888944
1.637549974059267
1.6367999511703848
1.6365499435407576
1.6377999816888944
1.6370499588000123
1.6370499588000123
1.63629993591113
1.6361749320963164
1.6356749168370617
1.635549913022248
1.6357999206518754
1.635924924466689
1.635549913022248
1.635924924466689
1.6360499282815029
1.635924924466689
1.6360499282815029
1.6357999206518754
1.6352999053926207
1.6356749168370617
1.6354249092074344
1.6352999053926207
1.6356749168370617
1.6357999206518754
1.635924924466689
1.6361749320963164
1.635924924466689
1.6357999206518754
1.635924924466689
1.6356749168370617
1.6357999206518754
1.635924924466689
1.63629993591113
1.6364249397259438
1.6367999511703848
1.636674947355571
1.6369249549851985
1.6370499588000123
1.6370499588000123
1.6370499588000123
1.6369249549851985
1.6376749778740807
1.6381749931333354
1.63867500839259
1.6388000122074038
1.6394250312814722
1.6400500503555409
1.640300057985168
1.6418001037629322
1.6413000885036775
1.6421751152073734
1.6434251533555102
1.6440501724295786
1.645050202948088
1.6464252449110386
1.6461752372814111
1.6481752983184301
1.6491753288369395
1.6506753746147038
1.6511753898739585
1.6529254432813503
1.6543004852443006
1.6559255348368787
1.6573005767998292
1.6590506302072208
1.6603006683553576
1.6614257026886807
1.6626757408368176
1.6639257789849544
1.6651758171330913
1.6663008514664144
1.6678008972441787
1.6690509353923155
1.6703009735404524
1.671176000244148
1.6714260078737755
1.6724260383922849
1.6721760307626576
1.6729260536515398
1.6739260841700492
1.6729260536515398
1.6729260536515398
1.6725510422070986
1.6723010345774711
1.6719260231330302
1.670800988799707
1.6701759697256386
1.669175939207129
1.6679259010589922
1.666425855281228
1.665300820947905
1.6641757866145819
1.662800744651631
1.6614257026886807
1.660550675984985
1.6581756035035249
1.6574255806146427
1.6556755272072514
1.654550492873928
1.6526754356517228
1.6508003784295175
1.6505503707998903
1.6489253212073123
1.6479252906888027
1.6464252449110386
1.6464252449110386
1.6454252143925292
1.6435501571703237
1.6428001342814416
1.641925107577746
1.6411750846888638
1.6404250617999818
1.6396750389110997
1.6388000122074038
1.6385500045777766
1.6376749778740807
1.6374249702444532
1.635924924466689
1.6345498825037386
1.6330498367259743
1.6320498062074649
1.6295497299111912
1.627299661244545
1.6255496078371532
1.6230495315408795
1.6217994933927427
1.6186743980224005
1.6161743217261269
1.6150492873928037
1.6150492873928037
1.6150492873928037
1.6167993408001955
1.6200494399853511
1.6246745811334575
1.6312997833185827
1.6400500503555409
1.649425336466567
1.660550675984985
1.673676076540422
1.689051545762505
1.7048020264290291
1.721552537614063
1.7371780144657736
1.7515534531693473
1.763553819391461
1.7719290749839778
1.7775542466505936
1.7799293191320538
1.7793043000579851
1.7729291055024872
1.7641788384655293
1.7514284493545336
1.737303018280587
1.7224275643177587
1.7058020569475387
1.6888015381328776
1.6733010650959808
1.6583006073183386
1.6440501724295786
1.632299813837092
1.6221745048371838
1.6151742912076175
1.6084240852076785
1.605048982207709
1.6025489059114353
1.6021738944669943
1.60304892117069
1.6049239783928952
1.6075490585039827
1.610549150059511
1.6144242683187355
1.6175493636890774
1.6221745048371838
1.6245495773186438
1.627674672688986
1.6302997528000733
1.6327998290963468
1.634299874874111
1.6350498977629933
1.6356749168370617
1.6372999664296397
1.6374249702444532
1.63867500839259
1.6391750236518448
1.6396750389110997
1.6405500656147955
1.6413000885036775
1.6413000885036775
1.6414250923184912
1.642675130466628
1.6425501266518143
1.6428001342814416
1.6434251533555102
1.643925168614765
1.6445501876888333
1.6453002105777155
1.6468002563554796
1.6476752830591754
1.6481752983184301
1.6489253212073123
1.6500503555406356
1.6505503707998903
1.6516754051332134
1.6526754356517228
1.653800469985046
1.6551755119479965
1.656550553910947
1.6580505996887114
1.658925626392407
1.6601756645405439
1.6611756950590533
1.6619257179479354
1.6634257637256997
1.665300820947905
1.6663008514664144
1.667675893429365
1.669300943021943
1.671176000244148
1.6724260383922849
1.673676076540422
1.6749261146885588
1.6766761680959503
1.6774261909848323
1.6784262215033416
1.6808012939848018
1.681551316873684
1.683051362651448
1.684676412244026
1.6853014313180945
1.6856764427625355
1.6876765037995543
1.689051545762505
1.6885515305032504
1.6905515915402693
1.6909266029847103
1.6915516220587787
1.6925516525772883
1.693801690725425
1.6939266945402387
1.6939266945402387
1.6940516983550522
1.6943017059846797
1.6939266945402387
1.6939266945402387
1.6946767174291208
1.6945517136143071
1.6945517136143071
1.6940516983550522
1.693801690725425
1.6925516525772883
1.6919266335032197
1.691051606799524
1.6900515762810144
1.6888015381328776
1.688301522873623
1.6868014770958586
1.686676473281045
1.6854264351329082
1.6844264046143986
1.6835513779107028
1.6816763206884975
1.6803012787255471
1.678676229132969
1.6774261909848323
1.6761761528366956
1.6748011108737448
1.673551072725608
1.6724260383922849
1.670800988799707
1.669175939207129
1.6666758629108556
1.666800866725669
1.6644257942442091
1.6630507522812585
1.6621757255775629
1.6610506912442398
1.6595506454664755
1.6576755882442702
1.6571755729850153
1.6559255348368787
1.6541754814294871
1.6533004547257912
1.6523004242072816
1.6505503707998903
1.6498003479110082
1.6488003173924985
1.6479252906888027
1.6473002716147345
1.647050263985107
1.6458002258369702
1.644675191503647
1.6436751609851377
1.6440501724295786
1.6423001190221869
1.6414250923184912
1.6409250770592365
1.6405500656147955
1.6404250617999818
1.6405500656147955
1.6389250160222175
1.6389250160222175
1.6384250007629628
1.6385500045777766
1.637549974059267
1.6374249702444532
1.6369249549851985
1.6381749931333354
1.6370499588000123
1.6376749778740807
1.6369249549851985
1.636674947355571
1.63629993591113
1.63629993591113
1.6356749168370617
1.635924924466689
1.6360499282815029
1.6360499282815029
1.6361749320963164
1.6360499282815029
1.6357999206518754
1.635924924466689
1.6356749168370617
1.6356749168370617
1.6354249092074344
1.635549913022248
1.635549913022248
1.6356749168370617
1.635549913022248
1.63629993591113
1.6350498977629933
1.6356749168370617
1.6357999206518754
1.6357999206518754
1.6360499282815029
1.6356749168370617
1.6360499282815029
1.6361749320963164
1.63629993591113
1.63629993591113
1.6367999511703848
1.6365499435407576
1.6364249397259438
1.6372999664296397
1.6365499435407576
1.6370499588000123
1.6376749778740807
1.6377999816888944
1.637924985503708
1.638299996948149
1.639550035096286
1.639550035096286
1.639925046540727
1.640300057985168
1.6415500961333047
1.6411750846888638
1.641925107577746
1.6428001342814416
1.643925168614765
1.645050202948088
1.6461752372814111
1.6469252601702933
1.6484253059480574
1.6496753440961944
1.6503003631702629
1.6511753898739585
1.6530504470961638
1.6543004852443006
1.655425519577624
1.6573005767998292
1.6595506454664755
1.6610506912442398
1.6616757103183082
1.6631757560960723
1.6638007751701407
1.6651758171330913
1.6666758629108556
1.6675508896145512
1.669300943021943
1.6701759697256386
1.671176000244148
1.6715510116885892
1.6724260383922849
1.6726760460219123
1.6720510269478437
1.6724260383922849
1.6726760460219123
1.6723010345774711
1.6723010345774711
1.6721760307626576
1.6715510116885892
1.671176000244148
1.6699259620960112
1.669175939207129
1.668050904873806
1.666425855281228
1.6650508133182775
1.6640507827997681
1.662925748466445
1.6610506912442398
1.6596756492812892
1.6591756340220343
1.6573005767998292
1.6556755272072514
1.6540504776146734
1.6526754356517228
1.6513003936887722
1.6500503555406356
1.649425336466567
1.6476752830591754
1.6466752525406658
1.6460502334665976
1.6451752067629017
1.6434251533555102
1.6429251380962555
1.6420501113925596
1.6409250770592365
1.6401750541703544
1.6401750541703544
1.6391750236518448
1.6385500045777766
1.6380499893185219
1.6370499588000123
1.6352999053926207
1.634299874874111
1.6325498214667196
1.630799768059328
1.629299722281564
1.6274246650593585
1.6254246040223395
1.623299539170507
1.621299478133488
1.6186743980224005
1.6167993408001955
1.6150492873928037
1.6147992797631765
1.6147992797631765
1.6166743369853815
1.6202994476149783
1.625174596392712
1.632299813837092
1.6398000427259134
1.6506753746147038
1.6614257026886807
1.6749261146885588
1.6899265724662007
1.7059270607623525
1.7225525681325726
1.7383030487990967
1.7525534836878567
1.7638038270210883
1.7725540940580462
1.7780542619098483
1.7800543229468673
1.7788042847987304
1.7729291055024872
1.7631788079470199
1.7508034302804651
1.7366779992065189
1.7210525223548083
1.7050520340586566
1.6881765190588092
1.6720510269478437
1.6571755729850153
1.6429251380962555
1.6312997833185827
1.6221745048371838
1.6139242530594806
1.6079240699484236
1.6042989593188268
1.6027989135410627
1.6024239020966218
1.6037989440595721
1.6049239783928952
1.6075490585039827
1.6110491653187657
1.6146742759483628
1.6179243751335184
1.6214244819483017
1.624924588763085
1.6274246650593585
1.6302997528000733
1.6326748252815333
1.6340498672444839
1.6352999053926207
1.636674947355571
1.6374249702444532
1.6376749778740807
1.638299996948149
1.6391750236518448
1.6398000427259134
1.640300057985168
1.64105008087405
1.6413000885036775
1.6423001190221869
1.6418001037629322
1.6429251380962555
1.6429251380962555
1.6435501571703237
1.6444251838740198
1.6449251991332745
1.6456752220221567
1.6469252601702933
1.6476752830591754
1.6483003021332439
1.6489253212073123
1.6500503555406356
1.6505503707998903
1.6519254127628407
1.6526754356517228
1.6540504776146734
1.6553005157628102
1.6563005462813196
1.6575505844294565
1.6588006225775933
1.659800653096103
1.6615507065034945
1.6619257179479354
1.6630507522812585
1.664925809503464
1.6666758629108556
1.668050904873806
1.669675954466384
1.671176000244148
1.6721760307626576
1.673551072725608
1.6750511185033723
1.6764261604663229
1.6773011871700187
1.6788012329477828
1.6805512863551746
1.6818013245033114
1.683051362651448
1.6844264046143986
1.6856764427625355
1.6868014770958586
1.6878015076143682
1.6885515305032504
1.6891765495773186
1.6909266029847103
1.6911766106143375
1.6918016296884062
1.6921766411328472
1.693426679280984
1.693801690725425
1.6940516983550522
1.6941767021698662
1.6944267097994934
1.693801690725425
1.6943017059846797
1.6944267097994934
1.6944267097994934
1.6943017059846797
1.693801690725425
1.6933016754661703
1.6924266487624744
1.6918016296884062
1.6909266029847103
1.690301583910642
1.6888015381328776
1.6888015381328776
1.6874264961699272
1.686301461836604
1.6858014465773492
1.6840513931699574
1.682676351207007
1.681551316873684
1.6803012787255471
1.6790512405774103
1.6773011871700187
1.6753011261329998
1.6749261146885588
1.673176061281167
1.6723010345774711
1.6705509811700798
1.6694259468367565
1.667675893429365
1.666050843836787
1.6646758018738366
1.6631757560960723
1.6616757103183082
1.660550675984985
1.6593006378368482
1.6580505996887114
1.6571755729850153
1.655800531022065
1.6541754814294871
1.6529254432813503
1.651800408948027
1.6506753746147038
1.6496753440961944
1.649050325022126
1.6478002868739892
1.647050263985107
1.6460502334665976
1.6460502334665976
1.6444251838740198
1.6448001953184606
1.6429251380962555
1.6423001190221869
1.641925107577746
1.640300057985168
1.6409250770592365
1.6400500503555409
1.6398000427259134
1.640300057985168
1.6388000122074038
1.6385500045777766
1.6381749931333354
1.637549974059267
1.637924985503708
1.6370499588000123
1.6371749626148258
1.6369249549851985
1.6372999664296397
1.6369249549851985
1.6365499435407576
1.6357999206518754
1.63629993591113
1.635549913022248
1.6357999206518754
1.6357999206518754
1.635549913022248
1.6357999206518754
1.6357999206518754
1.6361749320963164
1.6360499282815029
1.6365499435407576
1.6354249092074344
1.6354249092074344
1.6352999053926207
1.6357999206518754
1.6357999206518754
1.6361749320963164
1.6357999206518754
1.6360499282815029
1.6360499282815029
1.6357999206518754
1.6357999206518754
1.6356749168370617
1.635549913022248
1.6357999206518754
1.6361749320963164
1.6372999664296397
1.6365499435407576
1.6365499435407576
1.636674947355571
1.6372999664296397
1.636674947355571
1.6371749626148258
1.637549974059267
1.6370499588000123
1.637549974059267
1.638299996948149
1.6388000122074038
1.6393000274666587
1.639550035096286
1.6401750541703544
1.6404250617999818
1.6413000885036775
1.6409250770592365
1.642675130466628
1.6435501571703237
1.6453002105777155
1.6455502182073427
1.6463002410962249
1.6469252601702933
1.6489253212073123
1.649425336466567
1.6506753746147038
1.6515504013183995
1.6530504470961638
1.654550492873928
1.6560505386516924
1.657800592059084
1.6595506454664755
1.6604256721701711
1.6615507065034945
1.663300759910886
1.6643007904293954
1.6654258247627187
1.6666758629108556
1.6678008972441787
1.6685509201330608
1.6701759697256386
1.6706759849848933
1.6720510269478437
1.6719260231330302
1.6724260383922849
1.6725510422070986
1.673676076540422
1.6726760460219123
1.671676015503403
1.6723010345774711
1.6721760307626576
1.6715510116885892
1.6706759849848933
1.6699259620960112
1.6686759239478743
1.667675893429365
1.666425855281228
1.6645507980590228
1.6640507827997681
1.6624257332071901
1.6603006683553576
1.6595506454664755
1.6581756035035249
1.6566755577257606
1.6546754966887418
1.6546754966887418
1.6530504470961638
1.6504253669850764
1.6503003631702629
1.6489253212073123
1.6483003021332439
1.6465502487258523
1.6456752220221567
1.6443001800592059
1.6438001647999512
1.6425501266518143
1.6415500961333047
1.6405500656147955
1.6400500503555409
1.6396750389110997
1.6391750236518448
1.638299996948149
1.637924985503708
1.6367999511703848
1.635924924466689
1.6341748710592976
1.6327998290963468
1.6309247718741418
1.62917471846675
1.6270496536149175
1.6250495925778985
1.6227995239112523
1.6206744590594195
1.618549394207587
1.616924344615009
1.6151742912076175
1.614549272133549
1.6147992797631765
1.6172993560594502
1.6210494705038605
1.6266746421704763
1.6329248329111608
1.6414250923184912
1.651425397503586
1.6630507522812585
1.6769261757255778
1.6923016449476609
1.7083021332438124
1.7249276406140324
1.7399280983916745
1.7536785180211798
1.7651788689840389
1.773429120761742
1.7783042695394757
1.7803043305764947
1.778179265724662
1.771804071169164
1.761553758354442
1.7490533768730736
1.734302926725059
1.7188024536881619
1.702551957762383
1.686301461836604
1.670050965910825
1.6549255043183693
1.6414250923184912
1.6297997375408186
1.6206744590594195
1.6129242225409712
1.6077990661336101
1.6044239631336406
1.6027989135410627
1.6021738944669943
1.6035489364299447
1.6052989898373364
1.6080490737632376
1.6111741691335797
1.6151742912076175
1.6182993865779596
1.6214244819483017
1.625299600207526
1.6282996917630543
1.6305497604297006
1.6327998290963468
1.6339248634296701
1.6357999206518754
1.6369249549851985
1.6372999664296397
1.6376749778740807
1.6385500045777766
1.6391750236518448
1.6401750541703544
1.640675069429609
1.6413000885036775
1.6414250923184912
1.6418001037629322
1.641925107577746
1.6428001342814416
1.643050141911069
1.6436751609851377
1.6444251838740198
1.6456752220221567
1.6461752372814111
1.6471752677999205
1.6479252906888027
1.6485503097628713
1.6489253212073123
1.6499253517258217
1.6508003784295175
1.6519254127628407
1.6529254432813503
1.653800469985046
1.655425519577624
1.6566755577257606
1.6580505996887114
1.658925626392407
1.6603006683553576
1.6614257026886807
1.6626757408368176
1.6636757713553272
1.6654258247627187
1.6670508743552965
1.668050904873806
1.669675954466384
1.6721760307626576
1.6723010345774711
1.6739260841700492
1.6753011261329998
1.6764261604663229
1.6769261757255778
1.6790512405774103
1.680676290169988
1.6824263435773796
1.683051362651448
1.6849264198736535
1.685926450392163
1.6869264809106725
1.6879265114291817
1.6885515305032504
1.6901765800958282
1.6899265724662007
1.6916766258735922
1.6919266335032197
1.6924266487624744
1.6936766869106112
1.6936766869106112
1.6935516830957975
1.6941767021698662
1.6944267097994934
1.6940516983550522
1.6943017059846797
1.6944267097994934
1.6941767021698662
1.6941767021698662
1.6939266945402387
1.6930516678365428
1.6924266487624744
1.6920516373180334
1.6911766106143375
1.6899265724662007
1.689051545762505
1.6884265266884364
1.6873014923551135
1.686301461836604
1.685926450392163
1.6841763969847714
1.6825513473921934
1.6811763054292428
1.6798012634662924
1.6783012176885281
1.6766761680959503
1.675676137577441
1.6745511032441176
1.673176061281167
1.671676015503403
1.6706759849848933
1.6689259315775018
1.667675893429365
1.6658008362071597
1.6644257942442091
1.662925748466445
1.6618007141331217
1.6604256721701711
1.6591756340220343
1.6579255958738974
1.6566755577257606
1.6555505233924375
1.6543004852443006
1.6528004394665363
1.6520504165776544
1.6506753746147038
1.6495503402813807
1.6484253059480574
1.6478002868739892
1.647050263985107
1.6468002563554796
1.6463002410962249
1.644675191503647
1.6435501571703237
1.6436751609851377
1.6424251228370008
1.641925107577746
1.6413000885036775
1.6404250617999818
1.640300057985168
1.639925046540727
1.639550035096286
1.6388000122074038
1.6380499893185219
1.638299996948149
1.6376749778740807
1.637549974059267
1.637549974059267
1.6370499588000123
1.6370499588000123
1.6370499588000123
1.6365499435407576
1.6365499435407576
1.6365499435407576
1.6357999206518754
1.635924924466689
1.6357999206518754
1.6360499282815029
1.63629993591113
1.6360499282815029
1.6360499282815029
1.6361749320963164
1.63629993591113
1.6357999206518754
1.6356749168370617
1.6356749168370617
1.635174901577807
1.6354249092074344
1.6357999206518754
1.6356749168370617
1.635924924466689
1.6361749320963164
1.6357999206518754
1.635924924466689
1.6356749168370617
1.6356749168370617
1.6357999206518754
1.635924924466689
1.636674947355571
1.6361749320963164
1.6360499282815029
1.6369249549851985
1.636674947355571
1.63629993591113
1.6371749626148258
1.6367999511703848
1.6367999511703848
1.6374249702444532
1.638299996948149
1.6384250007629628
1.6385500045777766
1.6396750389110997
1.6398000427259134
1.6400500503555409
1.6405500656147955
1.64105008087405
1.6415500961333047
1.6424251228370008
1.6431751457258827
1.6440501724295786
1.6449251991332745
1.6463002410962249
1.6471752677999205
1.6481752983184301
1.6499253517258217
1.6509253822443313
1.6516754051332134
1.6533004547257912
1.654550492873928
1.6560505386516924
1.6576755882442702
1.6593006378368482
1.6608006836146123
1.6616757103183082
1.663300759910886
1.6644257942442091
1.6655508285775322
1.6666758629108556
1.668050904873806
1.669300943021943
1.6701759697256386
1.6714260078737755
1.6719260231330302
1.6720510269478437
1.6728010498367258
1.6728010498367258
1.6720510269478437
1.6726760460219123
1.6723010345774711
1.6721760307626576
1.6719260231330302
1.6714260078737755
1.670800988799707
1.6699259620960112
1.6686759239478743
1.6675508896145512
1.6654258247627187
1.6646758018738366
1.6638007751701407
1.6620507217627492
1.660925687429426
1.6595506454664755
1.6581756035035249
1.6566755577257606
1.655800531022065
1.653800469985046
1.6523004242072816
1.6503003631702629
1.6495503402813807
1.6485503097628713
1.6478002868739892
1.6463002410962249
1.6456752220221567
1.6449251991332745
1.6435501571703237
1.6424251228370008
1.6414250923184912
1.6404250617999818
1.6401750541703544
1.6398000427259134
1.6390500198370312
1.639550035096286
1.6381749931333354
1.636674947355571
1.6356749168370617
1.6340498672444839
1.632424817651906
1.6301747489852596
1.629299722281564
1.6266746421704763
1.6247995849482713
1.6219244972075564
1.6197994323557239
1.6177993713187049
1.6161743217261269
1.61492428357799
1.6146742759483628
1.6152992950224312
1.6180493789483323
1.62204950102237
1.6266746421704763
1.634299874874111
1.6431751457258827
1.6536754661702324
1.6655508285775322
1.6796762596514787
1.6951767326883755
1.712052247688223
1.7280527359843745
1.743303201391644
1.7559285866878263
1.7675539414654988
1.7755541856135748
1.778679280983917
1.7810543534653769
1.7776792504654073
1.7703040253914
1.7594286935026096
1.7466783043916136
1.7324278695028534
1.7158023621326335
1.699301858577227
1.6829263588366346
1.6674258857997375
1.6520504165776544
1.6394250312814722
1.628049684133427
1.6187994018372145
1.61254921109653
1.6067990356151007
1.6035489364299447
1.6024239020966218
1.6020488906521806
1.6036739402447586
1.6055489974669637
1.6086740928373058
1.6115491805780204
1.6156743064668722
1.6190494094668417
1.6224245124668113
1.6262996307260353
1.6286747032074953
1.6310497756889553
1.6330498367259743
1.6345498825037386
1.6357999206518754
1.6367999511703848
1.6376749778740807
1.6376749778740807
1.63867500839259
1.6393000274666587
1.639925046540727
1.6405500656147955
1.6418001037629322
1.6414250923184912
1.6418001037629322
1.6421751152073734
1.6425501266518143
1.643050141911069
1.6436751609851377
1.6445501876888333
1.645925229651784
1.6461752372814111
1.6473002716147345
1.6480502945036166
1.6486753135776848
1.6500503555406356
1.6500503555406356
1.6511753898739585
1.6519254127628407
1.6533004547257912
1.6544254890591144
1.6555505233924375
1.656925565355388
1.6581756035035249
1.658925626392407
1.6600506607257304
1.6621757255775629
1.6626757408368176
1.6639257789849544
1.6658008362071597
1.6669258705404828
1.6684259163182469
1.6698009582811977
1.671676015503403
1.673176061281167
1.6740510879848627
1.675176122318186
1.6768011719107638
1.677551194799646
1.6794262520218513
1.6804262825403606
1.681926328318125
1.6835513779107028
1.6848014160588396
1.6858014465773492
1.687051484725486
1.6876765037995543
1.6886765343180639
1.689426557206946
1.6904265877254554
1.6913016144291515
1.6921766411328472
1.6926766563921019
1.6936766869106112
1.6939266945402387
1.693801690725425
1.6941767021698662
1.6943017059846797
1.6940516983550522
1.6953017365031893
1.6941767021698662
1.6941767021698662
1.6940516983550522
1.693801690725425
1.6923016449476609
1.6921766411328472
1.6916766258735922
1.6915516220587787
1.6893015533921325
1.6884265266884364
1.6878015076143682
1.687051484725486
1.685926450392163
1.6853014313180945
1.6844264046143986
1.6823013397625661
1.681551316873684
1.6796762596514787
1.6780512100589007
1.6766761680959503
1.6753011261329998
1.6744260994293039
1.6730510574663533
1.671676015503403
1.6701759697256386
1.668800927762688
1.667300881984924
1.6666758629108556
1.6641757866145819
1.6626757408368176
1.6611756950590533
1.6600506607257304
1.6591756340220343
1.6579255958738974
1.6563005462813196
1.6544254890591144
1.6535504623554185
1.652550431836909
1.651425397503586
1.6501753593554491
1.6496753440961944
1.6484253059480574
1.6475502792443617
1.6468002563554796
1.645925229651784
1.6453002105777155
1.6441751762443924
1.6434251533555102
1.6429251380962555
1.641925107577746
1.6418001037629322
1.64105008087405
1.6408000732444226
1.639925046540727
1.6400500503555409
1.639550035096286
1.6385500045777766
1.6389250160222175
1.6385500045777766
1.637549974059267
1.637549974059267
1.6372999664296397
1.636674947355571
1.6369249549851985
1.6371749626148258
1.636674947355571
1.6364249397259438
1.6364249397259438
1.63629993591113
1.6352999053926207
1.6352999053926207
1.635924924466689
1.6357999206518754
1.635924924466689
1.6356749168370617
1.6361749320963164
1.6357999206518754
1.635924924466689
1.6361749320963164
1.6356749168370617
1.6350498977629933
1.6352999053926207
1.635924924466689
1.635924924466689
1.635924924466689
1.6357999206518754
1.6357999206518754
1.6360499282815029
1.635549913022248
1.6356749168370617
1.6356749168370617
1.635924924466689
1.635924924466689
1.6360499282815029
1.63629993591113
1.6369249549851985
1.6369249549851985
1.6369249549851985
1.6369249549851985
1.6370499588000123
1.6370499588000123
1.638299996948149
1.637924985503708
1.6384250007629628
1.6384250007629628
1.6393000274666587
1.639925046540727
1.6401750541703544
1.6405500656147955
1.6411750846888638
1.6415500961333047
1.6423001190221869
1.6433001495406965
1.644675191503647
1.6455502182073427
1.6469252601702933
1.6478002868739892
1.6485503097628713
1.6498003479110082
1.651050386059145
1.6520504165776544
1.6539254737998597
1.6550505081331828
1.6564255500961331
1.657800592059084
1.6596756492812892
1.6608006836146123
1.6621757255775629
1.6638007751701407
1.6646758018738366
1.6658008362071597
1.6670508743552965
1.6685509201330608
1.669300943021943
1.6705509811700798
1.6719260231330302
1.6715510116885892
1.6724260383922849
1.6723010345774711
1.6728010498367258
1.6728010498367258
1.6726760460219123
1.6726760460219123
1.6720510269478437
1.6718010193182167
1.6714260078737755
1.6709259926145208
1.6694259468367565
1.6685509201330608
1.6674258857997375
1.6659258400219734
1.6645507980590228
1.6631757560960723
1.6621757255775629
1.6604256721701711
1.6594256416516617
1.6580505996887114
1.6559255348368787
1.6551755119479965
1.653425458540605
1.651425397503586
1.6505503707998903
1.6495503402813807
1.6484253059480574
1.6471752677999205
1.6463002410962249
1.6453002105777155
1.6441751762443924
1.6435501571703237
1.6425501266518143
1.6415500961333047
1.6411750846888638
1.6398000427259134
1.6393000274666587
1.6391750236518448
1.638299996948149
1.6377999816888944
1.63629993591113
1.635174901577807
1.6339248634296701
1.632424817651906
1.6302997528000733
1.6285496993926818
1.6265496383556628
1.6242995696890163
1.62204950102237
1.6201744438001648
1.6174243598742637
1.6164243293557543
1.6146742759483628
1.6152992950224312
1.6155493026520584
1.6182993865779596
1.6227995239112523
1.6279246803186131
1.6356749168370617
1.645050202948088
1.655425519577624
1.668050904873806
1.6821763359477524
1.697801812799463
1.7136772972808008
1.7300527970213935
1.7449282509842219
1.7578036439100315
1.7684289681691947
1.775804193243202
1.7793043000579851
1.780179326761681
1.776554216132084
1.7686789757988222
1.7573036286507766
1.7440532242805262
1.7291777703176978
1.713177282021546
1.6966767784661398
1.6805512863551746
1.6646758018738366
1.6499253517258217
1.6374249702444532
1.6262996307260353
1.6175493636890774
1.6107991576891385
1.606174016541032
1.6036739402447586
1.6022988982818078
1.6021738944669943
1.6047989745780817
1.6060490127262186
1.6086740928373058
1.6126742149113438
1.6161743217261269
1.6200494399853511
1.6231745353556932
1.6257996154667806
1.62917471846675
1.63154979094821
1.6334248481704154
1.6349248939481797
1.6361749320963164
1.6369249549851985
1.6376749778740807
1.6377999816888944
1.6389250160222175
1.6396750389110997
1.6404250617999818
1.6400500503555409
1.64105008087405
1.6415500961333047
1.6420501113925596
1.6423001190221869
1.6428001342814416
1.6431751457258827
1.643925168614765
1.6445501876888333
1.6451752067629017
1.6465502487258523
1.6475502792443617
1.6479252906888027
1.6489253212073123
1.649425336466567
1.6504253669850764
1.6508003784295175
1.6529254432813503
1.6535504623554185
1.654550492873928
1.6555505233924375
1.6573005767998292
1.6583006073183386
1.6595506454664755
1.6601756645405439
1.6616757103183082
1.662800744651631
1.6643007904293954
1.6654258247627187
1.6674258857997375
1.6685509201330608
1.6701759697256386
1.671301004058962
1.673176061281167
1.6740510879848627
1.675676137577441
1.6769261757255778
1.6781762138737144
1.6789262367625966
1.6809262977996156
1.6824263435773796
1.6840513931699574
1.6853014313180945
1.6861764580217904
1.6864264656514176
1.6880515152439954
1.6889265419476913
1.6895515610217597
1.6905515915402693
1.6913016144291515
1.6919266335032197
1.6926766563921019
1.6936766869106112
1.6939266945402387
1.6946767174291208
1.6944267097994934
1.6944267097994934
1.6940516983550522
1.6939266945402387
1.6943017059846797
1.6941767021698662
1.693801690725425
1.693801690725425
1.6930516678365428
1.6923016449476609
1.691426618243965
1.6909266029847103
1.6891765495773186
1.6891765495773186
1.6874264961699272
1.6868014770958586
1.6856764427625355
1.685051423688467
1.6838013855403302
1.6823013397625661
1.680676290169988
1.6791762443922238
1.6776761986144597
1.6768011719107638
1.6750511185033723
1.6740510879848627
1.6725510422070986
1.6710509964293345
1.670050965910825
1.6683009125034334
1.6665508590960418
1.6650508133182775
1.6636757713553272
1.6626757408368176
1.6613006988738672
1.6599256569109164
1.6586756187627796
1.6579255958738974
1.6560505386516924
1.6549255043183693
1.653800469985046
1.6521754203924681
1.6511753898739585
1.6505503707998903
1.649050325022126
1.6484253059480574
1.6476752830591754
1.6466752525406658
1.6458002258369702
1.6451752067629017
1.6444251838740198
1.6435501571703237
1.642675130466628
1.6418001037629322
1.6415500961333047
1.6408000732444226
1.640675069429609
1.639550035096286
1.6404250617999818
1.6391750236518448
1.6388000122074038
1.6384250007629628
1.6376749778740807
1.637549974059267
1.6372999664296397
1.6372999664296397
1.6372999664296397
1.6369249549851985
1.6372999664296397
1.6372999664296397
1.6361749320963164
1.63629993591113
1.6361749320963164
1.6356749168370617
1.635924924466689
1.6370499588000123
1.6361749320963164
1.635549913022248
1.6361749320963164
1.63629993591113
1.6357999206518754
1.6360499282815029
1.6352999053926207
1.6350498977629933
1.6354249092074344
1.635924924466689
1.6357999206518754
1.635549913022248
1.6361749320963164
1.6360499282815029
1.635924924466689
1.6360499282815029
1.6360499282815029
1.6357999206518754
1.635549913022248
1.635924924466689
1.6356749168370617
1.63629993591113
1.63629993591113
1.6367999511703848
1.636674947355571
1.6367999511703848
1.6369249549851985
1.6367999511703848
1.6372999664296397
1.637549974059267
1.6380499893185219
1.638299996948149
1.6391750236518448
1.639550035096286
1.639925046540727
1.640300057985168
1.640300057985168
1.6411750846888638
1.6414250923184912
1.6425501266518143
1.6438001647999512
1.6448001953184606
1.6458002258369702
1.647050263985107
1.6478002868739892
1.6486753135776848
1.6500503555406356
1.6513003936887722
1.652550431836909
1.6539254737998597
1.6556755272072514
1.6566755577257606
1.658550614947966
1.6596756492812892
1.660925687429426
1.6626757408368176
1.6636757713553272
1.6650508133182775
1.6659258400219734
1.6675508896145512
1.668800927762688
1.6695509506515702
1.6704259773552659
1.6715510116885892
1.6720510269478437
1.6724260383922849
1.6726760460219123
1.6728010498367258
1.6723010345774711
1.6725510422070986
1.6728010498367258
1.6718010193182167
1.6715510116885892
1.6710509964293345
1.6703009735404524
1.669175939207129
1.6681759086886196
1.6670508743552965
1.6654258247627187
1.6641757866145819
1.6631757560960723
1.6619257179479354
1.6603006683553576
1.6591756340220343
1.657800592059084
1.6563005462813196
1.6544254890591144
1.6533004547257912
1.6516754051332134
1.6505503707998903
1.6491753288369395
1.6476752830591754
1.6471752677999205
1.6460502334665976
1.6451752067629017
1.643925168614765
1.6436751609851377
1.6423001190221869
1.6415500961333047
1.6404250617999818
1.6401750541703544
1.6391750236518448
1.639550035096286
1.638299996948149
1.6374249702444532
1.6365499435407576
1.6350498977629933
1.6334248481704154
1.6319248023926511
1.6297997375408186
1.627674672688986
1.6261746269112216
1.6236745506149481
1.6214244819483017
1.6195494247260964
1.616924344615009
1.6151742912076175
1.6147992797631765
1.6147992797631765
1.6160493179113133
1.6191744132816552
1.6237995544297616
1.6297997375408186
1.637549974059267
1.6473002716147345
1.6580505996887114
1.6714260078737755
1.6855514389477217
1.7008019043549913
1.7178024231696525
1.7336779076509903
1.7488033692434461
1.7610537430951874
1.7703040253914
1.777054231391339
1.7804293343913085
1.7800543229468673
1.7756791894283883
1.7666789147618032
1.754428540910062
1.741303140354625
1.7255526596881008
1.7101771904660177
1.6928016602069156
1.6766761680959503
1.6610506912442398
1.6478002868739892
1.634299874874111
1.6239245582445754
1.6160493179113133
1.6087990966521197
1.6052989898373364
1.6029239173558765
1.6020488906521806
1.6025489059114353
1.6046739707632678
1.6069240394299142
1.6096741233558154
1.6135492416150394
1.6174243598742637
1.6204244514297923
1.6239245582445754
1.6266746421704763
1.62917471846675
1.6320498062074649
1.6341748710592976
1.6352999053926207
1.6370499588000123
1.6370499588000123
1.637924985503708
1.6377999816888944
1.63867500839259
1.6394250312814722
1.6401750541703544
1.640300057985168
1.6415500961333047
1.6416750999481187
1.6415500961333047
1.6425501266518143
1.6428001342814416
1.6428001342814416
1.6441751762443924
1.645050202948088
1.6458002258369702
1.6463002410962249
1.6476752830591754
1.6483003021332439
1.6495503402813807
1.6495503402813807
1.6501753593554491
1.651050386059145
1.652550431836909
1.6536754661702324
1.6549255043183693
1.6559255348368787
1.6571755729850153
1.6584256111331521
1.6599256569109164
1.6610506912442398
1.6614257026886807
1.6631757560960723
1.66480080568865
1.666050843836787
1.6674258857997375
1.6689259315775018
1.6703009735404524
1.6719260231330302
1.673176061281167
1.6745511032441176
1.6761761528366956
1.6770511795403913
1.6781762138737144
1.6800512710959197
1.6811763054292428
1.6828013550218206
1.683926389355144
1.685051423688467
1.6864264656514176
1.6875514999847407
1.6884265266884364
1.6891765495773186
1.6900515762810144
1.6905515915402693
1.6918016296884062
1.6923016449476609
1.6930516678365428
1.6936766869106112
1.693801690725425
1.6949267250587483
1.6940516983550522
1.6941767021698662
1.6940516983550522
1.6941767021698662
1.6940516983550522
1.6941767021698662
1.6939266945402387
1.6935516830957975
1.6928016602069156
1.6919266335032197
1.6913016144291515
1.690301583910642
1.6889265419476913
1.6886765343180639
1.6871764885402998
1.6868014770958586
1.6854264351329082
1.6848014160588396
1.6833013702810755
1.681926328318125
1.6805512863551746
1.6793012482070377
1.677926206244087
1.6758011413922544
1.675176122318186
1.673551072725608
1.6724260383922849
1.671176000244148
1.670050965910825
1.6681759086886196
1.6665508590960418
1.665300820947905
1.6635507675405132
1.6623007293923764
1.6615507065034945
1.6594256416516617
1.6584256111331521
1.6570505691702018
1.655800531022065
1.6553005157628102
1.653800469985046
1.6524254280220954
1.6505503707998903
1.6500503555406356
1.6488003173924985
1.6480502945036166
1.647425275429548
1.6466752525406658
1.645925229651784
1.6449251991332745
1.6441751762443924
1.6435501571703237
1.6423001190221869
1.6416750999481187
1.6421751152073734
1.64105008087405
1.640300057985168
1.6400500503555409
1.6404250617999818
1.6396750389110997
1.63867500839259
1.6381749931333354
1.6381749931333354
1.637549974059267
1.6371749626148258
1.6370499588000123
1.6371749626148258
1.6367999511703848
1.6372999664296397
1.6365499435407576
1.6364249397259438
1.6360499282815029
1.6357999206518754
1.635549913022248
1.635549913022248
1.635924924466689
1.6356749168370617
1.635924924466689
1.6360499282815029
1.6360499282815029
1.6360499282815029
1.635549913022248
1.6356749168370617
1.6347998901333658
1.6354249092074344
1.6360499282815029
1.635549913022248
1.635924924466689
1.63629993591113
1.6361749320963164
1.6357999206518754
1.635924924466689
1.6361749320963164
1.6361749320963164
1.6354249092074344
1.6356749168370617
1.6361749320963164
1.63629993591113
1.636674947355571
1.636674947355571
1.6369249549851985
1.6367999511703848
1.6371749626148258
1.63629993591113
1.6371749626148258
1.6376749778740807
1.637924985503708
1.6384250007629628
1.6389250160222175
1.6394250312814722
1.6400500503555409
1.6404250617999818
1.6409250770592365
1.6414250923184912
1.6421751152073734
1.6428001342814416
1.6436751609851377
1.6448001953184606
1.6456752220221567
1.6471752677999205
1.6481752983184301
1.649050325022126
1.6503003631702629
1.651050386059145
1.652550431836909
1.6541754814294871
1.6556755272072514
1.6571755729850153
1.658550614947966
1.6601756645405439
1.6611756950590533
1.662925748466445
1.6636757713553272
1.6651758171330913
1.6654258247627187
1.668050904873806
1.6694259468367565
1.6698009582811977
1.6709259926145208
1.6719260231330302
1.6724260383922849
1.6725510422070986
1.6725510422070986
1.6729260536515398
1.6723010345774711
1.6724260383922849
1.6725510422070986
1.6715510116885892
1.6715510116885892
1.6714260078737755
1.670050965910825
1.669175939207129
1.6684259163182469
1.66717587817011
1.6654258247627187
1.6645507980590228
1.6624257332071901
1.6623007293923764
1.659800653096103
1.658925626392407
1.6584256111331521
1.655800531022065
1.6544254890591144
1.6530504470961638
1.6511753898739585
1.6501753593554491
1.6489253212073123
1.6481752983184301
1.6471752677999205
1.6460502334665976
1.6453002105777155
1.6440501724295786
1.6429251380962555
1.6421751152073734
1.6413000885036775
1.6409250770592365
1.639550035096286
1.6391750236518448
1.63867500839259
1.63867500839259
1.6371749626148258
1.63629993591113
1.6349248939481797
1.6334248481704154
1.63154979094821
1.6295497299111912
1.6275496688741722
1.625674611651967
1.623299539170507
1.6210494705038605
1.618549394207587
1.6174243598742637
1.6159243140964994
1.61492428357799
1.6152992950224312
1.6166743369853815
1.6199244361705374
1.6246745811334575
1.6309247718741418
1.638299996948149
1.6485503097628713
1.6596756492812892
1.6723010345774711
1.6873014923551135
1.7034269844660788
1.7203024994659262
1.7355529648731955
1.7505534226508377
1.7620537736136967
1.7713040559099094
1.7776792504654073
1.7803043305764947
1.7800543229468673
1.7740541398358105
1.7651788689840389
1.7530534989471116
1.7386780602435379
1.7236776024658955
1.707677114169744
1.6908015991698966
1.6753011261329998
1.6593006378368482
1.6454252143925292
1.633174840540788
1.6231745353556932
1.6147992797631765
1.6091741080965607
1.6051739860225227
1.6022988982818078
1.6020488906521806
1.6034239326151312
1.6044239631336406
1.6071740470595417
1.6102991424298836
1.6135492416150394
1.6174243598742637
1.6207994628742333
1.6242995696890163
1.627299661244545
1.6297997375408186
1.6319248023926511
1.634424878688925
1.6352999053926207
1.6364249397259438
1.6372999664296397
1.637924985503708
1.638299996948149
1.6389250160222175
1.639550035096286
1.6400500503555409
1.640675069429609
1.6411750846888638
1.6418001037629322
1.6420501113925596
1.6424251228370008
1.643050141911069
1.6433001495406965
1.643925168614765
1.6449251991332745
1.645925229651784
1.6468002563554796
1.6475502792443617
1.6483003021332439
1.6491753288369395
1.6498003479110082
1.6515504013183995
1.6515504013183995
1.6531754509109775
1.653800469985046
1.6553005157628102
1.6561755424665061
1.6584256111331521
1.658925626392407
1.6595506454664755
1.6613006988738672
1.6621757255775629
1.663300759910886
1.6644257942442091
1.6661758476516009
1.6679259010589922
1.669175939207129
1.6706759849848933
1.6724260383922849
1.673676076540422
1.6745511032441176
1.6760511490218817
1.6773011871700187
1.678676229132969
1.6791762443922238
1.6814263130588702
1.6828013550218206
1.6849264198736535
1.6854264351329082
1.686301461836604
1.6871764885402998
1.6880515152439954
1.6891765495773186
1.6898015686513872
1.6906765953550829
1.6918016296884062
1.6923016449476609
1.6931766716513565
1.6935516830957975
1.6939266945402387
1.6939266945402387
1.6946767174291208
1.6945517136143071
1.6944267097994934
1.6944267097994934
1.6940516983550522
1.6940516983550522
1.6935516830957975
1.6931766716513565
1.6931766716513565
1.6919266335032197
1.6911766106143375
1.690301583910642
1.689051545762505
1.6888015381328776
1.688301522873623
1.686676473281045
1.6851764275032808
1.684676412244026
1.6841763969847714
1.6821763359477524
1.6809262977996156
1.678676229132969
1.677926206244087
1.6763011566515091
1.6750511185033723
1.6734260689107945
1.6721760307626576
1.671176000244148
1.6699259620960112
1.6681759086886196
1.6665508590960418
1.66480080568865
1.6635507675405132
1.6621757255775629
1.6606756797997986
1.6595506454664755
1.6584256111331521
1.6570505691702018
1.655800531022065
1.654550492873928
1.6535504623554185
1.6524254280220954
1.6509253822443313
1.6495503402813807
1.6493003326517535
1.6479252906888027
1.6473002716147345
1.6464252449110386
1.6460502334665976
1.645050202948088
1.6434251533555102
1.643050141911069
1.6425501266518143
1.642675130466628
1.6415500961333047
1.6409250770592365
1.6405500656147955
1.6398000427259134
1.6394250312814722
1.6393000274666587
1.6389250160222175
1.6377999816888944
1.6377999816888944
1.637549974059267
1.63629993591113
1.6374249702444532
1.6374249702444532
1.6369249549851985
1.6370499588000123
1.6369249549851985
1.6365499435407576
1.63629993591113
1.6365499435407576
1.6356749168370617
1.635549913022248
1.6352999053926207
1.6350498977629933
1.635924924466689
1.63629993591113
1.635924924466689
1.6352999053926207
1.6356749168370617
1.6357999206518754
1.635174901577807
1.6350498977629933
1.6356749168370617
1.6354249092074344
1.6357999206518754
1.6360499282815029
1.63629993591113
1.6365499435407576
1.635549913022248
1.63629993591113
1.635549913022248
1.6357999206518754
1.6357999206518754
1.6365499435407576
1.6361749320963164
1.636674947355571
1.636674947355571
1.6361749320963164
1.6369249549851985
1.6367999511703848
1.6367999511703848
1.6367999511703848
1.6380499893185219
1.6377999816888944
1.6384250007629628
1.6391750236518448
1.6400500503555409
1.639925046540727
1.6400500503555409
1.640675069429609
1.6413000885036775
1.641925107577746
1.6435501571703237
1.6443001800592059
1.644675191503647
1.6458002258369702
1.6473002716147345
1.6484253059480574
1.649050325022126
1.6504253669850764
1.651425397503586
1.6523004242072816
1.6543004852443006
1.6551755119479965
1.6571755729850153
1.6590506302072208
1.6603006683553576
1.6610506912442398
1.6626757408368176
1.6638007751701407
1.6654258247627187
1.6663008514664144
1.6675508896145512
1.668800927762688
1.6699259620960112
1.6706759849848933
1.6718010193182167
1.6723010345774711
1.6724260383922849
1.6729260536515398
1.673176061281167
1.6725510422070986
1.6724260383922849
1.6725510422070986
1.6715510116885892
1.6721760307626576
1.6710509964293345
1.6701759697256386
1.669175939207129
1.6683009125034334
1.66717587817011
1.665300820947905
1.6645507980590228
1.662925748466445
1.6616757103183082
1.6600506607257304
1.6593006378368482
1.6574255806146427
1.6560505386516924
1.654550492873928
1.6529254432813503
1.6520504165776544
1.6500503555406356
1.6486753135776848
1.6479252906888027
1.6469252601702933
1.645925229651784
1.6454252143925292
1.6436751609851377
1.6428001342814416
1.6415500961333047
1.6413000885036775
1.6400500503555409
1.6396750389110997
1.6391750236518448
1.6381749931333354
1.637549974059267
1.6372999664296397
1.6356749168370617
1.6345498825037386
1.633174840540788
1.631174779503769
1.629674733726005
1.627674672688986
1.6261746269112216
1.6231745353556932
1.6216744895779291
1.6184243903927733
1.616924344615009
1.6154242988372447
1.6146742759483628
1.6151742912076175
1.6166743369853815
1.6199244361705374
1.625299600207526
1.6312997833185827
1.6393000274666587
1.6495503402813807
1.6603006683553576
1.6738010803552354
1.6880515152439954
1.7045520187994019
1.7210525223548083
1.7369280068361461
1.7506784264656514
1.7629288003173924
1.7716790673543503
1.7779292580950348
1.7796793115024263
1.7808043458357494
1.774304147465438
1.7643038422803432
1.7518034607989748
1.7384280526139104
1.7228025757621999
1.7066770836512346
1.6899265724662007
1.6741760917996766
1.658925626392407
1.6441751762443924
1.6326748252815333
1.6221745048371838
1.6146742759483628
1.6085490890224923
1.60542399365215
1.6035489364299447
1.6022988982818078
1.6027989135410627
1.605048982207709
1.6072990508743554
1.610549150059511
1.614549272133549
1.6175493636890774
1.6211744743186742
1.6235495468001342
1.6269246498001038
1.629674733726005
1.6321748100222786
1.634424878688925
1.6357999206518754
1.6360499282815029
1.637549974059267
1.6381749931333354
1.6380499893185219
1.6388000122074038
1.6398000427259134
1.639925046540727
1.6404250617999818
1.6418001037629322
1.6425501266518143
1.6423001190221869
1.6428001342814416
1.6429251380962555
1.643050141911069
1.644675191503647
1.6448001953184606
1.6460502334665976
1.6469252601702933
1.6473002716147345
1.6488003173924985
1.6489253212073123
1.649050325022126
1.6506753746147038
1.6511753898739585
1.6523004242072816
1.653800469985046
1.655425519577624
1.6556755272072514
1.6576755882442702
1.6591756340220343
1.6586756187627796
1.6611756950590533
1.6621757255775629
1.6631757560960723
1.66480080568865
1.6661758476516009
1.6675508896145512
1.668800927762688
1.6706759849848933
1.6723010345774711
1.6734260689107945
1.675176122318186
1.6760511490218817
1.677551194799646
1.6788012329477828
1.679926267281106
1.681926328318125
1.6831763664662618
1.6841763969847714
1.6855514389477217
1.6868014770958586
1.6875514999847407
1.688301522873623
1.6889265419476913
1.6900515762810144
1.6904265877254554
1.6916766258735922
1.6923016449476609
1.6928016602069156
1.6940516983550522
1.6940516983550522
1.6940516983550522
1.6944267097994934
1.6943017059846797
1.693801690725425
1.6941767021698662
1.6939266945402387
1.6944267097994934
1.6936766869106112
1.6935516830957975
1.6921766411328472
1.6919266335032197
1.6905515915402693
1.6904265877254554
1.6893015533921325
1.6885515305032504
1.6873014923551135
1.6865514694662314
1.6855514389477217
1.6844264046143986
1.683051362651448
1.6818013245033114
1.6804262825403606
1.6790512405774103
1.677176183355205
1.6761761528366956
1.6745511032441176
1.6733010650959808
1.6720510269478437
1.671301004058962
1.669300943021943
1.6678008972441787
1.6663008514664144
1.66480080568865
1.663300759910886
1.6615507065034945
1.6613006988738672
1.6596756492812892
1.6581756035035249
1.656550553910947
1.6559255348368787
1.6548005005035553
1.6536754661702324
1.6523004242072816
1.6503003631702629
1.6501753593554491
1.6481752983184301
1.6479252906888027
1.6471752677999205
1.6466752525406658
1.6458002258369702
1.6445501876888333
1.6441751762443924
1.6433001495406965
1.642675130466628
1.6416750999481187
1.6415500961333047
1.6405500656147955
1.6408000732444226
1.639925046540727
1.6396750389110997
1.639550035096286
1.6389250160222175
1.6381749931333354
1.638299996948149
1.6371749626148258
1.6371749626148258
1.6371749626148258
1.636674947355571
1.636674947355571
1.6371749626148258
1.6371749626148258
1.6367999511703848
1.635924924466689
1.63629993591113
1.6356749168370617
1.6357999206518754
1.6361749320963164
1.6354249092074344
1.6356749168370617
1.635924924466689
1.6354249092074344
1.6356749168370617
1.6357999206518754
1.6356749168370617
1.6352999053926207
1.6354249092074344
1.63629993591113
1.6360499282815029
1.6360499282815029
1.6356749168370617
1.6361749320963164
1.6364249397259438
1.635924924466689
1.635924924466689
1.635549913022248
1.6354249092074344
1.635924924466689
1.6357999206518754
1.6370499588000123
1.6367999511703848
1.6364249397259438
1.637549974059267
1.636674947355571
1.637924985503708
1.6371749626148258
1.6371749626148258
1.637549974059267
1.637924985503708
1.638299996948149
1.6388000122074038
1.6390500198370312
1.639925046540727
1.6405500656147955
1.6405500656147955
1.6414250923184912
1.6420501113925596
1.6429251380962555
1.6440501724295786
1.6448001953184606
1.6460502334665976
1.6473002716147345
1.6481752983184301
1.6495503402813807
1.6504253669850764
1.651800408948027
1.6526754356517228
1.6541754814294871
1.6560505386516924
1.6573005767998292
1.6580505996887114
1.6603006683553576
1.6615507065034945
1.662925748466445
1.6640507827997681
1.665300820947905
1.666050843836787
1.6675508896145512
1.6686759239478743
1.6698009582811977
1.6705509811700798
1.6720510269478437
1.6721760307626576
1.6724260383922849
1.6719260231330302
1.6724260383922849
1.6725510422070986
1.6726760460219123
1.6723010345774711
1.6723010345774711
1.6715510116885892
1.6709259926145208
1.6704259773552659
1.668800927762688
1.6679259010589922
1.666800866725669
1.6651758171330913
1.6636757713553272
1.6623007293923764
1.6624257332071901
1.6599256569109164
1.6590506302072208
1.6574255806146427
1.6559255348368787
1.6546754966887418
1.6526754356517228
1.651425397503586
1.6503003631702629
1.6485503097628713
1.647425275429548
1.647050263985107
1.6456752220221567
1.645050202948088
1.6438001647999512
1.642675130466628
1.6424251228370008
1.6409250770592365
1.6404250617999818
1.639550035096286
1.6390500198370312
1.63867500839259
1.6377999816888944
1.6370499588000123
1.63629993591113
1.6345498825037386
1.633174840540788
1.6310497756889553
1.6295497299111912
1.6277996765037996
1.625299600207526
1.623299539170507
1.620924466689047
1.6190494094668417
1.6167993408001955
1.6150492873928037
1.6150492873928037
1.6152992950224312
1.6167993408001955
1.6201744438001648
1.6250495925778985
1.631674794763024
1.639550035096286
1.6496753440961944
1.6610506912442398
1.6740510879848627
1.6893015533921325
1.7059270607623525
1.7220525528733177
1.7371780144657736
1.7513034455397198
1.7638038270210883
1.7720540787987915
1.7779292580950348
1.780679342020936
1.7796793115024263
1.7733041169469284
1.7641788384655293
1.7514284493545336
1.737303018280587
1.7213025299844356
1.7058020569475387
1.6891765495773186
1.6730510574663533
1.657800592059084
1.643925168614765
1.6321748100222786
1.6222995086519973
1.6144242683187355
1.6085490890224923
1.6049239783928952
1.6027989135410627
1.6025489059114353
1.6029239173558765
1.6047989745780817
1.6077990661336101
1.6106741538743248
1.6144242683187355
1.6181743827631458
1.621299478133488
1.6247995849482713
1.6274246650593585
1.6302997528000733
1.632424817651906
1.6346748863185523
1.6364249397259438
1.6364249397259438
1.6381749931333354
1.6380499893185219
1.638299996948149
1.6390500198370312
1.6393000274666587
1.6401750541703544
1.6405500656147955
1.641925107577746
1.6414250923184912
1.641925107577746
1.6425501266518143
1.6434251533555102
1.6433001495406965
1.6443001800592059
1.6445501876888333
1.6461752372814111
1.6473002716147345
1.6475502792443617
1.6483003021332439
1.649425336466567
1.6498003479110082
1.6511753898739585
1.6515504013183995
1.6524254280220954
1.6535504623554185
1.6546754966887418
1.6559255348368787
1.6576755882442702
1.6586756187627796
1.6600506607257304
1.6615507065034945
1.6621757255775629
1.6638007751701407
1.6646758018738366
1.6665508590960418
1.668050904873806
1.669300943021943
1.6709259926145208
1.6720510269478437
1.673676076540422
1.6748011108737448
1.6761761528366956
1.6776761986144597
1.6781762138737144
1.679926267281106
1.6818013245033114
1.683051362651448
1.684301400799585
1.6858014465773492
1.6864264656514176
1.6875514999847407
1.6884265266884364
1.6893015533921325
1.6901765800958282
1.691426618243965
1.6918016296884062
1.6924266487624744
1.6930516678365428
1.693801690725425
1.6939266945402387
1.6943017059846797
1.6946767174291208
1.6944267097994934
1.6941767021698662
1.6943017059846797
