1.7871795403912474
1.7928047120578632
1.7974298532059694
1.800804956205939
1.8025550096133305
1.8054300973540451
1.8053050935392316
1.8038050477614673
1.8033050325022126
1.8011799676503801
1.7979298684652243
1.7933047273171179
1.7893046052430799
1.7833044221320231
1.7769292275765252
1.7701790215765862
1.7621787774285103
1.7536785180211798
1.7444282357249672
1.735802972502823
1.7248026367992186
1.7158023621326335
1.7055520493179113
1.6960517593920712
1.6854264351329082
1.6754261299478135
1.6650508133182775
1.654550492873928
1.6458002258369702
1.636674947355571
1.627674672688986
1.6190494094668417
1.611799188207648
1.6051739860225227
1.5981737723929563
1.5929236121707817
1.5881734672078616
1.5837983336893826
1.5811732535782954
1.57929819635609
1.5782981658375803
1.5781731620227668
1.5795482039857174
1.581298257393109
1.5850483718375195
1.5897985168004394
1.5949236732078005
1.601048860133671
1.6075490585039827
1.6146742759483628
1.622924527726066
1.6314247871333964
1.639925046540727
1.649050325022126
1.6574255806146427
1.66480080568865
1.671176000244148
1.6783012176885281
1.6831763664662618
1.6865514694662314
1.6896765648365732
1.6900515762810144
1.6900515762810144
1.6881765190588092
1.6853014313180945
1.6810513016144293
1.6759261452070682
1.668050904873806
1.6603006683553576
1.6515504013183995
1.6415500961333047
1.6325498214667196
1.62204950102237
1.6126742149113438
1.6017988830225531
1.5914235663930174
1.58167326883755
1.5711729483932007
1.561172643208106
1.5514223456526384
1.5405470137638477
1.5274216132084109
1.5130461745048374
1.4970456862086856
1.4776700949125645
1.458794518875698
1.4400439466536454
1.4222934049501021
1.4072929471724602
1.4002927335428939
1.405417889950255
1.4249184850611898
1.4599195532090212
1.5131711783196509
1.5845483565782648
1.6726760460219123
1.7756791894283883
1.8898076723532824
2.0046861781670584
2.104939237647633
2.1826916104617453
2.229193029572436
2.2440684835352642
2.2158176213873713
2.1475655384990997
2.0503125705740533
1.9361840876491594
1.8153053987243264
1.6983018280587177
1.5925486007263405
1.5041709036530655
1.4349187902462845
1.3887923825800348
1.3636666158024844
1.3546663411358988
1.359416486098819
1.373291909543138
1.3934175237281412
1.4177932676168097
1.443794061098056
1.4687948240607929
1.491670522171697
1.5106711020233772
1.5267965941343424
1.5391719718008974
1.5489222693563647
1.5575475325785089
1.565422772911771
1.5720479750968963
1.5795482039857174
1.5857983947264016
1.5931736198004092
1.6015488753929257
1.6096741233558154
1.6186743980224005
1.6285496993926818
1.6376749778740807
1.6475502792443617
1.6574255806146427
1.6669258705404828
1.677176183355205
1.6880515152439954
1.6971767937253945
1.7071770989104893
1.7181774346140937
1.7275527207251198
1.736552995391705
1.7468033082064272
1.7549285561693166
1.7633038117618336
1.7710540482802821
1.7776792504654073
1.7840544450209053
1.7901796319467758
1.7945547654652547
1.7990549027985472
1.8016799829096348
1.8050550859096042
1.8049300820947904
1.804805078279977
1.8044300668355358
1.8020549943540758
1.7990549027985472
1.7956797997985778
1.7923046967986085
1.785679494613483
1.7800543229468673
1.7736791283913693
1.766303903317362
1.7580536515396588
1.7489283730582599
1.740178106021302
1.7305528122806482
1.7204275032807397
1.7105522019104589
1.700551896725364
1.6900515762810144
1.6803012787255471
1.6704259773552659
1.6595506454664755
1.6500503555406356
1.6408000732444226
1.631674794763024
1.6231745353556932
1.6152992950224312
1.6082990813928648
1.6019238868373669
1.5952986846522417
1.5909235511337627
1.5859233985412151
1.582048280281991
1.580048219244972
1.5784231696523943
1.5780481582079533
1.5786731772820215
1.5805482345042268
1.5831733146153144
1.5871734366893522
1.5920485854670858
1.5976737571337016
1.6037989440595721
1.6112991729483932
1.6190494094668417
1.627174657429731
1.6357999206518754
1.6449251991332745
1.652550431836909
1.6608006836146123
1.6685509201330608
1.6746761070589313
1.6808012939848018
1.6851764275032808
1.6885515305032504
1.6899265724662007
1.6911766106143375
1.6895515610217597
1.6871764885402998
1.6834263740958892
1.6783012176885281
1.671676015503403
1.6639257789849544
1.655800531022065
1.6465502487258523
1.6367999511703848
1.627299661244545
1.6166743369853815
1.6064240241706595
1.5964237189855648
1.5861734061708426
1.5762981048005615
1.566297799615467
1.5562974944303722
1.5457971739860226
1.5341718192083498
1.5204213995788447
1.5046709189123204
1.487295388653218
1.4680448011719107
1.4491692251350443
1.4304186529129916
1.4136681417279582
1.4024177983947264
1.4011677602465895
1.4130431226538895
1.4405439619129004
1.4851703238013856
1.547547227393414
1.6277996765037996
1.7234275948362683
1.8335559556871244
1.9494344920194098
2.0583128147221292
2.148690572832423
2.2106924649800104
2.2400683614612262
2.2353182164983063
2.1863167210913423
2.100689107943968
1.992560808130131
1.874057191686758
1.7546785485396894
1.6421751152073734
1.5450471510971404
1.4656697286904508
1.4074179509872737
1.372916898098697
1.3565413983581043
1.3555413678395947
1.3652916653950622
1.383667226172674
1.4059179052095097
1.4314186834315012
1.4566694540238656
1.481045197912534
1.5021708426160465
1.5196713766899625
1.533671803949095
1.5442971282082585
1.5534224066896571
1.5615476546525469
1.5690478835413677
1.5757980895413068
1.5822982879116183
1.5900485244300668
1.5974237495040742
1.6057990050965911
1.6151742912076175
1.622924527726066
1.6334248481704154
1.6428001342814416
1.652550431836909
1.6616757103183082
1.6726760460219123
1.6829263588366346
1.6928016602069156
1.7028019653920103
1.7134272896511735
1.7229275795770134
1.7328028809472946
1.7419281594286935
1.7515534531693473
1.7600537125766778
1.7671789300210579
1.7753041779839474
1.781679372539445
1.7874295480208746
1.7928047120578632
1.7968048341319012
1.800429944761498
1.8040550553910948
1.8050550859096042
1.8053050935392316
1.8046800744651632
1.8034300363170261
1.8011799676503801
1.7973048493911556
1.7936797387615588
1.7888045899838252
1.7828044068727684
1.7763042085024567
1.769929013946959
1.7611787469100009
1.753178502761925
1.7441782280953397
1.7349279457991271
1.7245526291695914
1.7149273354289376
1.7050520340586566
1.6950517288735618
1.6845514084292124
1.6748011108737448
1.664925809503464
1.655425519577624
1.6454252143925292
1.6361749320963164
1.627174657429731
1.6191744132816552
1.6110491653187657
1.6040489516891996
1.5977987609485154
1.592798608355968
1.5882984710226753
1.5834233222449416
1.5815482650227364
1.578923184911649
1.5779231543931396
1.5780481582079533
1.5805482345042268
1.5822982879116183
1.5851733756523332
1.5897985168004394
1.5952986846522417
1.60067384868923
1.6084240852076785
1.6159243140964994
1.6235495468001342
1.631674794763024
1.6404250617999818
1.6500503555406356
1.6570505691702018
1.6656758323923462
1.6720510269478437
1.677926206244087
1.6838013855403302
1.686676473281045
1.6889265419476913
1.6913016144291515
1.6898015686513872
1.688301522873623
1.686301461836604
1.6805512863551746
1.6749261146885588
1.667675893429365
1.6594256416516617
1.6506753746147038
1.6414250923184912
1.63154979094821
1.6219244972075564
1.611424176763207
1.6014238715781122
1.5909235511337627
1.5811732535782954
1.5709229407635732
1.561047639393292
1.5509223303933837
1.5401720023194068
1.5269215979491562
1.51279616687521
1.496045655690176
1.4771700796533098
1.4575444807275613
1.4392939237647635
1.4214183782464065
1.4066679280983916
1.4002927335428939
1.406542924283578
1.425168492690817
1.4615446028015993
1.5150462355418564
1.5869234290597247
1.6748011108737448
1.7788042847987304
1.8938077944273202
2.0073112582781456
2.1075643177587207
2.18456666768395
2.229443037202063
2.2438184759056368
2.214692587054048
2.146315500350963
2.0481875057222205
1.9329339884640035
1.8128053224280527
1.6965517746513261
1.590298532059694
1.5022958464308604
1.4334187444685202
1.3877923520615254
1.3622915738395336
1.35504135258034
1.3592914822840054
1.3739169286172064
1.3947925656910916
1.4185432905056918
1.4444190801721244
1.4697948545793025
1.4924205450605792
1.5114211249122593
1.52704660176397
1.5392969756157109
1.5491722769859921
1.557797540208136
1.5644227423932615
1.5726729941709647
1.578923184911649
1.586048402356029
1.5931736198004092
1.6014238715781122
1.610549150059511
1.6194244209112827
1.6285496993926818
1.6388000122074038
1.6478002868739892
1.6579255958738974
1.667300881984924
1.677551194799646
1.6879265114291817
1.697301797540208
1.708177129428999
1.7176774193548388
1.727927732169561
1.7368030030213324
1.7463032929471725
1.7549285561693166
1.763928830835902
1.771429059724723
1.7784292733542895
1.7838044373912778
1.790054628131962
1.7945547654652547
1.7986798913541064
1.8019299905392623
1.8041800592059083
1.805555101168859
1.8049300820947904
1.8041800592059083
1.8024300057985168
1.8000549333170568
1.7954297921689504
1.7919296853541673
1.7861795098727378
1.780179326761681
1.7739291360209968
1.765928891872921
1.7579286477248453
1.7486783654286326
1.7404281136509292
1.7301778008362072
1.7205525070955536
1.7105522019104589
1.7003018890957367
1.6898015686513872
1.6811763054292428
1.6703009735404524
1.6599256569109164
1.6511753898739585
1.6409250770592365
1.632299813837092
1.623299539170507
1.6154242988372447
1.608174077578051
1.601048860133671
1.5957986999114964
1.5906735435041353
1.5861734061708426
1.5826732993560595
1.5802982268745993
1.5782981658375803
1.5774231391338847
1.5786731772820215
1.5806732383190405
1.583298318430128
1.5871734366893522
1.5921735892818996
1.5979237647633289
1.6036739402447586
1.6107991576891385
1.6190494094668417
1.6269246498001038
1.635549913022248
1.6443001800592059
1.6528004394665363
1.660925687429426
1.668800927762688
1.675176122318186
1.6808012939848018
1.685051423688467
1.6881765190588092
1.6898015686513872
1.690301583910642
1.6899265724662007
1.6873014923551135
1.6831763664662618
1.6784262215033416
1.6715510116885892
1.6643007904293954
1.6560505386516924
1.6465502487258523
1.6371749626148258
1.627299661244545
1.6167993408001955
1.6064240241706595
1.5965487228003785
1.58642341380047
1.5761731009857478
1.5672978301339764
1.556797509689627
1.5462971892452775
1.5339218115787225
1.5204213995788447
1.5050459303567616
1.487795403912473
1.4680448011719107
1.4484192022461622
1.4304186529129916
1.414043153172399
1.4027928098391673
1.4019177831354717
1.412918118839076
1.4401689504684592
1.4851703238013856
1.5467972045045322
1.626424634540849
1.7221775566881314
1.8319309060945466
1.9480594500564592
2.056687765129551
2.1475655384990997
2.2098174382763145
2.2395683462019718
2.2356932279427473
2.1861917172765284
2.1021891537217323
1.9951858882412183
1.8765572679830318
1.756428601947081
1.6445501876888333
1.5459221778008363
1.4672947782830286
1.4086679891354106
1.3737919248023926
1.357041413617359
1.355416364024781
1.3651666615802482
1.383167210913419
1.405792901394696
1.4310436719870603
1.4562944425794244
1.480295175023652
1.5014208197271646
1.5194213690603353
1.5327967772453994
1.544422132023072
1.5529223914304024
1.5615476546525469
1.5690478835413677
1.5750480666524247
1.5821732840968048
1.5895485091708121
1.597173741874447
1.6057990050965911
1.6139242530594806
1.6235495468001342
1.633174840540788
1.6425501266518143
1.6526754356517228
1.6620507217627492
1.671176000244148
1.6821763359477524
1.6925516525772883
1.7026769615771966
1.7119272438734092
1.7221775566881314
1.73230286568804
1.742178167058321
1.7510534379100926
1.7603037202063052
1.7665539109469892
1.7745541550950652
1.7815543687246316
1.7873045442060609
1.7923046967986085
1.7978048646504103
1.8003049409466843
1.8033050325022126
1.8054300973540451
1.8058051087984863
1.8063051240577412
1.8033050325022126
1.8011799676503801
1.7978048646504103
1.7941797540208135
1.7888045899838252
1.7835544297616506
1.7769292275765252
1.7701790215765862
1.7620537736136967
1.7534285103915526
1.7443032319101537
1.7356779686880093
1.7248026367992186
1.7156773583178198
1.7058020569475387
1.6949267250587483
1.6853014313180945
1.6758011413922544
1.6654258247627187
1.6555505233924375
1.645925229651784
1.6364249397259438
1.6277996765037996
1.6196744285409101
1.6120491958372754
1.6047989745780817
1.5976737571337016
1.592798608355968
1.5877984557634206
1.5859233985412151
1.581298257393109
1.5791731925412764
1.5780481582079533
1.5780481582079533
1.57929819635609
1.5814232612079226
1.5854233832819604
1.5896735129856259
1.594673665578173
1.601048860133671
1.6075490585039827
1.6152992950224312
1.6234245429853207
1.6312997833185827
1.6401750541703544
1.6486753135776848
1.656925565355388
1.66480080568865
1.6720510269478437
1.6780512100589007
1.6824263435773796
1.6864264656514176
1.6889265419476913
1.6901765800958282
1.6900515762810144
1.689051545762505
1.6855514389477217
1.6811763054292428
1.6759261452070682
1.668050904873806
1.6599256569109164
1.6513003936887722
1.6418001037629322
1.6321748100222786
1.62204950102237
1.6122992034669026
1.6019238868373669
1.5915485702078311
1.5815482650227364
1.5719229712820828
1.5620476699118016
1.551547349467452
1.5402970061342205
1.5276716208380383
1.5130461745048374
1.4961706595049897
1.4786701254310741
1.4589195226905116
1.4400439466536454
1.4220433973204747
1.4080429700613422
1.4002927335428939
1.4050428785058138
1.4240434583574937
1.4592945341349528
1.5132961821344646
1.5842983489486373
1.671176000244148
1.7744291512802515
1.8884326303903318
2.0014360789819023
2.1039392071291236
2.1818165837580494
2.2284430066835537
2.2441934873500777
2.216692648091067
2.1505656300546283
2.052437635425886
1.9381841486861782
1.8176804712057864
1.700551896725364
1.595173680837428
1.5057959532456433
1.436293832209235
1.3889173863948485
1.363416608172857
1.3549163487655262
1.3586664632099368
1.3726668904690695
1.3940425428022096
1.417668263801996
1.4441690725424972
1.468419812616352
1.4907954954680014
1.5102960905789362
1.5262965788750877
1.5385469527268287
1.5482972502822963
1.556797509689627
1.56504776146733
1.5719229712820828
1.5790481887264625
1.5856733909115879
1.5931736198004092
1.6014238715781122
1.6096741233558154
1.6192994170964692
1.627674672688986
1.6372999664296397
1.6476752830591754
1.6574255806146427
1.666800866725669
1.6768011719107638
1.6871764885402998
1.6971767937253945
1.7078021179845577
1.717177404095584
1.7275527207251198
1.737303018280587
1.7469283120212409
1.7549285561693166
1.762803796502579
1.7706790368358412
1.7779292580950348
1.7835544297616506
1.789679616687521
1.7945547654652547
1.798429883724479
1.8025550096133305
1.8041800592059083
1.805555101168859
1.8049300820947904
1.8044300668355358
1.8023050019837032
1.7993049104281746
1.7961798150578325
1.7913046662800989
1.786554521317179
1.7803043305764947
1.774179143650624
1.7668039185766167
1.7580536515396588
1.749678395947142
1.7400531022064882
1.730677816095462
1.7206775109103671
1.710802209540086
1.7010519119846188
1.6913016144291515
1.6810513016144293
1.6706759849848933
1.660550675984985
1.6500503555406356
1.6413000885036775
1.632299813837092
1.6234245429853207
1.6157993102816859
1.6080490737632376
1.6015488753929257
1.595173680837428
1.5905485396893215
1.5861734061708426
1.5827983031708732
1.5797982116153446
1.5785481734672078
1.5775481429486986
1.5780481582079533
1.5806732383190405
1.5842983489486373
1.5871734366893522
1.5915485702078311
1.5976737571337016
1.6040489516891996
1.6106741538743248
1.6191744132816552
1.6270496536149175
1.6354249092074344
1.6440501724295786
1.6526754356517228
1.6610506912442398
1.6678008972441787
1.6745511032441176
1.6803012787255471
1.684676412244026
1.6881765190588092
1.6896765648365732
1.6909266029847103
1.6899265724662007
1.6875514999847407
1.6841763969847714
1.6791762443922238
1.6725510422070986
1.6640507827997681
1.6559255348368787
1.6471752677999205
1.6367999511703848
1.627674672688986
1.616924344615009
1.6069240394299142
1.5969237342448195
1.5867984252449112
1.5767981200598165
1.5666728110599077
1.5574225287636951
1.5465471968749047
1.5347968382824184
1.5209214148380994
1.5052959379863888
1.4886704306161689
1.4691698355052338
1.4502942594683677
1.431543687246315
1.4151681875057223
1.4027928098391673
1.4009177526169623
1.4115430768761255
1.4381688894314402
1.4821702322458572
1.5435471053193763
1.6221745048371838
1.717177404095584
1.8264307382427443
1.9423092745750299
2.053062654499954
2.1435654164250617
2.208817407757805
2.2388183233130894
2.236943266090884
2.189816827906125
2.1075643177587207
2.000436048463393
1.8814324167607654
1.7614287545396283
1.6496753440961944
1.5510473342081972
1.4704198736533707
1.4111680654316843
1.3747919553209023
1.3575414288766137
1.3546663411358988
1.36454164250618
1.382417188024537
1.4046678670613728
1.4301686452833644
1.4552944120609148
1.479045136875515
1.5006707968382824
1.5185463423566392
1.532546769615772
1.544047120578631
1.5529223914304024
1.561047639393292
1.568547868282113
1.5752980742820522
1.5817982726523636
1.5894235053559984
1.5970487380596332
1.6049239783928952
1.6142992645039216
1.6236745506149481
1.632299813837092
1.6424251228370008
1.6521754203924681
1.6621757255775629
1.6718010193182167
1.681926328318125
1.6926766563921019
1.702176946317942
1.7125522629474779
1.7229275795770134
1.7321778618732262
1.74180315561388
1.7510534379100926
1.7590536820581684
1.7675539414654988
1.7744291512802515
1.7808043458357494
1.7873045442060609
1.792054689168981
1.7973048493911556
1.800429944761498
1.8029300210577714
1.8046800744651632
1.8054300973540451
1.8046800744651632
1.803180028687399
1.8014299752800074
1.7978048646504103
1.7936797387615588
1.788929593798639
1.7841794488357188
1.7769292275765252
1.7705540330210272
1.7621787774285103
1.7536785180211798
1.7446782433545946
1.735802972502823
1.7253026520584733
1.7159273659474472
1.705677053132725
1.6955517441328165
1.685926450392163
1.675551133762627
1.6651758171330913
1.6546754966887418
1.6456752220221567
1.6367999511703848
1.6277996765037996
1.6191744132816552
1.6115491805780204
1.6042989593188268
1.59829877620777
1.5930486159855952
1.5881734672078616
1.5841733451338236
1.5811732535782954
1.5787981810968352
1.5782981658375803
1.5791731925412764
1.5794232001709037
1.58167326883755
1.5850483718375195
1.5895485091708121
1.594798669392987
1.6000488296151616
1.6076740623187964
1.6152992950224312
1.622924527726066
1.6312997833185827
1.639925046540727
1.6481752983184301
1.656550553910947
1.6651758171330913
1.6721760307626576
1.6778012024292734
1.6829263588366346
1.686676473281045
1.6893015533921325
1.6896765648365732
1.690301583910642
1.6885515305032504
1.6856764427625355
1.6813013092440567
1.6743010956144901
1.6689259315775018
1.6601756645405439
1.6515504013183995
1.6420501113925596
1.6319248023926511
1.624049562059389
1.6120491958372754
1.6017988830225531
1.5915485702078311
1.5815482650227364
1.5711729483932007
1.5612976470229194
1.551547349467452
1.540922025208289
1.5277966246528518
1.5131711783196509
1.4965456709494307
1.477920102542192
1.4589195226905116
1.4397939390240182
1.4217933896908477
1.4071679433576463
1.3997927182836392
1.4049178746910003
1.4244184698019349
1.460419568468276
1.513921201208533
1.5854233832819604
1.6721760307626576
1.7753041779839474
1.8896826685384687
2.004561174352245
2.105064241462447
2.1825666066469314
2.228818018127995
2.2439434797204507
2.216067629016999
2.1483155613879816
2.0501875667592393
1.9356840723899047
1.8153053987243264
1.6983018280587177
1.592423596911527
1.5045459150975067
1.435043794061098
1.3881673635059664
1.3624165776543475
1.3544163335062716
1.3596664937284464
1.373291909543138
1.3936675313577687
1.418043275246437
1.4440440687276832
1.4689198278756064
1.491670522171697
1.5110461134678184
1.5264215826899015
1.5387969603564562
1.5489222693563647
1.5576725363933226
1.5651727652821437
1.57217297891171
1.578923184911649
1.5862984099856563
1.5932986236152227
1.601048860133671
1.6099241309854426
1.6187994018372145
1.6281746879482406
1.637549974059267
1.6473002716147345
1.6579255958738974
1.66717587817011
1.6778012024292734
1.6879265114291817
1.697426801355022
1.7084271370586261
1.717552415540025
1.7275527207251198
1.737303018280587
1.7471783196508683
1.7553035676137578
1.7634288155766473
1.7710540482802821
1.7780542619098483
1.7843044526505327
1.790054628131962
1.7950547807245094
1.7986798913541064
1.8018049867244483
1.8041800592059083
1.8054300973540451
1.805180089724418
1.8043050630207222
1.8024300057985168
1.7994299142429884
1.7955547959837643
1.7923046967986085
1.7863045136875517
1.7799293191320538
1.773804132206183
1.7656788842432936
1.757553636280404
1.7488033692434461
1.7391780755027926
1.7295527817621388
1.7201774956511124
1.710427198095645
1.7010519119846188
1.6899265724662007
1.6798012634662924
1.670800988799707
1.659800653096103
1.6501753593554491
1.640675069429609
1.6321748100222786
1.622924527726066
1.6150492873928037
1.607424054689169
1.6007988525040437
1.5952986846522417
1.590798547318949
1.586048402356029
1.5824232917264323
1.5799232154301586
1.57929819635609
1.5775481429486986
1.5787981810968352
1.5806732383190405
1.5837983336893826
1.5871734366893522
1.5925486007263405
1.5980487685781428
1.6047989745780817
1.6119241920224616
1.6195494247260964
1.627299661244545
1.6357999206518754
1.644675191503647
1.6535504623554185
1.6613006988738672
1.668800927762688
1.675551133762627
1.6808012939848018
1.6855514389477217
1.6884265266884364
1.689426557206946
1.6905515915402693
1.6895515610217597
1.6871764885402998
1.6833013702810755
1.6780512100589007
1.671676015503403
1.6639257789849544
1.6553005157628102
1.6461752372814111
1.6361749320963164
1.6261746269112216
1.6167993408001955
1.606174016541032
1.596798730430006
1.5854233832819604
1.5752980742820522
1.5659227881710258
1.555172460097049
1.5456721701712088
1.5337968077639088
1.5196713766899625
1.5036708883938108
1.486545365764336
1.4670447706534013
1.4479191869869077
1.4294186223944823
1.412793115024262
1.4016677755058444
1.4021677907650991
1.4141681569872129
1.4421690115054782
1.4880454115421002
1.5511723380230111
1.6325498214667196
1.7286777550584431
1.8395561387981811
1.9551846675008393
2.063812982573931
2.1526906949064606
2.2134425489059115
2.242068422498245
2.233443159276101
2.1823165990173043
2.095938962981048
1.986560625019074
1.8676819971312602
1.7481783501693777
1.6371749626148258
1.5402970061342205
1.4629196447645496
1.4051678823206275
1.3715418561357462
1.356166386913663
1.3556663716544084
1.3662916959135716
1.3845422528763696
1.4072929471724602
1.4324187139500106
1.4582945036164434
1.482295236060671
1.5030458693197426
1.520296395764031
1.5334217963194676
1.5449221472823267
1.553547410504471
1.5620476699118016
1.5689228797265542
1.5755480819116796
1.583298318430128
1.590298532059694
1.5980487685781428
1.6064240241706595
1.6155493026520584
1.624924588763085
1.633674855800043
1.6431751457258827
1.6531754509109775
1.6625507370220038
1.673176061281167
1.683051362651448
1.6930516678365428
1.7031769768364513
1.713177282021546
1.7238026062807095
1.7333028962065493
1.7423031708731347
1.7518034607989748
1.7601787163914915
1.767803949095126
1.7748041627246927
1.7823043916135137
1.7871795403912474
1.7926797082430495
1.7976798608355968
1.8013049714651936
1.802805017242958
1.805180089724418
1.8054300973540451
1.8054300973540451
1.8034300363170261
1.8010549638355662
1.797554857020783
1.7929297158726767
1.7883045747245705
1.7826794030579547
1.7764292123172705
1.7693039948728904
1.7610537430951874
1.7526784875026704
1.743803216650899
1.7350529496139409
1.7245526291695914
1.7145523239844966
1.704927030243843
1.6950517288735618
1.6845514084292124
1.6740510879848627
1.6641757866145819
1.6548005005035553
1.645050202948088
1.6357999206518754
1.626424634540849
1.6186743980224005
1.6112991729483932
1.6039239478743859
1.5974237495040742
1.592798608355968
1.587923459578234
1.5836733298745689
1.5806732383190405
1.5785481734672078
1.5776731467635121
1.5781731620227668
1.5795482039857174
1.582048280281991
1.585298379467147
1.5900485244300668
1.5960487075411238
1.6016738792077396
1.608174077578051
1.6157993102816859
1.6236745506149481
1.63154979094821
1.6413000885036775
1.649425336466567
1.656550553910947
1.6658008362071597
1.6725510422070986
1.6783012176885281
1.683926389355144
1.687051484725486
1.6893015533921325
1.6899265724662007
1.6896765648365732
1.6888015381328776
1.6844264046143986
1.6801762749107334
1.6744260994293039
1.6665508590960418
1.6590506302072208
1.6505503707998903
1.6411750846888638
1.6312997833185827
1.621299478133488
1.6111741691335797
1.6007988525040437
1.590298532059694
1.5805482345042268
1.5702979216895046
1.560672627948851
1.5514223456526384
1.5394219794305246
1.5255465559862058
1.511546128727073
1.4954206366161078
1.4766700643940551
1.4567944578386791
1.4379188818018127
1.4201683400982696
1.405792901394696
1.4004177373577074
1.4064179204687641
1.4269185460982088
1.4646696981719414
1.5196713766899625
1.5925486007263405
1.681551316873684
1.786554521317179
1.9013080233161412
2.014811487166967
2.113564500869778
2.188566789757988
2.231443098239082
2.2435684682760093
2.2111924802392653
2.1393152867213967
2.03968724631489
1.9238087099826044
1.8038050477614673
1.6874264961699272
1.5837983336893826
1.4962956633198035
1.4282935880611591
1.3856672872096927
1.3610415356913967
1.3546663411358988
1.3602915128025146
1.3747919553209023
1.3965426190984833
1.4204183477278969
1.4464191412091434
1.4712949003570666
1.49379558702353
1.5125461592455824
1.5279216284676658
1.5405470137638477
1.5497972960600603
1.5581725516525773
1.5659227881710258
1.572547990356151
1.5799232154301586
1.5871734366893522
1.5945486617633595
1.6025489059114353
1.6107991576891385
1.6201744438001648
1.6294247260963775
1.6391750236518448
1.6488003173924985
1.6584256111331521
1.668050904873806
1.6784262215033416
1.6885515305032504
1.6986768395031586
1.7090521561326946
1.719552476577044
1.7289277626880704
1.7384280526139104
1.747678334910123
1.7565536057618945
1.7646788537247842
1.7719290749839778
1.7789292886135442
1.7850544755394149
1.7905546433912167
1.7961798150578325
1.7994299142429884
1.8024300057985168
1.8045550706503495
1.8056801049836726
1.8053050935392316
1.8046800744651632
1.8019299905392623
1.79880489516892
1.7949297769096957
1.790929654835658
1.7854294869838556
1.7790542924283579
1.7724290902432325
1.7649288613544114
1.7570536210211494
1.747678334910123
1.7388030640583514
1.7289277626880704
1.7186774498733484
1.709177159947508
1.6990518509475998
1.6898015686513872
1.6789262367625966
1.6689259315775018
1.6591756340220343
1.6488003173924985
1.6396750389110997
1.6305497604297006
1.6217994933927427
1.613424237800226
1.6064240241706595
1.6002988372447888
1.594798669392987
1.5906735435041353
1.5859233985412151
1.5815482650227364
1.579673207800531
1.5785481734672078
1.5780481582079533
1.578923184911649
1.5804232306894133
1.5837983336893826
1.5875484481337934
1.5931736198004092
1.598798791467025
1.6052989898373364
1.613424237800226
1.6201744438001648
1.628049684133427
1.6365499435407576
1.6451752067629017
1.653425458540605
1.6621757255775629
1.669175939207129
1.675551133762627
1.6813013092440567
1.6855514389477217
1.6889265419476913
1.6901765800958282
1.6905515915402693
1.6893015533921325
1.686676473281045
1.6829263588366346
1.6774261909848323
1.6706759849848933
1.663300759910886
1.6543004852443006
1.645050202948088
1.63629993591113
1.625674611651967
1.6155493026520584
1.6059240089114046
1.5952986846522417
1.5850483718375195
1.574923062837611
1.5652977690969574
1.5549224524674214
1.5445471358378857
1.5319217505417035
1.5186713461714532
1.5025458540604877
1.4851703238013856
1.4652947172460096
1.4462941373943297
1.427543565172277
1.4115430768761255
1.401792779320658
1.4021677907650991
1.4155431989501632
1.4451691030610065
1.4930455641346478
1.55792254402295
1.6401750541703544
1.737303018280587
1.84868141727958
1.965184972685934
2.071813226722007
2.1588158818323313
2.216067629016999
2.242068422498245
2.2304430677205724
2.175566393017365
2.08718869594409
1.977060335093234
1.8575566881313517
1.7384280526139104
1.627299661244545
1.532921781060213
1.4564194463942381
1.4019177831354717
1.3696667989135412
1.3560413830988496
1.3562913907284768
1.3674167302468947
1.3864173100985748
1.4092930082094792
1.434293771172216
1.4605445722830899
1.4844203009125034
1.5045459150975067
1.5216714377269813
1.5346718344676047
1.5454221625415814
1.5545474410229805
1.5627976928006837
1.5700479140598773
1.5770481276894437
1.5835483260597554
1.5909235511337627
1.5989237952818385
1.6069240394299142
1.6157993102816859
1.625174596392712
1.6345498825037386
1.6448001953184606
1.654550492873928
1.6639257789849544
1.6739260841700492
1.6844264046143986
1.6940516983550522
1.703676992095706
1.7145523239844966
1.7245526291695914
1.734302926725059
1.743303201391644
1.7526784875026704
1.7603037202063052
1.7686789757988222
1.776554216132084
1.7828044068727684
1.7881795709097568
1.794054750206
1.7973048493911556
1.8013049714651936
1.8030550248725852
1.8049300820947904
1.8056801049836726
1.8046800744651632
1.80355504013184
1.8006799523911254
1.796054811243019
1.7931797235023041
1.7879295632801295
1.7819293801690725
1.7764292123172705
1.7684289681691947
1.7605537278359324
1.7516784569841608
1.7426781823175757
1.7339279152806177
1.7231775872066408
1.7133022858363598
1.7034269844660788
1.6928016602069156
1.682676351207007
1.6725510422070986
1.6634257637256997
1.653425458540605
1.6438001647999512
1.6345498825037386
1.625299600207526
1.6177993713187049
1.6102991424298836
1.6029239173558765
1.5969237342448195
1.5917985778374584
1.587298440504166
1.5831733146153144
1.5805482345042268
1.578923184911649
1.5775481429486986
1.5784231696523943
1.580048219244972
1.58167326883755
1.5856733909115879
1.5909235511337627
1.5955486922818691
1.6025489059114353
1.6091741080965607
1.6171743522446362
1.6250495925778985
1.633549851985229
1.6420501113925596
1.6500503555406356
1.6591756340220343
1.6665508590960418
1.673176061281167
1.6796762596514787
1.683926389355144
1.6873014923551135
1.689426557206946
1.690301583910642
1.6901765800958282
1.6878015076143682
1.6845514084292124
1.679551255836665
1.673676076540422
1.6661758476516009
1.6583006073183386
1.649050325022126
1.6396750389110997
1.629674733726005
1.6200494399853511
1.6095491195410014
1.5992988067262794
1.5890484939115572
1.5781731620227668
1.5690478835413677
1.5594225898007141
1.5490472731711782
1.537671926023133
1.5240465102084415
1.5086710409863584
1.4919205298013245
1.4734199652088993
1.4545443891720329
1.4349187902462845
1.4175432599871822
1.4042928556169316
1.4001677297280801
1.4086679891354106
1.431543687246315
1.4724199346903897
1.530546708578753
1.6056740012817774
1.697801812799463
1.8043050630207222
1.9204336069826349
2.0323120212408825
2.128064943388165
2.198567094943083
2.235068208868679
2.2411933957945496
2.2011921750541705
2.123939817499313
2.0209366740928374
1.9036830957976014
1.7831794183172094
1.6684259163182469
1.5667978148747217
1.483045258949553
1.4194183172093875
1.3794170964690085
1.359041474654378
1.3551663563951537
1.3622915738395336
1.378417065950499
1.3999177220984527
1.4257935117648854
1.4507942747276223
1.4757950376903592
1.497670705282754
1.5161712698751793
1.5304217047639395
1.5411720328379164
1.5510473342081972
1.5601726126895963
1.5671728263191627
1.5740480361339153
1.581298257393109
1.5882984710226753
1.5956736960966826
1.6035489364299447
1.6127992187261575
1.6224245124668113
1.631174779503769
1.640675069429609
1.6506753746147038
1.6601756645405439
1.6705509811700798
1.6804262825403606
1.6906765953550829
1.7008019043549913
1.710802209540086
1.7208025147251809
1.730302804651021
1.7399280983916745
1.7494283883175148
1.7578036439100315
1.7660538956877345
1.7740541398358105
1.7810543534653769
1.7854294869838556
1.7918046815393536
1.7958048036133916
1.8000549333170568
1.802805017242958
1.8053050935392316
1.8050550859096042
1.8050550859096042
1.8038050477614673
1.8016799829096348
1.7974298532059694
1.7943047578356275
1.7901796319467758
1.7841794488357188
1.7775542466505936
1.7711790520950956
1.7634288155766473
1.7545535447248757
1.7454282662434768
1.7368030030213324
1.7269277016510514
1.717177404095584
1.7075521103549303
1.6968017822809534
1.687051484725486
1.6769261757255778
1.666425855281228
1.6566755577257606
1.6480502945036166
1.6380499893185219
1.6286747032074953
1.6201744438001648
1.6122992034669026
1.6057990050965911
1.5990487990966522
1.5937986388744774
1.5889234900967437
1.5845483565782648
1.5815482650227364
1.579673207800531
1.5780481582079533
1.5781731620227668
1.5785481734672078
1.5815482650227364
1.5846733603930783
1.5890484939115572
1.5949236732078005
1.6000488296151616
1.6066740318002868
1.6140492568742943
1.6219244972075564
1.630799768059328
1.6389250160222175
1.6475502792443617
1.6559255348368787
1.6638007751701407
1.6714260078737755
1.6773011871700187
1.6821763359477524
1.686301461836604
1.689051545762505
1.690301583910642
1.6904265877254554
1.6888015381328776
1.685926450392163
1.6816763206884975
1.675551133762627
1.6690509353923155
1.660925687429426
1.6523004242072816
1.6428001342814416
1.6327998290963468
1.6230495315408795
1.6129242225409712
1.602673909726249
1.5920485854670858
1.5824232917264323
1.5722979827265235
1.5625476851710562
1.5524223761711478
1.5417970519119846
1.528671651356548
1.5140462050233467
1.4979207129123815
1.4795451521347698
1.4605445722830899
1.4415439924314097
1.4230434278389843
1.4080429700613422
1.401042756431776
1.404542863246559
1.4225434125797296
1.4571694692831203
1.5094210638752406
1.578923184911649
1.6661758476516009
1.76792895290994
1.882307443464461
1.9969359416486099
2.0991890621662037
2.1785664845728934
2.226817957090976
2.2441934873500777
2.2188177129429
2.1528156987212745
2.057062776573992
1.9429342936490983
1.8223056123538928
1.7050520340586566
1.598798791467025
1.5081710257271035
1.4380438856166264
1.389917416913358
1.364166631061739
1.3546663411358988
1.3587914670247507
1.3726668904690695
1.3927925046540726
1.417168248542741
1.4424190191351054
1.4677947935422835
1.4911705069124424
1.510796105838191
1.5256715598010193
1.5387969603564562
1.5486722617267374
1.556797509689627
1.56504776146733
1.5719229712820828
1.5786731772820215
1.5857983947264016
1.5934236274300364
1.6004238410596028
1.6096741233558154
1.6187994018372145
1.627674672688986
1.6374249702444532
1.6475502792443617
1.6571755729850153
1.6670508743552965
1.6773011871700187
1.6874264961699272
1.6971767937253945
1.7074271065401168
1.717552415540025
1.7275527207251198
1.7371780144657736
1.7469283120212409
1.755178563798944
1.7633038117618336
1.7711790520950956
1.7776792504654073
1.7840544450209053
1.790054628131962
1.7950547807245094
1.7989298989837337
1.8018049867244483
1.8043050630207222
1.8059301126133
1.805180089724418
1.8045550706503495
1.8025550096133305
1.7998049256874293
1.7956797997985778
1.7910546586504716
1.7861795098727378
1.7800543229468673
1.7735541245765558
1.7653038727988526
1.7581786553544725
1.7490533768730736
1.7395530869472335
1.7301778008362072
1.7200524918362987
1.7101771904660177
1.7006769005401776
1.6901765800958282
1.6796762596514787
1.670050965910825
1.659800653096103
1.6500503555406356
1.640675069429609
1.6319248023926511
1.6227995239112523
1.6146742759483628
1.608174077578051
1.6007988525040437
1.5949236732078005
1.590298532059694
1.5861734061708426
1.5819232764671776
1.5797982116153446
1.5785481734672078
1.5777981505783258
1.5785481734672078
1.5806732383190405
1.5827983031708732
1.5875484481337934
1.5925486007263405
1.5981737723929563
1.6046739707632678
1.6120491958372754
1.6195494247260964
1.627299661244545
1.635924924466689
1.644675191503647
1.6531754509109775
1.6614257026886807
1.669175939207129
1.675551133762627
1.680676290169988
1.6856764427625355
1.6881765190588092
1.6895515610217597
1.6901765800958282
1.6893015533921325
1.687051484725486
1.6828013550218206
1.677926206244087
1.671176000244148
1.6639257789849544
1.6549255043183693
1.645925229651784
1.6361749320963164
1.626424634540849
1.6164243293557543
1.6062990203558458
1.5957986999114964
1.5855483870967744
1.5754230780968657
1.5659227881710258
1.5562974944303722
1.5452971587267679
1.5330467848750269
1.5191713614307079
1.5034208807641836
1.4849203161717581
1.4665447553941466
1.4471691640980255
1.4291686147648548
1.4121680959501939
1.401417767876217
1.401792779320658
1.414918179876095
1.4435440534684285
1.4904204840235602
1.5540474257637258
1.6354249092074344
1.733052888576922
1.8440562761314738
1.960059816278573
2.0675630970183416
2.155690786461989
2.214942594683676
2.241443403424177
2.2320681173131507
2.1785664845728934
2.0913138218329417
1.9818104800561542
1.8626818445387128
1.7431781975768303
1.6327998290963468
1.5364218878749962
1.458794518875698
1.4035428327280495
1.3704168218024233
1.356166386913663
1.3562913907284768
1.3664166997283853
1.3857922910245064
1.408917996765038
1.4337937559129612
1.4595445417645803
1.4831702627643666
1.5037958922086248
1.5214214300973539
1.534546830652791
1.5454221625415814
1.5542974333933532
1.5624226813562427
1.569422894985809
1.5764231086153753
1.5837983336893826
1.590798547318949
1.5980487685781428
1.6066740318002868
1.6157993102816859
1.6246745811334575
1.6345498825037386
1.6441751762443924
1.6540504776146734
1.6638007751701407
1.6739260841700492
1.6841763969847714
1.6944267097994934
1.704052003540147
1.7150523392437513
1.724302621539964
1.7338029114658042
1.7431781975768303
1.7533035065767388
1.76080373546556
1.7686789757988222
1.776179204687643
1.7820543839838863
1.7879295632801295
1.7933047273171179
1.7970548417615282
1.8005549485763115
1.8034300363170261
1.805180089724418
1.805180089724418
1.8041800592059083
1.8029300210577714
1.8011799676503801
1.7974298532059694
1.7928047120578632
1.7874295480208746
1.7818043763542588
1.7755541856135748
1.7685539719840082
1.7605537278359324
1.7515534531693473
1.7431781975768303
1.7335529038361768
1.7231775872066408
1.7138023010956145
1.7034269844660788
1.6931766716513565
1.683051362651448
1.673176061281167
1.6630507522812585
1.6528004394665363
1.6436751609851377
1.634424878688925
1.6254246040223395
1.6174243598742637
1.609799127170629
1.6029239173558765
1.5969237342448195
1.592298593096713
1.5874234443189794
1.583298318430128
1.5805482345042268
1.5787981810968352
1.5779231543931396
1.5781731620227668
1.5797982116153446
1.5827983031708732
1.5859233985412151
1.5909235511337627
1.596298715170751
1.6022988982818078
1.6092991119113744
1.6170493484298227
1.6255496078371532
1.633674855800043
1.6423001190221869
1.6506753746147038
1.6590506302072208
1.6666758629108556
1.673676076540422
1.6793012482070377
1.683926389355144
1.6875514999847407
1.689426557206946
1.6905515915402693
1.6900515762810144
1.688301522873623
1.6844264046143986
1.679926267281106
1.6734260689107945
1.6659258400219734
1.657800592059084
1.6488003173924985
1.6393000274666587
1.6290497146519365
1.6190494094668417
1.6096741233558154
1.598798791467025
1.5886734824671163
1.5787981810968352
1.5684228644672995
1.5596725974303416
1.5485472579119235
1.5371719107638784
1.5239215063936278
1.5080460219122898
1.4910455030976288
1.4727949461348309
1.4534193548387098
1.4344187749870296
1.4170432447279275
1.4039178441724907
1.4009177526169623
1.4096680196539202
1.4324187139500106
1.4736699728385265
1.532546769615772
1.6080490737632376
1.7003018890957367
1.8076801660206916
1.923683706167791
2.035187108981597
2.130440015869625
2.1995671254615923
2.2356932279427473
2.2406933805352947
2.200067140720847
2.1228147831659903
2.0184365977965637
1.901433027130955
1.7811793572801906
1.6659258400219734
1.5651727652821437
1.4816702169866023
1.4185432905056918
1.3789170812097538
1.359416486098819
1.3546663411358988
1.3624165776543475
1.3789170812097538
1.4005427411725213
1.4257935117648854
1.4507942747276223
1.4764200567644277
1.498045716727195
1.515796258430738
1.5307967162083804
1.5422970671712395
1.5511723380230111
1.5594225898007141
1.56742283394879
1.5742980437635425
1.5811732535782954
1.5885484786523028
1.5956736960966826
1.6037989440595721
1.6130492263557847
1.6216744895779291
1.6314247871333964
1.6405500656147955
1.6504253669850764
1.6604256721701711
1.6701759697256386
1.680676290169988
1.6905515915402693
1.7006769005401776
1.711177220984527
1.7211775261696218
1.731052827539903
1.7400531022064882
1.7501784112063965
1.7580536515396588
1.7665539109469892
1.7736791283913693
1.780554338206122
1.7858044984282968
1.7914296700949126
1.79642982268746
1.7999299295022433
1.8025550096133305
1.8046800744651632
1.8054300973540451
1.804805078279977
1.8044300668355358
1.8016799829096348
1.7981798760948515
1.7943047578356275
1.7901796319467758
1.7840544450209053
1.7778042542802208
1.7709290444654684
1.763553819391461
1.7548035523545031
1.7453032624286628
1.736552995391705
1.7269277016510514
1.7174274117252115
1.7070520950956756
1.6964267708365124
1.686676473281045
1.6768011719107638
1.6661758476516009
1.6566755577257606
1.6466752525406658
1.6374249702444532
1.6285496993926818
1.6197994323557239
1.6130492263557847
1.6055489974669637
1.599173802911466
1.5934236274300364
1.5885484786523028
1.5847983642078922
1.5817982726523636
1.57929819635609
1.5782981658375803
1.5781731620227668
1.5795482039857174
1.5815482650227364
1.5850483718375195
1.5889234900967437
1.5940486465041048
1.6001738334299753
1.6071740470595417
1.614549272133549
1.62204950102237
1.6301747489852596
1.6388000122074038
1.6473002716147345
1.6563005462813196
1.6640507827997681
1.6715510116885892
1.677176183355205
1.681926328318125
1.686301461836604
1.689051545762505
1.6900515762810144
1.6904265877254554
1.6884265266884364
1.6858014465773492
1.6814263130588702
1.675676137577441
1.6686759239478743
1.660550675984985
1.6526754356517228
1.6429251380962555
1.6326748252815333
1.622924527726066
1.6127992187261575
1.6027989135410627
1.592298593096713
1.5825482955412458
1.5724229865413375
1.5620476699118016
1.5524223761711478
1.5415470442823573
1.5282966399121067
1.5136711935789056
1.498045716727195
1.4795451521347698
1.4606695760979034
1.4412939848017823
1.4226684163945433
1.408542985320597
1.3999177220984527
1.4042928556169316
1.4221684011352886
1.4569194616534928
1.509171056245613
1.5786731772820215
1.6656758323923462
1.7681789605395672
1.8819324320200201
1.9966859340189826
2.0991890621662037
2.1785664845728934
2.2265679494613484
2.2435684682760093
2.218942716757714
2.153065706350902
2.0574377880184334
1.9433093050935393
1.8234306466872157
1.706052064577166
1.598673787652211
1.5085460371715445
1.4381688894314402
1.3900424207281719
1.3640416272469253
1.3546663411358988
1.3587914670247507
1.3724168828394423
1.3925424970244453
1.4167932370983
1.4424190191351054
1.4676697897274698
1.4910455030976288
1.5100460829493088
1.5259215674306468
1.5385469527268287
1.54842225409711
1.5570475173192542
1.5646727500228887
1.5715479598376416
1.5780481582079533
1.5856733909115879
1.5936736350596639
1.601048860133671
1.609799127170629
1.6187994018372145
1.627674672688986
1.637549974059267
1.6473002716147345
1.656925565355388
1.6669258705404828
1.677176183355205
1.6869264809106725
1.6970517899105808
1.7075521103549303
1.7176774193548388
1.7275527207251198
1.7368030030213324
1.7464282967619862
1.7553035676137578
1.7636788232062746
1.7706790368358412
1.778179265724662
1.7843044526505327
1.790054628131962
1.7945547654652547
1.7986798913541064
1.8024300057985168
1.8040550553910948
1.8050550859096042
1.8050550859096042
1.8041800592059083
1.8030550248725852
1.7994299142429884
1.7956797997985778
1.7915546739097263
1.7864295175023652
1.7804293343913085
1.7733041169469284
1.7664289071321757
1.7581786553544725
1.7489283730582599
1.740178106021302
1.730302804651021
1.7201774956511124
1.7105522019104589
1.7004268929105502
1.690301583910642
1.6801762749107334
1.6704259773552659
1.6604256721701711
1.6501753593554491
1.6415500961333047
1.6319248023926511
1.6227995239112523
1.6150492873928037
1.6077990661336101
1.6012988677632984
1.5952986846522417
1.590798547318949
1.5859233985412151
1.5817982726523636
1.5799232154301586
1.5785481734672078
1.5776731467635121
1.5786731772820215
1.5807982421338542
1.5834233222449416
1.5871734366893522
1.592798608355968
1.59829877620777
1.6042989593188268
1.611424176763207
1.6191744132816552
1.6274246650593585
1.6357999206518754
1.6445501876888333
1.6533004547257912
1.6608006836146123
1.668800927762688
1.6748011108737448
1.680676290169988
1.6849264198736535
1.6884265266884364
1.6895515610217597
1.6905515915402693
1.6895515610217597
1.687051484725486
1.683051362651448
1.6781762138737144
1.6718010193182167
1.6635507675405132
1.6561755424665061
1.6464252449110386
1.6365499435407576
1.6269246498001038
1.6162993255409406
1.6069240394299142
1.596298715170751
1.5859233985412151
1.5757980895413068
1.5656727805413984
1.556797509689627
1.5461721854304635
1.5337968077639088
1.51992138431959
1.5042959074678794
1.4862953581347087
1.4680448011719107
1.448169194616535
1.4297936338389234
1.4134181340983307
1.40254280220954
1.401417767876217
1.4137931455427717
1.4420440076906644
1.487295388653218
1.55079732657857
1.631174779503769
1.727927732169561
1.8386811120944853
1.9544346446119572
2.062687948240608
2.1520656758323926
2.2130675374614706
2.2408183843501086
2.233818170720542
2.182816614276559
2.096313974425489
1.98743565172277
1.8684320200201423
1.7490533768730736
1.6370499588000123
1.5405470137638477
1.462419629505295
1.4052928861354412
1.3717918637653737
1.3569164098025452
1.3559163792840356
1.3660416882839443
1.3846672566911833
1.4082929776909696
1.4324187139500106
1.458044495986816
1.4821702322458572
1.503170873134556
1.5207964110232857
1.5337968077639088
1.5451721549119541
1.5540474257637258
1.561922666096988
1.5695478988006226
1.5760480971709343
1.582923306985687
1.590423535874508
1.598673787652211
1.6060490127262186
1.6150492873928037
1.6242995696890163
1.633549851985229
1.6436751609851377
1.6533004547257912
1.663300759910886
1.6730510574663533
1.6833013702810755
1.6935516830957975
1.7030519730216378
1.7134272896511735
1.7240526139103367
1.733427900021363
1.7426781823175757
1.752053468428602
1.7601787163914915
1.7680539567247535
1.7755541856135748
1.7821793877986998
1.788054567094943
1.7929297158726767
1.7974298532059694
1.800804956205939
1.8033050325022126
1.8050550859096042
1.8054300973540451
1.8049300820947904
1.8034300363170261
1.8010549638355662
1.7970548417615282
1.7929297158726767
1.7886795861690117
1.7826794030579547
1.7760542008728295
1.7696790063173315
1.7610537430951874
1.7523034760582294
1.7435532090212715
1.7338029114658042
1.7234275948362683
1.7139273049104282
1.7043020111697744
1.693801690725425
1.6841763969847714
1.6741760917996766
1.6636757713553272
1.6536754661702324
1.6441751762443924
1.635549913022248
1.6269246498001038
1.6181743827631458
1.6110491653187657
1.6036739402447586
1.5975487533188881
1.592423596911527
1.5876734519486069
1.5834233222449416
1.5807982421338542
1.578923184911649
1.5780481582079533
1.5780481582079533
1.579673207800531
1.5821732840968048
1.5856733909115879
1.5906735435041353
1.5959237037263099
1.6019238868373669
1.6085490890224923
1.6161743217261269
1.6241745658742028
1.6327998290963468
1.6416750999481187
1.6504253669850764
1.6580505996887114
1.6655508285775322
1.6738010803552354
1.6789262367625966
1.6831763664662618
1.6874264961699272
1.6895515610217597
1.6899265724662007
1.6899265724662007
1.6880515152439954
1.6848014160588396
1.6805512863551746
1.6738010803552354
1.6666758629108556
1.6581756035035249
1.6499253517258217
1.640300057985168
1.630424756614887
1.6202994476149783
1.6099241309854426
1.5999238258003479
1.5894235053559984
1.5797982116153446
1.5696729026154363
1.559922605059969
1.549547288430433
1.5382969450972015
1.5255465559862058
1.51042109439375
1.493295571764275
1.4744199957274087
1.4554194158757288
1.436293832209235
1.4190433057649465
1.405417889950255
1.3999177220984527
1.4075429548020875
1.4294186223944823
1.4686698202459794
1.5256715598010193
1.5989237952818385
1.690301583910642
1.7963048188726465
1.9119333475753044
2.0245617847224344
2.122314767906736
2.194316965239418
2.233818170720542
2.2425684377575
2.206317331461532
2.1309400311288798
2.0288119144260994
1.9123083590197454
1.7918046815393536
1.6763011566515091
1.5735480208746606
1.4884204229865414
1.4234184392834255
1.3820421765800959
1.3600415051728874
1.3545413373210853
1.3615415509506514
1.3775420392468032
1.3989176915799433
1.423668446913053
1.449294228949858
1.4737949766533405
1.495670644245735
1.5149212317270424
1.5294216742454299
1.5415470442823573
1.5510473342081972
1.558672566911832
1.56742283394879
1.5734230170598467
1.5810482497634815
1.5875484481337934
1.5955486922818691
1.60304892117069
1.6126742149113438
1.6215494857631152
1.6305497604297006
1.640300057985168
1.6499253517258217
1.659800653096103
1.6699259620960112
1.6796762596514787
1.6900515762810144
1.699676870021668
1.710427198095645
1.7201774956511124
1.7301778008362072
1.739803094576861
1.7488033692434461
1.7566786095767084
1.7653038727988526
1.7730541093173011
1.7796793115024263
1.7858044984282968
1.7911796624652854
1.7961798150578325
1.7999299295022433
1.8025550096133305
1.8046800744651632
1.805555101168859
1.8046800744651632
1.8041800592059083
1.801554979094821
1.7985548875392925
1.7948047730948822
1.790054628131962
1.7848044679097874
1.7791792962431716
1.7715540635395368
1.7636788232062746
1.755178563798944
1.7466783043916136
1.7370530106509599
1.7271777092806788
1.717552415540025
1.707677114169744
1.6975518051698355
1.6869264809106725
1.6774261909848323
1.6675508896145512
1.657800592059084
1.6473002716147345
1.6389250160222175
1.6290497146519365
1.6206744590594195
1.6127992187261575
1.6066740318002868
1.5994238105410932
1.5941736503189183
1.58879848628193
1.5846733603930783
1.5817982726523636
1.5794232001709037
1.5781731620227668
1.5779231543931396
1.5791731925412764
1.580923245948668
1.5841733451338236
1.5886734824671163
1.5937986388744774
1.6002988372447888
1.6060490127262186
1.613799249244667
1.6217994933927427
1.6297997375408186
1.638299996948149
1.6469252601702933
1.6555505233924375
1.663300759910886
1.6710509964293345
1.677176183355205
1.6821763359477524
1.6864264656514176
1.6893015533921325
1.690301583910642
1.6904265877254554
1.6888015381328776
1.686301461836604
1.6818013245033114
1.6765511642811366
1.6694259468367565
1.6616757103183082
1.652550431836909
1.6436751609851377
1.633549851985229
1.6241745658742028
1.6142992645039216
1.6029239173558765
1.5929236121707817
1.582923306985687
1.5727979979857785
1.563047700430311
1.553922421948912
1.5422970671712395
1.5296716818750573
1.5152962431714836
1.4992957548753318
1.4812952055421613
1.4621696218756677
1.4427940305795466
1.4249184850611898
1.4087929929502243
1.4007927488021485
1.4041678518021181
1.4205433515427108
1.4539193700979645
1.5052959379863888
1.5734230170598467
1.6594256416516617
1.7611787469100009
1.8744322031311993
1.98981072420423
2.0930638752403334
2.174441358684042
2.225067903683584
2.2441934873500777
2.2216928006836145
2.158315866573077
2.063312967314676
1.949809503463851
1.830055848872341
1.7123022553178504
1.60542399365215
1.5134211859492783
1.4419190038758507
1.3921674855800044
1.3651666615802482
1.3556663716544084
1.3584164555803095
1.3710418408764915
1.3917924741355632
1.4159182103946044
1.4407939695425276
1.4661697439497057
1.489295449690237
1.5090460524307994
1.5249215369121372
1.5375469222083193
1.5477972350230413
1.5565475020599995
1.5644227423932615
1.5715479598376416
1.5784231696523943
1.5851733756523332
1.5932986236152227
1.6007988525040437
1.6096741233558154
1.6186743980224005
1.6270496536149175
1.6369249549851985
1.6466752525406658
1.6568005615405743
1.6663008514664144
1.6763011566515091
1.6869264809106725
1.6968017822809534
1.7065520798364209
1.717552415540025
1.7264276863917967
1.736552995391705
1.7458032776879178
1.7543035370952484
1.7624287850581377
1.7709290444654684
1.7778042542802208
1.7838044373912778
1.7891796014282664
1.7949297769096957
1.7986798913541064
1.8010549638355662
1.8040550553910948
1.805180089724418
1.805180089724418
1.8045550706503495
1.8023050019837032
1.799554918057802
1.7959298074282053
1.79167967772454
1.78692953276162
1.7803043305764947
1.7739291360209968
1.7668039185766167
1.7581786553544725
1.7490533768730736
1.7408031250953704
1.7308028199102756
1.7205525070955536
1.710427198095645
1.7008019043549913
1.6905515915402693
1.6809262977996156
1.6704259773552659
1.6606756797997986
1.6501753593554491
1.6413000885036775
1.6321748100222786
1.623299539170507
1.6152992950224312
1.6082990813928648
1.6014238715781122
1.5955486922818691
1.5911735587633902
1.586048402356029
1.5831733146153144
1.5797982116153446
1.5785481734672078
1.5777981505783258
1.5784231696523943
1.5805482345042268
1.5834233222449416
1.5867984252449112
1.5920485854670858
1.5977987609485154
1.6039239478743859
1.6115491805780204
1.6192994170964692
1.627174657429731
1.6352999053926207
1.6448001953184606
1.6526754356517228
1.6606756797997986
1.6686759239478743
1.675551133762627
1.6800512710959197
1.6849264198736535
1.688301522873623
1.6899265724662007
1.6904265877254554
1.6898015686513872
1.6873014923551135
1.6833013702810755
1.6785512253181556
1.6720510269478437
1.6641757866145819
1.6560505386516924
1.6466752525406658
1.6367999511703848
1.6269246498001038
1.6167993408001955
1.6066740318002868
1.5959237037263099
1.58642341380047
1.5761731009857478
1.5666728110599077
1.5552974639118626
1.546422193060091
1.5341718192083498
1.5205464033936582
1.5050459303567616
1.4864203619495224
1.4676697897274698
1.449294228949858
1.4294186223944823
1.4134181340983307
1.4020427869502854
1.401417767876217
1.4137931455427717
1.4406689657277139
1.4869203772087771
1.5492972808008056
1.6289247108371228
1.7254276558732873
1.8355560167241434
1.952184575945311
2.060812891018403
2.1500656147953734
2.2126925260170296
2.2403183690908537
2.2345681936094244
2.183066621906186
2.0983140354625083
1.989435712759789
1.870932096316416
1.7509284340952787
1.6388000122074038
1.542047059541612
1.463169652394177
1.405792901394696
1.3721668752098148
1.3571664174321727
1.3559163792840356
1.3660416882839443
1.384292245246742
1.4072929471724602
1.4320437025055697
1.458044495986816
1.482295236060671
1.5026708578753014
1.5209214148380994
1.5332967925046541
1.5452971587267679
1.5540474257637258
1.561797662282174
1.5695478988006226
1.5760480971709343
1.5831733146153144
1.590298532059694
1.5980487685781428
1.6062990203558458
1.614549272133549
1.6246745811334575
1.6332998443556017
1.6436751609851377
1.653425458540605
1.663300759910886
1.6730510574663533
1.6831763664662618
1.6931766716513565
1.7033019806512648
1.7135522934659873
1.7234275948362683
1.733427900021363
1.7426781823175757
1.7518034607989748
1.7603037202063052
1.7681789605395672
1.775429181798761
1.781679372539445
1.787679555650502
1.7930547196874904
1.7974298532059694
1.8006799523911254
1.8033050325022126
1.8053050935392316
1.8054300973540451
1.804805078279977
1.8033050325022126
1.800804956205939
1.7971798455763421
1.7934297311319314
1.7883045747245705
1.782929410687582
1.776179204687643
1.7689289834284494
1.7611787469100009
1.7525534836878567
1.743678212836085
1.734552934354686
1.7240526139103367
1.7141773125400557
1.7048020264290291
1.6945517136143071
1.6838013855403302
1.6741760917996766
1.6643007904293954
1.6536754661702324
1.6443001800592059
1.6349248939481797
1.626424634540849
1.6177993713187049
1.6107991576891385
1.6034239326151312
1.5972987456892607
1.5925486007263405
1.5876734519486069
1.5839233375041963
1.5806732383190405
1.5787981810968352
1.5780481582079533
1.5781731620227668
1.5797982116153446
1.5821732840968048
1.5856733909115879
1.5901735282448806
1.5952986846522417
1.6017988830225531
1.609049104281747
1.616549333170568
1.6244245735038303
1.6327998290963468
1.6414250923184912
1.6495503402813807
1.6580505996887114
1.6661758476516009
1.6733010650959808
1.678676229132969
1.683051362651448
1.6873014923551135
1.689426557206946
1.6901765800958282
1.690301583910642
1.688301522873623
1.6851764275032808
1.6800512710959197
1.6740510879848627
1.6669258705404828
1.6583006073183386
1.6495503402813807
1.640300057985168
1.630049745170446
1.6204244514297923
1.61017413861507
1.6004238410596028
1.5896735129856259
1.5795482039857174
1.569422894985809
1.5596725974303416
1.5497972960600603
1.5382969450972015
1.5247965330973237
1.5102960905789362
1.4922955412457657
1.474294991912595
1.4550444044312876
1.436293832209235
1.4184182866908779
1.4041678518021181
1.3997927182836392
1.4081679738761559
1.4300436414685507
1.4687948240607929
1.526671590319529
1.6005488448744163
1.6920516373180334
1.7981798760948515
1.9141834162419509
2.027061861018708
2.123564806054872
2.1953169957579273
2.2336931669057285
2.242193426313059
2.2043172704245126
2.1299400006103704
2.027686880092776
1.9104333017975401
1.7904296395764032
1.675176122318186
1.5724229865413375
1.4875453962828455
1.4226684163945433
1.3810421460615863
1.360541520432142
1.35504135258034
1.3616665547654654
1.3775420392468032
1.3991676992095705
1.4239184545426802
1.4490442213202308
1.474294991912595
1.4966706747642446
1.5151712393566699
1.5296716818750573
1.5415470442823573
1.5510473342081972
1.559172582171087
1.5669228186895352
1.5739230323191016
1.5802982268745993
1.5877984557634206
1.5954236884670552
1.603173924985504
1.6116741843928344
1.6219244972075564
1.6305497604297006
1.6401750541703544
1.6499253517258217
1.6596756492812892
1.669675954466384
1.6803012787255471
1.6899265724662007
1.6999268776512955
1.7101771904660177
1.7205525070955536
1.7301778008362072
1.7395530869472335
1.7491783806878873
1.7574286324655906
1.7660538956877345
1.7730541093173011
1.7799293191320538
1.785679494613483
1.7914296700949126
1.7959298074282053
1.7998049256874293
1.8025550096133305
1.8045550706503495
1.805555101168859
1.804805078279977
1.8040550553910948
1.8016799829096348
1.7990549027985472
1.7948047730948822
1.7899296243171485
1.7851794793542284
1.7784292733542895
1.771804071169164
1.7641788384655293
1.755553575243385
1.7470533158360546
1.7376780297250283
1.7278027283547472
1.7178024231696525
1.708052125614185
1.6976768089846492
1.6875514999847407
1.6774261909848323
1.6670508743552965
1.6575505844294565
1.6475502792443617
1.63867500839259
1.6294247260963775
1.6205494552446058
1.6131742301705987
1.6067990356151007
1.5996738181707206
1.5937986388744774
1.5892985015411847
1.5851733756523332
1.582048280281991
1.579673207800531
1.5784231696523943
1.5780481582079533
1.578923184911649
1.5806732383190405
1.584423352763451
1.588423474837489
1.5937986388744774
1.5996738181707206
1.6064240241706595
1.613424237800226
1.6211744743186742
1.6294247260963775
1.6380499893185219
1.6469252601702933
1.6553005157628102
1.6631757560960723
1.670800988799707
1.6768011719107638
1.6821763359477524
1.685926450392163
1.6889265419476913
1.6898015686513872
1.690301583910642
1.6888015381328776
1.6868014770958586
1.6820513321329387
1.6766761680959503
1.669675954466384
1.6620507217627492
1.6529254432813503
1.6441751762443924
1.6339248634296701
1.624049562059389
1.6140492568742943
1.603173924985504
1.5935486312448501
1.5836733298745689
1.5734230170598467
1.5632977080599384
1.5540474257637258
1.5429220862453077
1.5299216895046848
1.516296273689993
1.4997957701345868
1.4824202398754844
1.462794640949736
1.4435440534684285
1.4254185003204445
1.4094180120242927
1.4005427411725213
1.4032928250984222
1.41916830957976
1.451794305246132
1.5019208349864193
1.569422894985809
1.6541754814294871
1.754053529465621
1.8679320047608874
1.98268550675985
2.087688711203345
2.170191228980377
2.222692831202124
2.243443464461196
2.224567888424329
2.163941038239692
2.071688222907193
1.9585597705008089
1.8391811273537402
1.7206775109103671
1.611424176763207
1.5196713766899625
1.4465441450239571
1.3952925809503465
1.3664166997283853
1.3556663716544084
1.3577914365062411
1.3700418103579821
1.390292428357799
1.4131681264687033
1.4386689046906949
1.4640446790978727
1.487795403912473
1.5076710104678488
1.5235464949491868
1.5371719107638784
1.547547227393414
1.5556724753563036
1.5635477156895659
1.5711729483932007
1.5777981505783258
1.5847983642078922
1.5920485854670858
1.5996738181707206
1.6085490890224923
1.6179243751335184
1.6270496536149175
1.6361749320963164
1.645925229651784
1.6555505233924375
1.6654258247627187
1.6759261452070682
1.6856764427625355
1.6956767479476302
1.7065520798364209
1.7160523697622607
1.725927671132542
1.735802972502823
1.7449282509842219
1.754053529465621
1.7623037812433242
1.7704290292062137
1.777054231391339
1.7834294259468366
1.7890545976134526
1.7943047578356275
1.7981798760948515
1.801554979094821
1.8040550553910948
1.805180089724418
1.805180089724418
1.8046800744651632
1.802805017242958
1.8000549333170568
1.7959298074282053
1.7919296853541673
1.7871795403912474
1.780554338206122
1.7740541398358105
1.7673039338358714
1.759178685872982
1.7506784264656514
1.7411781365398113
1.7319278542435987
1.7220525528733177
1.712052247688223
1.702551957762383
1.6921766411328472
1.6816763206884975
1.6719260231330302
1.6616757103183082
1.651800408948027
1.6423001190221869
1.633549851985229
1.6242995696890163
1.616549333170568
1.6086740928373058
1.6024239020966218
1.596298715170751
1.5912985625782037
1.5865484176152838
1.5827983031708732
1.5805482345042268
1.5785481734672078
1.5780481582079533
1.5784231696523943
1.579673207800531
1.5827983031708732
1.5862984099856563
1.5915485702078311
1.5965487228003785
1.6034239326151312
1.6100491348002564
1.6181743827631458
1.6262996307260353
1.634424878688925
1.643050141911069
1.6516754051332134
1.6594256416516617
1.6675508896145512
1.6744260994293039
1.6798012634662924
1.6844264046143986
1.6879265114291817
1.6898015686513872
1.6901765800958282
1.6899265724662007
1.6879265114291817
1.683926389355144
1.6788012329477828
1.6729260536515398
1.665300820947905
1.6566755577257606
1.6476752830591754
1.6385500045777766
1.6286747032074953
1.6186743980224005
1.6085490890224923
1.5975487533188881
1.5876734519486069
1.5780481582079533
1.5671728263191627
1.5580475478377636
1.5476722312082278
1.5359218726157415
1.5220464491714225
1.5070459913937804
1.489420453505051
1.4707948850978119
1.4514192938016908
1.4322937101351971
1.4151681875057223
1.4035428327280495
1.4012927640614032
1.409793023468734
1.4354188055055392
1.4777950987273782
1.5382969450972015
1.6155493026520584
1.709177159947508
1.8176804712057864
1.933058992278817
2.044312387462996
2.13706521805475
2.2039422589800712
2.2371932737205116
2.2391933347575304
2.1951919919431133
2.11431452375866
2.008561296426283
1.890682699056978
1.7708040406506547
1.6571755729850153
1.557797540208136
1.4752950224311043
1.4141681569872129
1.3762920010986663
1.3579164403210546
1.3551663563951537
1.3635416119876704
1.3806671346171453
1.4032928250984222
1.4280435804315317
1.4534193548387098
1.4781701101718194
1.4999207739494005
1.5171713003936889
1.5315467390972626
1.5434221015045624
1.5522973723563342
1.5604226203192237
1.5680478530228583
1.5744230475783563
1.5815482650227364
1.5891734977263712
1.596798730430006
1.6047989745780817
1.613424237800226
1.6225495162816248
1.6320498062074649
1.6413000885036775
1.6515504013183995
1.6614257026886807
1.6709259926145208
1.681551316873684
1.6915516220587787
1.7015519272438735
1.7115522324289683
1.7224275643177587
1.7313028351695303
1.741678151799066
1.7508034302804651
1.7589286782433546
1.7665539109469892
1.7736791283913693
1.7809293496505632
1.7864295175023652
1.7915546739097263
1.7968048341319012
1.8001799371318705
1.802805017242958
1.8050550859096042
1.8053050935392316
1.8045550706503495
1.8041800592059083
1.8013049714651936
1.7978048646504103
1.7939297463911863
1.7888045899838252
1.783679433576464
1.777054231391339
1.7700540177617725
1.7625537888729514
1.7543035370952484
1.7454282662434768
1.7359279763176367
1.7264276863917967
1.7160523697622607
1.706052064577166
1.6963017670216987
1.6860514542069764
1.6760511490218817
1.6658008362071597
1.6561755424665061
1.6464252449110386
1.6369249549851985
1.628049684133427
1.6201744438001648
1.6120491958372754
1.605048982207709
1.5985487838373975
1.5937986388744774
1.5882984710226753
1.58404834131901
1.580923245948668
1.5794232001709037
1.5781731620227668
1.5784231696523943
1.579673207800531
1.5815482650227364
1.5849233680227057
1.5890484939115572
1.594798669392987
1.6005488448744163
1.6066740318002868
1.614549272133549
1.6226745200964385
1.6305497604297006
1.6393000274666587
1.6481752983184301
1.6561755424665061
1.6640507827997681
1.6714260078737755
1.6773011871700187
1.682676351207007
1.686301461836604
1.6893015533921325
1.6901765800958282
1.6904265877254554
1.6891765495773186
1.6858014465773492
1.6809262977996156
1.6759261452070682
1.6685509201330608
1.6606756797997986
1.6521754203924681
1.643050141911069
1.6325498214667196
1.6227995239112523
1.6126742149113438
1.6022988982818078
1.592423596911527
1.5819232764671776
1.5722979827265235
1.5625476851710562
1.5522973723563342
1.5410470290231024
1.5280466322824793
1.5140462050233467
1.4972956938383128
1.4799201635792107
1.4601695608386487
1.4407939695425276
1.4237934507278664
1.4080429700613422
1.4007927488021485
1.4047928708761863
1.4227934202093568
1.4572944730979338
1.5092960600604266
1.5795482039857174
1.6659258400219734
1.7685539719840082
1.8829324625385297
1.997685964537492
2.0996890774254586
2.1793165074617757
2.2269429609057894
2.2436934720908233
2.218442701498459
2.153065706350902
2.0574377880184334
1.9430592974639118
1.8229306314279612
1.7058020569475387
1.599548814355907
1.5085460371715445
1.4381688894314402
1.3904174321726128
1.3640416272469253
1.3549163487655262
1.3586664632099368
1.3719168675801874
1.392667500839259
1.4165432294686728
1.4421690115054782
1.4672947782830286
1.4904204840235602
1.5100460829493088
1.525796563615833
1.5385469527268287
1.5482972502822963
1.5570475173192542
1.5649227576525162
1.5717979674672689
1.5785481734672078
1.5855483870967744
1.5932986236152227
1.6009238563188575
1.6095491195410014
1.6187994018372145
1.628049684133427
1.6371749626148258
1.6473002716147345
1.656925565355388
1.667300881984924
1.6769261757255778
1.6869264809106725
1.6970517899105808
1.706927091280862
1.7173024079103976
1.7271777092806788
1.7366779992065189
1.7453032624286628
1.7548035523545031
1.7631788079470199
1.7709290444654684
1.7779292580950348
1.7841794488357188
1.7894296090578936
1.7945547654652547
1.7990549027985472
1.8016799829096348
1.8040550553910948
1.8054300973540451
1.8053050935392316
1.8044300668355358
1.8025550096133305
1.7998049256874293
1.796054811243019
1.7915546739097263
1.7868045289468062
1.7800543229468673
1.7735541245765558
1.7661788995025482
1.7581786553544725
1.7491783806878873
1.7403031098361157
1.7305528122806482
1.7214275337992493
1.710802209540086
1.7011769157994323
1.6908015991698966
1.6805512863551746
1.6706759849848933
1.660550675984985
1.6506753746147038
1.64105008087405
1.632299813837092
1.6234245429853207
1.6156743064668722
1.6084240852076785
1.6016738792077396
1.5955486922818691
1.5906735435041353
1.5861734061708426
1.5827983031708732
1.5801732230597858
1.5786731772820215
1.5777981505783258
1.5781731620227668
1.580048219244972
1.5831733146153144
1.5870484328745385
1.591923581652272
1.5975487533188881
1.6040489516891996
1.611424176763207
1.6190494094668417
1.627174657429731
1.635174901577807
1.643925168614765
1.6520504165776544
1.6619257179479354
1.6681759086886196
1.6744260994293039
1.6800512710959197
1.6853014313180945
1.6884265266884364
1.6900515762810144
1.690301583910642
1.6898015686513872
1.6874264961699272
1.6835513779107028
1.678676229132969
1.6725510422070986
1.6644257942442091
1.655800531022065
1.6469252601702933
1.6377999816888944
1.627299661244545
1.6171743522446362
1.6079240699484236
1.596298715170751
1.5866734214300973
1.57692312387463
1.5669228186895352
1.556672505874813
1.5470472121341592
1.5346718344676047
1.520296395764031
1.5049209265419476
1.4871703848384046
1.4689198278756064
1.449669240394299
1.4307936643574328
1.4145431684316538
1.4031678212836085
1.4016677755058444
1.4121680959501939
1.439043916135136
1.4825452436902982
1.5454221625415814
1.6244245735038303
1.719552476577044
1.8296808374279
1.9451843623157445
2.0549377117221597
2.1460654927213354
2.2090674153874326
2.239443342387158
2.2361932432020017
2.188191778313547
2.1044392223883785
1.9971859492782373
1.8786823328348643
1.758803674428541
1.6461752372814111
1.5482972502822963
1.4681698049867247
1.4094180120242927
1.3745419476912748
1.3571664174321727
1.356166386913663
1.3650416577654347
1.3825421918393506
1.4052928861354412
1.4305436567278056
1.456044434949797
1.4796701559495833
1.5015458235419783
1.5186713461714532
1.5324217658009582
1.5439221167638173
1.5529223914304024
1.561047639393292
1.5684228644672995
1.5751730704672384
1.5824232917264323
1.5896735129856259
1.5970487380596332
1.6055489974669637
1.614174260689108
1.6236745506149481
1.6327998290963468
1.6421751152073734
1.6524254280220954
1.6623007293923764
1.6723010345774711
1.6825513473921934
1.6924266487624744
1.7023019501327556
1.7125522629474779
1.7224275643177587
1.7324278695028534
1.7419281594286935
1.751178441724906
1.7594286935026096
1.7673039338358714
1.773804132206183
1.7814293649098176
1.7871795403912474
1.792429700613422
1.7965548265022737
1.8005549485763115
1.8030550248725852
1.8050550859096042
1.805555101168859
1.8045550706503495
1.80355504013184
1.8014299752800074
1.7978048646504103
1.7936797387615588
1.7886795861690117
1.782554399243141
1.7769292275765252
1.7694289986877043
1.7616787621692556
1.7546785485396894
1.7448032471694084
1.735427961058382
1.7254276558732873
1.7153023468733786
1.705677053132725
1.6955517441328165
1.6851764275032808
1.6753011261329998
1.6650508133182775
1.655425519577624
1.6455502182073427
1.636674947355571
1.6274246650593585
1.618924405652028
1.612174199652089
1.605048982207709
1.59829877620777
1.5931736198004092
1.5885484786523028
1.584423352763451
1.5810482497634815
1.57929819635609
1.5781731620227668
1.5779231543931396
1.5794232001709037
1.5819232764671776
1.5851733756523332
1.5896735129856259
1.595173680837428
1.6014238715781122
1.608174077578051
1.6152992950224312
1.623299539170507
1.6312997833185827
1.6401750541703544
1.6489253212073123
1.656550553910947
1.6646758018738366
1.6728010498367258
1.677926206244087
1.6831763664662618
1.686676473281045
1.6891765495773186
1.6900515762810144
1.690301583910642
1.6881765190588092
1.6855514389477217
1.6801762749107334
1.6760511490218817
1.6681759086886196
1.659800653096103
1.6506753746147038
1.6414250923184912
1.63154979094821
1.6219244972075564
1.6120491958372754
1.6016738792077396
1.5912985625782037
1.581298257393109
1.5712979522080142
1.5616726584673606
1.5511723380230111
1.5407970213934752
1.5276716208380383
1.5129211706900234
1.4959206518753625
1.4786701254310741
1.4584195074312571
1.4397939390240182
1.4217933896908477
1.4074179509872737
1.4006677449873348
1.4051678823206275
1.4246684774315623
1.4601695608386487
1.5140462050233467
1.5842983489486373
1.6728010498367258
1.7763042085024567
1.890682699056978
2.004811181981872
2.105189245277261
2.183191625721
2.228693014313181
2.2435684682760093
2.2156926175725578
2.1484405652027956
2.0504375743888668
1.9353090609454635
1.8155554063539538
1.6984268318735312
1.592423596911527
1.5034208807641836
1.434668782616657
1.387917355876339
1.3626665852839748
1.3546663411358988
1.3591664784691917
1.3734169133579517
1.3945425580614643
1.4184182866908779
1.4436690572832422
1.4689198278756064
1.4919205298013245
1.5110461134678184
1.5267965941343424
1.53892196417127
1.5482972502822963
1.5574225287636951
1.565422772911771
1.57217297891171
1.5782981658375803
1.5859233985412151
1.5935486312448501
1.6015488753929257
1.6099241309854426
1.6192994170964692
1.628049684133427
1.637924985503708
1.6476752830591754
1.6571755729850153
1.6666758629108556
1.6773011871700187
1.6875514999847407
1.697426801355022
1.707677114169744
1.7179274269844662
1.7278027283547472
1.737428022095401
1.7464282967619862
1.755553575243385
1.763553819391461
1.7711790520950956
1.7783042695394757
1.7844294564653462
1.7898046205023346
1.7950547807245094
1.7990549027985472
1.8018049867244483
1.8040550553910948
1.805555101168859
1.8053050935392316
1.8041800592059083
1.8024300057985168
1.7994299142429884
1.7951797845393231
1.7914296700949126
1.7861795098727378
1.7800543229468673
1.7730541093173011
1.7656788842432936
1.7573036286507766
1.7488033692434461
1.739303079317606
1.7300527970213935
1.7200524918362987
1.7103021942808314
1.7003018890957367
1.6899265724662007
1.6804262825403606
1.670050965910825
1.6601756645405439
1.6498003479110082
1.640675069429609
1.632299813837092
1.6225495162816248
1.61492428357799
1.6076740623187964
1.60067384868923
1.5950486770226142
1.5901735282448806
1.5854233832819604
1.5821732840968048
1.5799232154301586
1.5782981658375803
1.5779231543931396
1.5781731620227668
1.580923245948668
1.5839233375041963
1.5869234290597247
1.592423596911527
1.5989237952818385
1.6045489669484543
1.6111741691335797
1.6194244209112827
1.627299661244545
1.6360499282815029
1.644675191503647
1.6530504470961638
1.6613006988738672
1.669300943021943
1.6753011261329998
1.6805512863551746
1.685051423688467
1.6886765343180639
1.6900515762810144
1.6900515762810144
1.6886765343180639
1.686676473281045
1.6829263588366346
1.6780512100589007
1.6715510116885892
1.6641757866145819
1.655425519577624
1.645925229651784
1.636674947355571
1.6261746269112216
1.6162993255409406
1.6065490279854733
1.5960487075411238
1.5859233985412151
1.5761731009857478
1.5656727805413984
1.5561724906155583
1.5455471663563953
1.5335468001342816
1.519796380504776
1.504045899838252
1.4859203466902677
1.4672947782830286
1.448169194616535
1.429543626209296
1.4130431226538895
1.4016677755058444
1.4011677602465895
1.4139181493575854
1.4422940153202919
1.4876704000976593
1.5505473189489425
1.6314247871333964
1.727927732169561
1.8381810968352306
1.95418463698233
2.0620629291665393
2.1519406720175787
2.2126925260170296
2.2408183843501086
2.2340681783501695
2.183066621906186
2.096313974425489
1.9880606707968382
1.868932035279397
1.7491783806878873
1.6376749778740807
1.5417970519119846
1.4629196447645496
1.4059179052095097
1.3719168675801874
1.3566664021729178
1.3551663563951537
1.3662916959135716
1.384292245246742
1.4071679433576463
1.4321687063203834
1.458044495986816
1.4820452284310435
1.5030458693197426
1.520296395764031
1.5340468153935363
1.5446721396526994
1.553922421948912
1.561797662282174
1.5691728873561817
1.5752980742820522
1.5830483108005005
1.590423535874508
1.5984237800225838
1.606174016541032
1.6154242988372447
1.6242995696890163
1.6334248481704154
1.6433001495406965
1.6533004547257912
1.6630507522812585
1.6728010498367258
1.6834263740958892
1.6933016754661703
1.702926969206824
1.7136772972808008
1.723927610095523
1.7335529038361768
1.7426781823175757
1.7519284646137883
1.7598037049470505
1.7680539567247535
1.7751791741691336
1.7814293649098176
1.7878045594653156
1.7934297311319314
1.7969298379467147
1.800429944761498
1.8034300363170261
1.8058051087984863
1.8056801049836726
1.8049300820947904
1.8030550248725852
1.8009299600207527
1.797554857020783
1.7926797082430495
1.7885545823541977
1.7826794030579547
1.7764292123172705
1.7700540177617725
1.7616787621692556
1.7525534836878567
1.7439282204657125
1.734302926725059
1.7245526291695914
1.7149273354289376
1.704927030243843
1.6941767021698662
1.6841763969847714
1.6740510879848627
1.6643007904293954
1.6544254890591144
1.6451752067629017
1.6356749168370617
1.6267996459852903
1.618549394207587
1.6107991576891385
1.6039239478743859
1.5975487533188881
1.5917985778374584
1.588048463393048
1.58404834131901
1.5815482650227364
1.5786731772820215
1.5781731620227668
1.5776731467635121
1.579673207800531
1.582048280281991
1.585298379467147
1.5894235053559984
1.595173680837428
1.601048860133671
1.6084240852076785
1.6156743064668722
1.6237995544297616
1.6329248329111608
1.6409250770592365
1.649050325022126
1.6574255806146427
1.6651758171330913
1.6725510422070986
1.6783012176885281
1.6835513779107028
1.6864264656514176
1.689426557206946
1.6911766106143375
1.6901765800958282
1.689051545762505
1.6851764275032808
1.6804262825403606
1.6745511032441176
1.667300881984924
1.6596756492812892
1.6509253822443313
1.6409250770592365
1.631174779503769
1.6210494705038605
1.6119241920224616
1.6007988525040437
1.590298532059694
1.5806732383190405
1.5706729331339457
1.5607976317636647
1.5509223303933837
1.5399219946897795
1.5264215826899015
1.511546128727073
1.4950456251716666
1.4760450453199865
1.4570444654683066
1.4379188818018127
1.4202933439130834
1.4062929166539506
1.4001677297280801
1.406542924283578
1.4270435499130223
1.4645446943571276
1.5186713461714532
1.591923581652272
1.6810513016144293
1.7853044831690421
1.9009330118717003
2.014311471907712
2.113689504684591
2.1884417859431746
2.2313180944242683
2.2433184606463823
2.210942472609638
2.1400653096102786
2.0408122806482134
1.9250587481307413
1.8044300668355358
1.6889265419476913
1.5841733451338236
1.4969206823938719
1.4292936185796687
1.3849172643208107
1.361416547135838
1.3547913449507127
1.3604165166173285
1.375166966765343
1.3964176152836694
1.420793359172338
1.4461691335795162
1.4710448927274393
1.4934205755790888
1.5124211554307687
1.5275466170232246
1.5397969908749656
1.5497972960600603
1.5581725516525773
1.5652977690969574
1.5726729941709647
1.580048219244972
1.5866734214300973
1.5944236579485458
1.6025489059114353
1.6109241615039522
1.6199244361705374
1.6290497146519365
1.6384250007629628
1.6488003173924985
1.658550614947966
1.6683009125034334
1.6783012176885281
1.6879265114291817
1.6984268318735312
1.7084271370586261
1.7186774498733484
1.7289277626880704
1.7381780449842832
1.7479283425397505
1.7561785943174535
1.7644288460951567
1.772179082613605
1.778679280983917
1.785679494613483
1.7903046357615895
1.7946797692800684
1.8000549333170568
1.8024300057985168
1.8043050630207222
1.8054300973540451
1.8054300973540451
1.804805078279977
1.8019299905392623
1.7991799066133611
1.7950547807245094
1.790929654835658
1.785679494613483
1.7794293038727989
1.7724290902432325
1.7649288613544114
1.7579286477248453
1.7475533310953093
1.7388030640583514
1.7293027741325113
1.7191774651326028
1.7094271675771355
1.698926847132786
1.6893015533921325
1.6789262367625966
1.669675954466384
1.6591756340220343
1.649425336466567
1.6398000427259134
1.6310497756889553
1.6221745048371838
1.6136742454298534
1.6072990508743554
1.6001738334299753
1.594798669392987
1.5901735282448806
1.5857983947264016
1.5821732840968048
1.579673207800531
1.5785481734672078
1.5776731467635121
1.578923184911649
1.5807982421338542
1.5834233222449416
1.5875484481337934
1.5931736198004092
1.598798791467025
1.6052989898373364
1.6124242072817165
