1.6302997528000733
1.627174657429731
1.6244245735038303
1.6219244972075564
1.6187994018372145
1.6161743217261269
1.6147992797631765
1.611424176763207
1.6085490890224923
1.6066740318002868
1.6047989745780817
1.6029239173558765
1.601173863948485
1.5996738181707206
1.5975487533188881
1.5960487075411238
1.594298654133732
1.592798608355968
1.5910485549485762
1.590423535874508
1.5886734824671163
1.587923459578234
1.5877984557634206
1.5862984099856563
1.5851733756523332
1.5835483260597554
1.5825482955412458
1.5824232917264323
1.5815482650227364
1.581298257393109
1.5804232306894133
1.5807982421338542
1.5797982116153446
1.5799232154301586
1.5791731925412764
1.5787981810968352
1.578923184911649
1.5777981505783258
1.5772981353190711
1.5775481429486986
1.5772981353190711
1.5772981353190711
1.5771731315042574
1.5772981353190711
1.5777981505783258
1.5770481276894437
1.5764231086153753
1.5772981353190711
1.57692312387463
1.576548112430189
1.576548112430189
1.57692312387463
1.5770481276894437
1.5771731315042574
1.5776731467635121
1.5772981353190711
1.5767981200598165
1.5781731620227668
1.57692312387463
1.5772981353190711
1.5776731467635121
1.5771731315042574
1.5780481582079533
1.5779231543931396
1.5787981810968352
1.5790481887264625
1.5784231696523943
1.5790481887264625
1.5784231696523943
1.5786731772820215
1.57929819635609
1.5790481887264625
1.579673207800531
1.5797982116153446
1.5801732230597858
1.5802982268745993
1.5801732230597858
1.5805482345042268
1.5804232306894133
1.5804232306894133
1.580923245948668
1.5814232612079226
1.5814232612079226
1.58167326883755
1.582048280281991
1.5824232917264323
1.5825482955412458
1.5824232917264323
1.5826732993560595
1.5826732993560595
1.582923306985687
1.582923306985687
1.5836733298745689
1.5837983336893826
1.5841733451338236
1.58404834131901
1.5837983336893826
1.5841733451338236
1.5845483565782648
1.5841733451338236
1.5847983642078922
1.5856733909115879
1.5851733756523332
1.5855483870967744
1.586048402356029
1.58642341380047
1.586048402356029
1.5861734061708426
1.58642341380047
1.58642341380047
1.5869234290597247
1.5870484328745385
1.5869234290597247
1.5871734366893522
1.5876734519486069
1.5881734672078616
1.587923459578234
1.587923459578234
1.5882984710226753
1.588423474837489
1.5882984710226753
1.5890484939115572
1.5889234900967437
1.5894235053559984
1.5896735129856259
1.5900485244300668
1.589923520615253
1.5897985168004394
1.589923520615253
1.5900485244300668
1.5900485244300668
1.5901735282448806
1.5906735435041353
1.5910485549485762
1.5916735740226449
1.5914235663930174
1.591923581652272
1.5911735587633902
1.5916735740226449
1.592423596911527
1.591923581652272
1.591923581652272
1.5926736045411543
1.5929236121707817
1.592798608355968
1.5932986236152227
1.5932986236152227
1.5934236274300364
1.5931736198004092
1.5935486312448501
1.5934236274300364
1.5936736350596639
1.5936736350596639
1.594673665578173
1.5944236579485458
1.594673665578173
1.594798669392987
1.5950486770226142
1.5950486770226142
1.5952986846522417
1.5950486770226142
1.595173680837428
1.596298715170751
1.5957986999114964
1.5957986999114964
1.5964237189855648
1.5970487380596332
1.596673726615192
1.596673726615192
1.5964237189855648
1.596298715170751
1.5969237342448195
1.5972987456892607
1.5974237495040742
1.5974237495040742
1.5975487533188881
1.5977987609485154
1.5980487685781428
1.5976737571337016
1.59829877620777
1.5981737723929563
1.5984237800225838
1.5984237800225838
1.598798791467025
1.5989237952818385
1.5999238258003479
1.5997988219855341
1.5989237952818385
1.5997988219855341
1.5994238105410932
1.5997988219855341
1.5992988067262794
1.5999238258003479
1.5997988219855341
1.6001738334299753
1.601048860133671
1.601173863948485
1.601048860133671
1.6012988677632984
1.6012988677632984
1.6014238715781122
1.6016738792077396
1.6019238868373669
1.6024239020966218
1.6025489059114353
1.60304892117069
1.6032989288003174
1.6035489364299447
1.6040489516891996
1.6040489516891996
1.6044239631336406
1.6040489516891996
1.6049239783928952
1.606174016541032
1.6064240241706595
1.6072990508743554
1.6085490890224923
1.6089241004669332
1.61017413861507
1.6111741691335797
1.6122992034669026
1.6130492263557847
1.6147992797631765
1.6164243293557543
1.6174243598742637
1.6195494247260964
1.6216744895779291
1.6236745506149481
1.625174596392712
1.6279246803186131
1.630049745170446
1.6321748100222786
1.634424878688925
1.6377999816888944
1.640675069429609
1.6435501571703237
1.6466752525406658
1.6503003631702629
1.6535504623554185
1.6570505691702018
1.660925687429426
1.6638007751701407
1.6675508896145512
1.6725510422070986
1.6773011871700187
1.681551316873684
1.686301461836604
1.6911766106143375
1.6953017365031893
1.7003018890957367
1.705677053132725
1.7103021942808314
1.7148023316141239
1.7201774956511124
1.7258026673177282
1.7298027893917662
1.735302957243568
1.7399280983916745
1.7443032319101537
1.7483033539841915
1.7519284646137883
1.7560535905026398
1.7594286935026096
1.7620537736136967
1.765803888058107
1.768303964354381
1.7708040406506547
1.7731791131321146
1.774679158909879
1.7759291970580158
1.777054231391339
1.7776792504654073
1.7775542466505936
1.7780542619098483
1.7778042542802208
1.7783042695394757
1.775429181798761
1.775429181798761
1.7748041627246927
1.771429059724723
1.7696790063173315
1.7664289071321757
1.7638038270210883
1.7611787469100009
1.7578036439100315
1.7538035218359938
1.7498033997619558
1.7463032929471725
1.7415531479842525
1.7368030030213324
1.7324278695028534
1.727927732169561
1.7224275643177587
1.717552415540025
1.712802270577105
1.7078021179845577
1.702551957762383
1.6984268318735312
1.6931766716513565
1.6876765037995543
1.6828013550218206
1.6780512100589007
1.6734260689107945
1.6686759239478743
1.665300820947905
1.6603006683553576
1.6556755272072514
1.6516754051332134
1.6480502945036166
1.6441751762443924
1.6411750846888638
1.6372999664296397
1.6340498672444839
1.6301747489852596
1.6274246650593585
1.625674611651967
1.6225495162816248
1.6199244361705374
1.6179243751335184
1.6160493179113133
1.6136742454298534
1.6124242072817165
1.611424176763207
1.6085490890224923
1.607424054689169
1.6071740470595417
1.6046739707632678
1.6042989593188268
1.6036739402447586
1.6024239020966218
1.6021738944669943
1.601048860133671
1.6001738334299753
1.5990487990966522
1.599173802911466
1.598673787652211
1.5977987609485154
1.596673726615192
1.596798730430006
1.5950486770226142
1.5941736503189183
1.5929236121707817
1.5911735587633902
1.5885484786523028
1.5874234443189794
1.584423352763451
1.5810482497634815
1.5774231391338847
1.5732980132450332
1.5680478530228583
1.5621726737266153
1.554672444837794
1.54842225409711
1.5414220404675436
1.5335468001342816
1.5264215826899015
1.5189213538010804
1.5125461592455824
1.5066709799493394
1.5014208197271646
1.4977957090975678
1.4954206366161078
1.496045655690176
1.4986707358012636
1.504045899838252
1.513921201208533
1.5259215674306468
1.5419220557267983
1.5625476851710562
1.5869234290597247
1.6162993255409406
1.6506753746147038
1.689051545762505
1.7311778313547166
1.7775542466505936
1.8274307687612537
1.8794323557237465
1.9331839960936308
1.9871856440931426
2.0413122959074683
2.092813867610706
2.140940336313974
2.184816675313578
2.222942838831752
2.2529437543870356
2.2749444257942444
2.2884448377941218
2.285444746238594
2.2651941282387766
2.250443678090762
2.225567918942839
2.193316934720908
2.152565691091647
2.105439252906888
2.053062654499954
1.9983109836115605
1.940309213538011
1.8814324167607654
1.8244306772057253
1.7681789605395672
1.7140523087252417
1.6623007293923764
1.61492428357799
1.5716729636524553
1.5330467848750269
1.4994207586901458
1.4712949003570666
1.4476691793572802
1.4291686147648548
1.4155431989501632
1.4059179052095097
1.4002927335428939
1.3986676839503158
1.401417767876217
1.4062929166539506
1.412918118839076
1.4229184240241708
1.4327937253944516
1.4446690878017519
1.4571694692831203
1.468419812616352
1.480295175023652
1.4920455336161382
1.5027958616901151
1.5130461745048374
1.521796441541795
1.5302967009491257
1.5379219336527605
1.5435471053193763
1.5492972808008056
1.5549224524674214
1.557797540208136
1.5607976317636647
1.563797723319193
1.5660477919858395
1.5679228492080448
1.5699229102450638
1.5712979522080142
1.5726729941709647
1.5732980132450332
1.5742980437635425
1.5750480666524247
1.5751730704672384
1.5756730857264931
1.5762981048005615
1.5761731009857478
1.5766731162450025
1.57692312387463
1.5775481429486986
1.5782981658375803
1.5791731925412764
1.579673207800531
1.5804232306894133
1.5805482345042268
1.58167326883755
1.5830483108005005
1.5830483108005005
1.584423352763451
1.5854233832819604
1.5859233985412151
1.5877984557634206
1.5896735129856259
1.5895485091708121
1.5910485549485762
1.592423596911527
1.5934236274300364
1.595173680837428
1.596798730430006
1.59829877620777
1.5999238258003479
1.6017988830225531
1.603173924985504
1.6045489669484543
1.6062990203558458
1.6086740928373058
1.6110491653187657
1.6126742149113438
1.6146742759483628
1.6174243598742637
1.6199244361705374
1.6226745200964385
1.6250495925778985
1.6274246650593585
1.6299247413556321
1.6327998290963468
1.6357999206518754
1.6388000122074038
1.6423001190221869
1.6455502182073427
1.6483003021332439
1.6523004242072816
1.655800531022065
1.6594256416516617
1.6621757255775629
1.6666758629108556
1.6701759697256386
1.6740510879848627
1.6784262215033416
1.6821763359477524
1.6869264809106725
1.691051606799524
1.695426740318003
1.7000518814661092
1.704927030243843
1.7094271675771355
1.7135522934659873
1.7178024231696525
1.7225525681325726
1.7276777245399335
1.7328028809472946
1.7369280068361461
1.7420531632435072
1.7470533158360546
1.752053468428602
1.7558035828730125
1.7611787469100009
1.7653038727988526
1.7704290292062137
1.7748041627246927
1.7796793115024263
1.7841794488357188
1.7891796014282664
1.7930547196874904
1.7970548417615282
1.8016799829096348
1.8058051087984863
1.8096802270577106
1.813430341502121
1.8175554673909728
1.8215555894650106
1.8248056886501665
1.8284307992797633
1.831680898464919
1.8343059785760063
1.8379310892056033
1.840431165501877
1.8429312417981507
1.8450563066499832
1.8481814020203253
1.8494314401684622
1.8514315012054812
1.8536815698721276
1.8551816156498917
1.8551816156498917
1.8563066499832148
1.857056672872097
1.857431684316538
1.8580567033906066
1.8576816919461654
1.8576816919461654
1.857431684316538
1.857056672872097
1.8559316385387736
1.8548066042054507
1.8536815698721276
1.851556505020295
1.8498064516129031
1.8476813867610706
1.8465563524277475
1.8444312875759148
1.8413061922055727
1.8389311197241127
1.8359310281685843
1.8326809289834285
1.8294308297982727
1.8255557115390486
1.8220556047242653
1.8180554826502273
1.814180364391003
1.810305246131779
1.8064301278725547
1.8020549943540758
1.7980548722800378
1.7933047273171179
1.7888045899838252
1.7846794640949737
1.7789292886135442
1.7736791283913693
1.7689289834284494
1.7643038422803432
1.7596787011322368
1.7546785485396894
1.7499284035767695
1.7444282357249672
1.739803094576861
1.735302957243568
1.7296777855769523
1.7244276253547777
1.719927488021485
1.7146773277993104
1.710052186651204
1.7054270455030978
1.7015519272438735
1.6963017670216987
1.691051606799524
1.6868014770958586
1.6824263435773796
1.677551194799646
1.6733010650959808
1.6694259468367565
1.6650508133182775
1.6613006988738672
1.6576755882442702
1.6530504470961638
1.6500503555406356
1.6463002410962249
1.6424251228370008
1.6385500045777766
1.6361749320963164
1.632299813837092
1.629674733726005
1.6261746269112216
1.6239245582445754
1.6210494705038605
1.618549394207587
1.6161743217261269
1.6130492263557847
1.6106741538743248
1.6087990966521197
1.606174016541032
1.6047989745780817
1.602673909726249
1.60067384868923
1.5994238105410932
1.597173741874447
1.595173680837428
1.594298654133732
1.592798608355968
1.5910485549485762
1.5895485091708121
1.5889234900967437
1.5882984710226753
1.5867984252449112
1.5866734214300973
1.5849233680227057
1.58404834131901
1.5830483108005005
1.5825482955412458
1.5822982879116183
1.580923245948668
1.580923245948668
1.5801732230597858
1.579673207800531
1.5804232306894133
1.578923184911649
1.5785481734672078
1.5784231696523943
1.5776731467635121
1.57692312387463
1.5780481582079533
1.5771731315042574
1.5770481276894437
1.5770481276894437
1.5775481429486986
1.5767981200598165
1.5766731162450025
1.5761731009857478
1.5774231391338847
1.576548112430189
1.576548112430189
1.57692312387463
1.57692312387463
1.57692312387463
1.5767981200598165
1.5771731315042574
1.5770481276894437
1.5776731467635121
1.5774231391338847
1.57692312387463
1.5780481582079533
1.5774231391338847
1.5781731620227668
1.5779231543931396
1.5779231543931396
1.5785481734672078
1.5781731620227668
1.5784231696523943
1.5794232001709037
1.5787981810968352
1.5787981810968352
1.5785481734672078
1.5795482039857174
1.57929819635609
1.5797982116153446
1.5802982268745993
1.5802982268745993
1.5804232306894133
1.580923245948668
1.5804232306894133
1.580923245948668
1.5814232612079226
1.5810482497634815
1.5811732535782954
1.58167326883755
1.5824232917264323
1.5826732993560595
1.5821732840968048
1.5825482955412458
1.5825482955412458
1.5824232917264323
1.5826732993560595
1.5834233222449416
1.5831733146153144
1.5835483260597554
1.5846733603930783
1.5841733451338236
1.583298318430128
1.5841733451338236
1.5846733603930783
1.5841733451338236
1.5850483718375195
1.5847983642078922
1.5851733756523332
1.5855483870967744
1.5862984099856563
1.5862984099856563
1.5859233985412151
1.5862984099856563
1.5866734214300973
1.5857983947264016
1.5867984252449112
1.587298440504166
1.5871734366893522
1.5874234443189794
1.5876734519486069
1.5881734672078616
1.5876734519486069
1.5882984710226753
1.588423474837489
1.5881734672078616
1.5881734672078616
1.588423474837489
1.5890484939115572
1.5894235053559984
1.5900485244300668
1.589923520615253
1.5897985168004394
1.5897985168004394
1.5900485244300668
1.5895485091708121
1.5901735282448806
1.5905485396893215
1.5911735587633902
1.5909235511337627
1.5914235663930174
1.5914235663930174
1.591923581652272
1.5921735892818996
1.5920485854670858
1.5917985778374584
1.5934236274300364
1.5920485854670858
1.5925486007263405
1.592798608355968
1.592798608355968
1.5930486159855952
1.5934236274300364
1.5932986236152227
1.5930486159855952
1.5936736350596639
1.5926736045411543
1.5939236426892909
1.5935486312448501
1.5941736503189183
1.5945486617633595
1.5949236732078005
1.5950486770226142
1.5949236732078005
1.5945486617633595
1.5954236884670552
1.594798669392987
1.5954236884670552
1.5960487075411238
1.5956736960966826
1.596298715170751
1.596798730430006
1.5964237189855648
1.5964237189855648
1.596673726615192
1.5965487228003785
1.5961737113559373
1.5970487380596332
1.597173741874447
1.5976737571337016
1.5974237495040742
1.5977987609485154
1.5980487685781428
1.5974237495040742
1.5981737723929563
1.5977987609485154
1.5981737723929563
1.5976737571337016
1.5977987609485154
1.598673787652211
1.59829877620777
1.599173802911466
1.599548814355907
1.5990487990966522
1.5999238258003479
1.5994238105410932
1.6001738334299753
1.5999238258003479
1.599548814355907
1.6005488448744163
1.6005488448744163
1.60067384868923
1.601048860133671
1.6007988525040437
1.6016738792077396
1.6012988677632984
1.6016738792077396
1.6017988830225531
1.6019238868373669
1.6017988830225531
1.6024239020966218
1.603173924985504
1.6034239326151312
1.6034239326151312
1.6035489364299447
1.6037989440595721
1.6051739860225227
1.6044239631336406
1.605048982207709
1.6057990050965911
1.6062990203558458
1.607424054689169
1.6084240852076785
1.6092991119113744
1.61017413861507
1.6111741691335797
1.6122992034669026
1.6130492263557847
1.614174260689108
1.6162993255409406
1.6174243598742637
1.6196744285409101
1.6217994933927427
1.623299539170507
1.625299600207526
1.6270496536149175
1.6301747489852596
1.6319248023926511
1.6347998901333658
1.6377999816888944
1.64105008087405
1.6438001647999512
1.6471752677999205
1.6503003631702629
1.653800469985046
1.6574255806146427
1.6608006836146123
1.6643007904293954
1.6684259163182469
1.6726760460219123
1.6765511642811366
1.6816763206884975
1.6865514694662314
1.6911766106143375
1.695801751762444
1.7006769005401776
1.7055520493179113
1.7105522019104589
1.7156773583178198
1.7206775109103671
1.725927671132542
1.7305528122806482
1.735302957243568
1.7410531327249978
1.744553239539781
1.7475533310953093
1.7525534836878567
1.7561785943174535
1.7594286935026096
1.7625537888729514
1.7656788842432936
1.768303964354381
1.7706790368358412
1.7730541093173011
1.7745541550950652
1.776179204687643
1.777054231391339
1.7774292428357799
1.7778042542802208
1.7779292580950348
1.7779292580950348
1.777054231391339
1.7764292123172705
1.7749291665395062
1.773804132206183
1.7710540482802821
1.7691789910580769
1.7668039185766167
1.7629288003173924
1.7603037202063052
1.757178624835963
1.7534285103915526
1.749678395947142
1.745678273873104
1.7411781365398113
1.7366779992065189
1.732677877132481
1.7274277169103063
1.7221775566881314
1.7174274117252115
1.7126772667622914
1.7075521103549303
1.7026769615771966
1.6979268166142767
1.6933016754661703
1.6876765037995543
1.683051362651448
1.6783012176885281
1.6730510574663533
1.6686759239478743
1.6644257942442091
1.6603006683553576
1.6556755272072514
1.6519254127628407
1.6480502945036166
1.6443001800592059
1.640300057985168
1.6365499435407576
1.6329248329111608
1.630799768059328
1.6281746879482406
1.625174596392712
1.6224245124668113
1.6201744438001648
1.6181743827631458
1.6157993102816859
1.6136742454298534
1.6115491805780204
1.6104241462446975
1.6086740928373058
1.6072990508743554
1.606174016541032
1.6052989898373364
1.6040489516891996
1.6032989288003174
1.6024239020966218
1.6016738792077396
1.601048860133671
1.5997988219855341
1.599173802911466
1.598798791467025
1.59829877620777
1.5976737571337016
1.5969237342448195
1.596298715170751
1.5952986846522417
1.5941736503189183
1.5929236121707817
1.5910485549485762
1.5889234900967437
1.5866734214300973
1.5846733603930783
1.5807982421338542
1.5772981353190711
1.5730480056154057
1.567797845393231
1.5612976470229194
1.555172460097049
1.5477972350230413
1.5404220099490342
1.5331717886898404
1.525796563615833
1.5191713614307079
1.5120461439863278
1.5062959685048982
1.5015458235419783
1.498045716727195
1.4955456404309213
1.4964206671346172
1.4986707358012636
1.504420911282693
1.5131711783196509
1.5267965941343424
1.5426720786156805
1.563047700430311
1.5881734672078616
1.6174243598742637
1.6520504165776544
1.6901765800958282
1.7324278695028534
1.778679280983917
1.8291808221686454
1.881182409131138
1.9341840266121404
1.988560686056093
2.0425623340556047
2.0939389019440293
2.141940366832484
2.185941709646901
2.223192846461379
2.2529437543870356
2.27581945249794
2.2886948454237497
2.2846947233497117
2.2641940977202673
2.249818659016694
2.225567918942839
2.191066866054262
2.1524406872768336
2.1039392071291236
2.0513126010925626
1.9963109225745415
1.9384341563158054
1.8813074129459517
1.8234306466872157
1.7671789300210579
1.7126772667622914
1.6608006836146123
1.6147992797631765
1.5707979369487595
1.5321717581713308
1.4989207434308909
1.4701698660237434
1.447294167912839
1.4286685995056
1.4154181951353497
1.4060429090243234
1.4006677449873348
1.399417706839198
1.401417767876217
1.4056678975798824
1.413293130283517
1.4225434125797296
1.4340437635425884
1.4450440992461928
1.4570444654683066
1.4687948240607929
1.4807951902829066
1.492545548875393
1.5027958616901151
1.51279616687521
1.5219214453566088
1.5304217047639395
1.537671926023133
1.5441721243934445
1.5496722922452468
1.553922421948912
1.557797540208136
1.561047639393292
1.563797723319193
1.565797784356212
1.568172856837672
1.5696729026154363
1.5717979674672689
1.572547990356151
1.5741730399487288
1.5742980437635425
1.5754230780968657
1.5751730704672384
1.5755480819116796
1.5760480971709343
1.5762981048005615
1.5764231086153753
1.5780481582079533
1.5775481429486986
1.5780481582079533
1.5787981810968352
1.57929819635609
1.5794232001709037
1.5806732383190405
1.5811732535782954
1.58167326883755
1.5827983031708732
1.5837983336893826
1.5855483870967744
1.5865484176152838
1.5877984557634206
1.5889234900967437
1.5900485244300668
1.5912985625782037
1.592298593096713
1.5934236274300364
1.5949236732078005
1.5969237342448195
1.59829877620777
1.5997988219855341
1.6021738944669943
1.60304892117069
1.6047989745780817
1.6067990356151007
1.6084240852076785
1.6102991424298836
1.6129242225409712
1.61492428357799
1.6171743522446362
1.6199244361705374
1.6226745200964385
1.6254246040223395
1.6290497146519365
1.630049745170446
1.6330498367259743
1.635174901577807
1.6393000274666587
1.6425501266518143
1.6451752067629017
1.6485503097628713
1.6524254280220954
1.6561755424665061
1.6591756340220343
1.662800744651631
1.6661758476516009
1.670050965910825
1.6740510879848627
1.6780512100589007
1.6825513473921934
1.6874264961699272
1.6920516373180334
1.695801751762444
1.6999268776512955
1.704927030243843
1.7085521408734399
1.7135522934659873
1.7181774346140937
1.7228025757621999
1.7274277169103063
1.7325528733176672
1.7370530106509599
1.7423031708731347
1.7470533158360546
1.7515534531693473
1.7561785943174535
1.7606787316507462
1.7650538651692254
1.7703040253914
1.7750541703543201
1.780179326761681
1.7841794488357188
1.7890545976134526
1.7933047273171179
1.7979298684652243
1.8013049714651936
1.8061801202429273
1.809930234687338
1.8135553453169349
1.8176804712057864
1.8216805932798243
1.8248056886501665
1.8286808069093905
1.83205590990936
1.8351810052797022
1.8378060853907896
1.840806176946318
1.8433062532425917
1.8455563219092381
1.8481814020203253
1.8499314554277169
1.8514315012054812
1.8533065584276864
1.8548066042054507
1.8563066499832148
1.8569316690572832
1.8571816766869107
1.8579316995757926
1.8575566881313517
1.85818170720542
1.8576816919461654
1.8575566881313517
1.8566816614276558
1.8559316385387736
1.8551816156498917
1.8528065431684317
1.8518065126499221
1.8499314554277169
1.8476813867610706
1.8455563219092381
1.8431812494277782
1.8411811883907592
1.8381810968352306
1.836431043427839
1.8324309213538013
1.8291808221686454
1.8256807153538621
1.8220556047242653
1.8178054750206
1.814180364391003
1.8113052766502884
1.8065551316873685
1.8018049867244483
1.7981798760948515
1.7931797235023041
1.7888045899838252
1.7835544297616506
1.7791792962431716
1.7729291055024872
1.7685539719840082
1.7644288460951567
1.7593036896877956
1.7545535447248757
1.7495533921323283
1.7448032471694084
1.73942808313242
1.7348029419843134
1.7293027741325113
1.7241776177251504
1.7198024842066715
1.7145523239844966
1.710052186651204
1.7053020416882838
1.700551896725364
1.6961767632068852
1.691051606799524
1.6861764580217904
1.6821763359477524
1.677926206244087
1.673176061281167
1.6695509506515702
1.6654258247627187
1.6610506912442398
1.657800592059084
1.6540504776146734
1.6499253517258217
1.6461752372814111
1.6423001190221869
1.63867500839259
1.6360499282815029
1.632299813837092
1.629674733726005
1.626424634540849
1.6239245582445754
1.6207994628742333
1.6180493789483323
1.616549333170568
1.6129242225409712
1.6104241462446975
1.6071740470595417
1.606174016541032
1.6049239783928952
1.6027989135410627
1.601048860133671
1.59829877620777
1.5975487533188881
1.5949236732078005
1.5940486465041048
1.592798608355968
1.5912985625782037
1.590423535874508
1.5889234900967437
1.588048463393048
1.5865484176152838
1.586048402356029
1.5849233680227057
1.58404834131901
1.5831733146153144
1.5824232917264323
1.5815482650227364
1.580923245948668
1.5806732383190405
1.5802982268745993
1.579673207800531
1.580048219244972
1.57929819635609
1.5784231696523943
1.5786731772820215
1.5781731620227668
1.5766731162450025
1.5774231391338847
1.5772981353190711
1.5772981353190711
1.5772981353190711
1.5774231391338847
1.5775481429486986
1.5767981200598165
1.5761731009857478
1.5766731162450025
1.5757980895413068
1.5759230933561206
1.5767981200598165
1.5770481276894437
1.5770481276894437
1.5774231391338847
1.57692312387463
1.5774231391338847
1.5771731315042574
1.5771731315042574
1.5766731162450025
1.5767981200598165
1.5774231391338847
1.5775481429486986
1.5776731467635121
1.5782981658375803
1.5786731772820215
1.5784231696523943
1.5781731620227668
1.5787981810968352
1.5785481734672078
1.5786731772820215
1.578923184911649
1.5794232001709037
1.5799232154301586
1.579673207800531
1.5804232306894133
1.580048219244972
1.5802982268745993
1.5805482345042268
1.5806732383190405
1.5805482345042268
1.5811732535782954
1.58167326883755
1.5815482650227364
1.5819232764671776
1.5821732840968048
1.5824232917264323
1.5824232917264323
1.5825482955412458
1.5827983031708732
1.5825482955412458
1.5826732993560595
1.583298318430128
1.5830483108005005
1.5835483260597554
1.5839233375041963
1.58404834131901
1.5842983489486373
1.5845483565782648
1.5845483565782648
1.5845483565782648
1.5847983642078922
1.5854233832819604
1.585298379467147
1.5850483718375195
1.5861734061708426
1.5857983947264016
1.5861734061708426
1.5855483870967744
1.5862984099856563
1.5866734214300973
1.5870484328745385
1.5870484328745385
1.5867984252449112
1.5876734519486069
1.587923459578234
1.5885484786523028
1.587923459578234
1.5885484786523028
1.5885484786523028
1.588423474837489
1.5875484481337934
1.5885484786523028
1.5886734824671163
1.5894235053559984
1.5896735129856259
1.5897985168004394
1.5900485244300668
1.5900485244300668
1.5906735435041353
1.5900485244300668
1.5901735282448806
1.5905485396893215
1.5910485549485762
1.5909235511337627
1.5912985625782037
1.5916735740226449
1.5917985778374584
1.5921735892818996
1.5916735740226449
1.5916735740226449
1.591923581652272
1.592298593096713
1.592298593096713
1.5926736045411543
1.5932986236152227
1.5931736198004092
1.5940486465041048
1.5937986388744774
1.5934236274300364
1.5935486312448501
1.5930486159855952
1.5936736350596639
1.594298654133732
1.5941736503189183
1.5945486617633595
1.5954236884670552
1.5949236732078005
1.5944236579485458
1.594673665578173
1.5954236884670552
1.595173680837428
1.5950486770226142
1.5959237037263099
1.5965487228003785
1.5960487075411238
1.5969237342448195
1.596298715170751
1.5961737113559373
1.5979237647633289
1.5974237495040742
1.5964237189855648
1.596798730430006
1.5974237495040742
1.597173741874447
1.5975487533188881
1.5980487685781428
1.5980487685781428
1.5977987609485154
1.5972987456892607
1.5981737723929563
1.5980487685781428
1.59829877620777
1.598673787652211
1.599173802911466
1.5984237800225838
1.5992988067262794
1.5994238105410932
1.5992988067262794
1.5992988067262794
1.599548814355907
1.5996738181707206
1.599548814355907
1.5997988219855341
1.6001738334299753
1.5999238258003479
1.60067384868923
1.60067384868923
1.6012988677632984
1.6009238563188575
1.6012988677632984
1.6014238715781122
1.601048860133671
1.6017988830225531
1.602673909726249
1.6025489059114353
1.603173924985504
1.6035489364299447
1.6035489364299447
1.60304892117069
1.6040489516891996
1.6044239631336406
1.6045489669484543
1.6047989745780817
1.606174016541032
1.6066740318002868
1.607424054689169
1.6089241004669332
1.6091741080965607
1.6096741233558154
1.611424176763207
1.6120491958372754
1.6126742149113438
1.6146742759483628
1.6164243293557543
1.6182993865779596
1.6199244361705374
1.6219244972075564
1.6237995544297616
1.6257996154667806
1.6277996765037996
1.630424756614887
1.6320498062074649
1.635174901577807
1.638299996948149
1.6408000732444226
1.6438001647999512
1.647425275429548
1.6508003784295175
1.6536754661702324
1.6571755729850153
1.660550675984985
1.6654258247627187
1.6684259163182469
1.6725510422070986
1.6770511795403913
1.6823013397625661
1.6864264656514176
1.691426618243965
1.6964267708365124
1.700926908169805
1.7054270455030978
1.7103021942808314
1.715552354503006
1.7210525223548083
1.7254276558732873
1.7315528427991578
1.735302957243568
1.7400531022064882
1.744553239539781
1.7485533616138187
1.7528034913174841
1.7561785943174535
1.7593036896877956
1.7631788079470199
1.7660538956877345
1.7688039796136357
1.7710540482802821
1.7730541093173011
1.7750541703543201
1.7763042085024567
1.7784292733542895
1.7778042542802208
1.7780542619098483
1.7780542619098483
1.7775542466505936
1.7773042390209661
1.776554216132084
1.7753041779839474
1.773804132206183
1.7716790673543503
1.7691789910580769
1.7665539109469892
1.7636788232062746
1.7599287087618642
1.7573036286507766
1.7535535142063663
1.749678395947142
1.7458032776879178
1.7415531479842525
1.7366779992065189
1.7316778466139713
1.7273027130954923
1.7223025605029452
1.7179274269844662
1.712052247688223
1.7075521103549303
1.7024269539475692
1.6975518051698355
1.6933016754661703
1.6886765343180639
1.6824263435773796
1.6776761986144597
1.6730510574663533
1.6690509353923155
1.6644257942442091
1.6599256569109164
1.6556755272072514
1.6520504165776544
1.6480502945036166
1.644675191503647
1.6400500503555409
1.636674947355571
1.633174840540788
1.6301747489852596
1.6277996765037996
1.625174596392712
1.6225495162816248
1.6204244514297923
1.6181743827631458
1.6159243140964994
1.6139242530594806
1.6120491958372754
1.6102991424298836
1.6084240852076785
1.6075490585039827
1.6062990203558458
1.6052989898373364
1.6044239631336406
1.6034239326151312
1.602673909726249
1.6014238715781122
1.6005488448744163
1.6002988372447888
1.5990487990966522
1.5985487838373975
1.598673787652211
1.5977987609485154
1.597173741874447
1.5964237189855648
1.5955486922818691
1.5937986388744774
1.592798608355968
1.5911735587633902
1.5889234900967437
1.5869234290597247
1.5847983642078922
1.5802982268745993
1.5776731467635121
1.5731730094302194
1.5672978301339764
1.5616726584673606
1.554797448652608
1.5479222388378553
1.5406720175786617
1.533671803949095
1.525796563615833
1.5184213385418257
1.5120461439863278
1.5065459761345255
1.5015458235419783
1.497670705282754
1.4951706289864803
1.496045655690176
1.4985457319864497
1.5047959227271341
1.513546189764092
1.5260465712454605
1.5426720786156805
1.5629226966154972
1.5881734672078616
1.6175493636890774
1.6515504013183995
1.6896765648365732
1.7321778618732262
1.778554277169103
1.8285558030945768
1.881182409131138
1.9344340342417676
1.9883106784264657
2.0421873226111638
2.0940639057588424
2.141565355388043
2.185191686758019
2.222942838831752
2.2529437543870356
2.2761944639423812
2.2884448377941218
2.2845697195348977
2.2649441206091496
2.24969365520188
2.2261929380169074
2.1928169194616536
2.151690664387951
2.105189245277261
2.052687643055513
1.9969359416486099
1.9398091982787562
1.8819324320200201
1.8238056581316568
1.76792895290994
1.7140523087252417
1.6624257332071901
1.61492428357799
1.5720479750968963
1.532546769615772
1.4999207739494005
1.4710448927274393
1.447794183172094
1.4287936033204138
1.4157932065797907
1.405792901394696
1.4000427259132666
1.3991676992095705
1.401042756431776
1.405792901394696
1.413293130283517
1.4225434125797296
1.4331687368388928
1.4446690878017519
1.4567944578386791
1.4689198278756064
1.4799201635792107
1.491795525986511
1.5029208655049286
1.5120461439863278
1.5216714377269813
1.530171697134312
1.537671926023133
1.5439221167638173
1.548797265541551
1.5540474257637258
1.55792254402295
1.5604226203192237
1.563797723319193
1.5659227881710258
1.5680478530228583
1.5700479140598773
1.5715479598376416
1.5720479750968963
1.5737980285042878
1.5744230475783563
1.574923062837611
1.5757980895413068
1.5759230933561206
1.5759230933561206
1.5752980742820522
1.57692312387463
1.57692312387463
1.5772981353190711
1.5780481582079533
1.578923184911649
1.5791731925412764
1.5801732230597858
1.5804232306894133
1.5810482497634815
1.5821732840968048
1.5826732993560595
1.5841733451338236
1.585298379467147
1.5866734214300973
1.5869234290597247
1.58879848628193
1.5895485091708121
1.5909235511337627
1.5916735740226449
1.5936736350596639
1.596298715170751
1.5969237342448195
1.5981737723929563
1.5994238105410932
1.6016738792077396
1.6034239326151312
1.605048982207709
1.6071740470595417
1.608174077578051
1.61017413861507
1.6127992187261575
1.6144242683187355
1.6172993560594502
1.6199244361705374
1.6227995239112523
1.6254246040223395
1.6279246803186131
1.630049745170446
1.6326748252815333
1.6356749168370617
1.6390500198370312
1.6420501113925596
1.6455502182073427
1.6489253212073123
1.652550431836909
1.6556755272072514
1.6590506302072208
1.662800744651631
1.666425855281228
1.670800988799707
1.673551072725608
1.6778012024292734
1.6828013550218206
1.6868014770958586
1.6913016144291515
1.6956767479476302
1.699801873836482
1.7043020111697744
1.7085521408734399
1.7129272743919186
1.7176774193548388
1.7228025757621999
1.7278027283547472
1.7321778618732262
1.7366779992065189
1.7424281746879482
1.7465533005767997
1.7514284493545336
1.7558035828730125
1.760428724021119
1.7649288613544114
1.769804010132145
1.7744291512802515
1.7793043000579851
1.7841794488357188
1.7888045899838252
1.7926797082430495
1.7970548417615282
1.8014299752800074
1.804805078279977
1.8094302194280831
1.8135553453169349
1.817430463576159
1.8211805780205697
1.8246806848353525
1.8283057954649493
1.8315558946501054
1.8350560014648885
1.838431104464858
1.8409311807611317
1.8425562303537095
1.8450563066499832
1.8475563829462571
1.8496814477980896
1.8513064973906674
1.8533065584276864
1.8546816003906368
1.8555566270943329
1.8568066652424697
1.857056672872097
1.8569316690572832
1.8576816919461654
1.8576816919461654
1.85818170720542
1.8573066805017244
1.8569316690572832
1.8556816309091464
1.8546816003906368
1.853181554612873
1.8518065126499221
1.8500564592425306
1.8479313943906979
1.8461813409833063
1.8435562608722191
1.8414311960203864
1.838806115909299
1.8363060396130253
1.833305948057497
1.8288058107242042
1.8258057191686758
1.8219306009094518
1.8183054902798548
1.814180364391003
1.8108052613910337
1.8064301278725547
1.8020549943540758
1.7976798608355968
1.7939297463911863
1.788929593798639
1.7841794488357188
1.7793043000579851
1.774179143650624
1.7696790063173315
1.7641788384655293
1.7599287087618642
1.755178563798944
1.750053407391583
1.7455532700582903
1.7403031098361157
1.7350529496139409
1.7301778008362072
1.7246776329844051
1.7198024842066715
1.7148023316141239
1.7103021942808314
1.7050520340586566
1.7010519119846188
1.6964267708365124
1.6913016144291515
1.6868014770958586
1.6825513473921934
1.6776761986144597
1.673551072725608
1.6694259468367565
1.6655508285775322
1.6614257026886807
1.6576755882442702
1.6536754661702324
1.6501753593554491
1.6463002410962249
1.642675130466628
1.6391750236518448
1.6352999053926207
1.6330498367259743
1.630049745170446
1.627174657429731
1.624049562059389
1.6216744895779291
1.618549394207587
1.6162993255409406
1.613799249244667
1.6109241615039522
1.6085490890224923
1.6062990203558458
1.6045489669484543
1.6029239173558765
1.6020488906521806
1.599548814355907
1.5972987456892607
1.5952986846522417
1.5944236579485458
1.592798608355968
1.5917985778374584
1.5895485091708121
1.5895485091708121
1.5882984710226753
1.5869234290597247
1.5866734214300973
1.5855483870967744
1.5846733603930783
1.5831733146153144
1.583298318430128
1.5817982726523636
1.5804232306894133
1.5805482345042268
1.580923245948668
1.579673207800531
1.5795482039857174
1.5790481887264625
1.5785481734672078
1.5781731620227668
1.5777981505783258
1.5771731315042574
1.5771731315042574
1.5771731315042574
1.57692312387463
1.5775481429486986
1.5772981353190711
1.5770481276894437
1.5771731315042574
1.5764231086153753
1.5766731162450025
1.5761731009857478
1.5764231086153753
1.5777981505783258
1.5766731162450025
1.5774231391338847
1.5771731315042574
1.5771731315042574
1.5767981200598165
1.5772981353190711
1.5775481429486986
1.57692312387463
1.5771731315042574
1.5776731467635121
1.5774231391338847
1.5780481582079533
1.578923184911649
1.5784231696523943
1.5786731772820215
1.5790481887264625
1.5784231696523943
1.5784231696523943
1.5784231696523943
1.5794232001709037
1.57929819635609
1.5794232001709037
1.579673207800531
1.580923245948668
1.5804232306894133
1.5804232306894133
1.5805482345042268
1.5805482345042268
1.5805482345042268
1.581298257393109
1.5811732535782954
1.5817982726523636
1.58167326883755
1.582048280281991
1.5835483260597554
1.5822982879116183
1.5825482955412458
1.5822982879116183
1.582048280281991
1.5827983031708732
1.5830483108005005
1.584423352763451
1.5839233375041963
1.5835483260597554
1.5834233222449416
1.584423352763451
1.5835483260597554
1.5846733603930783
1.5837983336893826
1.5847983642078922
1.5847983642078922
1.5854233832819604
1.5854233832819604
1.586048402356029
1.5861734061708426
1.5862984099856563
1.58642341380047
1.5861734061708426
1.5861734061708426
1.5869234290597247
1.587298440504166
1.587298440504166
1.5874234443189794
1.5875484481337934
1.5877984557634206
1.588048463393048
1.5881734672078616
1.588423474837489
1.5882984710226753
1.5886734824671163
1.58879848628193
1.5890484939115572
1.5895485091708121
1.5906735435041353
1.5900485244300668
1.5894235053559984
1.5896735129856259
1.5895485091708121
1.589923520615253
1.5895485091708121
1.5906735435041353
1.590798547318949
1.5911735587633902
1.5914235663930174
1.5914235663930174
1.591923581652272
1.591923581652272
1.5916735740226449
1.591923581652272
1.5917985778374584
1.5921735892818996
1.5926736045411543
1.5926736045411543
1.5931736198004092
1.5935486312448501
1.5931736198004092
1.5936736350596639
1.5931736198004092
1.5936736350596639
1.5936736350596639
1.5936736350596639
1.594298654133732
1.5941736503189183
1.5944236579485458
1.5950486770226142
1.595173680837428
1.595173680837428
1.5950486770226142
1.5952986846522417
1.5959237037263099
1.5955486922818691
1.5955486922818691
1.5960487075411238
1.5959237037263099
1.5964237189855648
1.596298715170751
1.5964237189855648
1.5965487228003785
1.5969237342448195
1.5965487228003785
1.596798730430006
1.596798730430006
1.5970487380596332
1.597173741874447
1.5979237647633289
1.5980487685781428
1.5976737571337016
1.5984237800225838
1.5980487685781428
1.5980487685781428
1.5979237647633289
1.5997988219855341
1.5984237800225838
1.598798791467025
1.5990487990966522
1.5994238105410932
1.5994238105410932
1.5999238258003479
1.599548814355907
1.5990487990966522
1.5997988219855341
1.5997988219855341
1.6000488296151616
1.6002988372447888
1.6002988372447888
1.601048860133671
1.6014238715781122
1.6025489059114353
1.60067384868923
1.6015488753929257
1.6015488753929257
1.6016738792077396
1.6021738944669943
1.6019238868373669
1.6022988982818078
1.6039239478743859
1.60304892117069
1.6039239478743859
1.6040489516891996
1.6041739555040133
1.6040489516891996
1.605048982207709
1.6066740318002868
1.6065490279854733
1.607049043244728
1.6087990966521197
1.6092991119113744
1.6099241309854426
1.611424176763207
1.6119241920224616
1.6130492263557847
1.6146742759483628
1.6164243293557543
1.6180493789483323
1.6194244209112827
1.6216744895779291
1.6234245429853207
1.625674611651967
1.6281746879482406
1.6301747489852596
1.6320498062074649
1.6346748863185523
1.6377999816888944
1.6408000732444226
1.6438001647999512
1.6468002563554796
1.6503003631702629
1.6535504623554185
1.656925565355388
1.6606756797997986
1.6640507827997681
1.6690509353923155
1.6730510574663533
1.6770511795403913
1.6810513016144293
1.686676473281045
1.691051606799524
1.695801751762444
1.700926908169805
1.705677053132725
1.7105522019104589
1.7158023621326335
1.7209275185399944
1.725927671132542
1.7308028199102756
1.7360529801324502
1.7400531022064882
1.7440532242805262
1.7484283577990052
1.7525534836878567
1.7566786095767084
1.7594286935026096
1.7623037812433242
1.7646788537247842
1.768303964354381
1.7711790520950956
1.7733041169469284
1.7745541550950652
1.775429181798761
1.7768042237617114
1.7776792504654073
1.7778042542802208
1.778554277169103
1.7780542619098483
1.7769292275765252
1.7763042085024567
1.7753041779839474
1.7731791131321146
1.7716790673543503
1.7693039948728904
1.766303903317362
1.763553819391461
1.7603037202063052
1.757178624835963
1.753178502761925
1.749678395947142
1.745678273873104
1.7414281441694388
1.737303018280587
1.7319278542435987
1.7273027130954923
1.7221775566881314
1.717177404095584
1.7125522629474779
1.7074271065401168
1.7023019501327556
1.697801812799463
1.6923016449476609
1.6875514999847407
1.6829263588366346
1.677926206244087
1.6730510574663533
1.6685509201330608
1.6640507827997681
1.660550675984985
1.655425519577624
1.6519254127628407
1.6478002868739892
1.6440501724295786
1.6405500656147955
1.6367999511703848
1.6339248634296701
1.6299247413556321
1.6275496688741722
1.6246745811334575
1.6224245124668113
1.6201744438001648
1.6174243598742637
1.6156743064668722
1.6139242530594806
1.6119241920224616
1.6106741538743248
1.6089241004669332
1.6071740470595417
1.6071740470595417
1.6046739707632678
1.6044239631336406
1.6036739402447586
1.6024239020966218
1.60067384868923
1.6007988525040437
1.5997988219855341
1.5990487990966522
1.5985487838373975
1.59829877620777
1.5977987609485154
1.5970487380596332
1.5960487075411238
1.595173680837428
1.5934236274300364
1.592798608355968
1.5912985625782037
1.58879848628193
1.5865484176152838
1.584423352763451
1.5804232306894133
1.5771731315042574
1.5729230018005922
1.5684228644672995
1.5616726584673606
1.555172460097049
1.5477972350230413
1.5402970061342205
1.5330467848750269
1.5262965788750877
1.5187963499862667
1.511921140171514
1.506420972319712
1.5016708273567918
1.4975457014679403
1.4952956328012939
1.4965456709494307
1.498045716727195
1.504420911282693
1.5141712088381603
1.5269215979491562
1.5429220862453077
1.563422711874752
1.5891734977263712
1.6184243903927733
1.6526754356517228
1.6909266029847103
1.7331778923917356
1.7799293191320538
1.8301808526871548
1.8821824396496476
1.9358090762047182
1.990185735648671
2.0433123569444867
2.0949389324625387
2.1430654011658072
2.1869417401654103
2.2238178655354472
2.253693777275918
2.2760694601275677
2.2889448530533767
2.283819696646016
2.2640690939054537
2.249818659016694
2.224817896053957
2.1919418927579577
2.1508156376842553
2.1026891689809872
2.0504375743888668
1.9954358958708458
1.9371841181676688
1.879682363353374
1.8213055818353832
1.765928891872921
1.7116772362437818
1.6603006683553576
1.6131742301705987
1.5706729331339457
1.5314217352824486
1.4984207281716362
1.4701698660237434
1.4469191564683983
1.4284185918759726
1.4159182103946044
1.4061679128391371
1.4004177373577074
1.399042695394757
1.4011677602465895
1.4059179052095097
1.4136681417279582
1.4227934202093568
1.4336687520981475
1.44529410687582
1.4572944730979338
1.4690448316904203
1.481045197912534
1.4920455336161382
1.5029208655049286
1.5129211706900234
1.52229645680105
1.530671712393567
1.538046937467574
1.5442971282082585
1.5500473036896878
1.5537974181340983
1.5580475478377636
1.5609226355784784
1.5639227271340068
1.5659227881710258
1.5686728720969267
1.5700479140598773
1.5714229560228279
1.5727979979857785
1.57454805139317
1.57454805139317
1.574923062837611
1.5752980742820522
1.5757980895413068
1.5760480971709343
1.5760480971709343
1.5766731162450025
1.5774231391338847
1.5770481276894437
1.5785481734672078
1.5791731925412764
1.5801732230597858
1.5790481887264625
1.5805482345042268
1.5810482497634815
1.5815482650227364
1.5830483108005005
1.5839233375041963
1.5854233832819604
1.5856733909115879
1.5871734366893522
1.58879848628193
1.5901735282448806
1.5910485549485762
1.5921735892818996
1.5929236121707817
1.5949236732078005
1.596673726615192
1.5981737723929563
1.5992988067262794
1.6019238868373669
1.603173924985504
1.6047989745780817
1.6069240394299142
1.6086740928373058
1.61017413861507
1.6126742149113438
1.61492428357799
1.616549333170568
1.6195494247260964
1.623299539170507
1.625299600207526
1.627674672688986
1.6299247413556321
1.633174840540788
1.6357999206518754
1.6389250160222175
1.642675130466628
1.6454252143925292
1.6486753135776848
1.6523004242072816
1.6560505386516924
1.6591756340220343
1.662925748466445
1.6661758476516009
1.6701759697256386
1.6750511185033723
1.6789262367625966
1.6824263435773796
1.6873014923551135
1.6918016296884062
1.695801751762444
1.6999268776512955
1.7045520187994019
1.7090521561326946
1.7136772972808008
1.7181774346140937
1.7225525681325726
1.727927732169561
1.732677877132481
1.7380530411694692
1.7420531632435072
1.7466783043916136
1.7518034607989748
1.7560535905026398
1.7610537430951874
1.76555388042848
1.7710540482802821
1.7751791741691336
1.7799293191320538
1.7853044831690421
1.788929593798639
1.794054750206
1.7985548875392925
1.8016799829096348
1.8059301126133
1.8095552232428969
1.813430341502121
1.818180486465041
1.8214305856501969
1.8253057039094212
1.8290558183538315
1.8321809137241738
1.8355560167241434
1.8379310892056033
1.840806176946318
1.8430562456129642
1.8461813409833063
1.848306405835139
1.8505564745017853
1.8518065126499221
1.8536815698721276
1.8543065889461958
1.8563066499832148
1.856181646168401
1.8571816766869107
1.8571816766869107
1.8576816919461654
1.8578066957609791
1.8579316995757926
1.8571816766869107
1.8569316690572832
1.856181646168401
1.8548066042054507
1.8536815698721276
1.8516815088351086
1.8496814477980896
1.8480563982055118
1.8456813257240516
1.8435562608722191
1.8410561845759452
1.8394311349833674
1.835306009094516
1.8323059175389873
1.8285558030945768
1.8253057039094212
1.8215555894650106
1.8180554826502273
1.8133053376873074
1.810305246131779
1.8065551316873685
1.8023050019837032
1.797554857020783
1.7929297158726767
1.7886795861690117
1.7833044221320231
1.7779292580950348
1.7736791283913693
1.7686789757988222
1.7638038270210883
1.759178685872982
1.754053529465621
1.7493033845027008
1.7444282357249672
1.7386780602435379
1.7344279305398724
1.7291777703176978
1.723927610095523
1.7193024689474166
1.7143023163548692
1.7095521713919493
1.7048020264290291
1.7004268929105502
1.6964267708365124
1.6905515915402693
1.686301461836604
1.6818013245033114
1.6773011871700187
1.673551072725608
1.669175939207129
1.66480080568865
1.6610506912442398
1.6576755882442702
1.6536754661702324
1.6499253517258217
1.6458002258369702
1.6416750999481187
1.6384250007629628
1.635174901577807
1.6321748100222786
1.62917471846675
1.6261746269112216
1.6234245429853207
1.620924466689047
1.6181743827631458
1.6157993102816859
1.6131742301705987
1.6100491348002564
1.6079240699484236
1.6065490279854733
1.6044239631336406
1.6021738944669943
1.6007988525040437
1.598673787652211
1.597173741874447
1.5952986846522417
1.5940486465041048
1.5925486007263405
1.5914235663930174
1.5892985015411847
1.5891734977263712
1.5876734519486069
1.5869234290597247
1.5859233985412151
1.5849233680227057
1.584423352763451
1.5831733146153144
1.5824232917264323
1.58167326883755
1.581298257393109
1.5811732535782954
1.5804232306894133
1.580048219244972
1.579673207800531
1.5791731925412764
1.5781731620227668
1.5781731620227668
1.5776731467635121
1.5775481429486986
1.57692312387463
1.5770481276894437
1.5770481276894437
1.5774231391338847
1.5770481276894437
1.5770481276894437
1.57692312387463
1.5766731162450025
1.5772981353190711
1.5764231086153753
1.576548112430189
1.576548112430189
1.5770481276894437
1.5767981200598165
1.5777981505783258
1.5772981353190711
1.5771731315042574
1.5775481429486986
1.5772981353190711
1.5770481276894437
1.5779231543931396
1.5777981505783258
1.5774231391338847
1.5777981505783258
1.5787981810968352
1.5785481734672078
1.5786731772820215
1.5780481582079533
1.5785481734672078
1.5784231696523943
1.5786731772820215
1.57929819635609
1.5797982116153446
1.5797982116153446
1.580048219244972
1.5799232154301586
1.580923245948668
1.581298257393109
1.5804232306894133
1.5804232306894133
1.581298257393109
1.5810482497634815
1.5814232612079226
1.5810482497634815
1.582048280281991
1.5822982879116183
1.5825482955412458
1.58167326883755
1.5830483108005005
1.5821732840968048
1.5826732993560595
1.5830483108005005
1.5834233222449416
1.5834233222449416
1.5836733298745689
1.584423352763451
1.5851733756523332
1.5846733603930783
1.5859233985412151
1.584423352763451
1.5849233680227057
1.5847983642078922
1.585298379467147
1.5851733756523332
1.585298379467147
1.5862984099856563
1.586048402356029
1.5855483870967744
1.586048402356029
1.5857983947264016
1.58642341380047
1.5866734214300973
1.5867984252449112
1.5870484328745385
1.588048463393048
1.587923459578234
1.5875484481337934
1.587923459578234
1.588423474837489
1.5881734672078616
1.587923459578234
1.5885484786523028
1.5886734824671163
1.5892985015411847
1.5889234900967437
1.5900485244300668
1.5900485244300668
1.5895485091708121
1.589923520615253
1.590298532059694
1.589923520615253
1.5894235053559984
1.590798547318949
1.590798547318949
1.590298532059694
1.5910485549485762
1.5917985778374584
1.5915485702078311
1.5912985625782037
1.5920485854670858
1.5917985778374584
1.5916735740226449
1.5926736045411543
1.592298593096713
1.5926736045411543
1.5937986388744774
1.5934236274300364
1.5931736198004092
1.5935486312448501
1.5934236274300364
1.5931736198004092
1.5932986236152227
1.5939236426892909
1.5937986388744774
1.594298654133732
1.5945486617633595
1.5950486770226142
1.5949236732078005
1.595173680837428
1.594798669392987
1.595173680837428
1.5949236732078005
1.595173680837428
1.5957986999114964
1.5955486922818691
1.5961737113559373
1.5970487380596332
1.5970487380596332
1.5959237037263099
1.5969237342448195
1.596673726615192
1.5964237189855648
1.5972987456892607
1.596798730430006
1.5975487533188881
1.5979237647633289
1.5976737571337016
1.5979237647633289
1.5979237647633289
1.5981737723929563
1.5979237647633289
1.5985487838373975
1.59829877620777
1.5984237800225838
1.5985487838373975
1.598798791467025
1.599173802911466
1.5990487990966522
1.598798791467025
1.5994238105410932
1.599548814355907
1.599173802911466
1.5994238105410932
1.6002988372447888
1.5997988219855341
1.6000488296151616
1.6000488296151616
1.601173863948485
1.6021738944669943
1.6014238715781122
1.601173863948485
1.601173863948485
1.6016738792077396
1.6015488753929257
1.6017988830225531
1.6027989135410627
1.6029239173558765
1.6032989288003174
1.6040489516891996
1.6039239478743859
1.6040489516891996
1.6044239631336406
1.6044239631336406
1.6052989898373364
1.6056740012817774
1.6064240241706595
1.6076740623187964
1.6085490890224923
1.6095491195410014
1.6106741538743248
1.6109241615039522
1.612174199652089
1.613424237800226
1.6150492873928037
1.6157993102816859
1.6181743827631458
1.6206744590594195
1.6222995086519973
1.6239245582445754
1.625674611651967
1.6279246803186131
1.630424756614887
1.6327998290963468
1.6352999053926207
1.6372999664296397
1.6409250770592365
1.6443001800592059
1.6475502792443617
1.6506753746147038
1.653800469985046
1.6575505844294565
1.6616757103183082
1.66480080568865
1.6684259163182469
1.6725510422070986
1.677551194799646
1.6816763206884975
1.6868014770958586
1.691051606799524
1.6961767632068852
1.701676931058687
1.7064270760216071
1.7113022247993408
1.7165523850215156
1.721552537614063
1.7260526749473555
1.7311778313547166
1.7363029877620777
1.74180315561388
1.7449282509842219
1.7485533616138187
1.7525534836878567
1.7570536210211494
1.759553697317423
1.7629288003173924
1.7664289071321757
1.7685539719840082
1.7719290749839778
1.7731791131321146
1.7749291665395062
1.7759291970580158
1.7774292428357799
1.7775542466505936
1.7783042695394757
1.778179265724662
1.778179265724662
1.7775542466505936
1.776179204687643
1.775429181798761
1.7733041169469284
1.7710540482802821
1.7691789910580769
1.7660538956877345
1.7633038117618336
1.7601787163914915
1.757553636280404
1.7536785180211798
1.7495533921323283
1.7454282662434768
1.7410531327249978
1.7360529801324502
1.7319278542435987
1.7268026978362376
1.7218025452436905
1.7168023926511429
1.7123022553178504
1.7074271065401168
1.7024269539475692
1.6976768089846492
1.6923016449476609
1.6874264961699272
1.6824263435773796
1.6773011871700187
1.6724260383922849
1.6684259163182469
1.6636757713553272
1.6595506454664755
1.6560505386516924
1.6520504165776544
1.6476752830591754
1.6438001647999512
1.640300057985168
1.636674947355571
1.6325498214667196
1.6301747489852596
1.627174657429731
1.6250495925778985
1.6222995086519973
1.6202994476149783
1.6176743675038912
1.6157993102816859
1.6136742454298534
1.611799188207648
1.6099241309854426
1.6086740928373058
1.6075490585039827
1.6066740318002868
1.605048982207709
1.6041739555040133
1.603173924985504
1.6024239020966218
1.6014238715781122
1.6009238563188575
1.5997988219855341
1.599173802911466
1.5989237952818385
1.5979237647633289
1.5976737571337016
1.596798730430006
1.5964237189855648
1.594798669392987
1.5935486312448501
1.592423596911527
1.5906735435041353
1.5885484786523028
1.58642341380047
1.5839233375041963
1.5805482345042268
1.57692312387463
1.5729230018005922
1.567047822504349
1.560672627948851
1.5550474562822352
1.5472972197637866
1.540046998504593
1.5331717886898404
1.5250465407269511
1.5187963499862667
1.5117961363567003
1.5061709646900845
1.5012958159123508
1.4974206976531268
1.4959206518753625
1.4961706595049897
1.4992957548753318
1.5049209265419476
1.5146712240974152
1.52704660176397
1.5436721091341898
1.5640477309488205
1.590423535874508
1.6197994323557239
1.6540504776146734
1.6930516678365428
1.7359279763176367
1.7826794030579547
1.8325559251686148
1.8849325235755487
1.9384341563158054
1.9929358195745719
2.0460624408703882
2.097564012573626
2.144690450758385
2.189191808832057
2.225442915128025
2.2551938230536823
2.277069490646077
2.2890698568681906
2.2829446699423204
2.264444105349895
2.248443617053743
2.22356785790582
2.189941831720939
2.1483155613879816
2.101064119388409
2.048437513351848
1.9928108157597584
1.9356840723899047
1.8770572832422865
1.8196805322428053
1.7633038117618336
1.7083021332438124
1.6575505844294565
1.6110491653187657
1.568547868282113
1.5299216895046848
1.4970456862086856
1.4697948545793025
1.4459191259498887
1.4280435804315317
1.4146681722464676
1.4052928861354412
1.3997927182836392
1.3992927030243845
1.4015427716910305
1.4062929166539506
1.4134181340983307
1.423668446913053
1.433918759727775
1.4450440992461928
1.4577944883571887
1.4701698660237434
1.4811702017273476
1.492920560319834
1.5034208807641836
1.5132961821344646
1.5224214606158635
1.5312967314676351
1.5387969603564562
1.5446721396526994
1.5496722922452468
1.5542974333933532
1.55792254402295
1.561172643208106
1.5640477309488205
1.5660477919858395
1.568172856837672
1.5700479140598773
1.5711729483932007
1.5724229865413375
1.5736730246894741
1.57454805139317
1.5751730704672384
1.5751730704672384
1.5755480819116796
1.5757980895413068
1.576548112430189
1.5770481276894437
1.5770481276894437
1.5775481429486986
1.5780481582079533
1.5786731772820215
1.5794232001709037
1.5797982116153446
1.5802982268745993
1.5806732383190405
1.582048280281991
1.582923306985687
1.584423352763451
1.5856733909115879
1.5865484176152838
1.588048463393048
1.5885484786523028
1.5905485396893215
1.5911735587633902
1.5932986236152227
1.5934236274300364
1.5954236884670552
1.5965487228003785
1.5980487685781428
1.5997988219855341
1.6020488906521806
1.6035489364299447
1.6055489974669637
1.607049043244728
1.6086740928373058
1.6106741538743248
1.61254921109653
1.61492428357799
1.6172993560594502
1.6199244361705374
1.622924527726066
1.625299600207526
1.627674672688986
1.6301747489852596
1.6330498367259743
1.635924924466689
1.6388000122074038
1.6428001342814416
1.6458002258369702
1.6488003173924985
1.6521754203924681
1.6556755272072514
1.6591756340220343
1.6625507370220038
1.6659258400219734
1.6705509811700798
1.6741760917996766
1.6785512253181556
1.6825513473921934
1.6873014923551135
1.6918016296884062
1.695801751762444
1.700176885280923
1.7046770226142156
1.7084271370586261
1.7136772972808008
1.7190524613177893
1.7233025910214546
1.7281777397991884
1.7329278847621081
1.737803033539842
1.7431781975768303
1.7474283272804958
1.7516784569841608
1.7565536057618945
1.76080373546556
1.765803888058107
1.7700540177617725
1.7750541703543201
1.7795543076876126
1.7839294412060915
1.7894296090578936
1.7935547349467453
1.797554857020783
1.8019299905392623
1.805555101168859
1.8096802270577106
1.81305533005768
1.818555497909482
1.822180608539079
1.8251807000946074
1.8288058107242042
1.8318059022797326
1.8355560167241434
1.8378060853907896
1.8406811731315043
1.8433062532425917
1.8456813257240516
1.8474313791314432
1.8498064516129031
1.8520565202795496
1.853556566057314
1.855431623279519
1.855431623279519
1.8564316537980285
1.8571816766869107
1.8568066652424697
1.85818170720542
1.8571816766869107
1.8575566881313517
1.8583067110202338
1.857056672872097
1.8563066499832148
1.8549316080202642
1.853556566057314
1.8518065126499221
1.8496814477980896
1.8474313791314432
1.8458063295388654
1.8441812799462873
1.8409311807611317
1.8386811120944853
1.835306009094516
1.8318059022797326
1.8281807916501358
1.8255557115390486
1.8218055970946379
1.8180554826502273
1.813805352946562
1.8105552537614062
1.8058051087984863
1.8009299600207527
1.7973048493911556
1.7926797082430495
1.788054567094943
1.7831794183172094
1.778179265724662
1.773804132206183
1.7691789910580769
1.7644288460951567
1.759178685872982
1.7541785332804345
1.7498033997619558
1.7443032319101537
1.7386780602435379
1.7341779229102452
1.7293027741325113
1.7241776177251504
1.719552476577044
1.7149273354289376
1.710052186651204
1.7051770378734703
1.7006769005401776
1.695801751762444
1.6908015991698966
1.6865514694662314
1.6816763206884975
1.6773011871700187
1.673176061281167
1.6685509201330608
1.66480080568865
1.6606756797997986
1.657800592059084
1.6531754509109775
1.649425336466567
1.6458002258369702
1.6423001190221869
1.6384250007629628
1.6352999053926207
1.632424817651906
1.6295497299111912
1.6261746269112216
1.624049562059389
1.6207994628742333
1.6179243751335184
1.6156743064668722
1.6130492263557847
1.6106741538743248
1.6069240394299142
1.6064240241706595
1.6045489669484543
1.6025489059114353
1.601048860133671
1.5992988067262794
1.596798730430006
1.5961737113559373
1.5939236426892909
1.5929236121707817
1.5911735587633902
1.589923520615253
1.58879848628193
1.5877984557634206
1.5870484328745385
1.5857983947264016
1.5854233832819604
1.5845483565782648
1.5831733146153144
1.5825482955412458
1.5815482650227364
1.582048280281991
1.5807982421338542
1.5797982116153446
1.580048219244972
1.5795482039857174
1.5790481887264625
1.5780481582079533
1.5779231543931396
1.5776731467635121
1.5770481276894437
1.5772981353190711
1.5785481734672078
1.5771731315042574
1.5771731315042574
1.5770481276894437
1.5771731315042574
1.57692312387463
1.576548112430189
1.5770481276894437
1.5762981048005615
1.5762981048005615
1.5771731315042574
1.57692312387463
1.5770481276894437
1.5770481276894437
1.5771731315042574
1.57692312387463
1.5777981505783258
1.5774231391338847
1.5772981353190711
1.5771731315042574
1.5776731467635121
1.5777981505783258
1.5780481582079533
1.5785481734672078
1.5780481582079533
1.5772981353190711
1.578923184911649
1.5787981810968352
1.5787981810968352
1.5787981810968352
1.5794232001709037
1.579673207800531
1.5799232154301586
1.5801732230597858
1.579673207800531
1.580048219244972
1.5814232612079226
1.5810482497634815
1.5805482345042268
1.5804232306894133
1.5811732535782954
1.5814232612079226
1.58167326883755
1.5822982879116183
1.5821732840968048
1.582048280281991
1.5821732840968048
1.5824232917264323
1.5819232764671776
1.5826732993560595
1.5826732993560595
1.5830483108005005
1.5835483260597554
1.5841733451338236
1.58404834131901
1.5841733451338236
1.5845483565782648
1.5841733451338236
1.5845483565782648
1.5845483565782648
1.584423352763451
1.5850483718375195
1.5854233832819604
1.5854233832819604
1.5865484176152838
1.58642341380047
1.5856733909115879
1.58642341380047
1.5861734061708426
1.5865484176152838
1.5866734214300973
1.5874234443189794
1.5866734214300973
1.5875484481337934
1.5881734672078616
1.5882984710226753
1.5882984710226753
1.5881734672078616
1.588423474837489
1.5877984557634206
1.5885484786523028
1.588423474837489
1.5892985015411847
1.5890484939115572
1.589923520615253
1.589923520615253
1.5900485244300668
1.5900485244300668
1.589923520615253
1.5900485244300668
1.5901735282448806
1.590798547318949
1.5909235511337627
1.5910485549485762
1.5914235663930174
1.5915485702078311
1.5910485549485762
1.5917985778374584
1.5917985778374584
1.5914235663930174
1.5920485854670858
1.592298593096713
1.5925486007263405
1.5934236274300364
1.5932986236152227
1.5932986236152227
1.5929236121707817
1.5935486312448501
1.5935486312448501
1.5935486312448501
1.5930486159855952
1.5939236426892909
1.594298654133732
1.594298654133732
1.5944236579485458
1.5945486617633595
1.594798669392987
1.594673665578173
1.5950486770226142
1.595173680837428
1.5950486770226142
1.595173680837428
1.5950486770226142
1.5959237037263099
1.5961737113559373
1.597173741874447
1.596298715170751
1.5959237037263099
1.596673726615192
1.596673726615192
1.5965487228003785
1.596798730430006
1.5977987609485154
1.5976737571337016
1.5974237495040742
1.5985487838373975
1.5979237647633289
1.5979237647633289
1.5979237647633289
1.5980487685781428
1.5979237647633289
1.5984237800225838
1.5979237647633289
1.59829877620777
1.5984237800225838
1.5989237952818385
1.599173802911466
1.5992988067262794
1.598798791467025
1.599548814355907
1.5992988067262794
1.5994238105410932
1.6000488296151616
1.5997988219855341
1.60067384868923
1.6007988525040437
1.601048860133671
1.6007988525040437
1.6005488448744163
1.6015488753929257
1.6014238715781122
1.6022988982818078
1.6017988830225531
1.6027989135410627
1.6025489059114353
1.603173924985504
1.6034239326151312
1.6032989288003174
1.6041739555040133
1.6042989593188268
1.6042989593188268
1.6046739707632678
1.6056740012817774
1.60542399365215
1.6067990356151007
1.6072990508743554
1.6087990966521197
1.6089241004669332
1.6100491348002564
1.6110491653187657
1.612174199652089
1.613424237800226
1.6147992797631765
1.6160493179113133
1.6180493789483323
1.6196744285409101
1.62204950102237
1.6236745506149481
1.625174596392712
1.628424695577868
1.6305497604297006
1.6321748100222786
1.6347998901333658
1.6380499893185219
1.6409250770592365
1.6435501571703237
1.6471752677999205
1.6505503707998903
1.6535504623554185
1.6570505691702018
1.660550675984985
1.6644257942442091
1.6686759239478743
1.6739260841700492
1.6770511795403913
1.681926328318125
1.6874264961699272
1.6911766106143375
1.6966767784661398
1.700926908169805
1.706052064577166
1.7109272133548998
1.7158023621326335
1.7210525223548083
1.725927671132542
1.7311778313547166
1.735802972502823
1.7403031098361157
1.7449282509842219
1.7486783654286326
1.7521784722434155
1.7559285866878263
1.7596787011322368
1.7630538041322064
1.765803888058107
1.7689289834284494
1.7709290444654684
1.7731791131321146
1.7748041627246927
1.7760542008728295
1.7775542466505936
1.778554277169103
1.7780542619098483
1.7783042695394757
1.7788042847987304
1.7769292275765252
1.7760542008728295
1.775429181798761
1.7735541245765558
1.7715540635395368
1.7688039796136357
1.7660538956877345
1.7630538041322064
1.7606787316507462
1.757178624835963
1.7536785180211798
1.7489283730582599
1.745678273873104
1.7410531327249978
1.7368030030213324
1.7319278542435987
1.7273027130954923
1.7220525528733177
1.717177404095584
1.7125522629474779
1.7074271065401168
1.7028019653920103
1.6980518204290902
1.6926766563921019
1.6874264961699272
1.6829263588366346
1.6780512100589007
1.6730510574663533
1.6694259468367565
1.6645507980590228
1.6596756492812892
1.6559255348368787
1.6521754203924681
1.6481752983184301
1.6438001647999512
1.6400500503555409
1.6370499588000123
1.6330498367259743
1.6306747642445143
1.6281746879482406
1.6254246040223395
1.6222995086519973
1.6205494552446058
1.6179243751335184
1.6156743064668722
1.613799249244667
1.6122992034669026
1.6096741233558154
1.6085490890224923
1.6076740623187964
1.6062990203558458
1.6051739860225227
1.6044239631336406
1.6041739555040133
1.6027989135410627
1.6015488753929257
1.6009238563188575
1.6001738334299753
1.5992988067262794
1.5989237952818385
1.5980487685781428
1.5977987609485154
1.5969237342448195
1.5965487228003785
1.5956736960966826
1.5935486312448501
1.5926736045411543
1.5914235663930174
1.5894235053559984
1.5875484481337934
1.5837983336893826
1.5810482497634815
1.5771731315042574
1.5730480056154057
1.5679228492080448
1.561922666096988
1.5554224677266761
1.5477972350230413
1.540046998504593
1.5331717886898404
1.5264215826899015
1.5185463423566392
1.5117961363567003
1.5061709646900845
1.5017958311716058
1.497670705282754
1.4959206518753625
1.4962956633198035
1.4991707510605183
1.5047959227271341
1.513546189764092
1.5264215826899015
1.5425470748008667
1.5636727195043794
1.588423474837489
1.6176743675038912
1.6511753898739585
1.6906765953550829
1.7324278695028534
1.7783042695394757
1.8288058107242042
1.8801823786126286
1.934309030426954
1.9886856898709069
2.0425623340556047
2.0933138828699605
2.141940366832484
2.1858167058320874
2.222817835016938
2.2538187810907315
2.2756944486831268
2.2889448530533767
2.284944730979339
2.265069124423963
2.250318674275948
2.225192907498398
2.1918168889431437
2.1520656758323926
2.104689230018006
2.052687643055513
1.9971859492782373
1.9396841944639422
1.8810574053163243
1.8238056581316568
1.767803949095126
1.7134272896511735
1.6620507217627492
1.6147992797631765
1.5716729636524553
1.5321717581713308
1.4990457472457046
1.4712949003570666
1.4476691793572802
1.4286685995056
1.4156682027649772
1.4059179052095097
1.4000427259132666
1.3987926877651295
1.4007927488021485
1.4059179052095097
1.413293130283517
1.4225434125797296
1.4331687368388928
1.4444190801721244
1.4569194616534928
1.468419812616352
1.4801701712088382
1.491795525986511
1.5030458693197426
1.5125461592455824
1.5220464491714225
1.5300466933194983
1.5375469222083193
1.5436721091341898
1.5494222846156194
1.5542974333933532
1.55792254402295
1.561172643208106
1.5639227271340068
1.5659227881710258
1.56742283394879
1.5697979064302499
1.5714229560228279
1.5724229865413375
1.5736730246894741
1.57454805139317
1.5747980590227975
1.5755480819116796
1.5756730857264931
1.5755480819116796
1.5764231086153753
1.5767981200598165
1.5772981353190711
1.5774231391338847
1.5777981505783258
1.5782981658375803
1.5795482039857174
1.5791731925412764
1.5797982116153446
1.5810482497634815
1.581298257393109
1.582923306985687
1.5847983642078922
1.5847983642078922
1.58642341380047
1.5881734672078616
1.5890484939115572
1.590423535874508
1.5910485549485762
1.592423596911527
1.5935486312448501
1.5954236884670552
1.5957986999114964
1.5979237647633289
1.599548814355907
1.6014238715781122
1.6032989288003174
1.60542399365215
1.6060490127262186
1.6084240852076785
1.6100491348002564
1.6127992187261575
1.6151742912076175
1.616924344615009
1.6196744285409101
1.6222995086519973
1.6250495925778985
1.6279246803186131
1.6295497299111912
1.6327998290963468
1.6356749168370617
1.63867500839259
1.642675130466628
1.6454252143925292
1.6486753135776848
1.6526754356517228
1.6561755424665061
1.6594256416516617
1.6630507522812585
1.6666758629108556
1.6698009582811977
1.6743010956144901
1.6783012176885281
1.6828013550218206
1.6868014770958586
1.6911766106143375
1.6960517593920712
1.7004268929105502
1.704052003540147
1.708802148503067
1.7133022858363598
1.7180524307992797
1.7225525681325726
1.7280527359843745
1.7328028809472946
1.737428022095401
1.742178167058321
1.7465533005767997
1.751178441724906
1.7563035981322672
1.7609287392803734
1.7653038727988526
1.7701790215765862
1.7749291665395062
1.7798043153172398
1.7840544450209053
1.7890545976134526
1.7931797235023041
1.7973048493911556
1.8013049714651936
1.8060551164281138
1.8093052156132694
1.8135553453169349
1.818180486465041
1.8210555742057557
1.8251807000946074
1.8288058107242042
1.831680898464919
1.8349309976500747
1.8378060853907896
1.8406811731315043
1.8433062532425917
1.845181310464797
1.8484314096499528
1.849556443983276
1.85105648976104
1.8534315622425002
1.8544315927610096
1.8558066347239601
1.8569316690572832
1.857056672872097
1.857056672872097
1.857431684316538
1.8578066957609791
1.8576816919461654
1.857431684316538
1.857056672872097
1.856181646168401
1.8549316080202642
1.853556566057314
1.8518065126499221
1.8496814477980896
1.8476813867610706
1.8460563371684928
1.8436812646870329
1.8414311960203864
1.8385561082796718
1.8359310281685843
1.8328059327982422
1.8295558336130864
1.8260557267983033
1.8219306009094518
1.818180486465041
1.8145553758354442
1.81068025757622
1.8061801202429273
1.8024300057985168
1.7976798608355968
1.7935547349467453
1.7893046052430799
1.7841794488357188
1.778679280983917
1.774679158909879
1.7690539872432631
1.7649288613544114
1.7593036896877956
1.7549285561693166
1.7501784112063965
1.744553239539781
1.739303079317606
1.7349279457991271
1.7293027741325113
1.7246776329844051
1.7194274727622303
1.715177343058565
1.7096771752067628
1.7054270455030978
1.700926908169805
1.6961767632068852
1.6909266029847103
1.6861764580217904
1.6824263435773796
1.6780512100589007
1.6730510574663533
1.6694259468367565
1.6651758171330913
1.6611756950590533
1.6579255958738974
1.653800469985046
1.6496753440961944
1.6465502487258523
1.642675130466628
1.638299996948149
1.6357999206518754
1.6334248481704154
1.629674733726005
1.626424634540849
1.6241745658742028
1.620924466689047
1.6181743827631458
1.6161743217261269
1.6131742301705987
1.6109241615039522
1.6080490737632376
1.6065490279854733
1.6044239631336406
1.6021738944669943
1.6009238563188575
1.599173802911466
1.5976737571337016
1.5960487075411238
1.5941736503189183
1.5929236121707817
1.5911735587633902
1.590298532059694
1.5900485244300668
1.5877984557634206
1.5871734366893522
1.5861734061708426
1.585298379467147
1.5836733298745689
1.583298318430128
1.5831733146153144
1.5815482650227364
1.5810482497634815
1.5806732383190405
1.5797982116153446
1.5795482039857174
1.579673207800531
1.5795482039857174
1.5781731620227668
1.5779231543931396
1.5779231543931396
1.5774231391338847
1.5772981353190711
1.57692312387463
1.5771731315042574
1.5772981353190711
1.5774231391338847
1.5771731315042574
1.57692312387463
1.5770481276894437
1.5766731162450025
1.5767981200598165
1.5761731009857478
1.5770481276894437
1.5766731162450025
1.5774231391338847
1.5772981353190711
1.5771731315042574
1.5776731467635121
1.5775481429486986
1.57692312387463
1.5767981200598165
1.5771731315042574
1.5779231543931396
1.5779231543931396
1.5779231543931396
1.5785481734672078
1.5786731772820215
1.5781731620227668
1.5781731620227668
1.5786731772820215
1.5785481734672078
1.5785481734672078
1.5797982116153446
1.5799232154301586
1.5797982116153446
1.5797982116153446
1.5802982268745993
1.5806732383190405
1.5806732383190405
1.5806732383190405
1.580048219244972
1.5806732383190405
1.581298257393109
1.5805482345042268
1.58167326883755
1.5817982726523636
1.5825482955412458
1.5822982879116183
1.5824232917264323
1.5822982879116183
1.5826732993560595
1.5825482955412458
1.5830483108005005
1.5835483260597554
1.5830483108005005
1.5837983336893826
1.5846733603930783
1.5841733451338236
1.5841733451338236
1.58404834131901
1.584423352763451
1.5851733756523332
1.584423352763451
1.586048402356029
1.585298379467147
1.5855483870967744
1.5859233985412151
1.58642341380047
1.5861734061708426
1.586048402356029
1.5862984099856563
1.5865484176152838
1.5869234290597247
1.5867984252449112
1.5874234443189794
1.587923459578234
1.5881734672078616
1.5875484481337934
1.5876734519486069
1.5882984710226753
1.5881734672078616
1.5876734519486069
1.5885484786523028
1.588048463393048
1.5892985015411847
1.5891734977263712
1.5894235053559984
1.589923520615253
1.5896735129856259
1.5895485091708121
1.5900485244300668
1.5900485244300668
1.5900485244300668
1.590423535874508
1.590798547318949
1.5911735587633902
1.5915485702078311
1.5916735740226449
1.5911735587633902
1.5915485702078311
1.5916735740226449
1.592298593096713
1.5917985778374584
1.5916735740226449
1.592423596911527
1.592423596911527
1.5930486159855952
1.5931736198004092
1.5929236121707817
1.5931736198004092
1.5932986236152227
1.5936736350596639
1.594298654133732
1.5937986388744774
1.5940486465041048
1.5941736503189183
1.5945486617633595
1.5950486770226142
1.594798669392987
1.594673665578173
1.5952986846522417
1.595173680837428
1.594798669392987
1.5949236732078005
1.5957986999114964
1.596298715170751
1.596798730430006
1.5961737113559373
1.5961737113559373
1.596298715170751
1.5965487228003785
1.5964237189855648
1.5972987456892607
1.5969237342448195
1.596798730430006
1.597173741874447
1.5976737571337016
1.5977987609485154
1.5975487533188881
1.5980487685781428
1.5975487533188881
1.5976737571337016
1.5980487685781428
1.59829877620777
1.5984237800225838
1.5984237800225838
1.598798791467025
1.5992988067262794
1.5999238258003479
1.5990487990966522
1.5992988067262794
1.599548814355907
1.599548814355907
1.5994238105410932
1.5997988219855341
1.5996738181707206
1.6000488296151616
1.6009238563188575
1.6007988525040437
1.60067384868923
1.6007988525040437
1.6014238715781122
1.601048860133671
1.6016738792077396
1.6017988830225531
1.6019238868373669
1.6019238868373669
1.602673909726249
1.603173924985504
1.603173924985504
1.6036739402447586
1.6041739555040133
1.6047989745780817
1.6044239631336406
1.605048982207709
1.6052989898373364
1.6062990203558458
1.6072990508743554
1.6085490890224923
1.6089241004669332
1.6096741233558154
1.610549150059511
1.6126742149113438
1.612174199652089
1.6142992645039216
1.6162993255409406
1.6176743675038912
1.6201744438001648
1.6216744895779291
1.6234245429853207
1.6250495925778985
1.6274246650593585
1.629674733726005
1.6317997985778374
1.634424878688925
1.6374249702444532
1.640300057985168
1.6433001495406965
1.6469252601702933
1.6501753593554491
1.6529254432813503
1.656550553910947
1.6596756492812892
1.663300759910886
1.6674258857997375
1.6719260231330302
1.6764261604663229
1.6803012787255471
1.6856764427625355
1.6899265724662007
1.6948017212439344
1.700176885280923
1.7051770378734703
1.7094271675771355
1.714427320169683
1.7198024842066715
1.7245526291695914
1.7295527817621388
1.734552934354686
1.7395530869472335
1.743803216650899
1.7479283425397505
1.7516784569841608
1.755178563798944
1.7585536667989135
1.7618037659840693
1.7654288766136663
1.767803949095126
1.7701790215765862
1.7729291055024872
1.774179143650624
1.776179204687643
1.7768042237617114
1.7773042390209661
1.7780542619098483
1.7788042847987304
1.7790542924283579
1.7771792352061526
1.777054231391339
1.7753041779839474
1.774179143650624
1.771804071169164
1.7695540025025178
1.7670539262062441
1.7641788384655293
1.76080373546556
1.7581786553544725
1.7543035370952484
1.7509284340952787
1.7470533158360546
1.7423031708731347
1.7376780297250283
1.7335529038361768
1.728302743614002
1.7233025910214546
1.7185524460585346
1.7139273049104282
1.7090521561326946
1.7039269997253335
1.699301858577227
1.6943017059846797
1.6889265419476913
1.6841763969847714
1.6793012482070377
1.6745511032441176
1.669300943021943
1.6654258247627187
1.6613006988738672
1.6575505844294565
1.6530504470961638
1.6489253212073123
1.6448001953184606
1.6413000885036775
1.6384250007629628
1.6339248634296701
1.630799768059328
1.6287997070223093
1.626049623096408
1.622924527726066
1.6211744743186742
1.618924405652028
1.616924344615009
1.6152992950224312
1.6122992034669026
1.6099241309854426
1.6092991119113744
1.6082990813928648
1.6065490279854733
1.6057990050965911
1.6051739860225227
1.6041739555040133
1.602673909726249
1.6017988830225531
1.6017988830225531
1.6002988372447888
1.599173802911466
1.598673787652211
1.5985487838373975
1.5979237647633289
1.597173741874447
1.596298715170751
1.5959237037263099
1.5944236579485458
1.5929236121707817
1.5914235663930174
1.5890484939115572
1.587298440504166
1.5847983642078922
1.5817982726523636
1.5790481887264625
1.5744230475783563
1.569422894985809
1.563422711874752
1.556797509689627
1.5501723075045015
1.542047059541612
1.5351718497268594
1.5277966246528518
1.5209214148380994
1.5141712088381603
1.5079210180974763
1.502420850245674
1.4987957396160771
1.4964206671346172
1.495670644245735
1.4977957090975678
1.502420850245674
1.5110461134678184
1.5234214911343729
1.5372969145786919
1.5572975249488816
1.581298257393109
1.6092991119113744
1.6425501266518143
1.6804262825403606
1.7210525223548083
1.7664289071321757
1.8156804101687674
1.8676819971312602
1.9204336069826349
1.9746852626117741
2.029061922055727
2.080188482314524
2.130065004425184
2.175191381572924
2.2138175603503525
2.2463185522019105
2.2693192541276286
2.2876948149052403
2.289819879757073
2.26731919309061
2.255318826868496
2.2324431287575917
2.2010671712393566
2.1630660115359968
2.117314615314188
2.0663130588702048
2.0111863765373696
1.954934659871212
1.8965578783532213
1.8383061006500443
1.7823043916135137
1.7274277169103063
1.6749261146885588
1.6265496383556628
1.5822982879116183
1.5422970671712395
1.5081710257271035
1.4785451216162602
1.4527943357646413
1.4331687368388928
1.4184182866908779
1.407792962431715
1.4012927640614032
1.3991676992095705
1.3997927182836392
1.4042928556169316
1.4112930692464982
1.4199183324686422
1.4311686758018738
1.4407939695425276
1.4537943662831507
1.465544724875637
1.4769200720236824
1.4887954344309824
1.4995457625049593
1.5099210791344952
1.5191713614307079
1.5280466322824793
1.535671864986114
1.5427970824304942
1.5476722312082278
1.552797387615589
1.5564224982451857
1.5601726126895963
1.5632977080599384
1.56504776146733
1.567797845393231
1.5695478988006226
1.5711729483932007
1.5720479750968963
1.5732980132450332
1.5746730552079835
1.57454805139317
1.5746730552079835
1.5752980742820522
1.5760480971709343
1.5761731009857478
1.5764231086153753
1.5770481276894437
1.5776731467635121
1.5777981505783258
1.5784231696523943
1.5791731925412764
1.57929819635609
1.5801732230597858
1.580923245948668
1.581298257393109
1.5826732993560595
1.5835483260597554
1.5849233680227057
1.5856733909115879
1.587298440504166
1.587923459578234
1.5896735129856259
1.5905485396893215
1.5920485854670858
1.5926736045411543
1.5945486617633595
1.5956736960966826
1.5975487533188881
1.5990487990966522
1.6014238715781122
1.602673909726249
1.6041739555040133
1.6056740012817774
