1.5774231391338847
1.5790481887264625
1.5802982268745993
1.5817982726523636
1.5830483108005005
1.584423352763451
1.5851733756523332
1.58642341380047
1.5881734672078616
1.5892985015411847
1.590798547318949
1.592298593096713
1.5945486617633595
1.596673726615192
1.5985487838373975
1.6012988677632984
1.6029239173558765
1.6049239783928952
1.6071740470595417
1.609799127170629
1.6124242072817165
1.6150492873928037
1.6180493789483323
1.6215494857631152
1.6246745811334575
1.6286747032074953
1.6319248023926511
1.635549913022248
1.6393000274666587
1.6434251533555102
1.6469252601702933
1.6521754203924681
1.656550553910947
1.6611756950590533
1.6656758323923462
1.6710509964293345
1.6759261452070682
1.6804262825403606
1.6865514694662314
1.6921766411328472
1.698176824243904
1.7033019806512648
1.7089271523178808
1.7156773583178198
1.7211775261696218
1.7275527207251198
1.7341779229102452
1.739303079317606
1.7453032624286628
1.751178441724906
1.7566786095767084
1.7630538041322064
1.7689289834284494
1.7748041627246927
1.780179326761681
1.7861795098727378
1.7915546739097263
1.79642982268746
1.8018049867244483
1.806805139316996
1.811055269020661
1.8156804101687674
1.82018054750206
1.8250556962797937
1.8288058107242042
1.8328059327982422
1.8361810357982116
1.8390561235389262
1.8420562150944548
1.844681295205542
1.8474313791314432
1.8490564287240212
1.85105648976104
1.8528065431684317
1.8543065889461958
1.855056611835078
1.8563066499832148
1.8556816309091464
1.8559316385387736
1.8555566270943329
1.8543065889461958
1.8533065584276864
1.85105648976104
1.849556443983276
1.8478063905758844
1.844681295205542
1.841931211279641
1.8381810968352306
1.83443098239082
1.8304308603167823
1.8261807306131168
1.8218055970946379
1.8171804559465317
1.8121803033539843
1.8075551622058779
1.8019299905392623
1.7968048341319012
1.792054689168981
1.7851794793542284
1.7794293038727989
1.7731791131321146
1.7673039338358714
1.7610537430951874
1.755178563798944
1.7489283730582599
1.7428031861323894
1.7370530106509599
1.7309278237250891
1.7238026062807095
1.7179274269844662
1.7119272438734092
1.7059270607623525
1.699301858577227
1.693426679280984
1.6878015076143682
1.6823013397625661
1.6765511642811366
1.6706759849848933
1.664925809503464
1.659800653096103
1.6548005005035553
1.6481752983184301
1.6434251533555102
1.6391750236518448
1.634299874874111
1.630424756614887
1.625674611651967
1.6211744743186742
1.616924344615009
1.6132992339854122
1.609424115726188
1.6052989898373364
1.6016738792077396
1.5985487838373975
1.5956736960966826
1.5932986236152227
1.5905485396893215
1.5881734672078616
1.5854233832819604
1.582923306985687
1.5806732383190405
1.5785481734672078
1.5761731009857478
1.5750480666524247
1.5736730246894741
1.5717979674672689
1.570172917874691
1.5689228797265542
1.5675478377636038
1.566297799615467
1.5651727652821437
1.5640477309488205
1.5631727042451247
1.5621726737266153
1.5615476546525469
1.5609226355784784
1.5600476088747826
1.5604226203192237
1.559047578356273
1.5585475630970183
1.5581725516525773
1.557797540208136
1.556797509689627
1.5532974028748436
1.553547410504471
1.5536724143192846
1.55317239906003
1.553922421948912
1.5540474257637258
1.5534224066896571
1.553547410504471
1.5534224066896571
1.5529223914304024
1.5537974181340983
1.553922421948912
1.5540474257637258
1.5541724295785393
1.554672444837794
1.5552974639118626
1.555172460097049
1.5561724906155583
1.5550474562822352
1.5550474562822352
1.5552974639118626
1.5557974791711173
1.5561724906155583
1.5562974944303722
1.5565475020599995
1.5562974944303722
1.5569225135044404
1.5575475325785089
1.5569225135044404
1.5572975249488816
1.557797540208136
1.557797540208136
1.5581725516525773
1.559047578356273
1.5592975859859004
1.5594225898007141
1.5596725974303416
1.5600476088747826
1.5600476088747826
1.559922605059969
1.559797601245155
1.56029761650441
1.5607976317636647
1.561047639393292
1.5614226508377331
1.5616726584673606
1.5620476699118016
1.561922666096988
1.562297677541429
1.5624226813562427
1.5625476851710562
1.5629226966154972
1.5631727042451247
1.5635477156895659
1.563422711874752
1.5645477462080752
1.5644227423932615
1.56504776146733
1.5651727652821437
1.565422772911771
1.565422772911771
1.5655477767265848
1.5669228186895352
1.5666728110599077
1.5676728415784174
1.5684228644672995
1.5684228644672995
1.569422894985809
1.5702979216895046
1.5707979369487595
1.5714229560228279
1.5722979827265235
1.5734230170598467
1.574923062837611
1.5762981048005615
1.5775481429486986
1.57929819635609
1.5810482497634815
1.582923306985687
1.5847983642078922
1.5866734214300973
1.5890484939115572
1.592423596911527
1.5954236884670552
1.5985487838373975
1.6016738792077396
1.6056740012817774
1.6091741080965607
1.6131742301705987
1.6171743522446362
1.6215494857631152
1.625674611651967
1.6309247718741418
1.6364249397259438
1.6420501113925596
1.6473002716147345
1.653425458540605
1.658925626392407
1.6656758323923462
1.6718010193182167
1.6784262215033416
1.683926389355144
1.6905515915402693
1.6969267860957673
1.7033019806512648
1.7086771446882534
1.7146773277993104
1.7200524918362987
1.7249276406140324
1.7295527817621388
1.7335529038361768
1.737303018280587
1.7414281441694388
1.744553239539781
1.7474283272804958
1.7494283883175148
1.7523034760582294
1.7534285103915526
1.7533035065767388
1.7529284951322976
1.7526784875026704
1.7518034607989748
1.7506784264656514
1.7490533768730736
1.7466783043916136
1.743303201391644
1.7408031250953704
1.7359279763176367
1.7321778618732262
1.7268026978362376
1.7213025299844356
1.715552354503006
1.710052186651204
1.7046770226142156
1.6983018280587177
1.6928016602069156
1.686676473281045
1.6803012787255471
1.6744260994293039
1.6683009125034334
1.6621757255775629
1.6564255500961331
1.6501753593554491
1.6445501876888333
1.6396750389110997
1.634424878688925
1.6294247260963775
1.624924588763085
1.6200494399853511
1.6150492873928037
1.6110491653187657
1.6072990508743554
1.60304892117069
1.6002988372447888
1.5972987456892607
1.5945486617633595
1.5916735740226449
1.5900485244300668
1.587298440504166
1.5854233832819604
1.5831733146153144
1.5814232612079226
1.5791731925412764
1.5776731467635121
1.5757980895413068
1.5736730246894741
1.5707979369487595
1.5682978606524856
1.5647977538377027
1.560672627948851
1.5550474562822352
1.5491722769859921
1.542422070986053
1.5350468459120459
1.5252965483565784
1.515796258430738
1.5059209570604573
1.4970456862086856
1.4886704306161689
1.4804201788384654
1.4747950071718496
1.4714199041718803
1.4697948545793025
1.4730449537644583
1.4809201940977201
1.4927955565050204
1.5120461439863278
1.5361718802453688
1.567047822504349
1.6047989745780817
1.6488003173924985
1.700551896725364
1.757178624835963
1.8193055207983642
1.8865575731681266
1.9550596636860256
2.022561723685415
2.088938749351482
2.1504406262398144
2.2035672475356303
2.2463185522019105
2.2759444563127538
2.289569872127445
2.2910699179052094
2.2788195440534684
2.2523187353129672
2.21406756797998
2.1635660267952512
2.1035641956846827
2.0364371471297344
1.962059877315592
1.8873075960570087
1.814305368205817
1.743678212836085
1.6783012176885281
1.6197994323557239
1.5666728110599077
1.5209214148380994
1.4827952513199256
1.451794305246132
1.4276685689870905
1.4114180730613117
1.4021677907650991
1.3987926877651295
1.4011677602465895
1.4076679586169012
1.4175432599871822
1.4304186529129916
1.4447940916165654
1.4602945646534624
1.4752950224311043
1.4899204687643055
1.5046709189123204
1.5174213080233163
1.5287966551713614
1.5395469832453383
1.5476722312082278
1.5552974639118626
1.561047639393292
1.56504776146733
1.5686728720969267
1.5715479598376416
1.5739230323191016
1.5756730857264931
1.5776731467635121
1.5795482039857174
1.5806732383190405
1.5817982726523636
1.5831733146153144
1.5841733451338236
1.585298379467147
1.5866734214300973
1.588048463393048
1.5895485091708121
1.590798547318949
1.5930486159855952
1.594673665578173
1.5965487228003785
1.5985487838373975
1.60067384868923
1.6025489059114353
1.6049239783928952
1.6072990508743554
1.61017413861507
1.6127992187261575
1.6156743064668722
1.6191744132816552
1.6216744895779291
1.6250495925778985
1.6287997070223093
1.632424817651906
1.63629993591113
1.639550035096286
1.6438001647999512
1.647050263985107
1.6519254127628407
1.6564255500961331
1.6610506912442398
1.6654258247627187
1.6714260078737755
1.6761761528366956
1.681551316873684
1.6869264809106725
1.6924266487624744
1.6975518051698355
1.7039269997253335
1.7098021790215767
1.7154273506881925
1.721927549058504
1.7278027283547472
1.7340529190954315
1.739303079317606
1.745678273873104
1.7518034607989748
1.7574286324655906
1.7630538041322064
1.7688039796136357
1.7751791741691336
1.7804293343913085
1.7870545365764336
1.7923046967986085
1.7966798303170874
1.8021799981688895
1.8070551469466232
1.811805291909543
1.8155554063539538
1.820555558946501
1.8251807000946074
1.8288058107242042
1.8325559251686148
1.8366810510574663
1.8394311349833674
1.842431226538896
1.8450563066499832
1.8473063753166297
1.849556443983276
1.8516815088351086
1.853056550798059
1.8543065889461958
1.8551816156498917
1.8560566423535876
1.8564316537980285
1.8563066499832148
1.855431623279519
1.8546816003906368
1.853056550798059
1.851181493575854
1.8496814477980896
1.8473063753166297
1.844306283761101
1.8418062074648274
1.838056093020417
1.8343059785760063
1.8301808526871548
1.8259307229834896
1.8211805780205697
1.8169304483169042
1.811805291909543
1.8070551469466232
1.8018049867244483
1.7963048188726465
1.790929654835658
1.7846794640949737
1.7788042847987304
1.7728041016876737
1.7668039185766167
1.7605537278359324
1.7548035523545031
1.7481783501693777
1.7426781823175757
1.7361779839472642
1.7299277932065797
1.7234275948362683
1.7178024231696525
1.7113022247993408
1.7053020416882838
1.6991768547624133
1.6926766563921019
1.6869264809106725
1.681551316873684
1.6759261452070682
1.6701759697256386
1.6644257942442091
1.6583006073183386
1.6539254737998597
1.6484253059480574
1.6433001495406965
1.63867500839259
1.6339248634296701
1.6286747032074953
1.625174596392712
1.6210494705038605
1.6171743522446362
1.6130492263557847
1.609424115726188
1.6052989898373364
1.6021738944669943
1.598673787652211
1.5955486922818691
1.5921735892818996
1.5900485244300668
1.587923459578234
1.5854233832819604
1.5825482955412458
1.5805482345042268
1.5784231696523943
1.5764231086153753
1.5746730552079835
1.5729230018005922
1.5712979522080142
1.5699229102450638
1.5689228797265542
1.56742283394879
1.566297799615467
1.56504776146733
1.563797723319193
1.5632977080599384
1.561797662282174
1.5615476546525469
1.561172643208106
1.5604226203192237
1.5596725974303416
1.5594225898007141
1.558297555467391
1.5576725363933226
1.5575475325785089
1.5564224982451857
1.5536724143192846
1.5536724143192846
1.5537974181340983
1.5537974181340983
1.553922421948912
1.5540474257637258
1.553547410504471
1.5532974028748436
1.553922421948912
1.5534224066896571
1.5532974028748436
1.5545474410229805
1.5540474257637258
1.5544224372081668
1.554797448652608
1.554672444837794
1.5545474410229805
1.554672444837794
1.5552974639118626
1.5554224677266761
1.5550474562822352
1.5552974639118626
1.5565475020599995
1.5564224982451857
1.5565475020599995
1.556672505874813
1.557172521134068
1.5575475325785089
1.5576725363933226
1.5569225135044404
1.5576725363933226
1.55792254402295
1.5584225592822047
1.558672566911832
1.559047578356273
1.5595475936155279
1.56029761650441
1.5600476088747826
1.5600476088747826
1.56029761650441
1.5604226203192237
1.56029761650441
1.5609226355784784
1.560672627948851
1.561922666096988
1.561922666096988
1.5620476699118016
1.561797662282174
1.562297677541429
1.5625476851710562
1.5625476851710562
1.5624226813562427
1.5632977080599384
1.5635477156895659
1.563797723319193
1.5644227423932615
1.564172734763634
1.5651727652821437
1.5659227881710258
1.5655477767265848
1.5655477767265848
1.5660477919858395
1.5666728110599077
1.5675478377636038
1.5676728415784174
1.568172856837672
1.5689228797265542
1.569422894985809
1.5706729331339457
1.5707979369487595
1.5714229560228279
1.5722979827265235
1.5731730094302194
1.5752980742820522
1.5761731009857478
1.5784231696523943
1.5791731925412764
1.5814232612079226
1.5830483108005005
1.5849233680227057
1.587298440504166
1.5896735129856259
1.592798608355968
1.5952986846522417
1.5994238105410932
1.6024239020966218
1.6057990050965911
1.609424115726188
1.614174260689108
1.6176743675038912
1.6225495162816248
1.6269246498001038
1.6319248023926511
1.637549974059267
1.6425501266518143
1.6484253059480574
1.6549255043183693
1.6603006683553576
1.6665508590960418
1.6725510422070986
1.6793012482070377
1.6849264198736535
1.6918016296884062
1.6976768089846492
1.703676992095706
1.7095521713919493
1.715552354503006
1.7205525070955536
1.725052644428846
1.7296777855769523
1.7341779229102452
1.7381780449842832
1.741678151799066
1.7451782586138493
1.7475533310953093
1.750053407391583
1.752053468428602
1.7530534989471116
1.7534285103915526
1.7538035218359938
1.7530534989471116
1.7516784569841608
1.7505534226508377
1.7491783806878873
1.7465533005767997
1.7426781823175757
1.7389280678731651
1.735802972502823
1.7309278237250891
1.725927671132542
1.7204275032807397
1.7146773277993104
1.708802148503067
1.703676992095706
1.6976768089846492
1.6919266335032197
1.6860514542069764
1.6800512710959197
1.6738010803552354
1.6674258857997375
1.6613006988738672
1.6553005157628102
1.6489253212073123
1.6434251533555102
1.6384250007629628
1.633174840540788
1.6282996917630543
1.6239245582445754
1.6184243903927733
1.6140492568742943
1.610549150059511
1.6066740318002868
1.6025489059114353
1.5994238105410932
1.5974237495040742
1.5930486159855952
1.590798547318949
1.5891734977263712
1.5870484328745385
1.5855483870967744
1.5831733146153144
1.581298257393109
1.5786731772820215
1.5775481429486986
1.5755480819116796
1.5729230018005922
1.5709229407635732
1.5679228492080448
1.564172734763634
1.559797601245155
1.5545474410229805
1.5480472426526688
1.5406720175786617
1.5327967772453994
1.5235464949491868
1.5141712088381603
1.5045459150975067
1.495670644245735
1.4864203619495224
1.4797951597643972
1.4736699728385265
1.4705448774681846
1.4701698660237434
1.473919980468154
1.4821702322458572
1.4961706595049897
1.5151712393566699
1.5404220099490342
1.5735480208746606
1.611799188207648
1.6579255958738974
1.7099271828363902
1.7675539414654988
1.8311808832056644
1.8976829126865444
1.966435010834071
2.0345620899075287
2.100814111758782
2.1594409009064
2.2118174993133333
2.250818689535203
2.2784445326090275
2.2914449293496504
2.289819879757073
2.2748194219794304
2.2466935636463514
2.206067323831904
2.154190740684225
2.092563859981079
2.0235617542039246
1.9493094882045963
1.8746822107608265
1.8013049714651936
1.7318028504287852
1.6681759086886196
1.6091741080965607
1.558672566911832
1.5140462050233467
1.4772950834681233
1.447794183172094
1.4249184850611898
1.4092930082094792
1.4009177526169623
1.3987926877651295
1.401792779320658
1.409793023468734
1.41916830957976
1.4324187139500106
1.447419171727653
1.462419629505295
1.4780451063570055
1.4926705526902067
1.5070459913937804
1.5194213690603353
1.5311717276528216
1.5412970366527299
1.5492972808008056
1.55554747154149
1.5615476546525469
1.5656727805413984
1.5689228797265542
1.5719229712820828
1.5742980437635425
1.5766731162450025
1.5781731620227668
1.5791731925412764
1.5807982421338542
1.58167326883755
1.582923306985687
1.5849233680227057
1.5854233832819604
1.58642341380047
1.5877984557634206
1.5892985015411847
1.5914235663930174
1.5925486007263405
1.5955486922818691
1.5970487380596332
1.5999238258003479
1.6017988830225531
1.6032989288003174
1.6051739860225227
1.6076740623187964
1.61017413861507
1.6129242225409712
1.6157993102816859
1.6197994323557239
1.6224245124668113
1.6254246040223395
1.629299722281564
1.6321748100222786
1.636674947355571
1.6405500656147955
1.6438001647999512
1.6486753135776848
1.6528004394665363
1.657800592059084
1.6620507217627492
1.666800866725669
1.6723010345774711
1.6768011719107638
1.6825513473921934
1.6880515152439954
1.6933016754661703
1.6986768395031586
1.7045520187994019
1.7105522019104589
1.7170524002807703
1.7225525681325726
1.7289277626880704
1.7346779381694999
1.7411781365398113
1.7471783196508683
1.7526784875026704
1.7580536515396588
1.7646788537247842
1.7700540177617725
1.7759291970580158
1.7814293649098176
1.787679555650502
1.7925547044282357
1.7980548722800378
1.8029300210577714
1.8076801660206916
1.8121803033539843
1.8168054445020907
1.8214305856501969
1.8260557267983033
1.8295558336130864
1.8330559404278695
1.8368060548722802
1.8393061311685537
1.8425562303537095
1.8455563219092381
1.8476813867610706
1.8501814630573443
1.8513064973906674
1.8529315469832455
1.8549316080202642
1.855431623279519
1.8560566423535876
1.8564316537980285
1.8556816309091464
1.8551816156498917
1.8544315927610096
1.852681539353618
1.8513064973906674
1.8499314554277169
1.8473063753166297
1.8445562913907285
1.8414311960203864
1.8378060853907896
1.8345559862056338
1.8298058412427136
1.8254307077242347
1.8204305551316875
1.815805413983581
1.8113052766502884
1.8063051240577412
1.8005549485763115
1.7959298074282053
1.7898046205023346
1.783679433576464
1.7775542466505936
1.7720540787987915
1.765803888058107
1.759178685872982
1.7535535142063663
1.7475533310953093
1.741303140354625
1.7356779686880093
1.7289277626880704
1.7224275643177587
1.7165523850215156
1.710052186651204
1.7034269844660788
1.6979268166142767
1.6923016449476609
1.6864264656514176
1.6805512863551746
1.6749261146885588
1.669300943021943
1.6641757866145819
1.6576755882442702
1.6529254432813503
1.6473002716147345
1.6424251228370008
1.6380499893185219
1.6329248329111608
1.6287997070223093
1.6246745811334575
1.6202994476149783
1.6159243140964994
1.6124242072817165
1.6086740928373058
1.6047989745780817
1.6009238563188575
1.5980487685781428
1.5950486770226142
1.5920485854670858
1.5896735129856259
1.5871734366893522
1.5850483718375195
1.58167326883755
1.5801732230597858
1.5777981505783258
1.5756730857264931
1.5741730399487288
1.5730480056154057
1.5710479445783867
1.570547929319132
1.5687978759117405
1.56742283394879
1.566297799615467
1.5647977538377027
1.5636727195043794
1.5626726889858698
1.561922666096988
1.5609226355784784
1.56029761650441
1.5596725974303416
1.559797601245155
1.5589225745414594
1.5585475630970183
1.557797540208136
1.557172521134068
1.5556724753563036
1.5536724143192846
1.5537974181340983
1.5536724143192846
1.5536724143192846
1.5540474257637258
1.5537974181340983
1.5537974181340983
1.55317239906003
1.553547410504471
1.5530473952452162
1.5534224066896571
1.5541724295785393
1.5540474257637258
1.5542974333933532
1.554797448652608
1.5541724295785393
1.554672444837794
1.5542974333933532
1.5554224677266761
1.5557974791711173
1.5554224677266761
1.55554747154149
1.5562974944303722
1.5564224982451857
1.556797509689627
1.557172521134068
1.5572975249488816
1.5575475325785089
1.5574225287636951
1.557797540208136
1.558297555467391
1.557797540208136
1.55792254402295
1.5592975859859004
1.5594225898007141
1.5596725974303416
1.559172582171087
1.5595475936155279
1.5595475936155279
1.5604226203192237
1.5601726126895963
1.5604226203192237
1.5607976317636647
1.5615476546525469
1.561172643208106
1.5616726584673606
1.561922666096988
1.561797662282174
1.5620476699118016
1.5621726737266153
1.5620476699118016
1.5639227271340068
1.5636727195043794
1.563422711874752
1.5639227271340068
1.5646727500228887
1.5644227423932615
1.564297738578448
1.5646727500228887
1.565797784356212
1.5659227881710258
1.566172795800653
1.5664228034302805
1.5672978301339764
1.5679228492080448
1.5687978759117405
1.5691728873561817
1.5697979064302499
1.5706729331339457
1.5712979522080142
1.5714229560228279
1.57217297891171
1.5739230323191016
1.5751730704672384
1.5762981048005615
1.5781731620227668
1.580048219244972
1.5815482650227364
1.5834233222449416
1.5854233832819604
1.5875484481337934
1.5901735282448806
1.5931736198004092
1.5956736960966826
1.5997988219855341
1.60304892117069
1.6064240241706595
1.6106741538743248
1.6151742912076175
1.6187994018372145
1.6230495315408795
1.6274246650593585
1.6329248329111608
1.638299996948149
1.6441751762443924
1.6491753288369395
1.6555505233924375
1.6616757103183082
1.6681759086886196
1.6738010803552354
1.6801762749107334
1.6861764580217904
1.6925516525772883
1.6990518509475998
1.7051770378734703
1.7105522019104589
1.7165523850215156
1.721552537614063
1.7264276863917967
1.7308028199102756
1.7346779381694999
1.7386780602435379
1.7429281899472029
1.7455532700582903
1.7485533616138187
1.7503034150212105
1.7519284646137883
1.7534285103915526
1.7536785180211798
1.7535535142063663
1.7528034913174841
1.7514284493545336
1.7508034302804651
1.7481783501693777
1.746053285317545
1.742178167058321
1.7390530716879788
1.7346779381694999
1.7304278084658344
1.7238026062807095
1.7196774803918575
1.7140523087252417
1.7083021332438124
1.702926969206824
1.6965517746513261
1.6908015991698966
1.6844264046143986
1.6783012176885281
1.6726760460219123
1.6659258400219734
1.6600506607257304
1.6539254737998597
1.6480502945036166
1.643925168614765
1.6390500198370312
1.6326748252815333
1.6279246803186131
1.6227995239112523
1.6179243751335184
1.6150492873928037
1.609799127170629
1.6067990356151007
1.6020488906521806
1.5989237952818385
1.596673726615192
1.5937986388744774
1.5910485549485762
1.58879848628193
1.5861734061708426
1.5855483870967744
1.5825482955412458
1.5804232306894133
1.5784231696523943
1.57692312387463
1.5754230780968657
1.5730480056154057
1.5704229255043185
1.56742283394879
1.5636727195043794
1.5574225287636951
1.5536724143192846
1.5474222235786004
1.5392969756157109
1.5310467238380079
1.522171452986236
1.5125461592455824
1.5029208655049286
1.4935455793939025
1.4855453352458265
1.4777950987273782
1.4729199499496444
1.4702948698385572
1.4705448774681846
1.475045014801477
1.4841702932828762
1.4981707205420087
1.5190463576158941
1.5459221778008363
1.57929819635609
1.6192994170964692
1.6658008362071597
1.719552476577044
1.778554277169103
1.8425562303537095
1.9104333017975401
1.9785603808709984
2.0451874141666924
2.1106894131290628
2.1695662099063084
2.218942716757714
2.257568895535142
2.281819635608997
2.2920699484237193
2.2889448530533767
2.2713193151646474
2.2399433576464127
2.196942045350505
2.1425653859065523
2.079938474684896
2.0098113345744193
1.935934080019532
1.8603067720572526
1.7878045594653156
1.7193024689474166
1.6566755577257606
1.5996738181707206
1.5492972808008056
1.5060459608752708
1.4702948698385572
1.4424190191351054
1.421293374431593
1.4071679433576463
1.4000427259132666
1.3987926877651295
1.4026678060243538
1.4104180425428021
1.4217933896908477
1.4351687978759118
1.4504192632831812
1.465544724875637
1.4812952055421613
1.4957956480605488
1.509546067690054
1.522171452986236
1.532921781060213
1.5422970671712395
1.5506723227637564
1.5569225135044404
1.5624226813562427
1.5665478072450942
1.569422894985809
1.5722979827265235
1.574923062837611
1.576548112430189
1.5781731620227668
1.5795482039857174
1.581298257393109
1.5821732840968048
1.5836733298745689
1.5845483565782648
1.5855483870967744
1.5874234443189794
1.588423474837489
1.589923520615253
1.5916735740226449
1.592798608355968
1.5955486922818691
1.596798730430006
1.5994238105410932
1.6014238715781122
1.6035489364299447
1.6059240089114046
1.6085490890224923
1.6111741691335797
1.6131742301705987
1.616549333170568
1.6197994323557239
1.622924527726066
1.6261746269112216
1.630799768059328
1.633674855800043
1.6369249549851985
1.6413000885036775
1.645050202948088
1.6493003326517535
1.6531754509109775
1.6583006073183386
1.663300759910886
1.667675893429365
1.673176061281167
1.6793012482070377
1.6829263588366346
1.6888015381328776
1.6944267097994934
1.7000518814661092
1.7063020722067934
1.7119272438734092
1.7179274269844662
1.7251776482436598
1.7304278084658344
1.736552995391705
1.7423031708731347
1.748053346354564
1.7546785485396894
1.7594286935026096
1.7649288613544114
1.7715540635395368
1.7774292428357799
1.7828044068727684
1.7893046052430799
1.7939297463911863
1.7993049104281746
1.8036800439466536
1.8084301889095737
1.8129303262428662
1.8175554673909728
1.8223056123538928
1.8261807306131168
1.8303058565019683
1.8335559556871244
1.8375560777611624
1.840431165501877
1.8440562761314738
1.8460563371684928
1.8478063905758844
1.8500564592425306
1.8521815240943633
1.853556566057314
1.8546816003906368
1.855431623279519
1.856181646168401
1.8559316385387736
1.855431623279519
1.855431623279519
1.8541815851313823
1.8529315469832455
1.8508064821314127
1.84868141727958
1.846681356242561
1.8435562608722191
1.8410561845759452
1.8369310586870937
1.832930936613056
1.8283057954649493
1.824555681020539
1.819430524613178
1.8146803796502577
1.8095552232428969
1.8046800744651632
1.7996799218726158
1.7943047578356275
1.7884295785393842
1.7828044068727684
1.7764292123172705
1.7709290444654684
1.764803857539598
1.7580536515396588
1.752053468428602
1.745678273873104
1.7399280983916745
1.7336779076509903
1.727927732169561
1.7206775109103671
1.7146773277993104
1.7089271523178808
1.7019269386883145
1.6970517899105808
1.6909266029847103
1.684676412244026
1.6793012482070377
1.6738010803552354
1.6683009125034334
1.6634257637256997
1.6573005767998292
1.6516754051332134
1.6464252449110386
1.6414250923184912
1.6360499282815029
1.632424817651906
1.6279246803186131
1.6234245429853207
1.6192994170964692
1.6151742912076175
1.6110491653187657
1.607424054689169
1.6037989440595721
1.6005488448744163
1.5974237495040742
1.594298654133732
1.5916735740226449
1.5890484939115572
1.5871734366893522
1.5841733451338236
1.5821732840968048
1.5797982116153446
1.5776731467635121
1.5755480819116796
1.5739230323191016
1.5729230018005922
1.5712979522080142
1.570172917874691
1.5684228644672995
1.5671728263191627
1.566172795800653
1.5640477309488205
1.5635477156895659
1.5624226813562427
1.5620476699118016
1.561047639393292
1.5604226203192237
1.56029761650441
1.5595475936155279
1.559172582171087
1.5584225592822047
1.55792254402295
1.557172521134068
1.5549224524674214
1.5536724143192846
1.553547410504471
1.5537974181340983
1.5534224066896571
1.5541724295785393
1.5537974181340983
1.5536724143192846
1.553922421948912
1.553547410504471
1.553547410504471
1.5536724143192846
1.5544224372081668
1.5544224372081668
1.5542974333933532
1.5556724753563036
1.555172460097049
1.5552974639118626
1.5554224677266761
1.555172460097049
1.5550474562822352
1.5552974639118626
1.555922482985931
1.5560474868007448
1.5562974944303722
1.556797509689627
1.5570475173192542
1.5574225287636951
1.5572975249488816
1.5572975249488816
1.5576725363933226
1.55792254402295
1.55792254402295
1.5580475478377636
1.5585475630970183
1.559172582171087
1.559797601245155
1.5596725974303416
1.559922605059969
1.559922605059969
1.5600476088747826
1.5605476241340372
1.560672627948851
1.5612976470229194
1.5612976470229194
1.5615476546525469
1.561797662282174
1.5621726737266153
1.5624226813562427
1.5624226813562427
1.5626726889858698
1.5621726737266153
1.563797723319193
1.5639227271340068
1.5636727195043794
1.564297738578448
1.5646727500228887
1.5645477462080752
1.5644227423932615
1.5649227576525162
1.5656727805413984
1.5655477767265848
1.566172795800653
1.5665478072450942
1.56742283394879
1.567797845393231
1.5687978759117405
1.569422894985809
1.5697979064302499
1.5710479445783867
1.5707979369487595
1.5715479598376416
1.5730480056154057
1.5740480361339153
1.5754230780968657
1.576548112430189
1.5786731772820215
1.5807982421338542
1.5817982726523636
1.5836733298745689
1.5856733909115879
1.5885484786523028
1.590298532059694
1.5937986388744774
1.5972987456892607
1.5997988219855341
1.6041739555040133
1.607424054689169
1.611424176763207
1.6155493026520584
1.6196744285409101
1.6242995696890163
1.6287997070223093
1.6345498825037386
1.6385500045777766
1.645050202948088
1.6508003784295175
1.6571755729850153
1.663300759910886
1.669175939207129
1.675176122318186
1.6818013245033114
1.6874264961699272
1.6941767021698662
1.7000518814661092
1.7066770836512346
1.7118022400585957
1.7179274269844662
1.7228025757621999
1.7280527359843745
1.73230286568804
1.7363029877620777
1.7399280983916745
1.7435532090212715
1.7459282815027315
1.7488033692434461
1.7506784264656514
1.7521784722434155
1.7533035065767388
1.7536785180211798
1.7534285103915526
1.7530534989471116
1.7513034455397198
1.7494283883175148
1.7475533310953093
1.7446782433545946
1.7415531479842525
1.7383030487990967
1.7329278847621081
1.728302743614002
1.7231775872066408
1.718427442243721
1.712802270577105
1.7065520798364209
1.7003018890957367
1.6949267250587483
1.6888015381328776
1.6835513779107028
1.6769261757255778
1.6706759849848933
1.6643007904293954
1.6584256111331521
1.6528004394665363
1.647050263985107
1.6414250923184912
1.635924924466689
1.6310497756889553
1.6265496383556628
1.6219244972075564
1.616924344615009
1.6130492263557847
1.609049104281747
1.6047989745780817
1.6016738792077396
1.5981737723929563
1.5959237037263099
1.5931736198004092
1.5905485396893215
1.588423474837489
1.5861734061708426
1.5845483565782648
1.58167326883755
1.5801732230597858
1.5777981505783258
1.5759230933561206
1.5742980437635425
1.5717979674672689
1.569422894985809
1.5659227881710258
1.562297677541429
1.5575475325785089
1.5516723532822658
1.5450471510971404
1.5367968993194372
1.5284216437269205
1.5196713766899625
1.5096710715048678
1.4999207739494005
1.491295510727256
1.4829202551347391
1.4766700643940551
1.4721699270607624
1.4696698507644885
1.4712949003570666
1.4774200872829373
1.487795403912473
1.504045899838252
1.5260465712454605
1.554797448652608
1.589923520615253
1.6321748100222786
1.6798012634662924
1.7359279763176367
1.7959298074282053
1.8609317911313212
1.9293088778344067
1.9975609607226783
2.0648130130924405
2.1285649586474196
2.185066682943205
2.2315681020538958
2.2654441358684045
2.286194769127476
2.2923199560533463
2.285194738608966
2.263569078646199
2.2300680562761315
2.1833166295358137
2.12618988616596
2.061687917722099
1.9895607165746025
1.914433423871578
1.8398061464278084
1.7681789605395672
1.701301919614246
1.6393000274666587
1.5845483565782648
1.53654689168981
1.4954206366161078
1.4616696066164128
1.4354188055055392
1.4162932218390454
1.4049178746910003
1.3995427106540117
1.3995427106540117
1.4050428785058138
1.4131681264687033
1.425543504135258
1.4392939237647635
1.4545443891720329
1.469919858394116
1.4850453199865719
1.501170812097537
1.5126711630603962
1.5252965483565784
1.5357968688009278
1.5446721396526994
1.5529223914304024
1.559047578356273
1.5635477156895659
1.5675478377636038
1.5710479445783867
1.5730480056154057
1.5754230780968657
1.57692312387463
1.5782981658375803
1.579673207800531
1.5821732840968048
1.5822982879116183
1.5837983336893826
1.5851733756523332
1.58642341380047
1.587923459578234
1.5885484786523028
1.5900485244300668
1.5914235663930174
1.5935486312448501
1.5959237037263099
1.5979237647633289
1.5999238258003479
1.6020488906521806
1.6041739555040133
1.6064240241706595
1.6089241004669332
1.6110491653187657
1.6144242683187355
1.6176743675038912
1.6205494552446058
1.6242995696890163
1.627674672688986
1.6310497756889553
1.6349248939481797
1.6390500198370312
1.641925107577746
1.6458002258369702
1.6496753440961944
1.6548005005035553
1.6594256416516617
1.6641757866145819
1.6689259315775018
1.6744260994293039
1.6796762596514787
1.6851764275032808
1.6905515915402693
1.6961767632068852
1.701801934873501
1.7078021179845577
1.7141773125400557
1.7196774803918575
1.7256776635029145
1.732677877132481
1.7380530411694692
1.743678212836085
1.7499284035767695
1.7561785943174535
1.7610537430951874
1.7676789452803126
1.7735541245765558
1.778554277169103
1.7848044679097874
1.7901796319467758
1.7951797845393231
1.8003049409466843
1.805180089724418
1.809930234687338
1.8149303872798852
1.8189305093539232
1.8236806543168431
1.8283057954649493
1.8314308908352916
1.8346809900204473
1.8386811120944853
1.8418062074648274
1.8436812646870329
1.846681356242561
1.84868141727958
1.850681478316599
1.8525565355388043
1.8538065736869411
1.8549316080202642
1.8556816309091464
1.8564316537980285
1.8563066499832148
1.8555566270943329
1.855056611835078
1.853056550798059
1.8519315164647359
1.8503064668721578
1.8480563982055118
1.8455563219092381
1.8426812341685233
1.8396811426129949
1.8359310281685843
1.831305887020478
1.8281807916501358
1.8228056276131475
1.8184304940946685
1.8139303567613758
1.8093052156132694
1.8029300210577714
1.7980548722800378
1.792429700613422
1.7878045594653156
1.7804293343913085
1.774179143650624
1.7690539872432631
1.7625537888729514
1.756428601947081
1.7503034150212105
1.7440532242805262
1.7381780449842832
1.7325528733176672
1.725927671132542
1.719552476577044
1.7130522782067326
1.7073021027253028
1.7003018890957367
1.6950517288735618
1.6888015381328776
1.6836763817255165
1.6780512100589007
1.6720510269478437
1.6666758629108556
1.660925687429426
1.655800531022065
1.651050386059145
1.6451752067629017
1.6401750541703544
1.6354249092074344
1.631174779503769
1.626424634540849
1.6222995086519973
1.6182993865779596
1.6139242530594806
1.610549150059511
1.6066740318002868
1.602673909726249
1.6000488296151616
1.5965487228003785
1.5944236579485458
1.5910485549485762
1.5885484786523028
1.58642341380047
1.583298318430128
1.5819232764671776
1.578923184911649
1.5770481276894437
1.574923062837611
1.5734230170598467
1.57217297891171
1.5707979369487595
1.5689228797265542
1.56742283394879
1.5667978148747217
1.566172795800653
1.5644227423932615
1.563047700430311
1.5620476699118016
1.5609226355784784
1.561047639393292
1.5604226203192237
1.559797601245155
1.5594225898007141
1.5587975707266457
1.5580475478377636
1.557797540208136
1.5570475173192542
1.5540474257637258
1.5536724143192846
1.553547410504471
1.5534224066896571
1.5537974181340983
1.553922421948912
1.5536724143192846
1.5532974028748436
1.5536724143192846
1.5537974181340983
1.5534224066896571
1.5534224066896571
1.553922421948912
1.554672444837794
1.553922421948912
1.555172460097049
1.554797448652608
1.5556724753563036
1.5552974639118626
1.5554224677266761
1.55554747154149
1.5556724753563036
1.555922482985931
1.5560474868007448
1.556797509689627
1.5572975249488816
1.5581725516525773
1.5572975249488816
1.5569225135044404
1.5576725363933226
1.556672505874813
1.5581725516525773
1.5581725516525773
1.5584225592822047
1.558672566911832
1.559922605059969
1.5600476088747826
1.5601726126895963
1.559797601245155
1.56029761650441
1.56029761650441
1.56029761650441
1.560672627948851
1.5609226355784784
1.561172643208106
1.5615476546525469
1.5624226813562427
1.5616726584673606
1.562297677541429
1.5624226813562427
1.5625476851710562
1.5625476851710562
1.5631727042451247
1.563422711874752
1.5636727195043794
1.5635477156895659
1.564172734763634
1.5651727652821437
1.5652977690969574
1.5655477767265848
1.5656727805413984
1.5659227881710258
1.566172795800653
1.5669228186895352
1.567797845393231
1.568547868282113
1.5691728873561817
1.5695478988006226
1.5702979216895046
1.570547929319132
1.5716729636524553
1.5720479750968963
1.5732980132450332
1.5747980590227975
1.5754230780968657
1.5771731315042574
1.578923184911649
1.5805482345042268
1.5822982879116183
1.584423352763451
1.5865484176152838
1.5897985168004394
1.5909235511337627
1.5949236732078005
1.5974237495040742
1.6009238563188575
1.6046739707632678
1.6084240852076785
1.6122992034669026
1.6162993255409406
1.6205494552446058
1.6259246192815942
1.6302997528000733
1.6354249092074344
1.6405500656147955
1.6465502487258523
1.652550431836909
1.6580505996887114
1.6641757866145819
1.671301004058962
1.677176183355205
1.683051362651448
1.689426557206946
1.6956767479476302
1.7024269539475692
1.707677114169744
1.7133022858363598
1.7189274575029754
1.7240526139103367
1.7286777550584431
1.7328028809472946
1.737303018280587
1.7406781212805567
1.7443032319101537
1.7463032929471725
1.7491783806878873
1.751178441724906
1.7525534836878567
1.7535535142063663
1.753178502761925
1.7534285103915526
1.7523034760582294
1.7508034302804651
1.7490533768730736
1.7466783043916136
1.743803216650899
1.740178106021302
1.7366779992065189
1.7325528733176672
1.7273027130954923
1.7226775719473861
1.7166773888363294
1.7110522171697136
1.7058020569475387
1.699801873836482
1.6939266945402387
1.6875514999847407
1.681926328318125
1.675676137577441
1.669300943021943
1.6631757560960723
1.6570505691702018
1.651800408948027
1.6463002410962249
1.6401750541703544
1.635174901577807
1.630049745170446
1.6250495925778985
1.6211744743186742
1.6161743217261269
1.6119241920224616
1.6079240699484236
1.6045489669484543
1.60067384868923
1.59829877620777
1.5955486922818691
1.5920485854670858
1.5900485244300668
1.5877984557634206
1.5855483870967744
1.5831733146153144
1.5819232764671776
1.580048219244972
1.5779231543931396
1.5756730857264931
1.5739230323191016
1.5712979522080142
1.5684228644672995
1.565797784356212
1.561047639393292
1.555922482985931
1.5501723075045015
1.5432970976897489
1.5350468459120459
1.526546586504715
1.5170462965788751
1.507546006653035
1.4977957090975678
1.4895454573198645
1.4819202246162297
1.475045014801477
1.4710448927274393
1.4700448622089297
1.4724199346903897
1.4791701406903288
1.4910455030976288
1.5089210486159856
1.532546769615772
1.5627976928006837
1.599548814355907
1.6431751457258827
1.6939266945402387
1.7501784112063965
1.8120552995391705
1.8769322794274728
1.9456843775749992
2.0151864986114076
2.0808135013885924
2.1435654164250617
2.197567064424574
2.2411933957945496
2.271819330423902
2.2894448683126316
2.2921949522385328
2.281069612720115
2.2561938535721913
2.218692709128086
2.170066225165563
2.1108144169438763
2.0438123722037416
1.9710601519821773
1.8955578478347117
1.8219306009094518
1.7510534379100926
1.6860514542069764
1.6254246040223395
1.57217297891171
1.5256715598010193
1.4862953581347087
1.4547943968016601
1.4305436567278056
1.413293130283517
1.4029178136539813
1.3989176915799433
1.4002927335428939
1.4066679280983916
1.4162932218390454
1.4290436109500413
1.4429190343943603
1.4589195226905116
1.4741699880977814
1.4890454420606098
1.5037958922086248
1.516296273689993
1.5279216284676658
1.5387969603564562
1.5469222083193457
1.5545474410229805
1.5596725974303416
1.5647977538377027
1.5686728720969267
1.5714229560228279
1.5742980437635425
1.5762981048005615
1.5772981353190711
1.579673207800531
1.5804232306894133
1.5817982726523636
1.5827983031708732
1.5847983642078922
1.5850483718375195
1.5869234290597247
1.5871734366893522
1.5895485091708121
1.5905485396893215
1.592423596911527
1.5944236579485458
1.5960487075411238
1.5976737571337016
1.60067384868923
1.6027989135410627
1.6041739555040133
1.6079240699484236
1.6100491348002564
1.6129242225409712
1.6152992950224312
1.6182993865779596
1.6215494857631152
1.6245495773186438
1.6279246803186131
1.6317997985778374
1.635174901577807
1.6398000427259134
1.6434251533555102
1.647425275429548
1.6515504013183995
1.6564255500961331
1.660550675984985
1.6654258247627187
1.6704259773552659
1.6760511490218817
1.6805512863551746
1.6865514694662314
1.6915516220587787
1.6979268166142767
1.7031769768364513
1.7093021637623218
1.7154273506881925
1.7214275337992493
1.7275527207251198
1.7333028962065493
1.73942808313242
1.7454282662434768
1.7515534531693473
1.7574286324655906
1.7624287850581377
1.7688039796136357
1.774304147465438
1.7803043305764947
1.7859295022431105
1.7915546739097263
1.7974298532059694
1.8019299905392623
1.8065551316873685
1.8114302804651021
1.8155554063539538
1.8199305398724328
1.824555681020539
1.8284307992797633
1.8328059327982422
1.8361810357982116
1.8391811273537402
1.8421812189092686
1.8454313180944242
1.8473063753166297
1.849556443983276
1.8521815240943633
1.853056550798059
1.8544315927610096
1.8546816003906368
1.8559316385387736
1.8563066499832148
1.8551816156498917
1.8558066347239601
1.8541815851313823
1.853181554612873
1.851556505020295
1.8493064363536484
1.8475563829462571
1.8458063295388654
1.8414311960203864
1.8393061311685537
1.8346809900204473
1.8304308603167823
1.8264307382427443
1.8220556047242653
1.8165554368724632
1.812305307168798
1.8070551469466232
1.8021799981688895
1.79642982268746
1.7906796472060307
1.785679494613483
1.7791792962431716
1.7733041169469284
1.7670539262062441
1.7609287392803734
1.7549285561693166
1.7489283730582599
1.7431781975768303
1.7359279763176367
1.730677816095462
1.7241776177251504
1.717177404095584
1.7115522324289683
1.7054270455030978
1.6994268623920408
1.6930516678365428
1.6879265114291817
1.681551316873684
1.6759261452070682
1.670800988799707
1.66480080568865
1.6591756340220343
1.6540504776146734
1.6488003173924985
1.643050141911069
1.6380499893185219
1.634424878688925
1.6295497299111912
1.6250495925778985
1.6211744743186742
1.616924344615009
1.6129242225409712
1.6085490890224923
1.6055489974669637
1.6019238868373669
1.5985487838373975
1.5956736960966826
1.592798608355968
1.590798547318949
1.5876734519486069
1.5850483718375195
1.5826732993560595
1.5801732230597858
1.5782981658375803
1.5762981048005615
1.57454805139317
1.5727979979857785
1.5719229712820828
1.5702979216895046
1.5690478835413677
1.5679228492080448
1.566297799615467
1.565422772911771
1.5640477309488205
1.5632977080599384
1.5620476699118016
1.561047639393292
1.5609226355784784
1.559797601245155
1.5595475936155279
1.5592975859859004
1.5587975707266457
1.55792254402295
1.5574225287636951
1.5565475020599995
1.5536724143192846
1.5536724143192846
1.553922421948912
1.5536724143192846
1.5540474257637258
1.553922421948912
1.5537974181340983
1.5536724143192846
1.5537974181340983
1.5537974181340983
1.5540474257637258
1.553922421948912
1.5540474257637258
1.553922421948912
1.5545474410229805
1.555922482985931
1.5550474562822352
1.5550474562822352
1.5552974639118626
1.554797448652608
1.5557974791711173
1.5554224677266761
1.555922482985931
1.5569225135044404
1.5562974944303722
1.5569225135044404
1.557172521134068
1.5575475325785089
1.557797540208136
1.55792254402295
1.5574225287636951
1.55792254402295
1.5581725516525773
1.559172582171087
1.559047578356273
1.5594225898007141
1.5594225898007141
1.559797601245155
1.559922605059969
1.5601726126895963
1.5604226203192237
1.559797601245155
1.560672627948851
1.560672627948851
1.561172643208106
1.561797662282174
1.5621726737266153
1.5626726889858698
1.561047639393292
1.5625476851710562
1.5627976928006837
1.5626726889858698
1.5631727042451247
1.563422711874752
1.563797723319193
1.564297738578448
1.5649227576525162
1.5652977690969574
1.5651727652821437
1.5656727805413984
1.565797784356212
1.566172795800653
1.5667978148747217
1.5672978301339764
1.567797845393231
1.5684228644672995
1.5700479140598773
1.5699229102450638
1.5702979216895046
1.5709229407635732
1.5716729636524553
1.5722979827265235
1.5737980285042878
1.574923062837611
1.5762981048005615
1.5774231391338847
1.5795482039857174
1.5815482650227364
1.582923306985687
1.5850483718375195
1.587298440504166
1.5895485091708121
1.5925486007263405
1.5952986846522417
1.5990487990966522
1.6027989135410627
1.606174016541032
1.6099241309854426
1.6139242530594806
1.6181743827631458
1.6226745200964385
1.627174657429731
1.632299813837092
1.6376749778740807
1.6429251380962555
1.6485503097628713
1.6546754966887418
1.660925687429426
1.6669258705404828
1.6733010650959808
1.6793012482070377
1.6858014465773492
1.6918016296884062
1.6976768089846492
1.7045520187994019
1.7096771752067628
1.7165523850215156
1.7211775261696218
1.725052644428846
1.730302804651021
1.7341779229102452
1.7384280526139104
1.7415531479842525
1.7450532547990356
1.7473033234656818
1.750053407391583
1.7516784569841608
1.7538035218359938
1.7533035065767388
1.7533035065767388
1.7543035370952484
1.7523034760582294
1.7499284035767695
1.7489283730582599
1.7458032776879178
1.7428031861323894
1.7388030640583514
1.7350529496139409
1.730302804651021
1.7254276558732873
1.7201774956511124
1.7149273354289376
1.7085521408734399
1.702926969206824
1.697426801355022
1.691051606799524
1.6851764275032808
1.6790512405774103
1.6733010650959808
1.6666758629108556
1.6615507065034945
1.6550505081331828
1.649050325022126
1.6433001495406965
1.6384250007629628
1.6334248481704154
1.6281746879482406
1.6235495468001342
1.6191744132816552
1.6144242683187355
1.6102991424298836
1.6064240241706595
1.6024239020966218
1.5996738181707206
1.5964237189855648
1.5940486465041048
1.5905485396893215
1.5891734977263712
1.5874234443189794
1.5849233680227057
1.583298318430128
1.5810482497634815
1.5787981810968352
1.5770481276894437
1.5752980742820522
1.5731730094302194
1.5700479140598773
1.56742283394879
1.5636727195043794
1.559047578356273
1.5541724295785393
1.5477972350230413
1.540922025208289
1.5317967467268898
1.5229214758751182
1.5126711630603962
1.5037958922086248
1.494545609912412
1.4862953581347087
1.4787951292458876
1.473544969023713
1.4706698812829981
1.4709198889126254
1.474294991912595
1.4829202551347391
1.4971706900234993
1.5167962889492477
1.5427970824304942
1.5764231086153753
1.6159243140964994
1.6618007141331217
1.7153023468733786
1.7733041169469284
1.8371810663167212
1.9040581072420424
1.9724351939451277
2.040937284463027
2.105814264351329
2.1654410840174565
2.216067629016999
2.2538187810907315
2.280194586016419
2.291819940794092
2.289819879757073
2.272569353312784
2.2431934568315683
2.2004421521652886
2.1471905270546587
2.0846886196478165
2.014811487166967
1.9416842555009612
1.8659319437238684
1.7931797235023041
1.7245526291695914
1.660550675984985
1.6041739555040133
1.552672383800775
1.5092960600604266
1.4729199499496444
1.4440440687276832
1.4230434278389843
1.4082929776909696
1.4005427411725213
1.3992927030243845
1.4022927945799126
1.4099180272835474
1.4210433668019655
1.4341687673574024
1.4485442060609761
1.4647947019867549
1.4801701712088382
1.4951706289864803
1.5085460371715445
1.5212964262825404
1.5324217658009582
1.541672048097171
1.5502973113193153
1.5565475020599995
1.561797662282174
1.5665478072450942
1.569422894985809
1.5722979827265235
1.5750480666524247
1.576548112430189
1.5781731620227668
1.5795482039857174
1.5814232612079226
1.5821732840968048
1.5836733298745689
1.5845483565782648
1.5856733909115879
1.5869234290597247
1.5876734519486069
1.5896735129856259
1.5910485549485762
1.5934236274300364
1.5950486770226142
1.5972987456892607
1.5989237952818385
1.6016738792077396
1.6040489516891996
1.6057990050965911
1.608174077578051
1.6102991424298836
1.613424237800226
1.616549333170568
1.6191744132816552
1.6227995239112523
1.6262996307260353
1.6297997375408186
1.6334248481704154
1.6369249549851985
1.64105008087405
1.645050202948088
1.6491753288369395
1.6533004547257912
1.6579255958738974
1.662925748466445
1.6674258857997375
1.6724260383922849
1.6773011871700187
1.6834263740958892
1.6889265419476913
1.6946767174291208
1.6995518662068545
1.7055520493179113
1.7114272286141545
1.7178024231696525
1.723552598651082
1.7295527817621388
1.7361779839472642
1.7420531632435072
1.747678334910123
1.753178502761925
1.759553697317423
1.7650538651692254
1.7709290444654684
1.7768042237617114
1.7824293954283272
1.788054567094943
1.7938047425763726
1.7986798913541064
1.8041800592059083
1.8081801812799463
1.8140553605761895
1.8173054597613454
1.8215555894650106
1.826555742057558
1.8298058412427136
1.8336809595019379
1.8375560777611624
1.8401811578722496
1.8431812494277782
1.8455563219092381
1.8481814020203253
1.849556443983276
1.8523065279091768
1.853056550798059
1.8549316080202642
1.855431623279519
1.8560566423535876
1.855431623279519
1.8559316385387736
1.8551816156498917
1.8546816003906368
1.8523065279091768
1.8505564745017853
1.8489314249092075
1.846806360057375
1.8435562608722191
1.8406811731315043
1.8370560625019074
1.8335559556871244
1.828930814539018
1.8255557115390486
1.8203055513168738
1.8153053987243264
1.8104302499465927
1.804805078279977
1.7998049256874293
1.7943047578356275
1.7890545976134526
1.7834294259468366
1.7768042237617114
1.7711790520950956
1.7649288613544114
1.7584286629841
1.7521784722434155
1.7463032929471725
1.7408031250953704
1.7340529190954315
1.7280527359843745
1.7213025299844356
1.715552354503006
1.7095521713919493
1.7033019806512648
1.6968017822809534
1.6913016144291515
1.6856764427625355
1.6798012634662924
1.6745511032441176
1.6690509353923155
1.6626757408368176
1.6570505691702018
1.6520504165776544
1.6466752525406658
1.6413000885036775
1.6374249702444532
1.6325498214667196
1.6282996917630543
1.6237995544297616
1.6200494399853511
1.6157993102816859
1.6116741843928344
1.6077990661336101
1.6044239631336406
1.6007988525040437
1.5976737571337016
1.594798669392987
1.5921735892818996
1.5892985015411847
1.5870484328745385
1.5851733756523332
1.5824232917264323
1.580048219244972
1.5781731620227668
1.5760480971709343
1.5742980437635425
1.5720479750968963
1.5706729331339457
1.5696729026154363
1.5687978759117405
1.5676728415784174
1.5667978148747217
1.5649227576525162
1.5639227271340068
1.5625476851710562
1.561922666096988
1.561047639393292
1.5607976317636647
1.5600476088747826
1.5592975859859004
1.5592975859859004
1.5584225592822047
1.5576725363933226
1.5574225287636951
1.5552974639118626
1.5536724143192846
1.5537974181340983
1.553547410504471
1.5545474410229805
1.553922421948912
1.5541724295785393
1.5537974181340983
1.5536724143192846
1.5545474410229805
1.5537974181340983
1.5537974181340983
1.553922421948912
1.5544224372081668
1.5544224372081668
1.5544224372081668
1.554672444837794
1.555172460097049
1.5552974639118626
1.5550474562822352
1.55554747154149
1.5545474410229805
1.5560474868007448
1.5560474868007448
1.5564224982451857
1.5565475020599995
1.5572975249488816
1.5570475173192542
1.557797540208136
1.55792254402295
1.55792254402295
1.55792254402295
1.5580475478377636
1.5581725516525773
1.5585475630970183
1.5595475936155279
1.5594225898007141
1.559797601245155
1.5596725974303416
1.5604226203192237
1.5604226203192237
1.559797601245155
1.5601726126895963
1.5612976470229194
1.561172643208106
1.561797662282174
1.561922666096988
1.562297677541429
1.562297677541429
1.563047700430311
1.5625476851710562
1.5629226966154972
1.5626726889858698
1.563047700430311
1.5640477309488205
1.564172734763634
1.5639227271340068
1.56504776146733
1.5651727652821437
1.565422772911771
1.565422772911771
1.5656727805413984
1.5660477919858395
1.5664228034302805
1.56742283394879
1.5680478530228583
1.5686728720969267
1.5695478988006226
1.5700479140598773
1.570547929319132
1.5712979522080142
1.5719229712820828
1.5727979979857785
1.5742980437635425
1.5752980742820522
1.576548112430189
1.5781731620227668
1.5802982268745993
1.5817982726523636
1.5836733298745689
1.586048402356029
1.588048463393048
1.590423535874508
1.5935486312448501
1.596798730430006
1.6004238410596028
1.6035489364299447
1.6076740623187964
1.6111741691335797
1.6155493026520584
1.6197994323557239
1.6239245582445754
1.6286747032074953
1.633549851985229
1.6388000122074038
1.644675191503647
1.6504253669850764
1.6564255500961331
1.6625507370220038
1.6685509201330608
1.6750511185033723
1.6808012939848018
1.687051484725486
1.6936766869106112
1.6995518662068545
1.7054270455030978
1.7113022247993408
1.7170524002807703
1.721927549058504
1.7266776940214241
1.7318028504287852
1.7359279763176367
1.73942808313242
1.7430531937620168
1.7459282815027315
1.7481783501693777
1.7510534379100926
1.7519284646137883
1.7536785180211798
1.7535535142063663
1.7526784875026704
1.7528034913174841
1.7516784569841608
1.750053407391583
1.7473033234656818
1.745678273873104
1.7410531327249978
1.7379280373546557
1.7344279305398724
1.7291777703176978
1.7238026062807095
1.7188024536881619
1.7130522782067326
1.7071770989104893
1.7015519272438735
1.6955517441328165
1.6895515610217597
1.6838013855403302
1.6781762138737144
1.6719260231330302
1.6651758171330913
1.6595506454664755
1.6533004547257912
1.6471752677999205
1.6423001190221869
1.6370499588000123
1.6314247871333964
1.6269246498001038
1.6222995086519973
1.6179243751335184
1.6135492416150394
1.609049104281747
1.6052989898373364
1.6012988677632984
1.5981737723929563
1.5956736960966826
1.592798608355968
1.590423535874508
1.5885484786523028
1.586048402356029
1.584423352763451
1.5826732993560595
1.5806732383190405
1.5786731772820215
1.5766731162450025
1.5755480819116796
1.5719229712820828
1.570172917874691
1.566297799615467
1.5631727042451247
1.5584225592822047
1.553547410504471
1.54604718161565
1.5384219489120152
1.5296716818750573
1.520296395764031
1.5110461134678184
1.5015458235419783
1.492545548875393
1.4841702932828762
1.4774200872829373
1.4729199499496444
1.4704198736533707
1.4717949156163215
1.4761700491348004
1.486545365764336
1.5016708273567918
1.5230464796899321
1.5510473342081972
1.5855483870967744
1.6270496536149175
1.6745511032441176
1.7288027588732566
1.788929593798639
1.8533065584276864
1.921308633686331
1.989435712759789
2.057187780388806
2.1208147221289715
2.1785664845728934
2.2261929380169074
2.262819055757317
2.2840697042756433
2.2929449751274147
2.2870697958311714
2.2664441663869135
2.2336931669057285
2.188941801202429
2.132690084536271
2.0679381084627826
1.9973109530930508
1.9230586870937223
1.8474313791314432
1.7763042085024567
1.7084271370586261
1.6461752372814111
1.5906735435041353
1.5417970519119846
1.4997957701345868
1.4652947172460096
1.4385439008758814
1.4190433057649465
1.4066679280983916
1.4000427259132666
1.3996677144688254
1.4039178441724907
1.4126681112094486
1.4244184698019349
1.4377938779869992
1.4524193243202002
1.4677947935422835
1.48429529709769
1.4985457319864497
1.5116711325418866
1.5244215216528825
1.534546830652791
1.5439221167638173
1.5517973570970793
1.5581725516525773
1.5629226966154972
1.5672978301339764
1.5704229255043185
1.5734230170598467
1.5754230780968657
1.5770481276894437
1.5782981658375803
1.580048219244972
1.5811732535782954
1.5824232917264323
1.5836733298745689
1.5850483718375195
1.586048402356029
1.5870484328745385
1.5886734824671163
1.590298532059694
1.5912985625782037
1.5932986236152227
1.5959237037263099
1.5974237495040742
1.5990487990966522
1.6021738944669943
1.6046739707632678
1.6069240394299142
1.6091741080965607
1.6116741843928344
1.614174260689108
1.6170493484298227
1.6202994476149783
1.6231745353556932
1.6270496536149175
1.6295497299111912
1.6349248939481797
1.637549974059267
1.6408000732444226
1.6454252143925292
1.6498003479110082
1.6540504776146734
1.6593006378368482
1.6644257942442091
1.6685509201330608
1.6743010956144901
1.6793012482070377
1.684301400799585
1.6901765800958282
1.6956767479476302
1.700926908169805
1.7075521103549303
1.7125522629474779
1.7186774498733484
1.7255526596881008
1.7309278237250891
1.737428022095401
1.7435532090212715
1.7491783806878873
1.755178563798944
1.7610537430951874
1.7656788842432936
1.7720540787987915
1.778179265724662
1.783679433576464
1.7890545976134526
1.7946797692800684
1.8000549333170568
1.8044300668355358
1.8096802270577106
1.8144303720206305
1.8184304940946685
1.8228056276131475
1.8266807458723715
1.830930875576037
1.8346809900204473
1.8383061006500443
1.8409311807611317
1.8439312723166599
1.8469313638721885
1.8484314096499528
1.8504314706869718
1.8519315164647359
1.8539315775017549
1.8545565965758233
1.8553066194647054
1.8560566423535876
1.856181646168401
1.8559316385387736
1.8545565965758233
1.8538065736869411
1.8520565202795496
1.8501814630573443
1.848306405835139
1.845181310464797
1.8430562456129642
1.8396811426129949
1.836056031983398
1.8326809289834285
1.8285558030945768
1.8235556505020296
1.8188055055391095
1.8135553453169349
1.809055207983642
1.8038050477614673
1.7981798760948515
1.7931797235023041
1.7873045442060609
1.7814293649098176
1.7749291665395062
1.7686789757988222
1.7636788232062746
1.756803613391522
1.7506784264656514
1.7446782433545946
1.7384280526139104
1.7324278695028534
1.7266776940214241
1.719927488021485
1.7138023010956145
1.707677114169744
1.7014269234290598
1.6946767174291208
1.6896765648365732
1.6840513931699574
1.6776761986144597
1.6723010345774711
1.6669258705404828
1.6611756950590533
1.6555505233924375
1.6505503707998903
1.6454252143925292
1.640300057985168
1.6350498977629933
1.6312997833185827
1.6266746421704763
1.6225495162816248
1.6194244209112827
1.6146742759483628
1.6104241462446975
1.6059240089114046
1.603173924985504
1.5999238258003479
1.5965487228003785
1.5940486465041048
1.5912985625782037
1.5886734824671163
1.58642341380047
1.5837983336893826
1.5817982726523636
1.5787981810968352
1.5771731315042574
1.5751730704672384
1.5732980132450332
1.5724229865413375
1.5700479140598773
1.569422894985809
1.5682978606524856
1.56742283394879
1.5659227881710258
1.565422772911771
1.5635477156895659
1.5625476851710562
1.5616726584673606
1.560672627948851
1.560672627948851
1.559922605059969
1.5592975859859004
1.558672566911832
1.5584225592822047
1.5574225287636951
1.5570475173192542
1.5544224372081668
1.553547410504471
1.5532974028748436
1.553547410504471
1.5534224066896571
1.553922421948912
1.553922421948912
1.5542974333933532
1.5537974181340983
1.5540474257637258
1.553922421948912
1.5540474257637258
1.5542974333933532
1.5545474410229805
1.5545474410229805
1.554797448652608
1.555172460097049
1.555172460097049
1.5552974639118626
1.5552974639118626
1.5561724906155583
1.5554224677266761
1.5561724906155583
1.5562974944303722
1.5561724906155583
1.5562974944303722
1.556797509689627
1.5575475325785089
1.557172521134068
1.557797540208136
1.5580475478377636
1.5575475325785089
1.5581725516525773
1.558672566911832
1.559172582171087
1.5592975859859004
1.5600476088747826
1.56029761650441
1.5600476088747826
1.5594225898007141
1.5604226203192237
1.560672627948851
1.5609226355784784
1.5604226203192237
1.5612976470229194
1.5616726584673606
1.5620476699118016
1.5621726737266153
1.5625476851710562
1.561797662282174
1.5626726889858698
1.563422711874752
1.5627976928006837
1.5632977080599384
1.5639227271340068
1.5640477309488205
1.5644227423932615
1.5649227576525162
1.56504776146733
1.5655477767265848
1.5659227881710258
1.5660477919858395
1.566172795800653
1.5669228186895352
1.5679228492080448
1.567797845393231
1.5689228797265542
1.5704229255043185
1.5700479140598773
1.5704229255043185
1.5720479750968963
1.5720479750968963
1.5731730094302194
1.57454805139317
1.5759230933561206
1.5772981353190711
1.5786731772820215
1.5811732535782954
1.5824232917264323
1.5836733298745689
1.5866734214300973
1.5889234900967437
1.5911735587633902
1.5950486770226142
1.5977987609485154
1.6005488448744163
1.6042989593188268
1.6086740928373058
1.6135492416150394
1.6166743369853815
1.6210494705038605
1.625299600207526
1.630049745170446
1.6354249092074344
1.6411750846888638
1.6465502487258523
1.6520504165776544
1.6584256111331521
1.6644257942442091
1.6701759697256386
1.6769261757255778
1.6829263588366346
1.6891765495773186
1.695426740318003
1.7015519272438735
1.7070520950956756
1.7135522934659873
1.7189274575029754
1.723927610095523
1.7288027588732566
1.7331778923917356
1.7371780144657736
1.7408031250953704
1.743803216650899
1.7469283120212409
1.7481783501693777
1.7510534379100926
1.7521784722434155
1.7538035218359938
1.7535535142063663
1.7536785180211798
1.7525534836878567
1.7510534379100926
1.7486783654286326
1.7470533158360546
1.7434282052064578
1.7408031250953704
1.7371780144657736
1.73230286568804
1.7271777092806788
1.7225525681325726
1.7168023926511429
1.711177220984527
1.7050520340586566
1.6991768547624133
1.6943017059846797
1.6875514999847407
1.6813013092440567
1.6759261452070682
1.669175939207129
1.6634257637256997
1.6573005767998292
1.6516754051332134
1.645050202948088
1.6401750541703544
1.6347998901333658
1.6305497604297006
1.6255496078371532
1.6207994628742333
1.6161743217261269
1.6126742149113438
1.6080490737632376
1.6044239631336406
1.60067384868923
1.5979237647633289
1.5949236732078005
1.591923581652272
1.589923520615253
1.5877984557634206
1.5857983947264016
1.5837983336893826
1.5824232917264323
1.5797982116153446
1.5776731467635121
1.5757980895413068
1.5736730246894741
1.5707979369487595
1.568547868282113
1.565797784356212
1.5616726584673606
1.5562974944303722
1.5502973113193153
1.5435471053193763
1.5354218573564866
1.526171575060274
1.5170462965788751
1.507546006653035
1.498045716727195
1.4891704458754236
1.482670247505112
1.4755450300607318
1.4724199346903897
1.4702948698385572
1.4725449385052034
1.479045136875515
1.4906704916531877
1.508421033356731
1.5320467543565173
1.5620476699118016
1.5992988067262794
1.6428001342814416
1.6929266640217293
1.749678395947142
1.8113052766502884
1.8765572679830318
1.9444343394268624
2.0134364452040163
2.079813470870083
2.1416903592028564
2.1971920529801325
2.2404433729056676
2.271194311349834
2.2884448377941218
2.2923199560533463
2.280819605090487
2.2561938535721913
2.219067720572527
2.1699412213507494
2.1108144169438763
2.04443739127781
1.9720601825006867
1.8973079012421035
1.8226806237983337
1.752428479873043
1.6875514999847407
1.626424634540849
1.5726729941709647
1.526671590319529
1.486545365764336
1.4551694082461013
1.4305436567278056
1.413293130283517
1.4032928250984222
1.3987926877651295
1.4012927640614032
1.406542924283578
1.416043214209418
1.4286685995056
1.4427940305795466
1.45816949980163
1.4732949613940856
1.489295449690237
1.5036708883938108
1.5160462660603655
1.528171636097293
1.5379219336527605
1.5467972045045322
1.5541724295785393
1.5592975859859004
1.56504776146733
1.568547868282113
1.5716729636524553
1.5739230323191016
1.5760480971709343
1.5775481429486986
1.5787981810968352
1.5810482497634815
1.5815482650227364
1.5824232917264323
1.5835483260597554
1.5854233832819604
1.5865484176152838
1.5877984557634206
1.5895485091708121
1.590798547318949
1.5929236121707817
1.5939236426892909
1.5965487228003785
1.5975487533188881
1.6004238410596028
1.6037989440595721
1.605048982207709
1.6072990508743554
1.6095491195410014
1.61254921109653
1.61492428357799
1.6179243751335184
1.6222995086519973
1.625174596392712
1.6281746879482406
1.632299813837092
1.635924924466689
1.6393000274666587
1.6429251380962555
1.6475502792443617
1.6513003936887722
1.655800531022065
1.660550675984985
1.6655508285775322
1.670800988799707
1.6759261452070682
1.681551316873684
1.686676473281045
1.6920516373180334
1.6976768089846492
1.7030519730216378
1.7090521561326946
1.7149273354289376
1.7211775261696218
1.7274277169103063
1.733427900021363
1.7396780907620473
1.745678273873104
1.750428418836024
1.757178624835963
1.7630538041322064
1.7676789452803126
1.7748041627246927
1.7808043458357494
1.7858044984282968
1.7910546586504716
1.7968048341319012
1.8016799829096348
1.8065551316873685
1.8113052766502884
1.8156804101687674
1.8200555436872463
1.8243056733909115
1.8285558030945768
1.8319309060945466
1.8358060243537706
1.8399311502426223
1.8421812189092686
1.8444312875759148
1.847181371501816
1.8493064363536484
1.8508064821314127
1.8523065279091768
1.8539315775017549
1.8549316080202642
1.855431623279519
1.8566816614276558
1.856181646168401
1.8555566270943329
1.8544315927610096
1.8534315622425002
1.8514315012054812
1.849556443983276
1.8475563829462571
1.8441812799462873
1.8415561998352001
1.8385561082796718
1.8354310129093294
1.8306808679464095
1.8264307382427443
1.8214305856501969
1.8169304483169042
1.811805291909543
1.8065551316873685
1.8018049867244483
1.79642982268746
1.7908046510208442
1.7854294869838556
1.7794293038727989
1.7729291055024872
1.7671789300210579
1.76080373546556
1.7546785485396894
1.7494283883175148
1.7426781823175757
1.7364279915768914
1.7300527970213935
1.723927610095523
1.7178024231696525
1.7109272133548998
1.7051770378734703
1.6986768395031586
1.6928016602069156
1.6868014770958586
1.681926328318125
1.6758011413922544
1.6701759697256386
1.6650508133182775
1.6590506302072208
1.653800469985046
1.649050325022126
1.6438001647999512
1.6381749931333354
1.633674855800043
1.6295497299111912
1.625174596392712
1.6217994933927427
1.6174243598742637
1.613424237800226
1.6087990966521197
1.60542399365215
1.6019238868373669
1.5984237800225838
1.5955486922818691
1.5930486159855952
1.5901735282448806
1.5881734672078616
1.5854233832819604
1.5837983336893826
1.5807982421338542
1.5791731925412764
1.57692312387463
1.57454805139317
1.5731730094302194
1.5714229560228279
1.5704229255043185
1.5689228797265542
1.5672978301339764
1.566172795800653
1.5647977538377027
1.5639227271340068
1.563422711874752
1.5620476699118016
1.561172643208106
1.5607976317636647
1.5595475936155279
1.5595475936155279
1.5585475630970183
1.5587975707266457
1.5581725516525773
1.5575475325785089
1.556797509689627
1.5542974333933532
1.5532974028748436
1.5536724143192846
1.5540474257637258
1.5532974028748436
1.5537974181340983
1.553922421948912
1.553922421948912
1.553922421948912
1.5536724143192846
1.5536724143192846
1.553922421948912
1.553922421948912
1.5544224372081668
1.5552974639118626
1.554672444837794
1.555172460097049
1.5550474562822352
1.5554224677266761
1.5554224677266761
1.5556724753563036
1.55554747154149
1.5561724906155583
1.5561724906155583
1.556797509689627
1.5564224982451857
1.5575475325785089
1.55792254402295
1.5575475325785089
1.557797540208136
1.5580475478377636
1.5572975249488816
1.5581725516525773
1.5589225745414594
1.5589225745414594
1.5592975859859004
1.5595475936155279
1.559922605059969
1.5604226203192237
1.559797601245155
1.5604226203192237
1.5604226203192237
1.5605476241340372
1.5609226355784784
1.561797662282174
1.5616726584673606
1.561922666096988
1.5621726737266153
1.5624226813562427
1.5627976928006837
1.5626726889858698
1.5627976928006837
1.5625476851710562
1.5632977080599384
1.563422711874752
1.564172734763634
1.5656727805413984
1.5645477462080752
1.5649227576525162
1.5655477767265848
1.565797784356212
1.5660477919858395
1.5664228034302805
1.5671728263191627
1.5679228492080448
1.5682978606524856
1.5689228797265542
1.5700479140598773
1.5704229255043185
1.5706729331339457
1.5715479598376416
1.5726729941709647
1.5736730246894741
1.5750480666524247
1.5762981048005615
1.5777981505783258
1.57929819635609
1.5817982726523636
1.5831733146153144
1.5851733756523332
1.5877984557634206
1.5901735282448806
1.592423596911527
1.5956736960966826
1.599173802911466
1.6025489059114353
1.606174016541032
1.6104241462446975
1.6144242683187355
1.6179243751335184
1.6227995239112523
1.627674672688986
1.632424817651906
1.6377999816888944
1.6434251533555102
1.6486753135776848
1.6549255043183693
1.6613006988738672
1.6675508896145512
1.6734260689107945
1.6790512405774103
1.6860514542069764
1.6918016296884062
1.6980518204290902
1.704052003540147
1.710052186651204
1.7153023468733786
1.7213025299844356
1.7265526902066104
1.7308028199102756
1.7349279457991271
1.7384280526139104
1.7419281594286935
1.7453032624286628
1.7478033387249368
1.7501784112063965
1.7521784722434155
1.7526784875026704
1.7541785332804345
1.7539285256508073
1.7526784875026704
1.7515534531693473
1.7506784264656514
1.7483033539841915
1.7453032624286628
1.742178167058321
1.7388030640583514
1.7346779381694999
1.7300527970213935
1.7253026520584733
1.719552476577044
1.7141773125400557
1.7084271370586261
1.7019269386883145
1.6965517746513261
1.6913016144291515
1.684676412244026
1.6788012329477828
1.6729260536515398
1.6669258705404828
1.660550675984985
1.654550492873928
1.6488003173924985
1.642675130466628
1.637549974059267
1.6326748252815333
1.627674672688986
1.6231745353556932
1.618549394207587
1.6140492568742943
1.6100491348002564
1.606174016541032
1.6027989135410627
1.598673787652211
1.5960487075411238
1.5939236426892909
1.5910485549485762
1.5886734824671163
1.5869234290597247
1.5847983642078922
1.5826732993560595
1.580923245948668
1.57929819635609
1.5767981200598165
1.5747980590227975
1.572547990356151
1.5700479140598773
1.5667978148747217
1.563422711874752
1.5589225745414594
1.553547410504471
1.5474222235786004
1.540046998504593
1.5307967162083804
1.521796441541795
1.5122961516159552
1.5029208655049286
1.4939205908383435
1.4851703238013856
1.4785451216162602
1.4731699575792718
1.4705448774681846
1.4712949003570666
1.4760450453199865
1.4844203009125034
1.4986707358012636
1.5194213690603353
1.5459221778008363
1.579673207800531
1.6205494552446058
1.6674258857997375
1.7206775109103671
1.7800543229468673
1.8439312723166599
1.910933317056795
1.9798104190191352
2.047562486648152
2.1115644398327587
2.1713162633136998
2.220692770165105
2.2576938993499556
2.2823196508682515
2.2930699789422286
2.2883198339793087
2.2695692617572556
2.2391933347575304
2.1956920072023682
2.141190343943602
2.0775634022034364
2.0076862697225866
1.9334340037232582
1.8583067110202338
1.785679494613483
1.7176774193548388
1.6544254890591144
1.5977987609485154
1.5471722159489731
1.5049209265419476
1.4692948393200476
1.4412939848017823
1.4219183935056612
1.4066679280983916
1.4005427411725213
1.3992927030243845
1.4029178136539813
1.4111680654316843
1.4226684163945433
1.4356688131351665
1.450544267097995
1.4666697592089604
1.4820452284310435
1.4967956785790582
1.5101710867641225
1.5224214606158635
1.5340468153935363
1.5427970824304942
1.5506723227637564
1.556797509689627
1.5621726737266153
1.566172795800653
1.5709229407635732
1.5726729941709647
1.5761731009857478
1.5766731162450025
1.5781731620227668
1.57929819635609
1.580923245948668
1.582048280281991
1.583298318430128
1.5847983642078922
1.5861734061708426
1.5875484481337934
1.5885484786523028
1.590298532059694
1.5916735740226449
1.5936736350596639
1.5954236884670552
1.5979237647633289
1.5992988067262794
1.6016738792077396
1.6039239478743859
1.6067990356151007
1.6085490890224923
1.6112991729483932
1.6140492568742943
1.6162993255409406
1.6200494399853511
1.6234245429853207
1.6265496383556628
1.6302997528000733
1.6340498672444839
1.6376749778740807
1.6416750999481187
1.6456752220221567
1.6493003326517535
1.6539254737998597
1.6584256111331521
1.6621757255775629
1.6683009125034334
1.6730510574663533
1.6788012329477828
1.6836763817255165
1.689426557206946
1.6951767326883755
1.700176885280923
1.70617706839198
1.712427259132664
1.7185524460585346
1.7244276253547777
1.7301778008362072
1.736552995391705
1.7428031861323894
1.7483033539841915
1.754428540910062
1.7603037202063052
1.76555388042848
1.7720540787987915
1.7771792352061526
1.7831794183172094
1.7883045747245705
1.7941797540208135
1.7994299142429884
1.8044300668355358
1.8084301889095737
1.813430341502121
1.8179304788354138
1.8223056123538928
1.826555742057558
1.8301808526871548
1.8345559862056338
1.8376810815759759
1.8399311502426223
1.8434312570574054
1.8461813409833063
1.848306405835139
1.8500564592425306
1.8516815088351086
1.8533065584276864
1.8549316080202642
1.8551816156498917
1.8558066347239601
1.8559316385387736
1.8564316537980285
1.855056611835078
1.8538065736869411
1.852681539353618
1.8504314706869718
1.848306405835139
1.84630634479812
1.8429312417981507
1.8396811426129949
1.8369310586870937
1.8328059327982422
1.8288058107242042
1.8241806695760978
1.8196805322428053
1.8149303872798852
1.8089302041688284
1.8044300668355358
1.7991799066133611
1.7934297311319314
1.7883045747245705
1.7821793877986998
1.7759291970580158
1.7703040253914
1.7644288460951567
1.7581786553544725
1.7518034607989748
1.7459282815027315
1.7395530869472335
1.7331778923917356
1.7274277169103063
1.7216775414288765
1.714427320169683
1.7086771446882534
1.7023019501327556
1.6963017670216987
1.6900515762810144
1.685051423688467
1.6790512405774103
1.6728010498367258
1.6675508896145512
1.6626757408368176
1.6570505691702018
1.6516754051332134
1.6469252601702933
1.6418001037629322
1.6364249397259438
1.6317997985778374
1.6270496536149175
1.6231745353556932
1.618924405652028
1.6154242988372447
1.6110491653187657
1.607424054689169
1.6039239478743859
1.60067384868923
1.5969237342448195
1.5945486617633595
1.5910485549485762
1.58879848628193
1.5865484176152838
1.584423352763451
1.5821732840968048
1.5794232001709037
1.5776731467635121
1.5757980895413068
1.5736730246894741
1.57217297891171
1.5706729331339457
1.5697979064302499
1.5682978606524856
1.5671728263191627
1.565797784356212
1.5645477462080752
1.563422711874752
1.5627976928006837
1.561172643208106
1.5607976317636647
1.5604226203192237
1.5596725974303416
1.559172582171087
1.5587975707266457
1.5584225592822047
1.5574225287636951
1.5572975249488816
1.5550474562822352
1.553547410504471
1.553547410504471
1.55317239906003
1.553547410504471
1.553547410504471
1.5537974181340983
1.553922421948912
1.5537974181340983
1.5534224066896571
1.5537974181340983
1.5540474257637258
1.5537974181340983
1.5532974028748436
1.5540474257637258
1.554672444837794
1.5545474410229805
1.5554224677266761
1.5554224677266761
1.5545474410229805
1.5554224677266761
1.5557974791711173
1.5557974791711173
1.555922482985931
1.5560474868007448
1.5569225135044404
1.5569225135044404
1.5575475325785089
1.5575475325785089
1.5576725363933226
1.55792254402295
1.5581725516525773
1.55792254402295
1.5584225592822047
1.5587975707266457
1.5594225898007141
1.5594225898007141
1.5601726126895963
1.559922605059969
1.5604226203192237
1.5609226355784784
1.560672627948851
1.5601726126895963
1.561047639393292
1.5609226355784784
1.5612976470229194
1.5615476546525469
1.562297677541429
1.5624226813562427
1.563047700430311
1.5621726737266153
1.563047700430311
1.5629226966154972
1.5632977080599384
1.563422711874752
1.5639227271340068
1.564297738578448
1.56504776146733
1.5651727652821437
1.5656727805413984
1.5659227881710258
1.565797784356212
1.5665478072450942
1.567047822504349
1.5671728263191627
1.567797845393231
1.5687978759117405
1.5697979064302499
1.5700479140598773
1.5709229407635732
1.5719229712820828
1.5727979979857785
1.5731730094302194
1.5739230323191016
1.5752980742820522
1.5766731162450025
1.5786731772820215
1.5805482345042268
1.5822982879116183
1.584423352763451
1.5866734214300973
1.5889234900967437
1.5916735740226449
1.5939236426892909
1.5972987456892607
1.6007988525040437
1.6044239631336406
1.608174077578051
1.612174199652089
1.6162993255409406
1.620924466689047
1.625299600207526
1.630049745170446
1.6346748863185523
1.6405500656147955
1.6454252143925292
1.6516754051332134
1.6574255806146427
1.6641757866145819
1.6709259926145208
1.6764261604663229
1.6823013397625661
1.6889265419476913
1.6945517136143071
1.701301919614246
1.7071770989104893
1.7126772667622914
1.7181774346140937
1.7238026062807095
1.7289277626880704
1.73230286568804
1.7366779992065189
1.7404281136509292
1.743303201391644
1.7461782891323587
1.7491783806878873
1.7508034302804651
1.7521784722434155
1.7534285103915526
1.7539285256508073
1.7535535142063663
1.752428479873043
1.7514284493545336
1.7494283883175148
1.7470533158360546
1.7440532242805262
1.7403031098361157
1.736552995391705
1.732677877132481
1.7273027130954923
1.7233025910214546
1.7170524002807703
1.7118022400585957
1.7059270607623525
1.699801873836482
1.6941767021698662
1.6880515152439954
1.6818013245033114
1.675676137577441
1.670050965910825
1.6643007904293954
1.6576755882442702
1.651800408948027
1.6463002410962249
1.6405500656147955
1.6349248939481797
1.6302997528000733
1.625174596392712
1.6210494705038605
1.6162993255409406
1.6122992034669026
1.6082990813928648
1.6044239631336406
1.6007988525040437
1.5975487533188881
1.5955486922818691
1.592423596911527
1.5900485244300668
1.5877984557634206
1.586048402356029
1.58404834131901
1.5817982726523636
1.5797982116153446
1.5786731772820215
1.5759230933561206
1.5736730246894741
1.5716729636524553
1.5696729026154363
1.565422772911771
1.5615476546525469
1.556672505874813
1.5519223609118933
1.544422132023072
1.5361718802453688
1.5269215979491562
1.517921323282571
1.5081710257271035
1.4992957548753318
1.489795464949492
1.4821702322458572
1.4760450453199865
1.471544907986694
1.4702948698385572
1.4725449385052034
1.4789201330607014
1.4901704763939327
1.5077960142826623
1.530546708578753
1.5604226203192237
1.5974237495040742
1.6409250770592365
1.691426618243965
1.7474283272804958
1.8088052003540147
1.8743071993163853
1.9416842555009612
2.010436353648488
2.0768133793145545
2.1396902981658377
2.1946919766838584
2.239443342387158
2.2709443037202064
2.2885698416089357
2.2920699484237193
2.281319620349742
2.2576938993499556
2.220567766350291
2.171941282387768
2.113064485610523
2.0459374370555743
1.9740602435377057
1.8989329508346813
1.8246806848353525
1.754428540910062
1.6885515305032504
1.628049684133427
1.5741730399487288
1.5276716208380383
1.488170415356914
1.4557944273201697
1.4316686910611285
1.4137931455427717
1.403417828913236
1.3992927030243845
1.4007927488021485
1.405792901394696
1.4157932065797907
1.4280435804315317
1.4425440229499193
1.4579194921720025
1.4736699728385265
1.4887954344309824
1.5026708578753014
1.5165462813196202
1.528171636097293
1.5375469222083193
1.5467972045045322
1.5541724295785393
1.5600476088747826
1.564172734763634
1.5687978759117405
1.5720479750968963
1.5737980285042878
1.5762981048005615
1.5777981505783258
1.5790481887264625
1.5804232306894133
1.5822982879116183
1.5824232917264323
1.5839233375041963
1.5854233832819604
1.5866734214300973
1.588048463393048
1.5894235053559984
1.590798547318949
1.592798608355968
1.594298654133732
1.5960487075411238
1.5980487685781428
1.6005488448744163
1.6029239173558765
1.6052989898373364
1.6079240699484236
1.6099241309854426
1.6124242072817165
1.6157993102816859
1.6184243903927733
1.620924466689047
1.6245495773186438
1.6281746879482406
1.6312997833185827
1.635549913022248
1.6398000427259134
1.6434251533555102
1.6476752830591754
1.6523004242072816
1.655800531022065
1.6608006836146123
1.6656758323923462
1.6709259926145208
1.675551133762627
1.681551316873684
1.686676473281045
1.6918016296884062
1.698176824243904
1.7034269844660788
1.7089271523178808
1.7148023316141239
1.7211775261696218
1.7269277016510514
1.7333028962065493
1.7395530869472335
1.7455532700582903
1.7509284340952787
1.7570536210211494
1.762803796502579
1.7684289681691947
1.7739291360209968
1.780179326761681
1.785679494613483
1.790929654835658
1.7968048341319012
1.8021799981688895
