1.7333028962065493
1.7346779381694999
1.7363029877620777
1.7368030030213324
1.7364279915768914
1.7350529496139409
1.733427900021363
1.730677816095462
1.7273027130954923
1.7229275795770134
1.7188024536881619
1.7136772972808008
1.708177129428999
1.7020519425031282
1.6959267555772577
1.6889265419476913
1.6823013397625661
1.6749261146885588
1.6679259010589922
1.660550675984985
1.653425458540605
1.6456752220221567
1.6405500656147955
1.632299813837092
1.6259246192815942
1.6195494247260964
1.613799249244667
1.6086740928373058
1.6024239020966218
1.598673787652211
1.592798608355968
1.5877984557634206
1.5836733298745689
1.5799232154301586
1.5760480971709343
1.5729230018005922
1.5696729026154363
1.5667978148747217
1.5631727042451247
1.5589225745414594
1.5536724143192846
1.5477972350230413
1.540922025208289
1.5334217963194676
1.5240465102084415
1.5145462202826014
1.504045899838252
1.49379558702353
1.481420209356975
1.4694198431348613
1.4589195226905116
1.450544267097995
1.4461691335795162
1.4466691488387708
1.4527943357646413
1.4662947477645192
1.4867953733939634
1.5149212317270424
1.551547349467452
1.5965487228003785
1.6503003631702629
1.7125522629474779
1.7844294564653462
1.8640568865016633
1.9466844080935088
2.026936857203894
2.100689107943968
2.164441053498947
2.214567583239235
2.248443617053743
2.2663191625721
2.272819360942411
2.2529437543870356
2.2130675374614706
2.1584408703878903
2.092688863795892
2.0169365520187994
1.936309091463973
1.8533065584276864
1.7715540635395368
1.6925516525772883
1.6199244361705374
1.5560474868007448
1.5034208807641836
1.4601695608386487
1.427918576616718
1.4044178594317454
1.389542405468917
1.3837922299874874
1.3845422528763696
1.391042451246681
1.4024177983947264
1.4181682790612506
1.4357938169499802
1.4545443891720329
1.4729199499496444
1.489795464949492
1.504045899838252
1.5176713156529436
1.5289216589861752
1.5381719412823878
1.5459221778008363
1.5525473799859615
1.556672505874813
1.5609226355784784
1.564172734763634
1.5667978148747217
1.570172917874691
1.5722979827265235
1.5741730399487288
1.5761731009857478
1.5786731772820215
1.5815482650227364
1.5831733146153144
1.5861734061708426
1.5896735129856259
1.5921735892818996
1.5959237037263099
1.5999238258003479
1.603173924985504
1.6067990356151007
1.6110491653187657
1.6150492873928037
1.6194244209112827
1.6242995696890163
1.6295497299111912
1.6341748710592976
1.639925046540727
1.6451752067629017
1.6508003784295175
1.656550553910947
1.6621757255775629
1.6683009125034334
1.6746761070589313
1.6811763054292428
1.6880515152439954
1.6946767174291208
1.702176946317942
1.708052125614185
1.7150523392437513
1.7221775566881314
1.7289277626880704
1.7363029877620777
1.7431781975768303
1.7494283883175148
1.7569286172063356
1.7641788384655293
1.7706790368358412
1.7778042542802208
1.7838044373912778
1.7901796319467758
1.7958048036133916
1.801554979094821
1.8066801355021822
1.8114302804651021
1.8166804406872767
1.8208055665761285
1.8263057344279305
1.8286808069093905
1.8326809289834285
1.8349309976500747
1.838056093020417
1.840306161687063
1.8416812036500139
1.842806237983337
1.8449313028351695
1.8440562761314738
1.8439312723166599
1.8434312570574054
1.8429312417981507
1.840806176946318
1.838806115909299
1.8356810205389569
1.8331809442426834
1.8291808221686454
1.8251807000946074
1.8209305703909422
1.816180425428022
1.811805291909543
1.806805139316996
1.8011799676503801
1.794429761650441
1.7893046052430799
1.782929410687582
1.7756791894283883
1.769804010132145
1.7633038117618336
1.7560535905026398
1.7498033997619558
1.7426781823175757
1.7356779686880093
1.7274277169103063
1.7213025299844356
1.7134272896511735
1.7065520798364209
1.6991768547624133
1.6933016754661703
1.686676473281045
1.6784262215033416
1.6730510574663533
1.666050843836787
1.6590506302072208
1.653800469985046
1.6468002563554796
1.6409250770592365
1.6349248939481797
1.6297997375408186
1.6254246040223395
1.6192994170964692
1.6150492873928037
1.6096741233558154
1.6055489974669637
1.6016738792077396
1.5972987456892607
1.592798608355968
1.5900485244300668
1.5862984099856563
1.5835483260597554
1.5805482345042268
1.5777981505783258
1.5752980742820522
1.5730480056154057
1.5702979216895046
1.568172856837672
1.5664228034302805
1.5639227271340068
1.5627976928006837
1.5620476699118016
1.5600476088747826
1.5587975707266457
1.5584225592822047
1.556797509689627
1.5557974791711173
1.5554224677266761
1.5540474257637258
1.55317239906003
1.552797387615589
1.5522973723563342
1.5521723685415205
1.5517973570970793
1.5516723532822658
1.5512973418378246
1.5510473342081972
1.55079732657857
1.5506723227637564
1.5502973113193153
1.550422315134129
1.5506723227637564
1.5506723227637564
1.5505473189489425
1.5512973418378246
1.5509223303933837
1.5511723380230111
1.5511723380230111
1.5512973418378246
1.5509223303933837
1.5514223456526384
1.5516723532822658
1.5521723685415205
1.552797387615589
1.5532974028748436
1.55317239906003
1.5541724295785393
1.5544224372081668
1.5550474562822352
1.5557974791711173
1.5565475020599995
1.55792254402295
1.559922605059969
1.5604226203192237
1.561922666096988
1.5649227576525162
1.566297799615467
1.568172856837672
1.570172917874691
1.572547990356151
1.5756730857264931
1.5786731772820215
1.5830483108005005
1.5857983947264016
1.589923520615253
1.5945486617633595
1.599173802911466
1.6041739555040133
1.61017413861507
1.6151742912076175
1.6215494857631152
1.627674672688986
1.6350498977629933
1.6411750846888638
1.6478002868739892
1.6556755272072514
1.6620507217627492
1.668800927762688
1.6760511490218817
1.6833013702810755
1.689426557206946
1.6964267708365124
1.7024269539475692
1.708802148503067
1.7143023163548692
1.7193024689474166
1.7236776024658955
1.7278027283547472
1.7309278237250891
1.733427900021363
1.7348029419843134
1.7361779839472642
1.7370530106509599
1.7360529801324502
1.7364279915768914
1.7336779076509903
1.7308028199102756
1.7268026978362376
1.7233025910214546
1.7191774651326028
1.7134272896511735
1.708052125614185
1.7024269539475692
1.6964267708365124
1.6891765495773186
1.6824263435773796
1.675176122318186
1.6683009125034334
1.6610506912442398
1.653425458540605
1.6463002410962249
1.639925046540727
1.6321748100222786
1.6257996154667806
1.6200494399853511
1.614174260689108
1.6085490890224923
1.60304892117069
1.5977987609485154
1.5926736045411543
1.588048463393048
1.5836733298745689
1.5795482039857174
1.5764231086153753
1.5729230018005922
1.569422894985809
1.5669228186895352
1.5629226966154972
1.5587975707266457
1.5544224372081668
1.5480472426526688
1.540922025208289
1.5331717886898404
1.52467152928251
1.5146712240974152
1.5042959074678794
1.4926705526902067
1.4816702169866023
1.4689198278756064
1.458794518875698
1.4506692709128086
1.4459191259498887
1.4466691488387708
1.451669301431318
1.4661697439497057
1.4869203772087771
1.515546250801111
1.55079732657857
1.5960487075411238
1.6498003479110082
1.7121772515030367
1.7838044373912778
1.8638068788720359
1.9463093966490677
2.02681185338908
2.100814111758782
2.163691030610065
2.2139425641651664
2.2494436475722526
2.2664441663869135
2.272569353312784
2.2531937620166635
2.2139425641651664
2.1594409009064
2.092313852351451
2.017936582537309
1.9376841334269232
1.8545565965758233
1.7720540787987915
1.6925516525772883
1.6200494399853511
1.556797509689627
1.5037958922086248
1.4609195837275306
1.4280435804315317
1.4046678670613728
1.3900424207281719
1.383667226172674
1.3841672414319286
1.3909174474318675
1.40254280220954
1.4177932676168097
1.4355438093203527
1.4545443891720329
1.4720449232459487
1.4890454420606098
1.5041709036530655
1.5170462965788751
1.5290466628009889
1.5379219336527605
1.5454221625415814
1.5519223609118933
1.5561724906155583
1.5612976470229194
1.5639227271340068
1.5667978148747217
1.5692978911709952
1.57217297891171
1.5739230323191016
1.5762981048005615
1.5784231696523943
1.5811732535782954
1.5834233222449416
1.5865484176152838
1.589923520615253
1.592798608355968
1.5959237037263099
1.6000488296151616
1.603173924985504
1.6071740470595417
1.6109241615039522
1.6152992950224312
1.6197994323557239
1.6235495468001342
1.6290497146519365
1.6341748710592976
1.639550035096286
1.6454252143925292
1.6505503707998903
1.6560505386516924
1.6623007293923764
1.6684259163182469
1.6741760917996766
1.6801762749107334
1.6884265266884364
1.6935516830957975
1.7011769157994323
1.7085521408734399
1.7148023316141239
1.7211775261696218
1.729427777947325
1.7359279763176367
1.7426781823175757
1.7498033997619558
1.7563035981322672
1.7641788384655293
1.7703040253914
1.7773042390209661
1.7834294259468366
1.7893046052430799
1.7963048188726465
1.8010549638355662
1.8066801355021822
1.8116802880947296
1.816180425428022
1.8211805780205697
1.8254307077242347
1.8291808221686454
1.832930936613056
1.8363060396130253
1.8366810510574663
1.8400561540574358
1.8416812036500139
1.8425562303537095
1.8441812799462873
1.845181310464797
1.8441812799462873
1.8435562608722191
1.8425562303537095
1.8406811731315043
1.8399311502426223
1.8356810205389569
1.8330559404278695
1.8294308297982727
1.8256807153538621
1.8203055513168738
1.8168054445020907
1.811930295724357
1.8069301431318094
1.8006799523911254
1.79642982268746
1.7890545976134526
1.7830544145023959
1.7763042085024567
1.7690539872432631
1.763553819391461
1.7565536057618945
1.7499284035767695
1.7430531937620168
1.735802972502823
1.7286777550584431
1.7214275337992493
1.7134272896511735
1.7064270760216071
1.6994268623920408
1.6940516983550522
1.687051484725486
1.6796762596514787
1.6729260536515398
1.666050843836787
1.6586756187627796
1.653425458540605
1.6469252601702933
1.6398000427259134
1.6347998901333658
1.6297997375408186
1.6254246040223395
1.6196744285409101
1.6142992645039216
1.6100491348002564
1.6056740012817774
1.6019238868373669
1.5975487533188881
1.5932986236152227
1.5901735282448806
1.58642341380047
1.5826732993560595
1.580923245948668
1.5780481582079533
1.5760480971709343
1.5729230018005922
1.5714229560228279
1.5684228644672995
1.566172795800653
1.564172734763634
1.5626726889858698
1.5615476546525469
1.5600476088747826
1.5589225745414594
1.5576725363933226
1.5569225135044404
1.5552974639118626
1.5542974333933532
1.5541724295785393
1.5532974028748436
1.552797387615589
1.5525473799859615
1.5529223914304024
1.551547349467452
1.551547349467452
1.5511723380230111
1.5509223303933837
1.55079732657857
1.5506723227637564
1.550422315134129
1.5500473036896878
1.5505473189489425
1.5510473342081972
1.550422315134129
1.55079732657857
1.5506723227637564
1.5516723532822658
1.5516723532822658
1.5511723380230111
1.5512973418378246
1.5517973570970793
1.5516723532822658
1.5521723685415205
1.5522973723563342
1.553922421948912
1.5537974181340983
1.553922421948912
1.5542974333933532
1.555172460097049
1.5552974639118626
1.5557974791711173
1.5581725516525773
1.558672566911832
1.56029761650441
1.561922666096988
1.563422711874752
1.5665478072450942
1.567797845393231
1.5704229255043185
1.57217297891171
1.5750480666524247
1.5786731772820215
1.5819232764671776
1.5861734061708426
1.589923520615253
1.594673665578173
1.5994238105410932
1.6042989593188268
1.6095491195410014
1.6150492873928037
1.620924466689047
1.6277996765037996
1.6337998596148564
1.6408000732444226
1.6479252906888027
1.6549255043183693
1.6624257332071901
1.668050904873806
1.675676137577441
1.6831763664662618
1.6891765495773186
1.6961767632068852
1.702176946317942
1.7086771446882534
1.7135522934659873
1.7193024689474166
1.723927610095523
1.7273027130954923
1.7305528122806482
1.7328028809472946
1.734552934354686
1.7363029877620777
1.7364279915768914
1.7361779839472642
1.7349279457991271
1.7335529038361768
1.730677816095462
1.7281777397991884
1.7241776177251504
1.7196774803918575
1.7135522934659873
1.708052125614185
1.7031769768364513
1.6960517593920712
1.6895515610217597
1.6828013550218206
1.6749261146885588
1.6685509201330608
1.6613006988738672
1.653800469985046
1.6463002410962249
1.6391750236518448
1.6332998443556017
1.627174657429731
1.6201744438001648
1.6139242530594806
1.6084240852076785
1.60304892117069
1.596798730430006
1.5932986236152227
1.588048463393048
1.5837983336893826
1.5794232001709037
1.5760480971709343
1.5724229865413375
1.5704229255043185
1.5669228186895352
1.5632977080599384
1.5585475630970183
1.5534224066896571
1.5480472426526688
1.540922025208289
1.5326717734305857
1.5245465254676962
1.5149212317270424
1.5046709189123204
1.493295571764275
1.4817952208014162
1.4700448622089297
1.459169530320139
1.4507942747276223
1.4465441450239571
1.4465441450239571
1.452919339579455
1.4654197210608235
1.4859203466902677
1.5136711935789056
1.5499222998748743
1.5949236732078005
1.6481752983184301
1.710427198095645
1.7814293649098176
1.8615568102053894
1.9436843165379802
2.0248117923520614
2.0978140202032534
2.162190984832301
2.212442518387402
2.2478185979796748
2.2664441663869135
2.272569353312784
2.2544438001648
2.214567583239235
2.1610659504989775
2.0945639210180973
2.0196866359447005
1.9396841944639422
1.8569316690572832
1.7733041169469284
1.6944267097994934
1.62204950102237
1.5576725363933226
1.5047959227271341
1.4615446028015993
1.4290436109500413
1.4046678670613728
1.3897924130985444
1.382292184209723
1.3837922299874874
1.390292428357799
1.4019177831354717
1.4175432599871822
1.4354188055055392
1.4537943662831507
1.4724199346903897
1.4879204077272867
1.5037958922086248
1.5176713156529436
1.5284216437269205
1.5385469527268287
1.5459221778008363
1.5519223609118933
1.5564224982451857
1.5609226355784784
1.563047700430311
1.5666728110599077
1.5695478988006226
1.5724229865413375
1.5740480361339153
1.576548112430189
1.579673207800531
1.5804232306894133
1.5836733298745689
1.5861734061708426
1.590298532059694
1.5926736045411543
1.5959237037263099
1.5994238105410932
1.6032989288003174
1.6069240394299142
1.6111741691335797
1.6152992950224312
1.6195494247260964
1.6239245582445754
1.6295497299111912
1.633674855800043
1.6396750389110997
1.6454252143925292
1.6504253669850764
1.6560505386516924
1.6619257179479354
1.6683009125034334
1.6744260994293039
1.6810513016144293
1.6878015076143682
1.6941767021698662
1.7006769005401776
1.708052125614185
1.715177343058565
1.7224275643177587
1.7285527512436292
1.7361779839472642
1.7426781823175757
1.749678395947142
1.757553636280404
1.7641788384655293
1.7706790368358412
1.7776792504654073
1.7835544297616506
1.7893046052430799
1.7956797997985778
1.8013049714651936
1.8063051240577412
1.811805291909543
1.8165554368724632
1.8214305856501969
1.8253057039094212
1.8294308297982727
1.8323059175389873
1.8358060243537706
1.8381810968352306
1.8396811426129949
1.8414311960203864
1.8426812341685233
1.8439312723166599
1.8444312875759148
1.844306283761101
1.8438062685018464
1.8429312417981507
1.840806176946318
1.8385561082796718
1.8361810357982116
1.8326809289834285
1.8295558336130864
1.8270557573168127
1.8208055665761285
1.8175554673909728
1.811055269020661
1.8059301126133
1.8013049714651936
1.7954297921689504
1.7891796014282664
1.7826794030579547
1.777054231391339
1.7696790063173315
1.7630538041322064
1.7558035828730125
1.7499284035767695
1.7431781975768303
1.7386780602435379
1.7286777550584431
1.7206775109103671
1.7140523087252417
1.7074271065401168
1.699801873836482
1.6925516525772883
1.6864264656514176
1.6794262520218513
1.6730510574663533
1.6655508285775322
1.6595506454664755
1.6530504470961638
1.6471752677999205
1.640300057985168
1.6352999053926207
1.628424695577868
1.6244245735038303
1.6197994323557239
1.61492428357799
1.609049104281747
1.606174016541032
1.6014238715781122
1.5970487380596332
1.5930486159855952
1.58879848628193
1.5866734214300973
1.5836733298745689
1.5801732230597858
1.5779231543931396
1.5762981048005615
1.57217297891171
1.570172917874691
1.5682978606524856
1.5666728110599077
1.564172734763634
1.5644227423932615
1.561047639393292
1.559797601245155
1.5589225745414594
1.5575475325785089
1.5574225287636951
1.5556724753563036
1.5549224524674214
1.5537974181340983
1.5541724295785393
1.5532974028748436
1.5519223609118933
1.5521723685415205
1.5516723532822658
1.55079732657857
1.5519223609118933
1.5510473342081972
1.5505473189489425
1.5516723532822658
1.55079732657857
1.551547349467452
1.5500473036896878
1.5506723227637564
1.5506723227637564
1.55079732657857
1.5522973723563342
1.5510473342081972
1.5510473342081972
1.5510473342081972
1.5497972960600603
1.5512973418378246
1.5516723532822658
1.5522973723563342
1.552672383800775
1.5529223914304024
1.552672383800775
1.5544224372081668
1.5545474410229805
1.554797448652608
1.5560474868007448
1.5575475325785089
1.558297555467391
1.559172582171087
1.5605476241340372
1.562297677541429
1.5631727042451247
1.5660477919858395
1.5675478377636038
1.5700479140598773
1.5727979979857785
1.5742980437635425
1.57929819635609
1.5821732840968048
1.5857983947264016
1.589923520615253
1.5952986846522417
1.598798791467025
1.6044239631336406
1.61017413861507
1.6154242988372447
1.6217994933927427
1.6261746269112216
1.634299874874111
1.64105008087405
1.6481752983184301
1.6550505081331828
1.6623007293923764
1.6699259620960112
1.6761761528366956
1.6829263588366346
1.6884265266884364
1.6955517441328165
1.702551957762383
1.7085521408734399
1.7141773125400557
1.7203024994659262
1.724302621539964
1.7280527359843745
1.7309278237250891
1.7335529038361768
1.7346779381694999
1.735802972502823
1.7366779992065189
1.7361779839472642
1.7351779534287546
1.7329278847621081
1.7313028351695303
1.727052705465865
1.7231775872066408
1.7185524460585346
1.7141773125400557
1.7094271675771355
1.7023019501327556
1.6951767326883755
1.6891765495773186
1.6829263588366346
1.6749261146885588
1.6681759086886196
1.660550675984985
1.653425458540605
1.645925229651784
1.638299996948149
1.6327998290963468
1.6261746269112216
1.6200494399853511
1.6130492263557847
1.6092991119113744
1.6024239020966218
1.5975487533188881
1.5929236121707817
1.5877984557634206
1.583298318430128
1.5799232154301586
1.5767981200598165
1.5731730094302194
1.5707979369487595
1.5679228492080448
1.5635477156895659
1.5584225592822047
1.553922421948912
1.5480472426526688
1.542422070986053
1.5317967467268898
1.52467152928251
1.5146712240974152
1.504420911282693
1.4939205908383435
1.4819202246162297
1.4702948698385572
1.4586695150608844
1.4506692709128086
1.4462941373943297
1.4466691488387708
1.4542943815424054
1.4666697592089604
1.4862953581347087
1.5145462202826014
1.5509223303933837
1.5959237037263099
1.6496753440961944
1.712052247688223
1.7834294259468366
1.863431867427595
1.9459343852046267
2.0260618305001987
2.0995640736106447
2.1631910153508103
2.2138175603503525
2.248443617053743
2.2664441663869135
2.272569353312784
2.2533187658314766
2.2138175603503525
2.1595659047212132
2.092688863795892
2.017436567278054
1.9368091067232276
1.8543065889461958
1.771804071169164
1.6926766563921019
1.6201744438001648
1.5556724753563036
1.503170873134556
1.460794579912717
1.4277935728019044
1.4041678518021181
1.3900424207281719
1.383667226172674
1.3839172338023011
1.3905424359874266
1.4022927945799126
1.4179182714316232
1.436293832209235
1.4545443891720329
1.4724199346903897
1.4890454420606098
1.5037958922086248
1.5175463118381298
1.528546647541734
1.5381719412823878
1.5459221778008363
1.5520473647267068
1.5570475173192542
1.56029761650441
1.5639227271340068
1.5669228186895352
1.5697979064302499
1.5720479750968963
1.574923062837611
1.5756730857264931
1.578923184911649
1.581298257393109
1.5835483260597554
1.5866734214300973
1.5892985015411847
1.592798608355968
1.5954236884670552
1.6001738334299753
1.6040489516891996
1.6069240394299142
1.6110491653187657
1.6155493026520584
1.6195494247260964
1.6241745658742028
1.629674733726005
1.6345498825037386
1.6408000732444226
1.645050202948088
1.6509253822443313
1.6563005462813196
1.6623007293923764
1.6685509201330608
1.6743010956144901
1.6809262977996156
1.6876765037995543
1.6944267097994934
1.701801934873501
1.7086771446882534
1.7149273354289376
1.7220525528733177
1.7289277626880704
1.7359279763176367
1.7429281899472029
1.7503034150212105
1.7573036286507766
1.763928830835902
1.7709290444654684
1.7776792504654073
1.78455446028016
1.790054628131962
1.7968048341319012
1.8016799829096348
1.806805139316996
1.811805291909543
1.817055452131718
1.8216805932798243
1.8255557115390486
1.8290558183538315
1.8328059327982422
1.8351810052797022
1.838056093020417
1.8401811578722496
1.8416812036500139
1.8430562456129642
1.8438062685018464
1.8441812799462873
1.8439312723166599
1.8435562608722191
1.8426812341685233
1.8411811883907592
1.838431104464858
1.8359310281685843
1.8323059175389873
1.828930814539018
1.8256807153538621
1.8213055818353832
1.8168054445020907
1.8115552842799159
1.8063051240577412
1.8009299600207527
1.7950547807245094
1.7893046052430799
1.782554399243141
1.7755541856135748
1.7689289834284494
1.7630538041322064
1.756428601947081
1.7495533921323283
1.7424281746879482
1.7355529648731955
1.7276777245399335
1.7210525223548083
1.7138023010956145
1.7066770836512346
1.6999268776512955
1.6923016449476609
1.685926450392163
1.6789262367625966
1.6724260383922849
1.6656758323923462
1.6588006225775933
1.6530504470961638
1.6468002563554796
1.640300057985168
1.635174901577807
1.62917471846675
1.6245495773186438
1.6191744132816552
1.6147992797631765
1.609799127170629
1.605048982207709
1.6016738792077396
1.597173741874447
1.5932986236152227
1.5892985015411847
1.586048402356029
1.5849233680227057
1.5801732230597858
1.5776731467635121
1.5752980742820522
1.5724229865413375
1.5706729331339457
1.568172856837672
1.566297799615467
1.564297738578448
1.5627976928006837
1.561797662282174
1.56029761650441
1.5587975707266457
1.5580475478377636
1.556672505874813
1.5560474868007448
1.5556724753563036
1.5536724143192846
1.5532974028748436
1.552797387615589
1.55317239906003
1.5522973723563342
1.5517973570970793
1.5517973570970793
1.551547349467452
1.5509223303933837
1.5505473189489425
1.5512973418378246
1.5497972960600603
1.5502973113193153
1.550422315134129
1.5506723227637564
1.5506723227637564
1.5511723380230111
1.55079732657857
1.5509223303933837
1.5512973418378246
1.5509223303933837
1.5509223303933837
1.5505473189489425
1.5520473647267068
1.5522973723563342
1.5524223761711478
1.552672383800775
1.5537974181340983
1.5540474257637258
1.5542974333933532
1.555172460097049
1.5557974791711173
1.556672505874813
1.5574225287636951
1.559047578356273
1.559797601245155
1.5625476851710562
1.5640477309488205
1.5659227881710258
1.5675478377636038
1.5702979216895046
1.5724229865413375
1.5754230780968657
1.5787981810968352
1.5821732840968048
1.5855483870967744
1.589923520615253
1.594798669392987
1.5997988219855341
1.6046739707632678
1.6107991576891385
1.6155493026520584
1.6211744743186742
1.627299661244545
1.634299874874111
1.6413000885036775
1.6479252906888027
1.6555505233924375
1.6618007141331217
1.6694259468367565
1.6761761528366956
1.6829263588366346
1.689051545762505
1.6960517593920712
1.7028019653920103
1.7090521561326946
1.7150523392437513
1.7198024842066715
1.7244276253547777
1.7274277169103063
1.7309278237250891
1.7335529038361768
1.7348029419843134
1.7364279915768914
1.7368030030213324
1.7360529801324502
1.7351779534287546
1.7339279152806177
1.7304278084658344
1.7269277016510514
1.7233025910214546
1.7188024536881619
1.713177282021546
1.7078021179845577
1.7026769615771966
1.6960517593920712
1.6891765495773186
1.6825513473921934
1.6750511185033723
1.6678008972441787
1.6604256721701711
1.6531754509109775
1.6461752372814111
1.6389250160222175
1.632299813837092
1.6261746269112216
1.6195494247260964
1.6142992645039216
1.6084240852076785
1.6027989135410627
1.5975487533188881
1.5929236121707817
1.588423474837489
1.5837983336893826
1.5802982268745993
1.576548112430189
1.5735480208746606
1.5692978911709952
1.5660477919858395
1.5626726889858698
1.5584225592822047
1.5537974181340983
1.5476722312082278
1.5404220099490342
1.5332967925046541
1.5245465254676962
1.5146712240974152
1.5045459150975067
1.4931705679494613
1.4815452131717888
1.4692948393200476
1.4585445112460709
1.4504192632831812
1.4461691335795162
1.4462941373943297
1.4532943510238958
1.466419751579333
1.4869203772087771
1.5152962431714836
1.5520473647267068
1.5972987456892607
1.6504253669850764
1.7134272896511735
1.7850544755394149
1.8654319284646137
1.9485594653157141
2.0283118991668445
2.1018141422772914
2.1654410840174565
2.2156926175725578
2.24969365520188
2.266819177831355
2.272694357127598
2.2521937314981537
2.2126925260170296
2.1571908322397535
2.0905637989440597
2.0154365062410355
1.934684041871395
1.8516815088351086
1.7690539872432631
1.6901765800958282
1.6177993713187049
1.5541724295785393
1.5016708273567918
1.4592945341349528
1.4266685384685813
1.4044178594317454
1.3897924130985444
1.38354222235786
1.384417249061556
1.3911674550614948
1.4032928250984222
1.4185432905056918
1.4367938474684896
1.455669423505356
1.4730449537644583
1.4895454573198645
1.5045459150975067
1.517796319467757
1.528671651356548
1.5384219489120152
1.5462971892452775
1.5524223761711478
1.5569225135044404
1.5609226355784784
1.564297738578448
1.567047822504349
1.5695478988006226
1.5719229712820828
1.5741730399487288
1.5766731162450025
1.5790481887264625
1.580923245948668
1.5836733298745689
1.58642341380047
1.5900485244300668
1.5931736198004092
1.596298715170751
1.6002988372447888
1.6035489364299447
1.6071740470595417
1.611424176763207
1.6155493026520584
1.6197994323557239
1.6244245735038303
1.6302997528000733
1.6346748863185523
1.6400500503555409
1.6463002410962249
1.6508003784295175
1.656550553910947
1.663300759910886
1.6686759239478743
1.6750511185033723
1.6808012939848018
1.688301522873623
1.6943017059846797
1.701301919614246
1.7090521561326946
1.7158023621326335
1.7226775719473861
1.729427777947325
1.7360529801324502
1.7434282052064578
1.7501784112063965
1.757553636280404
1.7643038422803432
1.7710540482802821
1.7779292580950348
1.78455446028016
1.7901796319467758
1.7963048188726465
1.8018049867244483
1.8069301431318094
1.8124303109836117
1.817055452131718
1.8211805780205697
1.8256807153538621
1.8296808374279
1.8326809289834285
1.8356810205389569
1.8385561082796718
1.840306161687063
1.8415561998352001
1.8433062532425917
1.8441812799462873
1.8444312875759148
1.844306283761101
1.8438062685018464
1.842431226538896
1.8410561845759452
1.8391811273537402
1.8356810205389569
1.8321809137241738
1.8288058107242042
1.8253057039094212
1.8210555742057557
1.816305429242836
1.811180272835475
1.8065551316873685
1.8005549485763115
1.7953047883541369
1.7885545823541977
1.7821793877986998
1.7753041779839474
1.7688039796136357
1.7621787774285103
1.7559285866878263
1.7490533768730736
1.7423031708731347
1.7350529496139409
1.7273027130954923
1.7209275185399944
1.713177282021546
1.7064270760216071
1.698926847132786
1.6923016449476609
1.6854264351329082
1.6791762443922238
1.6724260383922849
1.6655508285775322
1.6588006225775933
1.6524254280220954
1.6461752372814111
1.6401750541703544
1.6347998901333658
1.6289247108371228
1.6239245582445754
1.6187994018372145
1.614549272133549
1.6095491195410014
1.6045489669484543
1.60067384868923
1.596798730430006
1.5929236121707817
1.5896735129856259
1.5862984099856563
1.583298318430128
1.5801732230597858
1.5779231543931396
1.5751730704672384
1.572547990356151
1.5702979216895046
1.5680478530228583
1.5664228034302805
1.564172734763634
1.5631727042451247
1.5612976470229194
1.559922605059969
1.5587975707266457
1.5576725363933226
1.5576725363933226
1.5554224677266761
1.554797448652608
1.5530473952452162
1.5530473952452162
1.5536724143192846
1.552797387615589
1.5521723685415205
1.5519223609118933
1.5519223609118933
1.551547349467452
1.5511723380230111
1.5514223456526384
1.5499222998748743
1.5496722922452468
1.5497972960600603
1.55079732657857
1.5509223303933837
1.5509223303933837
1.5509223303933837
1.5511723380230111
1.5511723380230111
1.5509223303933837
1.5511723380230111
1.5514223456526384
1.5511723380230111
1.5517973570970793
1.5519223609118933
1.5529223914304024
1.553547410504471
1.552672383800775
1.553922421948912
1.5542974333933532
1.5554224677266761
1.5561724906155583
1.5565475020599995
1.55792254402295
1.5592975859859004
1.560672627948851
1.5627976928006837
1.564297738578448
1.5656727805413984
1.5680478530228583
1.5702979216895046
1.5727979979857785
1.5755480819116796
1.5786731772820215
1.5824232917264323
1.5865484176152838
1.590798547318949
1.5950486770226142
1.5999238258003479
1.6042989593188268
1.6099241309854426
1.6157993102816859
1.6219244972075564
1.6286747032074953
1.6350498977629933
1.6418001037629322
1.649050325022126
1.6559255348368787
1.662925748466445
1.6694259468367565
1.6769261757255778
1.6834263740958892
1.6904265877254554
1.6971767937253945
1.7033019806512648
1.710052186651204
1.7150523392437513
1.7204275032807397
1.723927610095523
1.7280527359843745
1.731052827539903
1.7336779076509903
1.7349279457991271
1.7361779839472642
1.7364279915768914
1.7361779839472642
1.7349279457991271
1.7331778923917356
1.7311778313547166
1.7268026978362376
1.7221775566881314
1.7180524307992797
1.712802270577105
1.7071770989104893
1.7010519119846188
1.6950517288735618
1.688301522873623
1.6814263130588702
1.6739260841700492
1.6670508743552965
1.6599256569109164
1.6530504470961638
1.645050202948088
1.63867500839259
1.6319248023926511
1.6259246192815942
1.618549394207587
1.6130492263557847
1.6085490890224923
1.6021738944669943
1.5970487380596332
1.5921735892818996
1.587298440504166
1.58404834131901
1.5794232001709037
1.5760480971709343
1.5731730094302194
1.5691728873561817
1.5659227881710258
1.5620476699118016
1.5581725516525773
1.5530473952452162
1.5470472121341592
1.5397969908749656
1.5320467543565173
1.52229645680105
1.5134211859492783
1.5030458693197426
1.491670522171697
1.4797951597643972
1.4680448011719107
1.457669484542375
1.4500442518387402
1.4460441297647022
1.447419171727653
1.454169377727592
1.468419812616352
1.4900454725791192
1.5201713919492172
1.556797509689627
1.6022988982818078
1.6580505996887114
1.721552537614063
1.7943047578356275
1.875307229834895
1.9571847285378583
2.0371871700186164
2.110189397869808
2.172191290017395
2.22019275490585
2.2526937467574086
2.2678192083498643
2.2720693380535297
2.2483186132389297
2.206067323831904
2.1505656300546283
2.0819385357219153
2.0055612048707543
1.9253087557603688
1.8413061922055727
1.7594286935026096
1.6810513016144293
1.6096741233558154
1.5480472426526688
1.496045655690176
1.454919400616474
1.423543443098239
1.4015427716910305
1.388667378765221
1.3830422070986053
1.3839172338023011
1.3924174932096316
1.4051678823206275
1.4201683400982696
1.439043916135136
1.4574194769127478
1.4749200109866634
1.491795525986511
1.506420972319712
1.51992138431959
1.5297966856898708
1.5392969756157109
1.5470472121341592
1.5530473952452162
1.5574225287636951
1.5616726584673606
1.564172734763634
1.56742283394879
1.5700479140598773
1.57217297891171
1.5747980590227975
1.5780481582079533
1.5790481887264625
1.5810482497634815
1.5841733451338236
1.5871734366893522
1.5901735282448806
1.592798608355968
1.596673726615192
1.6001738334299753
1.6046739707632678
1.6077990661336101
1.611799188207648
1.6156743064668722
1.6200494399853511
1.6255496078371532
1.6294247260963775
1.635174901577807
1.6400500503555409
1.6460502334665976
1.6516754051332134
1.6570505691702018
1.6636757713553272
1.6694259468367565
1.6758011413922544
1.681926328318125
1.6888015381328776
1.6951767326883755
1.7024269539475692
1.7096771752067628
1.7159273659474472
1.7226775719473861
1.730302804651021
1.7376780297250283
1.7440532242805262
1.7523034760582294
1.7583036591692862
1.7651788689840389
1.7720540787987915
1.778554277169103
1.784929471724601
1.790929654835658
1.7966798303170874
1.8023050019837032
1.807180150761437
1.8125553147984252
1.8176804712057864
1.8218055970946379
1.826555742057558
1.830055848872341
1.833305948057497
1.8356810205389569
1.8383061006500443
1.840431165501877
1.8418062074648274
1.8429312417981507
1.8434312570574054
1.844306283761101
1.8440562761314738
1.8433062532425917
1.8421812189092686
1.840806176946318
1.8381810968352306
1.8350560014648885
1.8319309060945466
1.8281807916501358
1.8246806848353525
1.8198055360576189
1.8155554063539538
1.8104302499465927
1.805180089724418
1.7998049256874293
1.7936797387615588
1.7879295632801295
1.7811793572801906
1.774679158909879
1.768303964354381
1.7620537736136967
1.7548035523545031
1.7490533768730736
1.7420531632435072
1.734302926725059
1.7265526902066104
1.7193024689474166
1.7130522782067326
1.7051770378734703
1.6980518204290902
1.6911766106143375
1.6845514084292124
1.677551194799646
1.6714260078737755
1.6644257942442091
1.6579255958738974
1.6521754203924681
1.6454252143925292
1.6396750389110997
1.6341748710592976
1.628424695577868
1.622924527726066
1.6184243903927733
1.6136742454298534
1.6087990966521197
1.6042989593188268
1.6000488296151616
1.596298715170751
1.5932986236152227
1.5894235053559984
1.5862984099856563
1.582923306985687
1.580048219244972
1.5780481582079533
1.5742980437635425
1.5720479750968963
1.5699229102450638
1.567797845393231
1.5651727652821437
1.563422711874752
1.5624226813562427
1.5612976470229194
1.559922605059969
1.558672566911832
1.55792254402295
1.55554747154149
1.555172460097049
1.554797448652608
1.5544224372081668
1.5530473952452162
1.5532974028748436
1.5522973723563342
1.5524223761711478
1.5524223761711478
1.5514223456526384
1.5506723227637564
1.5511723380230111
1.5497972960600603
1.5500473036896878
1.5501723075045015
1.5502973113193153
1.5509223303933837
1.55079732657857
1.550422315134129
1.5506723227637564
1.5509223303933837
1.55079732657857
1.5510473342081972
1.5510473342081972
1.5510473342081972
1.5511723380230111
1.5516723532822658
1.5520473647267068
1.5529223914304024
1.553547410504471
1.55317239906003
1.5537974181340983
1.5549224524674214
1.555172460097049
1.5561724906155583
1.556797509689627
1.5581725516525773
1.5596725974303416
1.561047639393292
1.5625476851710562
1.5645477462080752
1.5664228034302805
1.5682978606524856
1.5709229407635732
1.5739230323191016
1.5762981048005615
1.5794232001709037
1.5831733146153144
1.5867984252449112
1.5911735587633902
1.5956736960966826
1.6000488296151616
1.60542399365215
1.6107991576891385
1.6166743369853815
1.6225495162816248
1.6289247108371228
1.635924924466689
1.6424251228370008
1.6501753593554491
1.6563005462813196
1.6634257637256997
1.6705509811700798
1.6778012024292734
1.683926389355144
1.6911766106143375
1.6976768089846492
1.704052003540147
1.7101771904660177
1.7158023621326335
1.7211775261696218
1.7238026062807095
1.7281777397991884
1.7316778466139713
1.7335529038361768
1.735302957243568
1.7368030030213324
1.7360529801324502
1.7359279763176367
1.7348029419843134
1.7331778923917356
1.7295527817621388
1.726302682576983
1.7223025605029452
1.7163023773918882
1.7125522629474779
1.7065520798364209
1.7004268929105502
1.6943017059846797
1.6874264961699272
1.6809262977996156
1.673551072725608
1.6658008362071597
1.658925626392407
1.6524254280220954
1.6435501571703237
1.637549974059267
1.631174779503769
1.6245495773186438
1.6179243751335184
1.6127992187261575
1.6072990508743554
1.6002988372447888
1.596673726615192
1.5914235663930174
1.5870484328745385
1.5827983031708732
1.5787981810968352
1.5755480819116796
1.5720479750968963
1.5687978759117405
1.5659227881710258
1.5624226813562427
1.5576725363933226
1.5521723685415205
1.5456721701712088
1.5384219489120152
1.5304217047639395
1.5220464491714225
1.5122961516159552
1.5019208349864193
1.4904204840235602
1.4781701101718194
1.4669197668385876
1.4564194463942381
1.448919217505417
1.4461691335795162
1.4479191869869077
1.456169438764611
1.4704198736533707
1.4930455641346478
1.524296517838069
1.562297677541429
1.609799127170629
1.6654258247627187
1.7300527970213935
1.8043050630207222
1.8858075502792444
1.9678100527970215
2.0470624713888976
2.1188146610919523
2.1793165074617757
2.225067903683584
2.255318826868496
2.268819238868374
2.2701942808313245
2.2438184759056368
2.1999421369060337
2.141565355388043
2.0725632496108894
1.995685903500473
1.9139334086123234
1.8305558641315958
1.7488033692434461
1.6710509964293345
1.601173863948485
1.5391719718008974
1.489795464949492
1.4514192938016908
1.4199183324686422
1.3997927182836392
1.3870423291726433
1.3837922299874874
1.385542283394879
1.3932925199133275
1.406917935728019
1.4222934049501021
1.441418988616596
1.4596695455793938
1.477045075838496
1.493295571764275
1.508421033356731
1.5214214300973539
1.5310467238380079
1.5402970061342205
1.5481722464674825
1.5532974028748436
1.5584225592822047
1.5614226508377331
1.5646727500228887
1.5679228492080448
1.5706729331339457
1.5730480056154057
1.57454805139317
1.57692312387463
1.5795482039857174
1.5826732993560595
1.5845483565782648
1.5871734366893522
1.5901735282448806
1.5934236274300364
1.5976737571337016
1.6016738792077396
1.6041739555040133
1.608174077578051
1.611799188207648
1.616549333170568
1.6206744590594195
1.6261746269112216
1.631174779503769
1.6354249092074344
1.6411750846888638
1.6469252601702933
1.6526754356517228
1.6580505996887114
1.6635507675405132
1.6704259773552659
1.6768011719107638
1.6825513473921934
1.6899265724662007
1.6963017670216987
1.7030519730216378
1.7095521713919493
1.7161773735770747
1.7238026062807095
1.7309278237250891
1.7379280373546557
1.7449282509842219
1.7515534531693473
1.7593036896877956
1.7653038727988526
1.7720540787987915
1.7794293038727989
1.7855544907986696
1.7915546739097263
1.7971798455763421
1.8030550248725852
1.809180211798456
1.8128053224280527
1.8178054750206
1.822180608539079
1.8266807458723715
1.8306808679464095
1.834055970946379
1.836431043427839
1.8386811120944853
1.840806176946318
1.8420562150944548
1.8436812646870329
1.8439312723166599
1.8444312875759148
1.8435562608722191
1.8436812646870329
1.8416812036500139
1.8400561540574358
1.8376810815759759
1.8346809900204473
1.8315558946501054
1.8278057802056948
1.8246806848353525
1.8198055360576189
1.8149303872798852
1.810305246131779
1.8046800744651632
1.79880489516892
1.7936797387615588
1.7868045289468062
1.7808043458357494
1.774679158909879
1.7676789452803126
1.76080373546556
1.7546785485396894
1.7478033387249368
1.7404281136509292
1.7338029114658042
1.726302682576983
1.7186774498733484
1.7114272286141545
1.7048020264290291
1.6975518051698355
1.691426618243965
1.684301400799585
1.6773011871700187
1.670050965910825
1.6640507827997681
1.6576755882442702
1.6519254127628407
1.644675191503647
1.6389250160222175
1.633674855800043
1.6281746879482406
1.6227995239112523
1.6180493789483323
1.6132992339854122
1.6085490890224923
1.6040489516891996
1.5996738181707206
1.5961737113559373
1.591923581652272
1.5890484939115572
1.58642341380047
1.5824232917264323
1.5797982116153446
1.5777981505783258
1.57454805139317
1.5722979827265235
1.5697979064302499
1.5671728263191627
1.565422772911771
1.564172734763634
1.5620476699118016
1.561047639393292
1.5596725974303416
1.5587975707266457
1.5576725363933226
1.5565475020599995
1.555922482985931
1.5545474410229805
1.5541724295785393
1.5537974181340983
1.5532974028748436
1.5525473799859615
1.5517973570970793
1.5520473647267068
1.551547349467452
1.5511723380230111
1.55079732657857
1.5506723227637564
1.5511723380230111
1.5509223303933837
1.5506723227637564
1.550422315134129
1.5506723227637564
1.5509223303933837
1.5517973570970793
1.5506723227637564
1.55079732657857
1.5509223303933837
1.5509223303933837
1.5512973418378246
1.551547349467452
1.5524223761711478
1.552672383800775
1.5536724143192846
1.552797387615589
1.5537974181340983
1.5542974333933532
1.554672444837794
1.5552974639118626
1.5560474868007448
1.5569225135044404
1.5572975249488816
1.5596725974303416
1.561172643208106
1.5626726889858698
1.564172734763634
1.5660477919858395
1.5682978606524856
1.5707979369487595
1.5732980132450332
1.5761731009857478
1.57929819635609
1.5831733146153144
1.587298440504166
1.5915485702078311
1.5960487075411238
1.6007988525040437
1.6057990050965911
1.611424176763207
1.6172993560594502
1.623299539170507
1.629674733726005
1.6361749320963164
1.6436751609851377
1.6504253669850764
1.6574255806146427
1.6640507827997681
1.6710509964293345
1.6780512100589007
1.6848014160588396
1.6916766258735922
1.697801812799463
1.7045520187994019
1.7109272133548998
1.7160523697622607
1.7210525223548083
1.7255526596881008
1.728302743614002
1.7315528427991578
1.7336779076509903
1.7348029419843134
1.736552995391705
1.7369280068361461
1.7359279763176367
1.7346779381694999
1.7320528580584125
1.7296777855769523
1.7264276863917967
1.721927549058504
1.7168023926511429
1.7123022553178504
1.7064270760216071
1.7000518814661092
1.6939266945402387
1.6873014923551135
1.6804262825403606
1.6734260689107945
1.665300820947905
1.6584256111331521
1.651050386059145
1.644675191503647
1.6380499893185219
1.630799768059328
1.6244245735038303
1.6181743827631458
1.6126742149113438
1.6067990356151007
1.6014238715781122
1.5956736960966826
1.5910485549485762
1.5866734214300973
1.5822982879116183
1.5791731925412764
1.5752980742820522
1.5720479750968963
1.5692978911709952
1.5655477767265848
1.561797662282174
1.557172521134068
1.5519223609118933
1.5454221625415814
1.538046937467574
1.5299216895046848
1.5219214453566088
1.5109211096530044
1.5014208197271646
1.4896704611346783
1.4772950834681233
1.4657947325052645
1.4559194311349835
1.4485442060609761
1.4456691183202612
1.4482941984313487
1.4565444502090519
1.4720449232459487
1.4955456404309213
1.5260465712454605
1.5655477767265848
1.6130492263557847
1.6699259620960112
1.7351779534287546
1.8100552385021516
1.8923077486495559
1.9738102359080785
2.052437635425886
2.123314798425245
2.182816614276559
2.227567979979858
2.2570688802758876
2.2693192541276286
2.26869423505356
2.241318399609363
2.1960670186468096
2.13706521805475
2.067063081759087
1.990185735648671
1.9083082369457076
1.8248056886501665
1.7430531937620168
1.6666758629108556
1.5960487075411238
1.5367968993194372
1.487295388653218
1.4476691793572802
1.4185432905056918
1.3982926725058749
1.3867923215430158
1.3825421918393506
1.3856672872096927
1.3944175542466506
1.4074179509872737
1.4242934659871211
1.4424190191351054
1.4609195837275306
1.4789201330607014
1.4949206213568529
1.5090460524307994
1.5215464339121678
1.5324217658009582
1.5407970213934752
1.548797265541551
1.5541724295785393
1.5581725516525773
1.561922666096988
1.5652977690969574
1.5676728415784174
1.5707979369487595
1.572547990356151
1.5750480666524247
1.5774231391338847
1.579673207800531
1.58167326883755
1.584423352763451
1.5876734519486069
1.5912985625782037
1.5937986388744774
1.5979237647633289
1.601048860133671
1.6045489669484543
1.6086740928373058
1.61254921109653
1.6166743369853815
1.6210494705038605
1.625674611651967
1.6310497756889553
1.63629993591113
1.6416750999481187
1.6478002868739892
1.6529254432813503
1.6586756187627796
1.6645507980590228
1.6705509811700798
1.6770511795403913
1.6836763817255165
1.6900515762810144
1.6970517899105808
1.704052003540147
1.7110522171697136
1.7178024231696525
1.7248026367992186
1.7316778466139713
1.7386780602435379
1.7455532700582903
1.7526784875026704
1.7601787163914915
1.7665539109469892
1.7736791283913693
1.7803043305764947
1.7859295022431105
1.7926797082430495
1.7986798913541064
1.8036800439466536
1.8089302041688284
1.813805352946562
1.8184304940946685
1.8231806390575884
1.826930753501999
1.8306808679464095
1.8345559862056338
1.8365560472426528
1.8389311197241127
1.840806176946318
1.842431226538896
1.8434312570574054
1.844806299020356
1.8441812799462873
1.844306283761101
1.8439312723166599
1.841931211279641
1.8401811578722496
1.837306070131535
1.8341809747611926
1.831305887020478
1.8271807611316264
1.8235556505020296
1.8195555284279916
1.8144303720206305
1.8096802270577106
1.803930051576281
1.7986798913541064
1.7925547044282357
1.7863045136875517
1.780179326761681
1.774304147465438
1.7669289223914304
1.760428724021119
1.754053529465621
1.7470533158360546
1.7396780907620473
1.732677877132481
1.7255526596881008
1.7181774346140937
1.710802209540086
1.7039269997253335
1.6971767937253945
1.690301583910642
1.683926389355144
1.6773011871700187
1.669675954466384
1.663300759910886
1.6566755577257606
1.6499253517258217
1.6449251991332745
1.6384250007629628
1.6327998290963468
1.627674672688986
1.6226745200964385
1.6174243598742637
1.61254921109653
1.6077990661336101
1.6032989288003174
1.599548814355907
1.5956736960966826
1.5920485854670858
1.588048463393048
1.585298379467147
1.5821732840968048
1.5794232001709037
1.57692312387463
1.5740480361339153
1.5716729636524553
1.569422894985809
1.5672978301339764
1.565422772911771
1.5636727195043794
1.561922666096988
1.5607976317636647
1.5600476088747826
1.5585475630970183
1.5574225287636951
1.5561724906155583
1.5557974791711173
1.5545474410229805
1.553922421948912
1.5534224066896571
1.552797387615589
1.5525473799859615
1.5521723685415205
1.5525473799859615
1.5516723532822658
1.5510473342081972
1.5502973113193153
1.5506723227637564
1.5497972960600603
1.55079732657857
1.550422315134129
1.5501723075045015
1.5501723075045015
1.5511723380230111
1.5512973418378246
1.5514223456526384
1.5506723227637564
1.5512973418378246
1.5512973418378246
1.5509223303933837
1.5517973570970793
1.5519223609118933
1.5521723685415205
1.5529223914304024
1.5534224066896571
1.553547410504471
1.5541724295785393
1.5554224677266761
1.5545474410229805
1.5576725363933226
1.5570475173192542
1.5585475630970183
1.5600476088747826
1.5614226508377331
1.5627976928006837
1.56504776146733
1.5665478072450942
1.5687978759117405
1.5704229255043185
1.5735480208746606
1.5770481276894437
1.580048219244972
1.58404834131901
1.5876734519486069
1.5920485854670858
1.5961737113559373
1.6009238563188575
1.6064240241706595
1.6116741843928344
1.6176743675038912
1.6247995849482713
1.6299247413556321
1.6374249702444532
1.643925168614765
1.6506753746147038
1.6573005767998292
1.66480080568865
1.6718010193182167
1.678676229132969
1.6868014770958586
1.6924266487624744
1.6988018433179723
1.705677053132725
1.7113022247993408
1.715552354503006
1.7213025299844356
1.725052644428846
1.7289277626880704
1.7320528580584125
1.7339279152806177
1.735802972502823
1.7368030030213324
1.736552995391705
1.7360529801324502
1.7349279457991271
1.7321778618732262
1.729427777947325
1.7255526596881008
1.7211775261696218
1.716427381206702
1.7116772362437818
1.7055520493179113
1.6995518662068545
1.6926766563921019
1.6868014770958586
1.6804262825403606
1.6721760307626576
1.6650508133182775
1.657800592059084
1.6503003631702629
1.6431751457258827
1.6367999511703848
1.6297997375408186
1.6236745506149481
1.6175493636890774
1.6116741843928344
1.6060490127262186
1.6007988525040437
1.5957986999114964
1.5909235511337627
1.5861734061708426
1.5819232764671776
1.5785481734672078
1.5750480666524247
1.5720479750968963
1.569422894985809
1.5652977690969574
1.561047639393292
1.556672505874813
1.5509223303933837
1.5451721549119541
1.5375469222083193
1.5300466933194983
1.5206714072084722
1.5111711172826319
1.5001707815790275
1.4882954191717277
1.4760450453199865
1.465544724875637
1.4550444044312876
1.4486692098757896
1.4464191412091434
1.4487942136906033
1.4575444807275613
1.473919980468154
1.4971706900234993
1.5284216437269205
1.5682978606524856
1.6164243293557543
1.6744260994293039
1.7396780907620473
1.815055391094699
1.897057893612476
1.979435407574694
2.057562791833247
2.128064943388165
2.1865667287209694
2.2304430677205724
2.257943906979583
2.2701942808313245
2.26731919309061
2.2393183385723443
2.19269191564684
2.133190099795526
2.0628129520554213
1.985310586870937
1.9033080843531602
1.8198055360576189
1.7391780755027926
1.6611756950590533
1.592423596911527
1.5337968077639088
1.4849203161717581
1.4467941526535844
1.4165432294686728
1.3976676534318064
1.386667317728202
1.382292184209723
1.386292306283761
1.3949175695059055
1.4081679738761559
1.425168492690817
1.4435440534684285
1.4612945951719718
1.4792951445051423
1.4954206366161078
1.5094210638752406
1.522171452986236
1.5326717734305857
1.5411720328379164
1.5486722617267374
1.554672444837794
1.559172582171087
1.561922666096988
1.5651727652821437
1.567797845393231
1.5704229255043185
1.5736730246894741
1.5754230780968657
1.5774231391338847
1.5797982116153446
1.5819232764671776
1.58404834131901
1.587923459578234
1.590798547318949
1.5940486465041048
1.5976737571337016
1.6005488448744163
1.6044239631336406
1.6086740928373058
1.6127992187261575
1.6166743369853815
1.6217994933927427
1.6254246040223395
1.631174779503769
1.6365499435407576
1.6414250923184912
1.6465502487258523
1.6526754356517228
1.658925626392407
1.664925809503464
1.6704259773552659
1.6769261757255778
1.683926389355144
1.6906765953550829
1.6971767937253945
1.7043020111697744
1.7114272286141545
1.7179274269844662
1.7249276406140324
1.7319278542435987
1.7396780907620473
1.746053285317545
1.7533035065767388
1.7599287087618642
1.7669289223914304
1.7731791131321146
1.7796793115024263
1.7873045442060609
1.792054689168981
1.7978048646504103
1.8036800439466536
1.808680196539201
1.8135553453169349
1.8190555131687367
1.8233056428724022
1.8275557725760676
1.830055848872341
1.833305948057497
1.8366810510574663
1.8390561235389262
1.8409311807611317
1.842431226538896
1.8445562913907285
1.844306283761101
1.8445562913907285
1.8433062532425917
1.8438062685018464
1.842306222724082
1.8399311502426223
1.8371810663167212
1.8346809900204473
1.8311808832056644
1.8278057802056948
1.8240556657612843
1.8190555131687367
1.8145553758354442
1.8096802270577106
1.8034300363170261
1.798429883724479
1.7926797082430495
1.7863045136875517
1.7795543076876126
1.7729291055024872
1.766303903317362
1.7600537125766778
1.7534285103915526
1.7471783196508683
1.7395530869472335
1.7315528427991578
1.724302621539964
1.7180524307992797
1.7106772057252724
1.7030519730216378
1.6971767937253945
1.689426557206946
1.6829263588366346
1.6764261604663229
1.6694259468367565
1.6624257332071901
1.6564255500961331
1.6503003631702629
1.6434251533555102
1.637924985503708
1.6326748252815333
1.6274246650593585
1.6222995086519973
1.6176743675038912
1.6127992187261575
1.608174077578051
1.6039239478743859
1.5994238105410932
1.5954236884670552
1.5920485854670858
1.5882984710226753
1.5850483718375195
1.5821732840968048
1.57929819635609
1.5767981200598165
1.5739230323191016
1.5715479598376416
1.569422894985809
1.5669228186895352
1.5652977690969574
1.563422711874752
1.5616726584673606
1.560672627948851
1.5594225898007141
1.5585475630970183
1.5575475325785089
1.5564224982451857
1.5560474868007448
1.5544224372081668
1.5545474410229805
1.5534224066896571
1.552797387615589
1.5524223761711478
1.5521723685415205
1.5522973723563342
1.5516723532822658
1.551547349467452
1.5511723380230111
1.55079732657857
1.5506723227637564
1.5500473036896878
1.5506723227637564
1.5506723227637564
1.5510473342081972
1.5501723075045015
1.5511723380230111
1.5509223303933837
1.55079732657857
1.5506723227637564
1.551547349467452
1.5510473342081972
1.5517973570970793
1.5520473647267068
1.5522973723563342
1.5520473647267068
1.55317239906003
1.5544224372081668
1.5537974181340983
1.554797448652608
1.5550474562822352
1.5561724906155583
1.5572975249488816
1.557797540208136
1.5596725974303416
1.5612976470229194
1.5629226966154972
1.5649227576525162
1.566297799615467
1.5686728720969267
1.5702979216895046
1.5736730246894741
1.5779231543931396
1.580048219244972
1.5836733298745689
1.5876734519486069
1.5920485854670858
1.596298715170751
1.6012988677632984
1.6062990203558458
1.6119241920224616
1.6176743675038912
1.6245495773186438
1.630049745170446
1.6374249702444532
1.6444251838740198
1.6523004242072816
1.6580505996887114
1.66480080568865
1.6719260231330302
1.6788012329477828
1.685926450392163
1.6930516678365428
1.6994268623920408
1.7055520493179113
1.711177220984527
1.7170524002807703
1.7211775261696218
1.725927671132542
1.7288027588732566
1.7318028504287852
1.734302926725059
1.7355529648731955
1.7361779839472642
1.736552995391705
1.7355529648731955
1.7349279457991271
1.7328028809472946
1.7289277626880704
1.7256776635029145
1.7211775261696218
1.716427381206702
1.7114272286141545
1.7051770378734703
1.6994268623920408
1.6928016602069156
1.6865514694662314
1.6793012482070377
1.6720510269478437
1.6641757866145819
1.6575505844294565
1.6501753593554491
1.6431751457258827
1.6360499282815029
1.629674733726005
1.6234245429853207
1.6179243751335184
1.612174199652089
1.6059240089114046
1.6005488448744163
1.5954236884670552
1.5901735282448806
1.5861734061708426
1.5824232917264323
1.5776731467635121
1.5747980590227975
1.5715479598376416
1.5684228644672995
1.5645477462080752
1.5609226355784784
1.5562974944303722
1.5517973570970793
1.5450471510971404
1.5375469222083193
1.5304217047639395
1.5205464033936582
1.51042109439375
1.500045777764214
1.4879204077272867
1.477045075838496
1.4647947019867549
1.454919400616474
1.4479191869869077
1.4455441145054475
1.4486692098757896
1.4571694692831203
1.4747950071718496
1.4979207129123815
1.5296716818750573
1.5690478835413677
1.6181743827631458
1.6759261452070682
1.7423031708731347
1.8171804559465317
1.899432966093936
1.9816854762413403
2.0596878566850796
2.1294399853511154
2.1878167668691058
2.231068086794641
2.258693929868465
2.2700692770165105
2.26731919309061
2.23781829279458
2.1915668813135167
2.1311900387585068
2.0604378795739615
1.983060518204291
1.9006830042420728
1.8179304788354138
1.7355529648731955
1.6601756645405439
1.5901735282448806
1.5312967314676351
1.4829202551347391
1.4449190954313793
1.416418225653859
1.397042634357738
1.3857922910245064
1.3819171727652821
1.386292306283761
1.395042573320719
1.4079179662465284
1.425543504135258
1.4444190801721244
1.4629196447645496
1.4799201635792107
1.4959206518753625
1.51042109439375
1.5230464796899321
1.5321717581713308
1.542047059541612
1.5481722464674825
1.55317239906003
1.5587975707266457
1.5625476851710562
1.5652977690969574
1.568172856837672
1.570547929319132
1.5724229865413375
1.5747980590227975
1.5776731467635121
1.5795482039857174
1.5824232917264323
1.5854233832819604
1.5874234443189794
1.5912985625782037
1.5944236579485458
1.5976737571337016
1.601173863948485
1.6051739860225227
1.6089241004669332
1.61254921109653
1.6170493484298227
1.6225495162816248
1.6266746421704763
1.6310497756889553
1.6365499435407576
1.6429251380962555
1.647425275429548
1.653425458540605
1.6591756340220343
1.664925809503464
1.6706759849848933
1.677926206244087
1.6849264198736535
1.6908015991698966
1.6975518051698355
1.7045520187994019
1.7106772057252724
1.718427442243721
1.725052644428846
1.7319278542435987
1.7390530716879788
1.746053285317545
1.753178502761925
1.7605537278359324
1.7666789147618032
1.774304147465438
1.780179326761681
1.786554521317179
1.792429700613422
1.7979298684652243
1.80355504013184
1.809180211798456
1.8140553605761895
1.8184304940946685
1.8230556352427747
1.8276807763908811
1.8308058717612232
1.8335559556871244
1.8366810510574663
1.8389311197241127
1.840806176946318
1.8420562150944548
1.8431812494277782
1.8439312723166599
1.844306283761101
1.8441812799462873
1.8434312570574054
1.8421812189092686
1.8395561387981811
1.837306070131535
1.83443098239082
1.8308058717612232
1.8276807763908811
1.8234306466872157
1.8189305093539232
1.8144303720206305
1.8093052156132694
1.8038050477614673
1.7989298989837337
1.792054689168981
1.7855544907986696
1.7794293038727989
1.7733041169469284
1.7671789300210579
1.7599287087618642
1.753178502761925
1.7463032929471725
1.7384280526139104
1.7321778618732262
1.7249276406140324
1.7174274117252115
1.710802209540086
1.7038019959105197
1.6966767784661398
1.6900515762810144
1.6829263588366346
1.6763011566515091
1.669175939207129
1.662925748466445
1.6560505386516924
1.6500503555406356
1.6433001495406965
1.6372999664296397
1.632424817651906
1.6269246498001038
1.62204950102237
1.6172993560594502
1.611799188207648
1.6077990661336101
1.6041739555040133
1.599548814355907
1.5950486770226142
1.5911735587633902
1.5877984557634206
1.5851733756523332
1.5817982726523636
1.579673207800531
1.5767981200598165
1.5739230323191016
1.5717979674672689
1.5691728873561817
1.5669228186895352
1.5651727652821437
1.563797723319193
1.5624226813562427
1.5607976317636647
1.5595475936155279
1.5589225745414594
1.5574225287636951
1.5562974944303722
1.555172460097049
1.5542974333933532
1.5545474410229805
1.552797387615589
1.552797387615589
1.5522973723563342
1.5525473799859615
1.5517973570970793
1.5509223303933837
1.5512973418378246
1.5510473342081972
1.5510473342081972
1.5502973113193153
1.5505473189489425
1.5502973113193153
1.55079732657857
1.5506723227637564
1.5510473342081972
1.5509223303933837
1.5510473342081972
1.5511723380230111
1.5520473647267068
1.55079732657857
1.5514223456526384
1.5516723532822658
1.5520473647267068
1.5520473647267068
1.55317239906003
1.5534224066896571
1.55317239906003
1.553922421948912
1.5552974639118626
1.5552974639118626
1.5562974944303722
1.5574225287636951
1.558297555467391
1.5600476088747826
1.5615476546525469
1.5629226966154972
1.5645477462080752
1.5664228034302805
1.5692978911709952
1.5707979369487595
1.5739230323191016
1.5766731162450025
1.5801732230597858
1.5839233375041963
1.5881734672078616
1.5916735740226449
1.5965487228003785
1.6019238868373669
1.6066740318002868
1.6124242072817165
1.6181743827631458
1.6246745811334575
1.631174779503769
1.6369249549851985
1.6441751762443924
1.6506753746147038
1.6584256111331521
1.6656758323923462
1.6723010345774711
1.6794262520218513
1.686301461836604
1.693426679280984
1.699801873836482
1.7059270607623525
1.7115522324289683
1.7168023926511429
1.7214275337992493
1.7260526749473555
1.7288027588732566
1.7318028504287852
1.734302926725059
1.7360529801324502
1.7370530106509599
1.736552995391705
1.735302957243568
1.7348029419843134
1.7313028351695303
1.7295527817621388
1.7258026673177282
1.7210525223548083
1.7156773583178198
1.7114272286141545
1.7054270455030978
1.699301858577227
1.6924266487624744
1.685926450392163
1.6793012482070377
1.671301004058962
1.6638007751701407
1.6570505691702018
1.6489253212073123
1.6433001495406965
1.6361749320963164
1.6295497299111912
1.6227995239112523
1.6170493484298227
1.6112991729483932
1.606174016541032
1.6002988372447888
1.5950486770226142
1.5900485244300668
1.5859233985412151
1.5822982879116183
1.5776731467635121
1.5751730704672384
1.5709229407635732
1.568172856837672
1.5647977538377027
1.561172643208106
1.5565475020599995
1.5509223303933837
1.5442971282082585
1.5375469222083193
1.5287966551713614
1.519796380504776
1.509546067690054
1.4999207739494005
1.4876704000976593
1.4756700338755455
1.4639196752830592
1.454919400616474
1.4480441908017212
1.4470441602832118
1.4495442365794855
1.4585445112460709
1.4751700186162908
1.4995457625049593
1.5320467543565173
1.5730480056154057
1.6215494857631152
1.679926267281106
1.7470533158360546
1.8233056428724022
1.9044331186864834
1.9869356364635151
2.0641879940183725
2.1336901150547805
2.1901918393505664
2.232943144016846
2.259693960386975
2.2701942808313245
2.2661941587572865
2.235818231757561
2.1879417706839197
2.127189916684469
2.056812768944365
1.97793536179693
1.8958078554643392
1.812305307168798
1.731427838984344
1.6555505233924375
1.5869234290597247
1.528671651356548
1.4809201940977201
1.443294045838801
1.4150431836909085
1.3956675923947877
1.3860422986541339
1.3827921994689778
1.3867923215430158
1.395917600024415
1.4095430158391065
1.4266685384685813
1.4450440992461928
1.4639196752830592
1.4805451826532792
1.4975457014679403
1.5106711020233772
1.5229214758751182
1.533671803949095
1.5419220557267983
1.5490472731711782
1.554672444837794
1.559922605059969
1.5624226813562427
1.5656727805413984
1.5687978759117405
1.5707979369487595
1.5732980132450332
1.5752980742820522
1.5777981505783258
1.580048219244972
1.5834233222449416
1.5847983642078922
1.588048463393048
1.5909235511337627
1.5941736503189183
1.596673726615192
1.6000488296151616
1.60542399365215
1.6091741080965607
1.6127992187261575
1.6170493484298227
1.6227995239112523
1.6266746421704763
1.63154979094821
1.6367999511703848
1.642675130466628
1.6480502945036166
1.6535504623554185
1.6594256416516617
1.665300820947905
1.6710509964293345
1.677551194799646
1.685051423688467
1.691426618243965
1.6979268166142767
1.7044270149845882
1.7119272438734092
1.7173024079103976
1.7258026673177282
1.7328028809472946
1.7391780755027926
1.7468033082064272
1.7539285256508073
1.7610537430951874
1.7681789605395672
1.7749291665395062
1.780679342020936
1.7870545365764336
1.7925547044282357
1.7990549027985472
1.8040550553910948
1.8094302194280831
1.8144303720206305
1.8189305093539232
1.8228056276131475
1.8275557725760676
1.830930875576037
1.8345559862056338
1.836431043427839
1.8394311349833674
1.8410561845759452
1.842306222724082
1.8440562761314738
1.8436812646870329
1.844806299020356
1.8436812646870329
1.8434312570574054
1.8420562150944548
1.8391811273537402
1.838056093020417
1.8341809747611926
1.8308058717612232
1.8263057344279305
1.8235556505020296
1.818555497909482
1.814180364391003
1.8100552385021516
1.80355504013184
1.7983048799096653
1.7913046662800989
1.785679494613483
1.7791792962431716
1.77267909787286
1.7665539109469892
1.7599287087618642
1.7533035065767388
1.7458032776879178
1.7388030640583514
1.7315528427991578
1.7248026367992186
1.7169273964659566
1.7098021790215767
1.7033019806512648
1.695801751762444
1.6889265419476913
1.6825513473921934
1.6760511490218817
1.6686759239478743
1.6625507370220038
1.6561755424665061
1.6500503555406356
1.6441751762443924
1.637549974059267
1.632299813837092
1.6269246498001038
1.6219244972075564
1.6172993560594502
1.6119241920224616
1.6076740623187964
1.6032989288003174
1.5994238105410932
1.595173680837428
1.5914235663930174
1.58879848628193
1.5846733603930783
1.5819232764671776
1.5791731925412764
1.5764231086153753
1.5744230475783563
1.5712979522080142
1.5692978911709952
1.5669228186895352
1.5646727500228887
1.5636727195043794
1.561797662282174
1.560672627948851
1.559797601245155
1.559047578356273
1.557172521134068
1.5562974944303722
1.5561724906155583
1.5540474257637258
1.5534224066896571
1.55317239906003
1.5524223761711478
1.5522973723563342
1.5519223609118933
1.551547349467452
1.551547349467452
1.5511723380230111
1.5506723227637564
1.5511723380230111
1.5509223303933837
1.5502973113193153
1.5506723227637564
1.550422315134129
1.5510473342081972
1.5524223761711478
1.551547349467452
1.5509223303933837
1.5505473189489425
1.5506723227637564
1.5509223303933837
1.5524223761711478
1.551547349467452
1.5519223609118933
1.5520473647267068
1.55317239906003
1.5541724295785393
1.5534224066896571
1.5536724143192846
1.554672444837794
1.5557974791711173
1.5554224677266761
1.5574225287636951
1.558297555467391
1.559922605059969
1.561797662282174
1.563047700430311
1.5644227423932615
1.5665478072450942
1.5691728873561817
1.5717979674672689
1.574923062837611
1.5776731467635121
1.580048219244972
1.5841733451338236
1.588048463393048
1.5931736198004092
1.5969237342448195
1.6016738792077396
1.6066740318002868
1.6120491958372754
1.6179243751335184
1.6246745811334575
1.6310497756889553
1.6372999664296397
1.6443001800592059
1.6521754203924681
1.658550614947966
1.6654258247627187
1.6725510422070986
1.6793012482070377
1.6856764427625355
1.693426679280984
1.7000518814661092
1.7054270455030978
1.712052247688223
1.7168023926511429
1.7216775414288765
1.725927671132542
1.7296777855769523
1.7318028504287852
1.734302926725059
1.7359279763176367
1.7361779839472642
1.7366779992065189
1.735802972502823
1.7350529496139409
1.7325528733176672
1.7289277626880704
1.7258026673177282
1.7216775414288765
1.7158023621326335
1.7106772057252724
1.7054270455030978
1.6988018433179723
1.6926766563921019
1.6855514389477217
1.6784262215033416
1.6714260078737755
1.6640507827997681
1.656925565355388
1.6495503402813807
1.6425501266518143
1.635549913022248
1.6289247108371228
1.6230495315408795
1.6177993713187049
1.610549150059511
1.6056740012817774
1.6004238410596028
1.594798669392987
1.589923520615253
1.5854233832819604
1.5819232764671776
1.5784231696523943
1.5747980590227975
1.5714229560228279
1.5687978759117405
1.5647977538377027
1.5607976317636647
1.5564224982451857
1.5505473189489425
1.5450471510971404
1.5366718955046237
1.5291716666158026
1.51992138431959
1.509546067690054
1.4987957396160771
1.487420392468032
1.4767950682088686
1.4640446790978727
1.4545443891720329
1.447794183172094
1.445794122135075
1.4491692251350443
1.4584195074312571
1.4755450300607318
1.500045777764214
1.5320467543565173
1.5727979979857785
1.62204950102237
1.6794262520218513
1.7469283120212409
1.8235556505020296
1.9051831415753655
1.987310647907956
2.0649380169072544
2.1333151036103395
2.1913168736838893
2.2339431745353555
2.260068971831416
2.2709443037202064
2.2660691549424725
2.235068208868679
2.1871917477950378
2.127189916684469
2.055062715536973
1.9773103427228613
1.8949328287606435
1.8114302804651021
1.730677816095462
1.6548005005035553
1.5861734061708426
1.5279216284676658
1.4804201788384654
1.4426690267647329
1.4144181646168401
1.3961676076540421
1.3857922910245064
1.3829172032837918
1.3867923215430158
1.3964176152836694
1.409793023468734
1.4269185460982088
1.4455441145054475
1.4635446638386183
1.481420209356975
1.4970456862086856
1.5109211096530044
1.5232964873195594
1.5335468001342816
1.5422970671712395
1.5491722769859921
1.5542974333933532
1.5589225745414594
1.5624226813562427
1.565422772911771
1.568547868282113
1.5710479445783867
1.5726729941709647
1.5750480666524247
1.5776731467635121
1.5801732230597858
1.5822982879116183
1.5862984099856563
1.588048463393048
1.5911735587633902
1.594298654133732
1.5979237647633289
1.6014238715781122
1.6051739860225227
1.6091741080965607
1.6136742454298534
1.6172993560594502
1.6219244972075564
1.626424634540849
1.6319248023926511
1.6370499588000123
1.6424251228370008
1.6476752830591754
1.653425458540605
1.6594256416516617
1.6659258400219734
1.6710509964293345
1.677926206244087
1.6848014160588396
1.6911766106143375
1.698176824243904
1.7053020416882838
1.7116772362437818
1.7188024536881619
1.7256776635029145
1.733052888576922
1.7395530869472335
1.7466783043916136
1.754428540910062
1.7610537430951874
1.767803949095126
1.7748041627246927
1.7811793572801906
1.7868045289468062
1.792429700613422
1.7986798913541064
1.8041800592059083
1.8096802270577106
1.8148053834650717
1.8193055207983642
1.8234306466872157
1.8280557878353223
1.8315558946501054
1.8343059785760063
1.8368060548722802
1.8393061311685537
1.8409311807611317
1.842806237983337
1.8436812646870329
1.8438062685018464
1.8440562761314738
1.844306283761101
1.8429312417981507
1.8415561998352001
1.8395561387981811
1.8375560777611624
1.834055970946379
1.8306808679464095
1.8274307687612537
1.8233056428724022
1.8188055055391095
1.814180364391003
1.8101802423169653
1.8030550248725852
1.7978048646504103
1.7918046815393536
1.7858044984282968
1.7791792962431716
1.7733041169469284
1.765928891872921
1.7594286935026096
1.7529284951322976
1.7458032776879178
1.738553056428724
1.7313028351695303
1.7241776177251504
1.7168023926511429
1.710052186651204
1.702551957762383
1.6961767632068852
1.6893015533921325
1.6824263435773796
1.675176122318186
1.668800927762688
1.6616757103183082
1.6563005462813196
1.649425336466567
1.6433001495406965
1.6376749778740807
1.6317997985778374
1.6266746421704763
1.6216744895779291
1.6167993408001955
1.6120491958372754
1.6071740470595417
1.60304892117069
1.5990487990966522
1.5954236884670552
1.5911735587633902
1.588048463393048
1.5859233985412151
1.5817982726523636
1.57929819635609
1.5764231086153753
1.5737980285042878
1.5716729636524553
1.5691728873561817
1.5671728263191627
1.56504776146733
1.563797723319193
1.5624226813562427
1.5607976317636647
1.5596725974303416
1.5584225592822047
1.5570475173192542
1.5562974944303722
1.5554224677266761
1.5542974333933532
1.5537974181340983
1.5522973723563342
1.5525473799859615
1.5524223761711478
1.5519223609118933
1.5516723532822658
1.5517973570970793
1.5509223303933837
1.5509223303933837
1.5502973113193153
1.550422315134129
1.55079732657857
1.550422315134129
1.5505473189489425
1.5510473342081972
1.5512973418378246
1.5506723227637564
1.5509223303933837
1.5510473342081972
1.5509223303933837
1.5509223303933837
1.5506723227637564
1.5516723532822658
1.5520473647267068
1.5522973723563342
1.55317239906003
1.553547410504471
1.5536724143192846
1.5540474257637258
1.554797448652608
1.55554747154149
1.5565475020599995
1.5574225287636951
1.5589225745414594
1.559922605059969
1.5616726584673606
1.5629226966154972
1.564297738578448
1.5667978148747217
1.5689228797265542
1.5709229407635732
1.5739230323191016
1.57692312387463
1.5805482345042268
1.584423352763451
1.5886734824671163
1.592798608355968
1.596798730430006
1.6021738944669943
1.6076740623187964
1.6127992187261575
1.6176743675038912
1.624924588763085
1.6314247871333964
1.6380499893185219
1.6453002105777155
1.6520504165776544
1.6583006073183386
1.6658008362071597
1.6730510574663533
1.679926267281106
1.6865514694662314
1.6931766716513565
1.7003018890957367
1.70617706839198
1.7121772515030367
1.7174274117252115
1.7213025299844356
1.7258026673177282
1.7300527970213935
1.7318028504287852
1.7338029114658042
1.736552995391705
1.7366779992065189
1.7364279915768914
1.7356779686880093
1.7341779229102452
1.7315528427991578
1.7291777703176978
1.7253026520584733
1.7208025147251809
1.7168023926511429
1.7105522019104589
1.7045520187994019
1.6986768395031586
1.6931766716513565
1.6848014160588396
1.6783012176885281
1.671176000244148
1.6641757866145819
1.6560505386516924
1.649050325022126
1.6423001190221869
1.6354249092074344
1.629674733726005
1.6231745353556932
1.6167993408001955
1.6110491653187657
1.605048982207709
1.599548814355907
1.594298654133732
1.5896735129856259
1.5851733756523332
1.58167326883755
1.5776731467635121
1.5746730552079835
1.5714229560228279
1.5676728415784174
1.5644227423932615
1.560672627948851
1.5552974639118626
1.5502973113193153
1.544047120578631
1.5377969298379466
1.5284216437269205
1.5192963652455214
1.5094210638752406
1.4982957243568225
1.486545365764336
1.4744199957274087
1.4634196600238045
1.453669362468337
1.4476691793572802
1.445794122135075
1.449794244209113
1.4597945493942077
1.477045075838496
1.5010458082827236
1.5342968230231637
1.5754230780968657
1.625299600207526
1.683926389355144
1.7514284493545336
1.8283057954649493
1.9103082979827266
1.9923108005005037
2.069563158055361
2.1380652485732594
2.1940669576097904
2.235818231757561
2.2613190099795526
2.271194311349834
2.2640690939054537
2.2320681173131507
2.1840666524246957
2.1219397564622944
2.0501875667592393
1.9721851863155004
1.8894326609088412
1.8056801049836726
1.725052644428846
1.6496753440961944
1.5814232612079226
1.52467152928251
1.4772950834681233
1.4411689809869686
1.412793115024262
1.3947925656910916
1.3850422681356243
1.3830422070986053
1.3871673329874568
1.3969176305429243
1.4104180425428021
1.4285435956907866
1.4467941526535844
1.4656697286904508
1.482295236060671
1.4985457319864497
1.5117961363567003
1.5236714987640003
1.5344218268379772
1.5429220862453077
1.5492972808008056
1.5556724753563036
1.559172582171087
1.5624226813562427
1.5659227881710258
1.5690478835413677
1.5707979369487595
1.5726729941709647
1.5756730857264931
1.5784231696523943
1.5794232001709037
1.5824232917264323
1.5856733909115879
1.588423474837489
1.5914235663930174
1.5952986846522417
1.59829877620777
1.6016738792077396
1.6055489974669637
1.609424115726188
1.6124242072817165
1.6177993713187049
1.6224245124668113
1.6266746421704763
1.632424817651906
1.638299996948149
1.643050141911069
1.6491753288369395
1.653425458540605
1.6596756492812892
1.6659258400219734
1.6724260383922849
1.6785512253181556
1.684301400799585
1.6919266335032197
1.6985518356883451
1.7059270607623525
1.7123022553178504
1.7190524613177893
1.7260526749473555
1.7333028962065493
1.740178106021302
1.7475533310953093
1.7543035370952484
1.7614287545396283
1.7686789757988222
1.7753041779839474
1.7813043610950041
1.7875545518356883
1.7934297311319314
1.7994299142429884
1.8043050630207222
1.8101802423169653
1.8148053834650717
1.8196805322428053
1.8240556657612843
1.8280557878353223
1.83205590990936
1.8345559862056338
1.8370560625019074
1.8391811273537402
1.8410561845759452
1.8426812341685233
1.8434312570574054
1.844306283761101
1.8440562761314738
1.8444312875759148
1.8429312417981507
1.8421812189092686
1.8394311349833674
1.8370560625019074
1.8335559556871244
1.8299308450575276
1.826930753501999
1.8228056276131475
1.8178054750206
1.8135553453169349
1.8080551774651326
1.8029300210577714
1.7973048493911556
1.7913046662800989
1.7848044679097874
1.778554277169103
1.772304086428419
1.7654288766136663
1.758803674428541
1.752428479873043
1.7449282509842219
1.7381780449842832
1.7309278237250891
1.723552598651082
1.716427381206702
1.7098021790215767
1.7028019653920103
1.6956767479476302
1.6886765343180639
1.6818013245033114
1.6749261146885588
1.6683009125034334
1.6619257179479354
1.6553005157628102
1.6496753440961944
1.6429251380962555
1.6374249702444532
1.6317997985778374
1.6261746269112216
1.621299478133488
1.6167993408001955
1.6115491805780204
1.6071740470595417
1.6027989135410627
1.598798791467025
1.594673665578173
1.5911735587633902
1.587923459578234
1.5845483565782648
1.58167326883755
1.57929819635609
1.5772981353190711
1.5736730246894741
1.5710479445783867
1.5691728873561817
1.5666728110599077
1.5646727500228887
1.563422711874752
1.5620476699118016
1.5607976317636647
1.5589225745414594
1.5584225592822047
1.557172521134068
1.5556724753563036
1.5550474562822352
1.5541724295785393
1.5536724143192846
1.55317239906003
1.552797387615589
1.5521723685415205
1.5522973723563342
1.5517973570970793
1.5519223609118933
1.5510473342081972
1.5512973418378246
1.5509223303933837
1.550422315134129
1.5510473342081972
1.5509223303933837
1.5500473036896878
1.5510473342081972
1.5511723380230111
1.5505473189489425
1.5502973113193153
1.5509223303933837
1.5511723380230111
1.5506723227637564
1.551547349467452
1.551547349467452
1.5520473647267068
1.5524223761711478
1.5532974028748436
1.5534224066896571
1.5532974028748436
1.5549224524674214
1.5544224372081668
1.555172460097049
1.556797509689627
1.5574225287636951
1.5587975707266457
1.5601726126895963
1.5621726737266153
1.5627976928006837
1.5652977690969574
1.5672978301339764
1.5690478835413677
1.5714229560228279
1.5742980437635425
1.5774231391338847
1.5804232306894133
1.5836733298745689
1.5890484939115572
1.5926736045411543
1.5974237495040742
1.6020488906521806
1.6077990661336101
1.6130492263557847
1.618549394207587
1.6254246040223395
1.6310497756889553
1.6384250007629628
1.6463002410962249
1.6515504013183995
1.6594256416516617
1.666050843836787
1.673551072725608
1.6796762596514787
1.6871764885402998
1.6933016754661703
1.7008019043549913
1.7065520798364209
1.7125522629474779
1.7180524307992797
1.7220525528733177
1.7261776787621694
1.729427777947325
1.73230286568804
1.7340529190954315
1.735427961058382
1.7368030030213324
1.7360529801324502
1.7361779839472642
1.7341779229102452
1.731427838984344
1.7285527512436292
1.7249276406140324
1.7201774956511124
1.715177343058565
1.7106772057252724
1.7045520187994019
1.6983018280587177
1.6918016296884062
1.6849264198736535
1.6778012024292734
1.6706759849848933
1.6630507522812585
1.6555505233924375
1.6499253517258217
1.641925107577746
1.6349248939481797
1.6285496993926818
1.6225495162816248
1.6161743217261269
1.6109241615039522
1.6049239783928952
1.599548814355907
1.5945486617633595
1.5897985168004394
1.5854233832819604
1.5817982726523636
1.5777981505783258
1.5746730552079835
1.5709229407635732
1.5676728415784174
1.564172734763634
1.5605476241340372
1.5556724753563036
1.5497972960600603
1.5439221167638173
1.53654689168981
1.5287966551713614
1.5186713461714532
1.5085460371715445
1.4975457014679403
1.4860453505050812
1.4744199957274087
1.4625446333201089
1.4532943510238958
1.4470441602832118
1.4455441145054475
1.4499192480239265
1.4597945493942077
1.477920102542192
1.5019208349864193
1.5355468611713006
1.5772981353190711
1.627674672688986
1.6878015076143682
1.754053529465621
1.8310558793908505
1.9131833857234413
1.9950608844264046
2.072188238166448
2.139940305795465
2.1959420148319957
2.2368182622760706
2.2615690176091796
2.271569322794275
2.2638190862758263
2.2315681020538958
2.1821915952024904
2.12043971068453
2.0481875057222205
1.9696851100192265
1.8858075502792444
1.80355504013184
1.7225525681325726
1.6476752830591754
1.5791731925412764
1.5236714987640003
1.4761700491348004
1.4392939237647635
1.4121680959501939
1.3941675466170234
1.3846672566911833
1.382417188024537
1.3871673329874568
1.3967926267281106
1.4114180730613117
1.4289186071352276
1.447794183172094
1.4659197363200782
1.4827952513199256
1.4989207434308909
1.51279616687521
1.524296517838069
1.5347968382824184
1.5431720938749351
1.5497972960600603
1.555172460097049
1.5595475936155279
1.5629226966154972
1.565797784356212
1.5687978759117405
1.5707979369487595
1.5735480208746606
1.5755480819116796
1.5776731467635121
1.580048219244972
1.5827983031708732
1.5854233832819604
1.588423474837489
1.5916735740226449
1.5955486922818691
1.5984237800225838
1.6016738792077396
1.6055489974669637
1.6095491195410014
1.6130492263557847
1.6174243598742637
1.6234245429853207
1.6277996765037996
1.6329248329111608
1.6385500045777766
1.643050141911069
1.6488003173924985
1.6543004852443006
1.6600506607257304
1.6666758629108556
1.6719260231330302
1.6788012329477828
1.6848014160588396
1.6913016144291515
1.6988018433179723
1.7055520493179113
1.7133022858363598
1.7189274575029754
1.7273027130954923
1.7333028962065493
1.740553117465743
1.7475533310953093
1.7549285561693166
1.7616787621692556
1.7685539719840082
1.7753041779839474
1.7818043763542588
1.787679555650502
1.794429761650441
1.7996799218726158
1.8043050630207222
1.809805230872524
1.814180364391003
1.8198055360576189
1.8243056733909115
1.8295558336130864
1.831305887020478
1.8343059785760063
1.8366810510574663
1.8391811273537402
1.8410561845759452
1.8430562456129642
1.8439312723166599
1.8440562761314738
1.844306283761101
1.8440562761314738
1.8434312570574054
1.8416812036500139
