1.5779231543931396
1.5849233680227057
1.5920485854670858
1.5997988219855341
1.6085490890224923
1.6166743369853815
1.6262996307260353
1.635924924466689
1.6453002105777155
1.6550505081331828
1.6656758323923462
1.6754261299478135
1.6855514389477217
1.6956767479476302
1.7055520493179113
1.7154273506881925
1.7255526596881008
1.735427961058382
1.7444282357249672
1.753178502761925
1.761928769798883
1.7689289834284494
1.7769292275765252
1.7833044221320231
1.7888045899838252
1.7935547349467453
1.7978048646504103
1.8013049714651936
1.8034300363170261
1.8046800744651632
1.8054300973540451
1.8045550706503495
1.8026800134281442
1.8000549333170568
1.7966798303170874
1.792054689168981
1.7871795403912474
1.7808043458357494
1.7748041627246927
1.7671789300210579
1.7594286935026096
1.7508034302804651
1.7414281441694388
1.7320528580584125
1.7224275643177587
1.7121772515030367
1.7019269386883145
1.6918016296884062
1.682676351207007
1.6714260078737755
1.6619257179479354
1.6524254280220954
1.6428001342814416
1.6334248481704154
1.6250495925778985
1.616924344615009
1.6089241004669332
1.6022988982818078
1.5965487228003785
1.5911735587633902
1.5866734214300973
1.5834233222449416
1.5805482345042268
1.5790481887264625
1.5781731620227668
1.5784231696523943
1.5797982116153446
1.5826732993560595
1.5861734061708426
1.5909235511337627
1.596298715170751
1.6034239326151312
1.6099241309854426
1.6172993560594502
1.626049623096408
1.634424878688925
1.6425501266518143
1.6509253822443313
1.659800653096103
1.667300881984924
1.6738010803552354
1.6803012787255471
1.684301400799585
1.6878015076143682
1.6900515762810144
1.6904265877254554
1.689426557206946
1.6876765037995543
1.6845514084292124
1.6793012482070377
1.6723010345774711
1.6658008362071597
1.6571755729850153
1.6486753135776848
1.638299996948149
1.6286747032074953
1.6184243903927733
1.608174077578051
1.5996738181707206
1.5882984710226753
1.5781731620227668
1.5676728415784174
1.5572975249488816
1.5491722769859921
1.5361718802453688
1.5230464796899321
1.5074210028382216
1.4902954802087467
1.471544907986694
1.4524193243202002
1.4332937406537065
1.4159182103946044
1.4040428479873044
1.4009177526169623
1.409793023468734
1.4351687978759118
1.476295052949614
1.5352968535416731
1.611799188207648
1.7051770378734703
1.8129303262428662
1.928683858760338
2.040062257759331
2.1334401074251534
2.201942197943053
2.236568254646443
2.2396933500167853
2.197317056794946
2.117939634388257
2.012936429944762
1.8958078554643392
1.7756791894283883
1.6623007293923764
1.5616726584673606
1.4787951292458876
1.4174182561723685
1.3781670583208716
1.3585414593951233
1.3547913449507127
1.362541581469161
1.3795421002838222
1.4016677755058444
1.4267935422833948
1.452544328135014
1.477045075838496
1.4985457319864497
1.5170462965788751
1.5299216895046848
1.5415470442823573
1.5521723685415205
1.5600476088747826
1.5671728263191627
1.5742980437635425
1.5807982421338542
1.588423474837489
1.5964237189855648
1.6046739707632678
1.6131742301705987
1.62204950102237
1.6310497756889553
1.6413000885036775
1.6506753746147038
1.6608006836146123
1.6706759849848933
1.6809262977996156
1.6908015991698966
1.7010519119846188
1.710802209540086
1.7206775109103671
1.7308028199102756
1.740178106021302
1.7491783806878873
1.7578036439100315
1.765803888058107
1.7733041169469284
1.7809293496505632
1.7866795251319927
1.7918046815393536
1.7961798150578325
1.7999299295022433
1.8026800134281442
1.8043050630207222
1.804805078279977
1.8058051087984863
1.8050550859096042
1.8009299600207527
1.79880489516892
1.7935547349467453
1.7890545976134526
1.78455446028016
1.7779292580950348
1.7708040406506547
1.7630538041322064
1.7548035523545031
1.7459282815027315
1.7369280068361461
1.7271777092806788
1.717552415540025
1.7070520950956756
1.6971767937253945
1.6865514694662314
1.6770511795403913
1.6670508743552965
1.6571755729850153
1.6476752830591754
1.6388000122074038
1.6286747032074953
1.6207994628742333
1.6127992187261575
1.605048982207709
1.5992988067262794
1.5929236121707817
1.5889234900967437
1.5850483718375195
1.58167326883755
1.5794232001709037
1.5781731620227668
1.5781731620227668
1.5791731925412764
1.5814232612079226
1.5839233375041963
1.5889234900967437
1.5932986236152227
1.5997988219855341
1.6064240241706595
1.6144242683187355
1.6214244819483017
1.6299247413556321
1.63867500839259
1.6466752525406658
1.6550505081331828
1.663300759910886
1.6701759697256386
1.6769261757255778
1.6823013397625661
1.686301461836604
1.6886765343180639
1.690301583910642
1.6904265877254554
1.6889265419476913
1.6855514389477217
1.6811763054292428
1.6758011413922544
1.6690509353923155
1.6618007141331217
1.6529254432813503
1.6428001342814416
1.634299874874111
1.624049562059389
1.6132992339854122
1.6034239326151312
1.592798608355968
1.5825482955412458
1.5727979979857785
1.564297738578448
1.5537974181340983
1.542047059541612
1.5300466933194983
1.515546250801111
1.499670766319773
1.4807951902829066
1.4617946104312267
1.4435440534684285
1.4246684774315623
1.4095430158391065
1.4009177526169623
1.403792840357677
1.4199183324686422
1.4530443433942688
1.503170873134556
1.5710479445783867
1.656550553910947
1.7563035981322672
1.8693070467238382
1.9850605792413099
2.0890637531662954
2.172191290017395
2.223942869350261
2.2444434949797056
2.223192846461379
2.161690969573046
2.0684381237220375
1.9564347056489761
1.8356810205389569
1.7183024384289072
1.61017413861507
1.517796319467757
1.445419110690634
1.3947925656910916
1.3659166844691304
1.3551663563951537
1.3577914365062411
1.3705418256172368
1.3897924130985444
1.4136681417279582
1.4392939237647635
1.465544724875637
1.4879204077272867
1.5080460219122898
1.5247965330973237
1.5361718802453688
1.5465471968749047
1.5557974791711173
1.5636727195043794
1.5702979216895046
1.5777981505783258
1.584423352763451
1.591923581652272
1.6002988372447888
1.6092991119113744
1.6174243598742637
1.6261746269112216
1.635924924466689
1.6451752067629017
1.6553005157628102
1.6658008362071597
1.6766761680959503
1.6855514389477217
1.6959267555772577
1.706052064577166
1.7163023773918882
1.7278027283547472
1.7350529496139409
1.744553239539781
1.7534285103915526
1.762803796502579
1.769804010132145
1.777054231391339
1.7835544297616506
1.788929593798639
1.794054750206
1.7974298532059694
1.8013049714651936
1.8040550553910948
1.8046800744651632
1.8053050935392316
1.8044300668355358
1.8025550096133305
1.8005549485763115
1.7968048341319012
1.7918046815393536
1.7881795709097568
1.7813043610950041
1.7745541550950652
1.7674289376506853
1.7593036896877956
1.751178441724906
1.741678151799066
1.733052888576922
1.7226775719473861
1.712427259132664
1.7020519425031282
1.6921766411328472
1.6820513321329387
1.671676015503403
1.662925748466445
1.6526754356517228
1.641925107577746
1.633549851985229
1.624924588763085
1.6172993560594502
1.6087990966521197
1.6024239020966218
1.5965487228003785
1.590423535874508
1.5866734214300973
1.5826732993560595
1.5810482497634815
1.5785481734672078
1.5781731620227668
1.5785481734672078
1.5797982116153446
1.582048280281991
1.5859233985412151
1.5910485549485762
1.5964237189855648
1.6035489364299447
1.6100491348002564
1.6177993713187049
1.6259246192815942
1.634299874874111
1.6429251380962555
1.651050386059145
1.6593006378368482
1.666800866725669
1.673676076540422
1.6794262520218513
1.684301400799585
1.6878015076143682
1.689426557206946
1.6904265877254554
1.689426557206946
1.6876765037995543
1.6835513779107028
1.6790512405774103
1.6728010498367258
1.664925809503464
1.6571755729850153
1.6475502792443617
1.6401750541703544
1.629299722281564
1.618549394207587
1.6085490890224923
1.5974237495040742
1.5877984557634206
1.5780481582079533
1.5669228186895352
1.5581725516525773
1.54842225409711
1.5366718955046237
1.5229214758751182
1.507546006653035
1.4901704763939327
1.4714199041718803
1.452544328135014
1.4334187444685202
1.416418225653859
1.4044178594317454
1.4016677755058444
1.4101680349131749
1.434293771172216
1.476295052949614
1.5344218268379772
1.6106741538743248
1.7031769768364513
1.8116802880947296
1.9270588091677603
2.039187231055635
2.1334401074251534
2.201817194128239
2.236568254646443
2.2401933652760397
2.197817072054201
2.118939664906766
2.0138114566484573
1.8960578630939666
1.7768042237617114
1.6631757560960723
1.561922666096988
1.4789201330607014
1.4175432599871822
1.3781670583208716
1.3585414593951233
1.3545413373210853
1.3626665852839748
1.379167088839381
1.4012927640614032
1.4266685384685813
1.452544328135014
1.4767950682088686
1.4984207281716362
1.5175463118381298
1.5307967162083804
1.5430470900601214
1.5521723685415205
1.5596725974303416
1.5672978301339764
1.5744230475783563
1.5810482497634815
1.58879848628193
1.5955486922818691
1.6044239631336406
1.6132992339854122
1.621299478133488
1.63154979094821
1.6409250770592365
1.6504253669850764
1.660925687429426
1.6710509964293345
1.6800512710959197
1.6908015991698966
1.7011769157994323
1.7110522171697136
1.7204275032807397
1.7304278084658344
1.7403031098361157
1.7489283730582599
1.7576786400952178
1.7660538956877345
1.7740541398358105
1.7796793115024263
1.7864295175023652
1.7919296853541673
1.796054811243019
1.7998049256874293
1.8024300057985168
1.8049300820947904
1.804805078279977
1.8049300820947904
1.80355504013184
1.801554979094821
1.7983048799096653
1.7945547654652547
1.7894296090578936
1.7843044526505327
1.7773042390209661
1.7706790368358412
1.7626787926877652
1.7549285561693166
1.746053285317545
1.7360529801324502
1.7268026978362376
1.7170524002807703
1.7079271217993715
1.698926847132786
1.6869264809106725
1.6764261604663229
1.6661758476516009
1.656925565355388
1.6458002258369702
1.6374249702444532
1.628049684133427
1.6201744438001648
1.6120491958372754
1.6069240394299142
1.5985487838373975
1.5944236579485458
1.58879848628193
1.584423352763451
1.5815482650227364
1.579673207800531
1.5782981658375803
1.5784231696523943
1.5786731772820215
1.58167326883755
1.5842983489486373
1.588048463393048
1.5939236426892909
1.6019238868373669
1.607424054689169
1.6139242530594806
1.6224245124668113
1.630424756614887
1.6391750236518448
1.6471752677999205
1.6555505233924375
1.6640507827997681
1.6706759849848933
1.6763011566515091
1.6828013550218206
1.687051484725486
1.6889265419476913
1.6904265877254554
1.690301583910642
1.6891765495773186
1.6849264198736535
1.6810513016144293
1.675551133762627
1.6698009582811977
1.6603006683553576
1.6528004394665363
1.6436751609851377
1.6337998596148564
1.6241745658742028
1.6130492263557847
1.6034239326151312
1.592798608355968
1.5824232917264323
1.5726729941709647
1.5632977080599384
1.553547410504471
1.5425470748008667
1.5300466933194983
1.5156712546159246
1.498045716727195
1.480295175023652
1.4612945951719718
1.4422940153202919
1.423668446913053
1.4086679891354106
1.3997927182836392
1.4051678823206275
1.4221684011352886
1.454919400616474
1.5059209570604573
1.574923062837611
1.6613006988738672
1.7611787469100009
1.8748072145756403
1.9903107394634847
2.0943139133884703
2.174566362498856
2.225067903683584
2.2436934720908233
2.2213177892391736
2.158065858943449
2.0635629749443036
1.9503095187231057
1.830055848872341
1.7126772667622914
1.6055489974669637
1.513921201208533
1.4425440229499193
1.3930425122837
1.3642916348765526
1.3545413373210853
1.3584164555803095
1.3715418561357462
1.3912924588763085
1.4157932065797907
1.4409189733573413
1.4661697439497057
1.4889204382457961
1.5092960600604266
1.52467152928251
1.5367968993194372
1.5474222235786004
1.5564224982451857
1.564297738578448
1.5712979522080142
1.5786731772820215
1.5849233680227057
1.5929236121707817
1.6012988677632984
1.6087990966521197
1.6181743827631458
1.6265496383556628
1.6361749320963164
1.645925229651784
1.6561755424665061
1.6661758476516009
1.6766761680959503
1.685926450392163
1.6965517746513261
1.7064270760216071
1.7159273659474472
1.7260526749473555
1.7363029877620777
1.7453032624286628
1.754053529465621
1.7626787926877652
1.7703040253914
1.7776792504654073
1.7833044221320231
1.7895546128727073
1.7941797540208135
1.7983048799096653
1.8011799676503801
1.8034300363170261
1.8046800744651632
1.805180089724418
1.8044300668355358
1.802805017242958
1.7998049256874293
1.7963048188726465
1.7913046662800989
1.7863045136875517
1.7799293191320538
1.7735541245765558
1.7666789147618032
1.7590536820581684
1.750053407391583
1.7411781365398113
1.7311778313547166
1.7214275337992493
1.711177220984527
1.701301919614246
1.6915516220587787
1.6813013092440567
1.6710509964293345
1.6613006988738672
1.6523004242072816
1.6420501113925596
1.6329248329111608
1.6241745658742028
1.6156743064668722
1.6082990813928648
1.6017988830225531
1.5955486922818691
1.5905485396893215
1.5862984099856563
1.5822982879116183
1.5802982268745993
1.5786731772820215
1.5781731620227668
1.5782981658375803
1.5799232154301586
1.582923306985687
1.5861734061708426
1.5911735587633902
1.5969237342448195
1.6040489516891996
1.6112991729483932
1.6186743980224005
1.6267996459852903
1.6349248939481797
1.6435501571703237
1.6521754203924681
1.6595506454664755
1.667675893429365
1.6743010956144901
1.6803012787255471
1.685051423688467
1.6878015076143682
1.6900515762810144
1.6904265877254554
1.6896765648365732
1.6875514999847407
1.6835513779107028
1.678676229132969
1.6720510269478437
1.664925809503464
1.6568005615405743
1.6478002868739892
1.6380499893185219
1.627674672688986
1.6179243751335184
1.6077990661336101
1.5981737723929563
1.587298440504166
1.5771731315042574
1.5679228492080448
1.557797540208136
1.5472972197637866
1.535671864986114
1.521796441541795
1.5059209570604573
1.4889204382457961
1.4705448774681846
1.4510442823572498
1.4317936948759424
1.4151681875057223
1.4036678365428634
1.401042756431776
1.4114180730613117
1.4367938474684896
1.4792951445051423
1.5401720023194068
1.6187994018372145
1.7126772667622914
1.8214305856501969
1.9376841334269232
2.0476874904629656
2.14044032105472
2.2055673085726495
2.2383183080538345
2.23781829279458
2.1928169194616536
2.1111894283883172
2.00406115909299
1.8861825617236854
1.7665539109469892
1.6541754814294871
1.5542974333933532
1.4732949613940856
1.413293130283517
1.376041993469039
1.3574164250618
1.3556663716544084
1.364166631061739
1.3811671498764
1.4031678212836085
1.4290436109500413
1.4546693929868466
1.4787951292458876
1.5002957853938415
1.5180463270973845
1.5310467238380079
1.5426720786156805
1.5525473799859615
1.5605476241340372
1.5689228797265542
1.5754230780968657
1.5819232764671776
1.5891734977263712
1.5970487380596332
1.6052989898373364
1.6136742454298534
1.6221745048371838
1.633674855800043
1.6414250923184912
1.651425397503586
1.6615507065034945
1.6714260078737755
1.6814263130588702
1.6916766258735922
1.7019269386883145
1.7118022400585957
1.7220525528733177
1.730302804651021
1.7411781365398113
1.7498033997619558
1.7590536820581684
1.7671789300210579
1.7736791283913693
1.7809293496505632
1.7866795251319927
1.7918046815393536
1.7968048341319012
1.8003049409466843
1.8026800134281442
1.8043050630207222
1.805180089724418
1.8049300820947904
1.803930051576281
1.8006799523911254
1.7980548722800378
1.7939297463911863
1.7891796014282664
1.7831794183172094
1.7764292123172705
1.7700540177617725
1.7624287850581377
1.7539285256508073
1.7455532700582903
1.7364279915768914
1.725927671132542
1.7161773735770747
1.706052064577166
1.6964267708365124
1.685051423688467
1.6759261452070682
1.6654258247627187
1.655425519577624
1.6466752525406658
1.6377999816888944
1.6275496688741722
1.6205494552446058
1.611799188207648
1.605048982207709
1.5977987609485154
1.5930486159855952
1.588048463393048
1.5849233680227057
1.5814232612079226
1.5799232154301586
1.578923184911649
1.5781731620227668
1.5786731772820215
1.5819232764671776
1.5841733451338236
1.5890484939115572
1.5950486770226142
1.6009238563188575
1.6076740623187964
1.61492428357799
1.6226745200964385
1.631174779503769
1.6394250312814722
1.6480502945036166
1.6564255500961331
1.6646758018738366
1.671176000244148
1.6780512100589007
1.6829263588366346
1.6861764580217904
1.6889265419476913
1.6905515915402693
1.6901765800958282
1.6885515305032504
1.6856764427625355
1.6809262977996156
1.675176122318186
1.668800927762688
1.6603006683553576
1.6519254127628407
1.6420501113925596
1.6326748252815333
1.6222995086519973
1.612174199652089
1.6022988982818078
1.5914235663930174
1.5815482650227364
1.5719229712820828
1.561797662282174
1.5522973723563342
1.5412970366527299
1.528671651356548
1.5126711630603962
1.497670705282754
1.4786701254310741
1.4596695455793938
1.4405439619129004
1.4225434125797296
1.4079179662465284
1.4000427259132666
1.4051678823206275
1.4234184392834255
1.45816949980163
1.5102960905789362
1.580923245948668
1.6675508896145512
1.7696790063173315
1.8838074892422254
1.9986859950560016
2.100689107943968
2.1793165074617757
2.2261929380169074
2.2440684835352642
2.2181926938688314
2.1518156682027647
2.056437757499924
1.941434247871334
1.8214305856501969
1.7046770226142156
1.5992988067262794
1.508796044801172
1.4381688894314402
1.3905424359874266
1.364166631061739
1.3540413220618306
1.3589164708395642
1.3726668904690695
1.3930425122837
1.4169182409131138
1.4422940153202919
1.4679197973570972
1.491795525986511
1.5111711172826319
1.5255465559862058
1.5381719412823878
1.54842225409711
1.556672505874813
1.5645477462080752
1.5722979827265235
1.5787981810968352
1.5855483870967744
1.5931736198004092
1.6009238563188575
1.6095491195410014
1.618924405652028
1.6279246803186131
1.6372999664296397
1.647050263985107
1.6566755577257606
1.666800866725669
1.6761761528366956
1.6873014923551135
1.697426801355022
1.706927091280862
1.717177404095584
1.727052705465865
1.7355529648731955
1.7459282815027315
1.7548035523545031
1.7630538041322064
1.7708040406506547
1.7775542466505936
1.7841794488357188
1.7895546128727073
1.7939297463911863
1.7983048799096653
1.8020549943540758
1.8034300363170261
1.8050550859096042
1.8056801049836726
1.8036800439466536
1.8024300057985168
1.8001799371318705
1.7958048036133916
1.7914296700949126
1.7864295175023652
1.7795543076876126
1.7735541245765558
1.7660538956877345
1.7584286629841
1.7491783806878873
1.741303140354625
1.731052827539903
1.7210525223548083
1.7109272133548998
1.700551896725364
1.6900515762810144
1.6801762749107334
1.6704259773552659
1.6608006836146123
1.6511753898739585
1.6413000885036775
1.632299813837092
1.6234245429853207
1.6157993102816859
1.6079240699484236
1.6017988830225531
1.5957986999114964
1.590423535874508
1.5876734519486069
1.5830483108005005
1.5802982268745993
1.578923184911649
1.5781731620227668
1.5782981658375803
1.5805482345042268
1.5831733146153144
1.587298440504166
1.5916735740226449
1.5976737571337016
1.6040489516891996
1.6119241920224616
1.6180493789483323
1.6267996459852903
1.6352999053926207
1.6443001800592059
1.6519254127628407
1.6608006836146123
1.6679259010589922
1.6750511185033723
1.6801762749107334
1.6855514389477217
1.6878015076143682
1.690301583910642
1.6901765800958282
1.6901765800958282
1.6868014770958586
1.6836763817255165
1.6784262215033416
1.6720510269478437
1.6654258247627187
1.6568005615405743
1.6473002716147345
1.637549974059267
1.6275496688741722
1.6175493636890774
1.607049043244728
1.596798730430006
1.5866734214300973
1.5764231086153753
1.5665478072450942
1.5575475325785089
1.5467972045045322
1.534921842097232
1.5211714224677266
1.5050459303567616
1.4880454115421002
1.4692948393200476
1.449794244209113
1.4312936796166877
1.4146681722464676
1.403417828913236
1.4016677755058444
1.4124181035798211
1.439043916135136
1.4827952513199256
1.544047120578631
1.623299539170507
1.7183024384289072
1.8274307687612537
1.9435593127231665
2.052937650685141
2.1444404431287576
2.208067384868923
2.239068330942717
2.2364432508316296
2.1884417859431746
2.105189245277261
1.9983109836115605
1.879682363353374
1.7606787316507462
1.6481752983184301
1.5490472731711782
1.4701698660237434
1.4106680501724296
1.37404193243202
1.3575414288766137
1.3549163487655262
1.3651666615802482
1.3821671803949096
1.4049178746910003
1.4301686452833644
1.4547943968016601
1.480670186468093
1.5012958159123508
1.5184213385418257
1.5317967467268898
1.5439221167638173
1.5525473799859615
1.5612976470229194
1.568547868282113
1.5756730857264931
1.582048280281991
1.5890484939115572
1.597173741874447
1.605048982207709
1.6139242530594806
1.6227995239112523
1.6326748252815333
1.6418001037629322
1.6519254127628407
1.6620507217627492
1.6720510269478437
1.681926328318125
1.6919266335032197
1.702176946317942
1.7116772362437818
1.7218025452436905
1.7318028504287852
1.7411781365398113
1.7501784112063965
1.759178685872982
1.7670539262062441
1.7739291360209968
1.780679342020936
1.786554521317179
1.7913046662800989
1.79642982268746
1.8005549485763115
1.8025550096133305
1.8044300668355358
1.805180089724418
1.8046800744651632
1.8049300820947904
1.8013049714651936
1.7980548722800378
1.7939297463911863
1.7888045899838252
1.7834294259468366
1.776679219946898
1.769929013946959
1.7625537888729514
1.754428540910062
1.7446782433545946
1.7350529496139409
1.726302682576983
1.7158023621326335
1.7058020569475387
1.6960517593920712
1.6871764885402998
1.6759261452070682
1.6659258400219734
1.656550553910947
1.6460502334665976
1.6370499588000123
1.628424695577868
1.6194244209112827
1.6124242072817165
1.6051739860225227
1.5989237952818385
1.5931736198004092
1.5885484786523028
1.5846733603930783
1.5811732535782954
1.5780481582079533
1.5782981658375803
1.5782981658375803
1.5790481887264625
1.5821732840968048
1.5851733756523332
1.58879848628193
1.5937986388744774
1.6007988525040437
1.607424054689169
1.61492428357799
1.6227995239112523
1.630799768059328
1.6389250160222175
1.6475502792443617
1.6564255500961331
1.6641757866145819
1.6709259926145208
1.6778012024292734
1.6825513473921934
1.686676473281045
1.6889265419476913
1.6904265877254554
1.6901765800958282
1.6888015381328776
1.6858014465773492
1.6811763054292428
1.675551133762627
1.6690509353923155
1.660925687429426
1.6524254280220954
1.6433001495406965
1.6334248481704154
1.622924527726066
1.6130492263557847
1.6025489059114353
1.5920485854670858
1.5822982879116183
1.57217297891171
1.5629226966154972
1.55317239906003
1.5415470442823573
1.5291716666158026
1.5144212164677877
1.498045716727195
1.4796701559495833
1.4594195379497665
1.4415439924314097
1.423668446913053
1.408917996765038
1.4007927488021485
1.4060429090243234
1.421668385876034
1.4552944120609148
1.506420972319712
1.5756730857264931
1.6608006836146123
1.7630538041322064
1.8770572832422865
1.9914357737968078
2.095063936277352
2.1750663777581107
2.225067903683584
2.2450685140537736
2.221067781609546
2.157940855128636
2.0621879329813533
1.9486844691305276
1.8286808069093905
1.7119272438734092
1.6047989745780817
1.5140462050233467
1.4429190343943603
1.3929175084688865
1.3651666615802482
1.3545413373210853
1.3592914822840054
1.3715418561357462
1.3907924436170536
1.4154181951353497
1.4404189580980864
1.465169713431196
1.489420453505051
1.5092960600604266
1.52467152928251
1.5372969145786919
1.54842225409711
1.5557974791711173
1.564172734763634
1.5712979522080142
1.5782981658375803
1.584423352763451
1.5929236121707817
1.6005488448744163
1.6089241004669332
1.6180493789483323
1.6277996765037996
1.636674947355571
1.645925229651784
1.6564255500961331
1.666050843836787
1.6766761680959503
1.6860514542069764
1.6965517746513261
1.7066770836512346
1.7170524002807703
1.7265526902066104
1.735427961058382
1.7453032624286628
1.7535535142063663
1.7621787774285103
1.771429059724723
1.776554216132084
1.7838044373912778
1.7893046052430799
1.7943047578356275
1.798429883724479
1.8010549638355662
1.80355504013184
1.8049300820947904
1.805180089724418
1.8050550859096042
1.8021799981688895
1.8000549333170568
1.7963048188726465
1.7918046815393536
1.7863045136875517
1.7810543534653769
1.7740541398358105
1.766303903317362
1.7586786706137274
1.7498033997619558
1.740928128910184
1.7309278237250891
1.721552537614063
1.710802209540086
1.7014269234290598
1.6928016602069156
1.6810513016144293
1.671301004058962
1.6614257026886807
1.651800408948027
1.6424251228370008
1.6325498214667196
1.6241745658742028
1.6164243293557543
1.6085490890224923
1.603173924985504
1.5961737113559373
1.5906735435041353
1.5869234290597247
1.5830483108005005
1.5795482039857174
1.5781731620227668
1.5780481582079533
1.5780481582079533
1.580048219244972
1.5825482955412458
1.5865484176152838
1.5912985625782037
1.5974237495040742
1.6035489364299447
1.611424176763207
1.6182993865779596
1.6269246498001038
1.634424878688925
1.6433001495406965
1.6515504013183995
1.6594256416516617
1.6674258857997375
1.6744260994293039
1.6800512710959197
1.6841763969847714
1.6879265114291817
1.6900515762810144
1.690301583910642
1.689426557206946
1.6874264961699272
1.6833013702810755
1.6785512253181556
1.6729260536515398
1.6655508285775322
1.6576755882442702
1.6484253059480574
1.6380499893185219
1.6281746879482406
1.6177993713187049
1.6076740623187964
1.5979237647633289
1.588048463393048
1.5775481429486986
1.5676728415784174
1.557797540208136
1.5476722312082278
1.5359218726157415
1.5225464644306772
1.506420972319712
1.489295449690237
1.4700448622089297
1.451669301431318
1.4329187292092656
1.4157932065797907
1.4031678212836085
1.401042756431776
1.4110430616168708
1.4365438398388624
1.4777950987273782
1.5379219336527605
1.6157993102816859
1.7094271675771355
1.8176804712057864
1.9344340342417676
2.04443739127781
2.1379402447584464
2.203692251350444
2.237568285164953
2.2383183080538345
2.1946919766838584
2.1140645161290323
2.008311288796655
1.8901826837977234
1.7700540177617725
1.6573005767998292
1.5574225287636951
1.476295052949614
1.4151681875057223
1.3766670125431073
1.3582914517654958
1.35504135258034
1.3646666463209938
1.3801671193578906
1.4029178136539813
1.4274185613574633
1.4535443586535233
1.477920102542192
1.4997957701345868
1.5172963042085024
1.5311717276528216
1.542422070986053
1.552672383800775
1.56029761650441
1.567797845393231
1.5752980742820522
1.581298257393109
1.58879848628193
1.5965487228003785
1.6047989745780817
1.6132992339854122
1.6226745200964385
1.63154979094821
1.6414250923184912
1.6505503707998903
1.6608006836146123
1.6709259926145208
1.6825513473921934
1.690301583910642
1.7011769157994323
1.7115522324289683
1.7203024994659262
1.7313028351695303
1.7404281136509292
1.7501784112063965
1.7585536667989135
1.7661788995025482
1.7750541703543201
1.7811793572801906
1.7864295175023652
1.7918046815393536
1.7965548265022737
1.8001799371318705
1.8026800134281442
1.8046800744651632
1.804805078279977
1.804805078279977
1.8034300363170261
1.8014299752800074
1.798429883724479
1.7939297463911863
1.7895546128727073
1.7838044373912778
1.7779292580950348
1.7704290292062137
1.763928830835902
1.7550535599841306
1.7455532700582903
1.7364279915768914
1.7268026978362376
1.716427381206702
1.7063020722067934
1.6961767632068852
1.6865514694662314
1.6761761528366956
1.666425855281228
1.6566755577257606
1.647050263985107
1.6377999816888944
1.628424695577868
1.6200494399853511
1.6124242072817165
1.6056740012817774
1.599173802911466
1.5937986388744774
1.5890484939115572
1.5847983642078922
1.582048280281991
1.5794232001709037
1.5782981658375803
1.5782981658375803
1.5786731772820215
1.5810482497634815
1.5845483565782648
1.5889234900967437
1.5940486465041048
1.6001738334299753
1.6072990508743554
1.6144242683187355
1.6224245124668113
1.630799768059328
1.6391750236518448
1.6475502792443617
1.6553005157628102
1.6638007751701407
1.670800988799707
1.6770511795403913
1.6828013550218206
1.6856764427625355
1.6891765495773186
1.6906765953550829
1.6896765648365732
1.6886765343180639
1.685926450392163
1.6814263130588702
1.675551133762627
1.6689259315775018
1.660925687429426
1.653425458540605
1.643050141911069
1.6337998596148564
1.6234245429853207
1.613424237800226
1.6034239326151312
1.5936736350596639
1.5822982879116183
1.5730480056154057
1.5627976928006837
1.552797387615589
1.5421720633564255
1.5300466933194983
1.5149212317270424
1.4982957243568225
1.4800451673940245
1.461169591357158
1.4425440229499193
1.4245434736167486
1.4086679891354106
1.401417767876217
1.4041678518021181
1.4217933896908477
1.4546693929868466
1.5056709494308298
1.57454805139317
1.6596756492812892
1.7610537430951874
1.8743071993163853
1.9896857203894163
2.09293887142552
2.1739413434247874
2.224692892239143
2.2436934720908233
2.2216928006836145
2.1591908932767723
2.0643129978331856
1.9514345530564288
1.831305887020478
1.7141773125400557
1.6067990356151007
1.515546250801111
1.443794061098056
1.3934175237281412
1.3651666615802482
1.35504135258034
1.3579164403210546
1.371291848506119
1.3905424359874266
1.4145431684316538
1.4404189580980864
1.4652947172460096
1.4886704306161689
1.5096710715048678
1.5240465102084415
1.53654689168981
1.5476722312082278
1.5561724906155583
1.5636727195043794
1.5711729483932007
1.5777981505783258
1.5849233680227057
1.592423596911527
1.6000488296151616
1.6084240852076785
1.6175493636890774
1.6269246498001038
1.6360499282815029
1.645925229651784
1.6560505386516924
1.666050843836787
1.6758011413922544
1.6860514542069764
1.6963017670216987
1.7059270607623525
1.7163023773918882
1.725927671132542
1.7350529496139409
1.7448032471694084
1.754053529465621
1.761928769798883
1.7696790063173315
1.777054231391339
1.7838044373912778
1.788929593798639
1.7938047425763726
1.7979298684652243
1.8013049714651936
1.8036800439466536
1.804805078279977
1.805555101168859
1.8050550859096042
1.802805017242958
1.800429944761498
1.7963048188726465
1.7913046662800989
1.7866795251319927
1.7804293343913085
1.774179143650624
1.7670539262062441
1.7594286935026096
1.7509284340952787
1.741303140354625
1.7318028504287852
1.721552537614063
1.7121772515030367
1.7020519425031282
1.6915516220587787
1.6816763206884975
1.6715510116885892
1.6614257026886807
1.6519254127628407
1.641925107577746
1.6332998443556017
1.6245495773186438
1.6164243293557543
1.6087990966521197
1.6020488906521806
1.5960487075411238
1.5909235511337627
1.5867984252449112
1.5827983031708732
1.580048219244972
1.5781731620227668
1.5781731620227668
1.5785481734672078
1.5799232154301586
1.5825482955412458
1.5862984099856563
1.5915485702078311
1.5969237342448195
1.6029239173558765
1.610549150059511
1.6176743675038912
1.6259246192815942
1.6341748710592976
1.6425501266518143
1.6523004242072816
1.6595506454664755
1.667300881984924
1.6739260841700492
1.6800512710959197
1.6841763969847714
1.6868014770958586
1.689426557206946
1.6900515762810144
1.6891765495773186
1.6879265114291817
1.6840513931699574
1.6788012329477828
1.6730510574663533
1.6659258400219734
1.6571755729850153
1.6485503097628713
1.6389250160222175
1.629299722281564
1.6187994018372145
1.609049104281747
1.5984237800225838
1.58879848628193
1.5780481582079533
1.5676728415784174
1.5589225745414594
1.5485472579119235
1.53654689168981
1.5234214911343729
1.5076710104678488
1.4906704916531877
1.4721699270607624
1.4524193243202002
1.4340437635425884
1.4170432447279275
1.4042928556169316
1.4006677449873348
1.4099180272835474
1.4336687520981475
1.4754200262459183
1.5334217963194676
1.6102991424298836
1.702926969206824
1.8096802270577106
1.9260587786492507
2.0371871700186164
2.1316900540177617
2.2006921597949156
2.2356932279427473
2.2400683614612262
2.1989421063875243
2.121314737388226
2.0164365367595445
1.8991829584643085
1.7788042847987304
1.6646758018738366
1.5649227576525162
1.4807951902829066
1.418793298135319
1.3790420850245675
1.3587914670247507
1.35504135258034
1.3630415967284157
1.3790420850245675
1.4012927640614032
1.4265435346537676
1.4515442976165045
1.4756700338755455
1.4979207129123815
1.5164212775048067
1.5302967009491257
1.5425470748008667
1.5521723685415205
1.5596725974303416
1.5672978301339764
1.5742980437635425
1.5810482497634815
1.588048463393048
1.5959237037263099
1.6041739555040133
1.6127992187261575
1.62204950102237
1.6309247718741418
1.6408000732444226
1.6501753593554491
1.6600506607257304
1.6699259620960112
1.6803012787255471
1.6906765953550829
1.700551896725364
1.710427198095645
1.7208025147251809
1.730677816095462
1.739303079317606
1.7491783806878873
1.7580536515396588
1.765803888058107
1.773429120761742
1.7799293191320538
1.7859295022431105
1.7910546586504716
1.7956797997985778
1.7996799218726158
1.8029300210577714
1.8050550859096042
1.805180089724418
1.805555101168859
1.8041800592059083
1.8010549638355662
1.7983048799096653
1.794429761650441
1.789679616687521
1.7854294869838556
1.7788042847987304
1.7715540635395368
1.7626787926877652
1.756803613391522
1.7464282967619862
1.737303018280587
1.727927732169561
1.7176774193548388
1.7070520950956756
1.697801812799463
1.6878015076143682
1.6773011871700187
1.6669258705404828
1.656925565355388
1.6480502945036166
1.6385500045777766
1.6297997375408186
1.6201744438001648
1.6129242225409712
1.6052989898373364
1.6005488448744163
1.5939236426892909
1.5890484939115572
1.5850483718375195
1.581298257393109
1.5801732230597858
1.5784231696523943
1.5786731772820215
1.578923184911649
1.5825482955412458
1.5859233985412151
1.588423474837489
1.5940486465041048
1.60067384868923
1.607424054689169
1.613799249244667
1.6215494857631152
1.629674733726005
1.6385500045777766
1.6460502334665976
1.6550505081331828
1.662800744651631
1.6704259773552659
1.6765511642811366
1.6823013397625661
1.6860514542069764
1.6886765343180639
1.690301583910642
1.6908015991698966
1.689426557206946
1.6860514542069764
1.6816763206884975
1.6769261757255778
1.669675954466384
1.6625507370220038
1.653425458540605
1.6440501724295786
1.6345498825037386
1.6241745658742028
1.6151742912076175
1.6040489516891996
1.5949236732078005
1.5830483108005005
1.5716729636524553
1.5651727652821437
1.5540474257637258
1.5436721091341898
1.5309217200231942
1.5156712546159246
1.4999207739494005
1.4820452284310435
1.462419629505295
1.4436690572832422
1.4257935117648854
1.4101680349131749
1.4006677449873348
1.4030428174687948
1.4189183019501328
1.4511692861720633
1.500420789208655
1.5680478530228583
1.6528004394665363
1.752428479873043
1.8648069093905455
1.9805604419080174
2.0855636463515124
2.16794116031373
2.221567796868801
2.2425684377575
2.224817896053957
2.1645660573137606
2.0726882534257025
1.9603098239082004
1.840806176946318
1.7231775872066408
1.6136742454298534
1.5211714224677266
1.448169194616535
1.3972926419873655
1.3666667073580125
1.356166386913663
1.357041413617359
1.3696667989135412
1.3892923978392897
1.4134181340983307
1.438293893246254
1.4635446638386183
1.4870453810235909
1.5072959990234076
1.5231714835047456
1.53654689168981
1.5465471968749047
1.554797448652608
1.5631727042451247
1.5702979216895046
1.5771731315042574
1.5855483870967744
1.5917985778374584
1.6000488296151616
1.608174077578051
1.6176743675038912
1.6261746269112216
1.6354249092074344
1.6448001953184606
1.655425519577624
1.6651758171330913
1.6749261146885588
1.6851764275032808
1.6955517441328165
1.7065520798364209
1.7154273506881925
1.7258026673177282
1.735427961058382
1.7450532547990356
1.7533035065767388
1.7624287850581377
1.7695540025025178
1.776679219946898
1.7833044221320231
1.7875545518356883
1.7935547349467453
1.7980548722800378
1.8014299752800074
1.8036800439466536
1.8059301126133
1.8054300973540451
1.8040550553910948
1.8030550248725852
1.8006799523911254
1.7965548265022737
1.7921796929837945
1.7871795403912474
1.781679372539445
1.7749291665395062
1.768303964354381
1.7594286935026096
1.7509284340952787
1.741678151799066
1.733427900021363
1.7226775719473861
1.7133022858363598
1.702176946317942
1.6929266640217293
1.6825513473921934
1.6729260536515398
1.6625507370220038
1.6524254280220954
1.643050141911069
1.6340498672444839
1.625674611651967
1.6167993408001955
1.6092991119113744
1.6029239173558765
1.596673726615192
1.5909235511337627
1.5870484328745385
1.5836733298745689
1.5806732383190405
1.5790481887264625
1.5777981505783258
1.5787981810968352
1.5810482497634815
1.5824232917264323
1.5867984252449112
1.590423535874508
1.596673726615192
1.601048860133671
1.61017413861507
1.6174243598742637
1.6255496078371532
1.6332998443556017
1.6428001342814416
1.6505503707998903
1.6590506302072208
1.6665508590960418
1.673676076540422
1.6796762596514787
1.6838013855403302
1.6876765037995543
1.6899265724662007
1.6905515915402693
1.6899265724662007
1.6878015076143682
1.684676412244026
1.6791762443922238
1.673676076540422
1.66717587817011
1.6579255958738974
1.649425336466567
1.6398000427259134
1.6294247260963775
1.6192994170964692
1.609424115726188
1.5990487990966522
1.5885484786523028
1.5785481734672078
1.5695478988006226
1.558672566911832
1.549547288430433
1.5381719412823878
1.5244215216528825
1.5079210180974763
1.491795525986511
1.473544969023713
1.4539193700979645
1.4347937864314706
1.4159182103946044
1.4050428785058138
1.401042756431776
1.408917996765038
1.4317936948759424
1.4731699575792718
1.5307967162083804
1.605048982207709
1.6966767784661398
1.8033050325022126
1.9190585650196845
2.031436994537187
2.126564897610401
2.1968170415356916
2.2351932126834924
2.2408183843501086
2.2006921597949156
2.12618988616596
2.023311746574297
1.9061831720938751
1.7873045442060609
1.6698009582811977
1.5695478988006226
1.4850453199865719
1.4220433973204747
1.381667165135655
1.3582914517654958
1.3547913449507127
1.361416547135838
1.377292031617176
1.3997927182836392
1.4244184698019349
1.4499192480239265
1.4746700033570361
1.4971706900234993
1.5137961973937193
1.5300466933194983
1.5410470290231024
1.5510473342081972
1.559172582171087
1.56742283394879
1.5737980285042878
1.5802982268745993
1.5875484481337934
1.5954236884670552
1.6032989288003174
1.6131742301705987
1.6207994628742333
1.630799768059328
1.639925046540727
1.6499253517258217
1.659800653096103
1.6701759697256386
1.679926267281106
1.6891765495773186
1.7004268929105502
1.709177159947508
1.7200524918362987
1.7296777855769523
1.739803094576861
1.7490533768730736
1.7569286172063356
1.7645538499099704
1.7730541093173011
1.7796793115024263
1.7854294869838556
1.790929654835658
1.7966798303170874
1.7994299142429884
1.8020549943540758
1.8043050630207222
1.8049300820947904
1.8050550859096042
1.803930051576281
1.8011799676503801
1.798429883724479
1.7938047425763726
1.7911796624652854
1.7848044679097874
1.778554277169103
1.7715540635395368
1.765928891872921
1.756428601947081
1.7465533005767997
1.7376780297250283
1.728302743614002
1.7180524307992797
1.708177129428999
1.6975518051698355
1.6878015076143682
1.6780512100589007
1.6678008972441787
1.6580505996887114
1.6484253059480574
1.6390500198370312
1.6299247413556321
1.621299478133488
1.6135492416150394
1.6060490127262186
1.5999238258003479
1.5949236732078005
1.5892985015411847
1.5855483870967744
1.58167326883755
1.5797982116153446
1.5784231696523943
1.5779231543931396
1.578923184911649
1.5805482345042268
1.58404834131901
1.5882984710226753
1.592798608355968
1.599548814355907
1.6059240089114046
1.6132992339854122
1.6219244972075564
1.6285496993926818
1.6376749778740807
1.6454252143925292
1.6546754966887418
1.6626757408368176
1.6698009582811977
1.6761761528366956
1.6821763359477524
1.6855514389477217
1.6886765343180639
1.690301583910642
1.6896765648365732
1.6873014923551135
1.685926450392163
1.6821763359477524
1.677551194799646
1.671301004058962
1.6621757255775629
1.6541754814294871
1.644675191503647
1.6352999053926207
1.6246745811334575
1.6161743217261269
1.6044239631336406
1.5945486617633595
1.5842983489486373
1.5736730246894741
1.564172734763634
1.554797448652608
1.5445471358378857
1.5312967314676351
1.5174213080233163
1.5014208197271646
1.483420270393994
1.4639196752830592
1.4450440992461928
1.427918576616718
1.4110430616168708
1.4016677755058444
1.4032928250984222
1.4179182714316232
1.4479191869869077
1.496045655690176
1.5621726737266153
1.6456752220221567
1.743678212836085
1.8575566881313517
1.9720601825006867
2.077938413647878
2.1630660115359968
2.2188177129429
2.2430684530167544
2.2280679952391127
2.1718162785729542
2.0806884975737785
1.9694351023895993
1.851181493575854
1.7304278084658344
1.621299478133488
1.5279216284676658
1.452919339579455
1.3989176915799433
1.3687917722098455
1.3557913754692221
1.3569164098025452
1.3682917569505906
1.3874173406170842
1.4124181035798211
1.4365438398388624
1.4616696066164128
1.4855453352458265
1.5059209570604573
1.5225464644306772
1.535671864986114
1.5467972045045322
1.5549224524674214
1.5627976928006837
1.5690478835413677
1.5782981658375803
1.5839233375041963
1.5914235663930174
1.5994238105410932
1.6077990661336101
1.618549394207587
1.6254246040223395
1.6350498977629933
1.6444251838740198
1.6548005005035553
1.6615507065034945
1.6746761070589313
1.6845514084292124
1.6948017212439344
1.7043020111697744
1.7146773277993104
1.725052644428846
1.734552934354686
1.743303201391644
1.7528034913174841
1.7610537430951874
1.7693039948728904
1.7755541856135748
1.7826794030579547
1.7878045594653156
1.7938047425763726
1.7973048493911556
1.8009299600207527
1.8034300363170261
1.805180089724418
1.805555101168859
1.8044300668355358
1.8030550248725852
1.8001799371318705
1.7961798150578325
1.7926797082430495
1.787679555650502
1.7821793877986998
1.775429181798761
1.7680539567247535
1.7596787011322368
1.7518034607989748
1.7424281746879482
1.7331778923917356
1.7233025910214546
1.7134272896511735
1.7031769768364513
1.6931766716513565
1.683051362651448
1.6734260689107945
1.6631757560960723
1.6535504623554185
1.6436751609851377
1.634299874874111
1.625674611651967
1.6175493636890774
1.609799127170629
1.6032989288003174
1.597173741874447
1.5917985778374584
1.5875484481337934
1.5834233222449416
1.5810482497634815
1.578923184911649
1.5785481734672078
1.5775481429486986
1.5799232154301586
1.5827983031708732
1.5859233985412151
1.5911735587633902
1.5961737113559373
1.6025489059114353
1.6091741080965607
1.6167993408001955
1.625174596392712
1.6329248329111608
1.6420501113925596
1.6499253517258217
1.658550614947966
1.666050843836787
1.673551072725608
1.6790512405774103
1.6835513779107028
1.6871764885402998
1.6895515610217597
1.6901765800958282
1.6895515610217597
1.6878015076143682
1.684676412244026
1.679551255836665
1.6741760917996766
1.666800866725669
1.6580505996887114
1.649425336466567
1.639925046540727
1.6302997528000733
1.6205494552446058
1.6102991424298836
1.60067384868923
1.5895485091708121
1.5804232306894133
1.5696729026154363
1.559797601245155
1.5499222998748743
1.5387969603564562
1.52467152928251
1.5101710867641225
1.493295571764275
1.4754200262459183
1.4555444196905423
1.4364188360240486
1.41916830957976
1.4056678975798824
1.4006677449873348
1.4076679586169012
1.4296686300241095
1.468419812616352
1.5250465407269511
1.5990487990966522
1.6891765495773186
1.7950547807245094
1.9108083132419813
2.02306173894467
2.12043971068453
2.193316934720908
2.232693136387219
2.2424434339426864
2.2066923429059724
2.132690084536271
2.030561967833491
1.9136834009826962
1.794429761650441
1.6798012634662924
1.5759230933561206
1.490920499282815
1.4252934965056308
1.3829172032837918
1.3604165166173285
1.3547913449507127
1.3612915433210242
1.376792016357921
1.3985426801355023
1.4229184240241708
1.4482941984313487
1.4727949461348309
1.4957956480605488
1.5145462202826014
1.528671651356548
1.5405470137638477
1.5506723227637564
1.5585475630970183
1.566172795800653
1.5732980132450332
1.5797982116153446
1.5874234443189794
1.5957986999114964
1.6032989288003174
1.6119241920224616
1.6206744590594195
1.630049745170446
1.6389250160222175
1.6495503402813807
1.6590506302072208
1.6695509506515702
1.679551255836665
1.688301522873623
1.6985518356883451
1.7089271523178808
1.7200524918362987
1.729427777947325
1.739303079317606
1.7485533616138187
1.7566786095767084
1.7650538651692254
1.7724290902432325
1.7791792962431716
1.785679494613483
1.7905546433912167
1.7956797997985778
1.7993049104281746
1.8026800134281442
1.8038050477614673
1.805180089724418
1.8050550859096042
1.8038050477614673
1.801554979094821
1.7990549027985472
1.7948047730948822
1.7906796472060307
1.784929471724601
1.778679280983917
1.7719290749839778
1.7641788384655293
1.7560535905026398
1.7474283272804958
1.7379280373546557
1.7289277626880704
1.7185524460585346
1.7084271370586261
1.699301858577227
1.6885515305032504
1.6781762138737144
1.6683009125034334
1.6583006073183386
1.6493003326517535
1.639925046540727
1.6301747489852596
1.6216744895779291
1.613799249244667
1.6056740012817774
1.5997988219855341
1.5944236579485458
1.5895485091708121
1.5854233832819604
1.5824232917264323
1.5797982116153446
1.5785481734672078
1.5776731467635121
1.5787981810968352
1.5822982879116183
1.5836733298745689
1.5881734672078616
1.5936736350596639
1.599173802911466
1.6066740318002868
1.6124242072817165
1.6207994628742333
1.6287997070223093
1.6372999664296397
1.6445501876888333
1.6544254890591144
1.6626757408368176
1.6699259620960112
1.6761761528366956
1.6816763206884975
1.686301461836604
1.6880515152439954
1.690301583910642
1.6901765800958282
1.6891765495773186
1.686301461836604
1.6821763359477524
1.6769261757255778
1.6704259773552659
1.6635507675405132
1.6559255348368787
1.6445501876888333
1.635174901577807
1.624924588763085
1.6151742912076175
1.60542399365215
1.594673665578173
1.5846733603930783
1.5740480361339153
1.5645477462080752
1.5549224524674214
1.5447971434675132
1.5312967314676351
1.5174213080233163
1.501170812097537
1.4827952513199256
1.4645446943571276
1.4449190954313793
1.4270435499130223
1.410918057802057
1.4021677907650991
1.4026678060243538
1.4175432599871822
1.4480441908017212
1.4965456709494307
1.562297677541429
1.6449251991332745
1.7439282204657125
1.8563066499832148
1.9716851710562455
2.077813409833064
2.162691000091556
2.218942716757714
2.2425684377575
2.228192999053926
2.170441236610004
2.080438489944151
1.9696851100192265
1.8505564745017853
1.7315528427991578
1.6225495162816248
1.5271716055787836
1.4522943205053866
1.3995427106540117
1.368916776024659
1.3556663716544084
1.3567914059877317
1.3684167607654043
1.387542344431898
1.4106680501724296
1.4364188360240486
1.462044618060854
1.4855453352458265
1.5057959532456433
1.5227964720603047
1.535671864986114
1.54604718161565
1.5549224524674214
1.5629226966154972
1.5702979216895046
1.5770481276894437
1.5839233375041963
1.5920485854670858
1.599173802911466
1.6076740623187964
1.6171743522446362
1.6259246192815942
1.6354249092074344
1.6448001953184606
1.6549255043183693
1.6644257942442091
1.6746761070589313
1.6844264046143986
1.6949267250587483
1.7043020111697744
1.715177343058565
1.7246776329844051
1.734552934354686
1.7440532242805262
1.7526784875026704
1.761553758354442
1.7686789757988222
1.776179204687643
1.7828044068727684
1.7886795861690117
1.7931797235023041
1.7976798608355968
1.8009299600207527
1.8034300363170261
1.805180089724418
1.805180089724418
1.80355504013184
1.8029300210577714
1.8005549485763115
1.7958048036133916
1.7926797082430495
1.7870545365764336
1.7818043763542588
1.7759291970580158
1.7681789605395672
1.7600537125766778
1.752428479873043
1.7424281746879482
1.732677877132481
1.7226775719473861
1.7135522934659873
1.7026769615771966
1.6921766411328472
1.6828013550218206
1.6730510574663533
1.662925748466445
1.6519254127628407
1.6443001800592059
1.6345498825037386
1.6255496078371532
1.6172993560594502
1.6104241462446975
1.60304892117069
1.5970487380596332
1.5917985778374584
1.5874234443189794
1.5835483260597554
1.5807982421338542
1.5786731772820215
1.5779231543931396
1.5785481734672078
1.5799232154301586
1.5824232917264323
1.5862984099856563
1.590423535874508
1.596298715170751
1.6025489059114353
1.6092991119113744
1.6162993255409406
1.6250495925778985
1.633174840540788
1.6416750999481187
1.651050386059145
1.658550614947966
1.6663008514664144
1.673176061281167
1.678676229132969
1.6834263740958892
1.6873014923551135
1.689426557206946
1.6901765800958282
1.6898015686513872
1.6884265266884364
1.6844264046143986
1.6794262520218513
1.6738010803552354
1.6663008514664144
1.657800592059084
1.649425336466567
1.639925046540727
1.630424756614887
1.6206744590594195
1.6089241004669332
1.5994238105410932
1.5894235053559984
1.5791731925412764
1.5689228797265542
1.56029761650441
1.5494222846156194
1.5381719412823878
1.52467152928251
1.5097960753196813
1.492920560319834
1.4736699728385265
1.4546693929868466
1.4361688283944214
1.4186682943205053
1.4046678670613728
1.4001677297280801
1.4084179815057831
1.4304186529129916
1.469919858394116
1.5267965941343424
1.6017988830225531
1.6923016449476609
1.7980548722800378
1.9135583971678822
2.0260618305001987
2.1219397564622944
2.194316965239418
2.233818170720542
2.2419434186834315
2.2041922666096987
2.130815027314066
2.0285619067964724
1.9113083285012362
1.7910546586504716
1.6768011719107638
1.5731730094302194
1.4891704458754236
1.4244184698019349
1.382417188024537
1.360166508987701
1.3540413220618306
1.3612915433210242
1.377167027802362
1.399042695394757
1.4232934354686118
1.4487942136906033
1.473919980468154
1.4959206518753625
1.5145462202826014
1.5295466780602436
1.5406720175786617
1.55079732657857
1.559172582171087
1.5669228186895352
1.5737980285042878
1.5805482345042268
1.5877984557634206
1.5957986999114964
1.603173924985504
1.611799188207648
1.6192994170964692
1.630049745170446
1.639925046540727
1.6496753440961944
1.6595506454664755
1.6683009125034334
1.6796762596514787
1.6895515610217597
1.6991768547624133
1.7096771752067628
1.7196774803918575
1.7288027588732566
1.7388030640583514
1.7488033692434461
1.757178624835963
1.7656788842432936
1.772304086428419
1.7793043000579851
1.784929471724601
1.7910546586504716
1.7979298684652243
1.79880489516892
1.8020549943540758
1.8040550553910948
1.8050550859096042
1.805555101168859
1.8029300210577714
1.8019299905392623
1.798429883724479
1.7946797692800684
1.7914296700949126
1.7853044831690421
1.7788042847987304
1.7719290749839778
1.7641788384655293
1.755553575243385
1.7475533310953093
1.7381780449842832
1.7284277474288157
1.7194274727622303
1.7094271675771355
1.6970517899105808
1.6881765190588092
1.6778012024292734
1.6684259163182469
1.6590506302072208
1.6486753135776848
1.6390500198370312
1.6301747489852596
1.6215494857631152
1.6132992339854122
1.605048982207709
1.5999238258003479
1.5941736503189183
1.5896735129856259
1.5856733909115879
1.5811732535782954
1.5795482039857174
1.5784231696523943
1.5776731467635121
1.578923184911649
1.5804232306894133
1.58404834131901
1.5876734519486069
1.592798608355968
1.599548814355907
1.6052989898373364
1.61254921109653
1.6210494705038605
1.6290497146519365
1.6371749626148258
1.6464252449110386
1.6546754966887418
1.6621757255775629
1.6698009582811977
1.6760511490218817
1.6811763054292428
1.6855514389477217
1.6884265266884364
1.6904265877254554
1.6899265724662007
1.689051545762505
1.6858014465773492
1.6823013397625661
1.6769261757255778
1.6705509811700798
1.662925748466445
1.654550492873928
1.6448001953184606
1.6349248939481797
1.625674611651967
1.6164243293557543
1.6044239631336406
1.5945486617633595
1.584423352763451
1.57454805139317
1.563422711874752
1.5550474562822352
1.5435471053193763
1.5319217505417035
1.5186713461714532
1.501170812097537
1.4839202856532487
1.4645446943571276
1.4455441145054475
1.4272935575426497
1.4106680501724296
1.4005427411725213
1.40254280220954
1.417168248542741
1.4479191869869077
1.495670644245735
1.560672627948851
1.6431751457258827
1.7419281594286935
1.8536815698721276
1.9693100985747856
2.0770633869441815
2.16181597338786
2.2178176824243905
2.241818414868618
2.229068025757622
2.172066286202582
2.083563585314493
1.9724351939451277
1.853181554612873
1.7344279305398724
1.6234245429853207
1.5302967009491257
1.4547943968016601
1.4007927488021485
1.3695417950987274
1.356166386913663
1.3560413830988496
1.3681667531357768
1.387542344431898
1.4101680349131749
1.4357938169499802
1.4612945951719718
1.4849203161717581
1.505545945616016
1.521796441541795
1.5357968688009278
1.5451721549119541
1.5549224524674214
1.5627976928006837
1.5700479140598773
1.5766731162450025
1.5847983642078922
1.5910485549485762
1.598673787652211
1.6076740623187964
1.6164243293557543
1.625299600207526
1.6346748863185523
1.6445501876888333
1.6544254890591144
1.6635507675405132
1.6750511185033723
1.6840513931699574
1.6944267097994934
1.7045520187994019
1.7140523087252417
1.7244276253547777
1.7336779076509903
1.7435532090212715
1.752428479873043
1.7605537278359324
1.7688039796136357
1.775429181798761
1.782554399243141
1.7886795861690117
1.7931797235023041
1.7976798608355968
1.8011799676503801
1.8029300210577714
1.8049300820947904
1.8053050935392316
1.8043050630207222
1.8029300210577714
1.8006799523911254
1.7966798303170874
1.7929297158726767
1.78692953276162
1.7828044068727684
1.7751791741691336
1.7691789910580769
1.7599287087618642
1.752428479873043
1.7429281899472029
1.7333028962065493
1.723552598651082
1.7136772972808008
1.7045520187994019
1.6935516830957975
1.6836763817255165
1.673551072725608
1.6640507827997681
1.653800469985046
1.6440501724295786
1.6347998901333658
1.6255496078371532
1.616924344615009
1.6102991424298836
1.6045489669484543
1.597173741874447
1.5920485854670858
1.5874234443189794
1.5825482955412458
1.5799232154301586
1.5795482039857174
1.5780481582079533
1.5781731620227668
1.5802982268745993
1.5814232612079226
1.585298379467147
1.590423535874508
1.5957986999114964
1.6021738944669943
1.6085490890224923
1.6164243293557543
1.6241745658742028
1.6326748252815333
1.6391750236518448
1.6491753288369395
1.6583006073183386
1.6655508285775322
1.6728010498367258
1.6788012329477828
1.683926389355144
1.6874264961699272
1.6896765648365732
1.6899265724662007
1.691051606799524
1.6879265114291817
1.6854264351329082
1.6800512710959197
1.6739260841700492
1.6669258705404828
1.6584256111331521
1.649425336466567
1.6408000732444226
1.6305497604297006
1.6205494552446058
1.6127992187261575
1.5997988219855341
1.590298532059694
1.579673207800531
1.569422894985809
1.560672627948851
1.549547288430433
1.5385469527268287
1.5250465407269511
1.5106711020233772
1.4952956328012939
1.4746700033570361
1.4565444502090519
1.4374188665425582
1.41916830957976
1.4062929166539506
1.4007927488021485
1.4079179662465284
1.4289186071352276
1.4682948088015382
1.5234214911343729
1.596798730430006
1.6873014923551135
1.7925547044282357
1.9081832331308939
2.019436628315073
2.118189642017884
2.1911918698690758
2.2319431134983367
2.2425684377575
2.206317331461532
2.1350651570177317
2.033812067018647
1.9180585345011751
1.7980548722800378
1.6828013550218206
1.5786731772820215
1.492920560319834
1.4267935422833948
1.38354222235786
1.3622915738395336
1.3562913907284768
1.3602915128025146
1.3762920010986663
1.3976676534318064
1.4210433668019655
1.4491692251350443
1.471919919431135
1.4947956175420394
1.5132961821344646
1.528671651356548
1.5412970366527299
1.550422315134129
1.5584225592822047
1.566172795800653
1.5729230018005922
1.57929819635609
1.587298440504166
1.594673665578173
1.6025489059114353
1.6110491653187657
1.6205494552446058
1.6294247260963775
1.6388000122074038
1.6484253059480574
1.6584256111331521
1.668800927762688
1.6788012329477828
1.6886765343180639
1.6986768395031586
1.7089271523178808
1.7186774498733484
1.7288027588732566
1.7384280526139104
1.747678334910123
1.7561785943174535
1.7646788537247842
1.771429059724723
1.7783042695394757
1.7851794793542284
1.7903046357615895
1.7959298074282053
1.7986798913541064
1.8018049867244483
1.8044300668355358
1.805180089724418
1.8053050935392316
1.8029300210577714
1.8020549943540758
1.7986798913541064
1.7949297769096957
1.7906796472060307
1.785679494613483
1.7794293038727989
1.77267909787286
1.7651788689840389
1.7565536057618945
1.7475533310953093
1.738553056428724
1.7288027588732566
1.719552476577044
1.708802148503067
1.699301858577227
1.6896765648365732
1.6791762443922238
1.669175939207129
1.6586756187627796
1.6486753135776848
1.6401750541703544
1.6314247871333964
1.62204950102237
1.6142992645039216
1.6072990508743554
1.6004238410596028
1.5956736960966826
1.5897985168004394
1.5851733756523332
1.5824232917264323
1.5795482039857174
1.5779231543931396
1.5782981658375803
1.5781731620227668
1.5801732230597858
1.583298318430128
1.5875484481337934
1.5921735892818996
1.5981737723929563
1.6041739555040133
1.612174199652089
1.6195494247260964
1.6277996765037996
1.6365499435407576
1.6449251991332745
1.653800469985046
1.6614257026886807
1.6689259315775018
1.6753011261329998
1.6813013092440567
1.6856764427625355
1.6884265266884364
1.6898015686513872
1.6906765953550829
1.6893015533921325
1.6861764580217904
1.682676351207007
1.6781762138737144
1.671301004058962
1.6636757713553272
1.6553005157628102
1.645925229651784
1.635924924466689
1.626424634540849
1.6164243293557543
1.60542399365215
1.5959237037263099
1.5857983947264016
1.5756730857264931
1.5652977690969574
1.5549224524674214
1.5455471663563953
1.5332967925046541
1.519796380504776
1.504045899838252
1.4867953733939634
1.4674197820978425
1.448169194616535
1.4305436567278056
1.412918118839076
1.4019177831354717
1.401792779320658
1.4144181646168401
1.4431690420239875
1.4882954191717277
1.5514223456526384
1.631674794763024
1.7281777397991884
1.8394311349833674
1.9543096407971434
2.0624379406109803
2.1519406720175787
2.211942503128147
2.2398183538315988
2.233443159276101
2.1820665913876764
2.096438978240303
1.9871856440931426
1.868557023834956
1.7495533921323283
1.6384250007629628
1.5412970366527299
1.4629196447645496
1.4059179052095097
1.3724168828394423
1.3566664021729178
1.356166386913663
1.3661666920987579
1.3846672566911833
1.4074179509872737
1.4322937101351971
1.457669484542375
1.4817952208014162
1.5026708578753014
1.5200463881344035
1.5341718192083498
1.544422132023072
1.553547410504471
1.5616726584673606
1.5689228797265542
1.5757980895413068
1.5831733146153144
1.590423535874508
1.5976737571337016
1.6057990050965911
1.614549272133549
1.6241745658742028
1.633174840540788
1.6428001342814416
1.6529254432813503
1.6624257332071901
1.6724260383922849
1.682676351207007
1.6926766563921019
1.7030519730216378
1.712427259132664
1.724302621539964
1.7328028809472946
1.742553178502762
1.7513034455397198
1.7596787011322368
1.7674289376506853
1.7749291665395062
1.7813043610950041
1.7871795403912474
1.7929297158726767
1.7969298379467147
1.7999299295022433
1.8029300210577714
1.8045550706503495
1.805180089724418
1.805180089724418
1.8030550248725852
1.8010549638355662
1.7974298532059694
1.7936797387615588
1.7886795861690117
1.7830544145023959
1.776679219946898
1.7696790063173315
1.7611787469100009
1.7529284951322976
1.7441782280953397
1.7346779381694999
1.7251776482436598
1.715177343058565
1.704927030243843
1.6950517288735618
1.685051423688467
1.6750511185033723
1.6651758171330913
1.6551755119479965
1.6454252143925292
1.6361749320963164
1.627299661244545
1.618924405652028
1.6116741843928344
1.6037989440595721
1.5981737723929563
1.5930486159855952
1.5882984710226753
1.5841733451338236
1.58167326883755
1.5790481887264625
1.5780481582079533
1.5784231696523943
1.579673207800531
1.5819232764671776
1.5846733603930783
1.5897985168004394
1.594798669392987
1.601048860133671
1.607424054689169
1.6154242988372447
1.6230495315408795
1.631674794763024
1.639925046540727
1.6488003173924985
1.656925565355388
1.66480080568865
1.6719260231330302
1.677926206244087
1.6829263588366346
1.686676473281045
1.689051545762505
1.6899265724662007
1.6901765800958282
1.6888015381328776
1.6858014465773492
1.6809262977996156
1.6753011261329998
1.6683009125034334
1.6601756645405439
1.6516754051332134
1.6421751152073734
1.632424817651906
1.62204950102237
1.6124242072817165
1.6017988830225531
1.5915485702078311
1.5815482650227364
1.5715479598376416
1.5609226355784784
1.5516723532822658
1.5405470137638477
1.5279216284676658
1.5130461745048374
1.4970456862086856
1.478295113986633
1.458794518875698
1.4401689504684592
1.4219183935056612
1.4071679433576463
1.4009177526169623
1.4050428785058138
1.4241684621723076
1.4599195532090212
1.5130461745048374
1.583298318430128
1.671176000244148
1.774304147465438
1.8881826227607044
2.0021861018707847
2.103439191869869
2.1816915799432355
2.2278179876094852
2.2438184759056368
2.216692648091067
2.149065584276864
2.0518126163518176
1.9374341257972962
1.8175554673909728
1.700926908169805
1.5952986846522417
1.505545945616016
1.4361688283944214
1.3890423902096622
1.363791619617298
1.3547913449507127
1.3591664784691917
1.372916898098697
1.393917538987396
1.417168248542741
1.4430440382091738
1.4687948240607929
1.491295510727256
1.5106711020233772
1.5264215826899015
1.5387969603564562
1.5482972502822963
1.5569225135044404
1.5646727500228887
1.5719229712820828
1.5784231696523943
1.5857983947264016
1.5935486312448501
1.60067384868923
1.6099241309854426
1.618924405652028
1.6279246803186131
1.6370499588000123
1.6471752677999205
1.6566755577257606
1.666800866725669
1.6768011719107638
1.687051484725486
1.6969267860957673
1.7075521103549303
1.717552415540025
1.7271777092806788
1.7366779992065189
1.7465533005767997
1.7548035523545031
1.7630538041322064
1.7706790368358412
1.7774292428357799
1.7841794488357188
1.7890545976134526
1.7949297769096957
1.79880489516892
1.801554979094821
1.8040550553910948
1.805180089724418
1.805180089724418
1.8041800592059083
1.8019299905392623
1.7994299142429884
1.7959298074282053
1.7915546739097263
1.7871795403912474
1.780679342020936
1.773804132206183
1.766303903317362
1.7581786553544725
1.7485533616138187
1.740178106021302
1.7308028199102756
1.7209275185399944
1.7110522171697136
1.7015519272438735
1.6908015991698966
1.6809262977996156
1.6703009735404524
1.660925687429426
1.6511753898739585
1.6414250923184912
1.632299813837092
1.6234245429853207
1.6160493179113133
1.6082990813928648
1.6014238715781122
1.5957986999114964
1.5906735435041353
1.586048402356029
1.582923306985687
1.5802982268745993
1.5785481734672078
1.5777981505783258
1.5787981810968352
1.5806732383190405
1.5834233222449416
1.5866734214300973
1.5920485854670858
1.5975487533188881
1.6032989288003174
1.6106741538743248
1.6180493789483323
1.626049623096408
1.6349248939481797
1.6435501571703237
1.6523004242072816
1.6603006683553576
1.6674258857997375
1.6738010803552354
1.6803012787255471
1.685051423688467
1.6875514999847407
1.6895515610217597
1.6906765953550829
1.6898015686513872
1.6876765037995543
1.684301400799585
1.6791762443922238
1.6721760307626576
1.6651758171330913
1.6568005615405743
1.6478002868739892
1.637924985503708
1.6281746879482406
1.6184243903927733
1.6084240852076785
1.5976737571337016
1.5877984557634206
1.5774231391338847
1.567047822504349
1.5580475478377636
1.5477972350230413
1.5354218573564866
1.521796441541795
1.506795983764153
1.4899204687643055
1.4711698965422528
1.451794305246132
1.4329187292092656
1.416043214209418
1.4040428479873044
1.4009177526169623
1.4101680349131749
1.435918820764794
1.4776700949125645
1.5374219183935056
1.614174260689108
1.707677114169744
1.8153053987243264
1.9310589312417983
2.0418123111667223
2.1354401684621727
2.202567217017121
2.2363182470168157
2.239443342387158
2.1960670186468096
2.1168146000549335
2.012311410870693
1.8944328135013888
1.774179143650624
1.6606756797997986
1.5600476088747826
1.478295113986633
1.4162932218390454
1.3779170506912441
1.3589164708395642
1.3552913602099674
1.3630415967284157
1.379667104098636
1.4022927945799126
1.4265435346537676
1.4524193243202002
1.4769200720236824
1.4984207281716362
1.5169212927640614
1.5304217047639395
1.5436721091341898
1.5519223609118933
1.5601726126895963
1.56742283394879
1.5747980590227975
1.580923245948668
1.5886734824671163
1.5957986999114964
1.6041739555040133
1.6112991729483932
1.6227995239112523
1.631174779503769
1.64105008087405
1.6506753746147038
1.6613006988738672
1.6698009582811977
1.6805512863551746
1.6906765953550829
1.7006769005401776
1.710802209540086
1.7223025605029452
1.7304278084658344
1.740178106021302
1.749678395947142
1.7581786553544725
1.7668039185766167
1.7731791131321146
1.780179326761681
1.7860545060579243
1.7914296700949126
1.7959298074282053
1.7998049256874293
1.8025550096133305
1.8044300668355358
1.805180089724418
1.8054300973540451
1.80355504013184
1.8010549638355662
1.7985548875392925
1.7949297769096957
1.7893046052430799
1.7844294564653462
1.7780542619098483
1.7715540635395368
1.7634288155766473
1.7543035370952484
1.7461782891323587
1.7369280068361461
1.7274277169103063
1.7180524307992797
1.7070520950956756
1.697426801355022
1.6875514999847407
1.6776761986144597
1.6675508896145512
1.656550553910947
1.6479252906888027
1.6384250007629628
1.629674733726005
1.6207994628742333
1.6156743064668722
1.6067990356151007
1.599548814355907
1.5940486465041048
1.5894235053559984
1.5850483718375195
1.5831733146153144
1.5794232001709037
1.5780481582079533
1.5779231543931396
1.5794232001709037
1.5799232154301586
1.584423352763451
1.5886734824671163
1.5937986388744774
1.5990487990966522
1.60542399365215
1.613799249244667
1.6211744743186742
1.6297997375408186
1.638299996948149
1.6475502792443617
1.6551755119479965
1.6630507522812585
1.6703009735404524
1.6758011413922544
1.6833013702810755
1.6861764580217904
1.6888015381328776
1.6900515762810144
1.6898015686513872
1.6881765190588092
1.6861764580217904
1.6820513321329387
1.677176183355205
1.669675954466384
1.6600506607257304
1.6531754509109775
1.6440501724295786
1.6341748710592976
1.6244245735038303
1.61492428357799
1.6040489516891996
1.5935486312448501
1.5841733451338236
1.5740480361339153
1.564172734763634
1.5542974333933532
1.5435471053193763
1.530171697134312
1.5176713156529436
1.502045838801233
1.4824202398754844
1.4640446790978727
1.44529410687582
1.4265435346537676
1.410918057802057
1.4004177373577074
1.4027928098391673
1.4179182714316232
1.449294228949858
1.4982957243568225
1.565797784356212
1.6483003021332439
1.7481783501693777
1.8604317758720665
1.9758102969450972
2.080938505203406
2.165691091647084
2.219942747276223
2.2433184606463823
2.2273179723502308
2.1691911984618675
2.0775634022034364
1.9659349955748162
1.84630634479812
1.728302743614002
1.6179243751335184
1.5250465407269511
1.4506692709128086
1.3980426648762476
1.3681667531357768
1.3562913907284768
1.357041413617359
1.3690417798394727
1.3885423749504076
1.4119180883205664
1.4372938627277445
1.4626696371349224
1.4866703695791499
1.506420972319712
1.5230464796899321
1.537671926023133
1.5466722006897184
1.555172460097049
1.563422711874752
1.570172917874691
1.5785481734672078
1.58404834131901
1.5916735740226449
1.5994238105410932
1.6077990661336101
1.6167993408001955
1.6257996154667806
1.6352999053926207
1.6453002105777155
1.6550505081331828
1.664925809503464
1.6746761070589313
1.6849264198736535
1.6945517136143071
1.7053020416882838
1.7150523392437513
1.7246776329844051
1.734552934354686
1.7434282052064578
1.7530534989471116
1.7610537430951874
1.7693039948728904
1.7760542008728295
1.7821793877986998
1.7883045747245705
1.7938047425763726
1.7991799066133611
1.800804956205939
1.80355504013184
1.8050550859096042
1.8043050630207222
1.8040550553910948
1.802805017242958
1.8001799371318705
1.7969298379467147
1.7919296853541673
1.7874295480208746
1.7818043763542588
1.7749291665395062
1.76792895290994
1.7596787011322368
1.7519284646137883
1.742178167058321
1.7321778618732262
1.7231775872066408
1.7138023010956145
1.7031769768364513
1.6929266640217293
1.6828013550218206
1.6726760460219123
1.6626757408368176
1.653425458540605
1.6433001495406965
1.6340498672444839
1.624924588763085
1.6171743522446362
1.609799127170629
1.6027989135410627
1.597173741874447
1.5920485854670858
1.5871734366893522
1.5824232917264323
1.580923245948668
1.5785481734672078
1.5777981505783258
1.5785481734672078
1.5795482039857174
1.582923306985687
1.5859233985412151
1.5910485549485762
1.596298715170751
1.6015488753929257
1.609424115726188
1.6170493484298227
1.624924588763085
1.6334248481704154
1.6420501113925596
1.6505503707998903
1.6584256111331521
1.6665508590960418
1.673551072725608
1.6789262367625966
1.6841763969847714
1.6875514999847407
1.689051545762505
1.6906765953550829
1.689426557206946
1.689051545762505
1.6844264046143986
1.679551255836665
1.673551072725608
1.6656758323923462
1.6579255958738974
1.6488003173924985
1.6393000274666587
1.6297997375408186
1.6194244209112827
1.61017413861507
1.5992988067262794
1.5892985015411847
1.5790481887264625
1.5690478835413677
1.5587975707266457
1.5496722922452468
1.5375469222083193
1.5240465102084415
1.509171056245613
1.4926705526902067
1.4734199652088993
1.4542943815424054
1.4354188055055392
1.418043275246437
1.404542863246559
1.4001677297280801
1.4084179815057831
1.4316686910611285
1.4720449232459487
1.5284216437269205
1.6047989745780817
1.6965517746513261
1.8029300210577714
1.9179335306863612
2.031311990722373
2.1269399090548418
2.1968170415356916
2.2344431897946104
2.2410683919797356
2.2024422132023074
2.126439893795587
2.0231867427594836
1.9063081759086886
1.785679494613483
1.6715510116885892
1.5691728873561817
1.4851703238013856
1.4210433668019655
1.380417126987518
1.3596664937284464
1.3549163487655262
1.3619165623950926
1.3785420697653128
1.4001677297280801
1.4249184850611898
1.449794244209113
1.4744199957274087
1.4966706747642446
1.5154212469862973
1.5297966856898708
1.5419220557267983
1.5510473342081972
1.5596725974303416
1.5665478072450942
1.5737980285042878
1.5811732535782954
1.587923459578234
1.5954236884670552
1.6035489364299447
1.6126742149113438
1.6215494857631152
1.6306747642445143
1.640300057985168
1.6501753593554491
1.6596756492812892
1.6698009582811977
1.6801762749107334
1.6899265724662007
1.7003018890957367
1.7099271828363902
1.719927488021485
1.7300527970213935
1.7396780907620473
1.7485533616138187
1.757178624835963
1.7654288766136663
1.7729291055024872
1.7799293191320538
1.7853044831690421
1.7915546739097263
1.7970548417615282
1.7993049104281746
1.803180028687399
1.8040550553910948
1.8053050935392316
1.8045550706503495
1.8040550553910948
1.8014299752800074
1.7979298684652243
1.7938047425763726
1.7905546433912167
1.784929471724601
1.778179265724662
1.7716790673543503
1.7636788232062746
1.755178563798944
1.7468033082064272
1.7380530411694692
1.7273027130954923
1.7185524460585346
1.7083021332438124
1.697801812799463
1.6873014923551135
1.6778012024292734
1.6670508743552965
1.6574255806146427
1.6476752830591754
1.638299996948149
1.629299722281564
1.6205494552446058
1.6131742301705987
1.6062990203558458
1.599548814355907
1.594673665578173
1.5896735129856259
1.5847983642078922
1.58167326883755
1.57929819635609
1.5779231543931396
1.5779231543931396
1.578923184911649
1.5805482345042268
1.58404834131901
1.5889234900967437
1.5934236274300364
1.5996738181707206
1.6056740012817774
1.6136742454298534
1.6215494857631152
1.629674733726005
1.6390500198370312
1.6469252601702933
1.6550505081331828
1.6630507522812585
1.6703009735404524
1.6763011566515091
1.6814263130588702
1.6854264351329082
1.6884265266884364
1.6904265877254554
1.690301583910642
1.689426557206946
1.6864264656514176
1.6821763359477524
1.6766761680959503
1.6699259620960112
1.6619257179479354
1.6533004547257912
1.6441751762443924
1.634299874874111
1.6245495773186438
1.6146742759483628
1.6045489669484543
1.5939236426892909
1.5839233375041963
1.5734230170598467
1.5635477156895659
1.5541724295785393
1.5429220862453077
1.530546708578753
1.5164212775048067
1.5006707968382824
1.4819202246162297
1.4632946562089908
1.4445440839869381
1.4257935117648854
1.4099180272835474
1.4015427716910305
1.4032928250984222
1.4189183019501328
1.4511692861720633
1.5002957853938415
1.5676728415784174
1.6519254127628407
1.7516784569841608
1.864931913205359
1.9804354380932034
2.084563615833003
2.168316171758171
2.2214427930539875
2.243443464461196
2.225442915128025
2.165316080202643
2.0729382610553304
1.9609348429822688
1.8413061922055727
1.7225525681325726
1.6140492568742943
1.5210464186529131
1.4475441755424665
1.3961676076540421
1.3670417188024537
1.3551663563951537
1.3575414288766137
1.3700418103579821
1.3894174016541032
1.4131681264687033
1.4386689046906949
1.4640446790978727
1.4871703848384046
1.5072959990234076
1.523796502578814
1.5362968840601827
1.5470472121341592
1.555922482985931
1.5644227423932615
1.5706729331339457
1.5772981353190711
1.5845483565782648
1.5920485854670858
1.5990487990966522
1.608174077578051
1.6175493636890774
1.6261746269112216
1.635924924466689
1.6455502182073427
1.6556755272072514
1.6654258247627187
1.6753011261329998
1.686301461836604
1.695426740318003
1.705677053132725
1.7160523697622607
1.7258026673177282
1.7355529648731955
1.7448032471694084
1.7538035218359938
1.761553758354442
1.7696790063173315
1.7768042237617114
1.782929410687582
1.788929593798639
1.7948047730948822
1.7981798760948515
1.8010549638355662
1.8044300668355358
1.804805078279977
1.8044300668355358
1.8041800592059083
1.8030550248725852
1.7998049256874293
1.7956797997985778
1.7935547349467453
1.7871795403912474
1.7815543687246316
1.7745541550950652
1.7673039338358714
1.759178685872982
1.750053407391583
1.741303140354625
1.7318028504287852
1.7221775566881314
1.712427259132664
1.702176946317942
1.6921766411328472
1.681926328318125
1.6714260078737755
1.6613006988738672
1.6526754356517228
1.6425501266518143
1.633174840540788
1.6245495773186438
1.616924344615009
1.6092991119113744
1.6025489059114353
1.596298715170751
1.591923581652272
1.5866734214300973
1.5831733146153144
1.5804232306894133
1.5780481582079533
1.5779231543931396
1.5776731467635121
1.5804232306894133
1.5827983031708732
1.5865484176152838
1.5914235663930174
1.5965487228003785
1.603173924985504
1.6100491348002564
1.6180493789483323
1.6259246192815942
1.6341748710592976
1.643050141911069
1.651425397503586
1.659800653096103
1.666800866725669
1.6741760917996766
1.6798012634662924
1.6841763969847714
1.6873014923551135
1.6901765800958282
1.690301583910642
1.6899265724662007
1.6878015076143682
1.684676412244026
1.6790512405774103
1.6729260536515398
1.6655508285775322
1.6571755729850153
1.6488003173924985
1.6380499893185219
1.6286747032074953
1.6184243903927733
1.6085490890224923
1.5981737723929563
1.5885484786523028
1.5779231543931396
1.567797845393231
1.5581725516525773
1.5482972502822963
1.5362968840601827
1.5229214758751182
1.507546006653035
1.4904204840235602
1.4716699118015075
1.452919339579455
1.433043733024079
1.4162932218390454
1.4041678518021181
1.401042756431776
1.4099180272835474
1.4352938016907255
1.477045075838496
1.5362968840601827
1.6122992034669026
1.7059270607623525
1.813805352946562
1.9293088778344067
2.03968724631489
2.134565141758477
2.201817194128239
2.2366932584612567
2.2391933347575304
2.196942045350505
2.117439619129002
2.012811426129948
1.895057832575457
1.7751791741691336
1.6613006988738672
1.5615476546525469
1.4786701254310741
1.4165432294686728
1.3770420239875485
1.3585414593951233
1.3551663563951537
1.363791619617298
1.379667104098636
1.4021677907650991
1.4269185460982088
1.4520443128757592
1.4769200720236824
1.4986707358012636
1.5167962889492477
1.5317967467268898
1.5425470748008667
1.5519223609118933
1.5609226355784784
1.56742283394879
1.5739230323191016
1.581298257393109
1.5885484786523028
1.5957986999114964
1.6044239631336406
1.6122992034669026
1.6224245124668113
1.6314247871333964
1.640675069429609
1.6506753746147038
1.6614257026886807
1.6704259773552659
1.6804262825403606
1.6904265877254554
1.700926908169805
1.7106772057252724
1.7210525223548083
1.7309278237250891
1.7411781365398113
1.7494283883175148
1.757178624835963
1.7653038727988526
1.7735541245765558
1.7808043458357494
1.7858044984282968
1.79167967772454
1.7959298074282053
1.7999299295022433
1.80355504013184
1.8041800592059083
1.805180089724418
1.8044300668355358
1.8036800439466536
1.8013049714651936
1.7979298684652243
1.7945547654652547
1.7904296395764032
1.7840544450209053
1.7779292580950348
1.7710540482802821
1.7629288003173924
1.7550535599841306
1.7459282815027315
1.7366779992065189
1.727052705465865
1.7170524002807703
1.7068020874660481
1.6970517899105808
1.6868014770958586
1.6770511795403913
1.666800866725669
1.6560505386516924
1.6469252601702933
1.6380499893185219
1.629299722281564
1.6205494552446058
1.61254921109653
1.6055489974669637
1.599173802911466
1.5937986388744774
1.5885484786523028
1.5847983642078922
1.5815482650227364
1.57929819635609
1.5776731467635121
1.5781731620227668
1.5799232154301586
1.58167326883755
1.5845483565782648
1.5890484939115572
1.5935486312448501
1.599173802911466
1.6064240241706595
1.6140492568742943
1.6211744743186742
1.630049745170446
1.6388000122074038
1.6464252449110386
1.6559255348368787
1.663300759910886
1.6703009735404524
1.6768011719107638
1.6825513473921934
1.685926450392163
1.6886765343180639
1.6901765800958282
1.6906765953550829
1.6891765495773186
1.6860514542069764
1.6818013245033114
1.6759261452070682
1.669300943021943
1.6610506912442398
1.6528004394665363
1.6436751609851377
1.633674855800043
1.6239245582445754
1.6132992339854122
1.60304892117069
1.592423596911527
1.5831733146153144
1.5741730399487288
1.5629226966154972
1.5534224066896571
1.5425470748008667
1.5302967009491257
1.515921262245552
1.4991707510605183
1.4811702017273476
1.4622946256904814
1.4430440382091738
1.4242934659871211
1.4087929929502243
1.401042756431776
1.4036678365428634
1.420043336283456
1.452919339579455
1.5035458845789973
1.5716729636524553
1.6560505386516924
1.756428601947081
1.8696820581682791
1.9846855677968689
2.0881887264626
2.1714412671285133
2.222817835016938
2.2435684682760093
2.2233178502761928
2.162315988647115
2.0688131351664785
1.9558096865749077
1.8363060396130253
1.7180524307992797
1.6104241462446975
1.518296334727012
1.44529410687582
1.394667561876278
1.3670417188024537
1.3547913449507127
1.3575414288766137
1.3705418256172368
1.3900424207281719
1.4136681417279582
1.4392939237647635
1.4647947019867549
1.4876704000976593
1.507546006653035
1.5240465102084415
1.5375469222083193
1.5471722159489731
1.5562974944303722
1.5639227271340068
1.5710479445783867
1.5777981505783258
1.5845483565782648
1.5917985778374584
1.6000488296151616
1.608174077578051
1.6176743675038912
1.626049623096408
1.6361749320963164
1.6454252143925292
1.6555505233924375
1.6654258247627187
1.675676137577441
1.6854264351329082
1.6956767479476302
1.706052064577166
1.7163023773918882
1.7254276558732873
1.735427961058382
1.7448032471694084
1.7538035218359938
1.7614287545396283
1.7694289986877043
1.7763042085024567
1.7831794183172094
1.788929593798639
1.7931797235023041
1.7981798760948515
1.8010549638355662
1.8041800592059083
1.8050550859096042
1.804805078279977
1.8043050630207222
1.8023050019837032
1.799554918057802
1.796054811243019
1.7923046967986085
1.7874295480208746
1.7815543687246316
1.7751791741691336
1.7671789300210579
1.759178685872982
1.7509284340952787
1.741678151799066
1.7313028351695303
1.7223025605029452
1.7121772515030367
1.7035519882808923
1.6920516373180334
1.6823013397625661
1.6719260231330302
1.6616757103183082
1.6520504165776544
1.642675130466628
1.6332998443556017
1.6245495773186438
1.6164243293557543
1.6100491348002564
1.602673909726249
1.5970487380596332
1.590798547318949
1.5867984252449112
1.5827983031708732
1.5804232306894133
1.5785481734672078
