1.7854294869838556
1.7868045289468062
1.7866795251319927
1.7860545060579243
1.7835544297616506
1.7798043153172398
1.775804193243202
1.769929013946959
1.7638038270210883
1.7578036439100315
1.7486783654286326
1.7403031098361157
1.730302804651021
1.7208025147251809
1.7114272286141545
1.7010519119846188
1.6911766106143375
1.6820513321329387
1.673176061281167
1.6644257942442091
1.6568005615405743
1.6501753593554491
1.6448001953184606
1.6393000274666587
1.6356749168370617
1.6330498367259743
1.6321748100222786
1.6325498214667196
1.635174901577807
1.637549974059267
1.6413000885036775
1.6466752525406658
1.651425397503586
1.6560505386516924
1.6626757408368176
1.666800866725669
1.6719260231330302
1.6764261604663229
1.6801762749107334
1.683051362651448
1.6838013855403302
1.6836763817255165
1.6809262977996156
1.6773011871700187
1.671301004058962
1.6645507980590228
1.6563005462813196
1.6471752677999205
1.6377999816888944
1.6266746421704763
1.6160493179113133
1.6046739707632678
1.592298593096713
1.5801732230597858
1.5666728110599077
1.5534224066896571
1.540046998504593
1.5244215216528825
1.5065459761345255
1.4861703543198952
1.4632946562089908
1.4400439466536454
1.4177932676168097
1.4004177373577074
1.3909174474318675
1.3955425885799737
1.416043214209418
1.459169530320139
1.5262965788750877
1.6154242988372447
1.7248026367992186
1.8473063753166297
1.9761853083895384
2.092063844721824
2.17844148075808
2.2216928006836145
2.22019275490585
2.1686911832026126
2.0728132572405165
1.949809503463851
1.8155554063539538
1.685051423688467
1.568172856837672
1.4729199499496444
1.4026678060243538
1.3584164555803095
1.338040833765679
1.3386658528397473
1.3555413678395947
1.3812921536912137
1.4106680501724296
1.4416689962462232
1.4709198889126254
1.4961706595049897
1.5156712546159246
1.532546769615772
1.5456721701712088
1.5564224982451857
1.5664228034302805
1.5760480971709343
1.5849233680227057
1.5937986388744774
1.6047989745780817
1.6152992950224312
1.6259246192815942
1.636674947355571
1.6479252906888027
1.6593006378368482
1.6709259926145208
1.6810513016144293
1.6939266945402387
1.704927030243843
1.715552354503006
1.7265526902066104
1.735302957243568
1.7451782586138493
1.7538035218359938
1.7606787316507462
1.76792895290994
1.7740541398358105
1.7791792962431716
1.782554399243141
1.7853044831690421
1.7866795251319927
1.7860545060579243
1.7864295175023652
1.7834294259468366
1.7798043153172398
1.775429181798761
1.7704290292062137
1.7629288003173924
1.756428601947081
1.7486783654286326
1.7400531022064882
1.7308028199102756
1.7210525223548083
1.7110522171697136
1.700926908169805
1.6911766106143375
1.6814263130588702
1.6733010650959808
1.6645507980590228
1.656925565355388
1.6501753593554491
1.644675191503647
1.6389250160222175
1.6354249092074344
1.6334248481704154
1.632299813837092
1.6325498214667196
1.6360499282815029
1.6377999816888944
1.6416750999481187
1.6469252601702933
1.651050386059145
1.656925565355388
1.6619257179479354
1.666800866725669
1.671676015503403
1.6761761528366956
1.6793012482070377
1.682676351207007
1.684301400799585
1.683051362651448
1.6811763054292428
1.6770511795403913
1.671176000244148
1.6641757866145819
1.6563005462813196
1.6465502487258523
1.6370499588000123
1.6266746421704763
1.6152992950224312
1.6042989593188268
1.5920485854670858
1.57929819635609
1.567047822504349
1.55317239906003
1.5386719565416427
1.524171514023255
1.5066709799493394
1.4850453199865719
1.4626696371349224
1.4392939237647635
1.417293252357555
1.3996677144688254
1.3915424665059357
1.3955425885799737
1.4169182409131138
1.4599195532090212
1.5287966551713614
1.6190494094668417
1.7284277474288157
1.8519315164647359
1.98031043427839
2.0960639667958616
2.1809415570543536
2.2225678273873104
2.219317728202155
2.165691091647084
2.067813104647969
1.9450593585009308
1.8100552385021516
1.679926267281106
1.5651727652821437
1.4696698507644885
1.4005427411725213
1.3564163945432905
1.3370408032471695
1.3389158604693747
1.3560413830988496
1.3811671498764
1.4125431073946348
1.443794061098056
1.4720449232459487
1.4964206671346172
1.5167962889492477
1.5330467848750269
1.5461721854304635
1.5569225135044404
1.5667978148747217
1.5767981200598165
1.5856733909115879
1.5949236732078005
1.6051739860225227
1.6154242988372447
1.626049623096408
1.6371749626148258
1.6483003021332439
1.6599256569109164
1.6710509964293345
1.6829263588366346
1.6946767174291208
1.7051770378734703
1.7161773735770747
1.7260526749473555
1.7359279763176367
1.7451782586138493
1.7539285256508073
1.7613037507248146
1.7680539567247535
1.7745541550950652
1.7790542924283579
1.782554399243141
1.7853044831690421
1.7868045289468062
1.7864295175023652
1.7851794793542284
1.7830544145023959
1.7796793115024263
1.7751791741691336
1.7700540177617725
1.7630538041322064
1.7561785943174535
1.7484283577990052
1.739803094576861
1.731052827539903
1.7206775109103671
1.7106772057252724
1.7008019043549913
1.6909266029847103
1.6813013092440567
1.6726760460219123
1.6643007904293954
1.6566755577257606
1.6499253517258217
1.643925168614765
1.6389250160222175
1.635174901577807
1.6329248329111608
1.632424817651906
1.6329248329111608
1.6350498977629933
1.6380499893185219
1.6418001037629322
1.6465502487258523
1.6521754203924681
1.6568005615405743
1.6619257179479354
1.667300881984924
1.6718010193182167
1.6770511795403913
1.679926267281106
1.6828013550218206
1.6844264046143986
1.6836763817255165
1.6809262977996156
1.6768011719107638
1.671676015503403
1.6638007751701407
1.6556755272072514
1.6463002410962249
1.6371749626148258
1.626424634540849
1.6152992950224312
1.6042989593188268
1.5916735740226449
1.5794232001709037
1.566297799615467
1.5529223914304024
1.5386719565416427
1.5240465102084415
1.5059209570604573
1.4844203009125034
1.462419629505295
1.4391689199499496
1.4166682332834866
1.3997927182836392
1.3912924588763085
1.3957925962096012
1.4181682790612506
1.4619196142460402
1.5299216895046848
1.6201744438001648
1.730302804651021
1.8544315927610096
1.9824354991302224
2.0974390087588124
2.1816915799432355
2.2225678273873104
2.218317697683645
2.1645660573137606
2.0665630664998322
1.9419342631305887
1.807805169835505
1.6778012024292734
1.5625476851710562
1.468419812616352
1.3999177220984527
1.357041413617359
1.3370408032471695
1.3392908719138157
1.3551663563951537
1.3819171727652821
1.4122930997650074
1.4440440687276832
1.4721699270607624
1.4967956785790582
1.5164212775048067
1.5330467848750269
1.5461721854304635
1.5572975249488816
1.567047822504349
1.5770481276894437
1.58642341380047
1.5955486922818691
1.6051739860225227
1.6159243140964994
1.6259246192815942
1.6370499588000123
1.6488003173924985
1.6595506454664755
1.6709259926145208
1.6836763817255165
1.6944267097994934
1.705677053132725
1.716427381206702
1.7266776940214241
1.7361779839472642
1.7454282662434768
1.7543035370952484
1.7614287545396283
1.768303964354381
1.773804132206183
1.7789292886135442
1.782554399243141
1.785679494613483
1.7864295175023652
1.7866795251319927
1.7855544907986696
1.7831794183172094
1.7791792962431716
1.7751791741691336
1.7701790215765862
1.7641788384655293
1.7560535905026398
1.7481783501693777
1.7395530869472335
1.7301778008362072
1.7209275185399944
1.7103021942808314
1.700551896725364
1.6908015991698966
1.6818013245033114
1.6726760460219123
1.6643007904293954
1.656550553910947
1.6498003479110082
1.6435501571703237
1.6390500198370312
1.6350498977629933
1.6329248329111608
1.632299813837092
1.6329248329111608
1.6350498977629933
1.6380499893185219
1.6425501266518143
1.6471752677999205
1.6519254127628407
1.6563005462813196
1.6619257179479354
1.667300881984924
1.6724260383922849
1.6765511642811366
1.6805512863551746
1.6823013397625661
1.6838013855403302
1.6833013702810755
1.6814263130588702
1.6761761528366956
1.6710509964293345
1.6640507827997681
1.6553005157628102
1.6465502487258523
1.6371749626148258
1.6259246192815942
1.6154242988372447
1.6041739555040133
1.5916735740226449
1.57929819635609
1.5666728110599077
1.5524223761711478
1.5382969450972015
1.5227964720603047
1.505545945616016
1.484670308542131
1.4612945951719718
1.438293893246254
1.4162932218390454
1.3991676992095705
1.3912924588763085
1.3965426190984833
1.4190433057649465
1.4625446333201089
1.5317967467268898
1.623299539170507
1.733427900021363
1.8571816766869107
1.9856855983153783
2.1000640888698996
2.183066621906186
2.223067842646565
2.2176926786095765
2.162691000091556
2.0643129978331856
1.9389341715750603
1.805180089724418
1.6754261299478135
1.559922605059969
1.4666697592089604
1.3984176763206884
1.3556663716544084
1.3366657918027283
1.338790856654561
1.3566664021729178
1.3826671956541643
1.412918118839076
1.4440440687276832
1.4727949461348309
1.4971706900234993
1.5174213080233163
1.5339218115787225
1.5465471968749047
1.5580475478377636
1.56742283394879
1.5767981200598165
1.5859233985412151
1.5952986846522417
1.6051739860225227
1.6156743064668722
1.626424634540849
1.6376749778740807
1.6485503097628713
1.6603006683553576
1.6706759849848933
1.6833013702810755
1.6950517288735618
1.7054270455030978
1.7166773888363294
1.7271777092806788
1.7359279763176367
1.7459282815027315
1.754053529465621
1.7613037507248146
1.76792895290994
1.774304147465438
1.7791792962431716
1.7826794030579547
1.785679494613483
1.786554521317179
1.7861795098727378
1.7853044831690421
1.7833044221320231
1.7795543076876126
1.7749291665395062
1.7696790063173315
1.7633038117618336
1.755553575243385
1.7475533310953093
1.7395530869472335
1.7299277932065797
1.7205525070955536
1.7105522019104589
1.7003018890957367
1.6904265877254554
1.6814263130588702
1.6724260383922849
1.6636757713553272
1.656550553910947
1.6499253517258217
1.6438001647999512
1.6391750236518448
1.635174901577807
1.6330498367259743
1.6320498062074649
1.6330498367259743
1.6350498977629933
1.6380499893185219
1.6420501113925596
1.6469252601702933
1.6520504165776544
1.656925565355388
1.6625507370220038
1.6675508896145512
1.6728010498367258
1.6766761680959503
1.6805512863551746
1.6828013550218206
1.6835513779107028
1.6834263740958892
1.6810513016144293
1.6770511795403913
1.670800988799707
1.663300759910886
1.6551755119479965
1.6461752372814111
1.6367999511703848
1.6265496383556628
1.61492428357799
1.6034239326151312
1.5912985625782037
1.5784231696523943
1.5656727805413984
1.5520473647267068
1.5377969298379466
1.5230464796899321
1.5059209570604573
1.4840452894680625
1.4614195989867855
1.4380438856166264
1.4155431989501632
1.3987926877651295
1.3909174474318675
1.397042634357738
1.4190433057649465
1.4647947019867549
1.5339218115787225
1.6259246192815942
1.7359279763176367
1.8606817835016938
1.988560686056093
2.1024391613513593
2.184816675313578
2.2233178502761928
2.2176926786095765
2.1601909237952817
2.0618129215369123
1.936309091463973
1.8025550096133305
1.6723010345774711
1.5576725363933226
1.464419690542314
1.3965426190984833
1.3549163487655262
1.337290810876797
1.3397908871730704
1.3571664174321727
1.383167210913419
1.4136681417279582
1.4449190954313793
1.4734199652088993
1.4979207129123815
1.5175463118381298
1.533671803949095
1.5462971892452775
1.557797540208136
1.5675478377636038
1.5776731467635121
1.5861734061708426
1.5957986999114964
1.6056740012817774
1.6160493179113133
1.6255496078371532
1.637924985503708
1.6489253212073123
1.6601756645405439
1.6718010193182167
1.6835513779107028
1.6948017212439344
1.706052064577166
1.7170524002807703
1.7269277016510514
1.7370530106509599
1.7458032776879178
1.754428540910062
1.761553758354442
1.7681789605395672
1.773804132206183
1.7791792962431716
1.782554399243141
1.785679494613483
1.7866795251319927
1.7868045289468062
1.7859295022431105
1.782929410687582
1.7795543076876126
1.7749291665395062
1.769929013946959
1.7631788079470199
1.7556785790581988
1.7479283425397505
1.739303079317606
1.7300527970213935
1.7194274727622303
1.710427198095645
1.7003018890957367
1.6905515915402693
1.680676290169988
1.6718010193182167
1.6636757713553272
1.6556755272072514
1.6488003173924985
1.6435501571703237
1.6381749931333354
1.6349248939481797
1.6329248329111608
1.6326748252815333
1.633174840540788
1.6350498977629933
1.6380499893185219
1.6424251228370008
1.6466752525406658
1.651800408948027
1.6568005615405743
1.6621757255775629
1.668050904873806
1.6721760307626576
1.6766761680959503
1.6800512710959197
1.6828013550218206
1.683926389355144
1.6835513779107028
1.6811763054292428
1.6766761680959503
1.670800988799707
1.6641757866145819
1.6541754814294871
1.6463002410962249
1.635924924466689
1.625674611651967
1.6144242683187355
1.603173924985504
1.590798547318949
1.5784231696523943
1.5652977690969574
1.551547349467452
1.5372969145786919
1.5220464491714225
1.504045899838252
1.4835452742088078
1.460419568468276
1.437043855098117
1.4154181951353497
1.3987926877651295
1.3912924588763085
1.3964176152836694
1.4202933439130834
1.466419751579333
1.5354218573564866
1.6281746879482406
1.7391780755027926
1.8639318826868496
1.9920607928708762
2.105314249092074
2.1865667287209694
2.2240678731650747
2.2161926328318122
2.158190862758263
2.05868782616657
1.9329339884640035
1.798429883724479
1.669175939207129
1.555172460097049
1.4636696676534318
1.3957925962096012
1.3541663258766443
1.3365407879879148
1.3395408795434431
1.3575414288766137
1.3849172643208107
1.4144181646168401
1.4460441297647022
1.4741699880977814
1.4986707358012636
1.5184213385418257
1.5342968230231637
1.5472972197637866
1.55792254402295
1.568172856837672
1.5771731315042574
1.5869234290597247
1.5955486922818691
1.6056740012817774
1.6160493179113133
1.6269246498001038
1.638299996948149
1.649050325022126
1.6603006683553576
1.671676015503403
1.6840513931699574
1.6950517288735618
1.7063020722067934
1.7176774193548388
1.7275527207251198
1.7375530259102145
1.7458032776879178
1.7546785485396894
1.761928769798883
1.7684289681691947
1.7744291512802515
1.7790542924283579
1.7828044068727684
1.7859295022431105
1.7863045136875517
1.7864295175023652
1.7850544755394149
1.7831794183172094
1.7794293038727989
1.7750541703543201
1.7695540025025178
1.7634288155766473
1.7559285866878263
1.7478033387249368
1.7391780755027926
1.7298027893917662
1.719927488021485
1.7099271828363902
1.6999268776512955
1.6908015991698966
1.6811763054292428
1.6720510269478437
1.6635507675405132
1.6563005462813196
1.649050325022126
1.6431751457258827
1.6385500045777766
1.6350498977629933
1.632424817651906
1.632299813837092
1.6329248329111608
1.6350498977629933
1.637924985503708
1.6423001190221869
1.6468002563554796
1.651800408948027
1.6571755729850153
1.6625507370220038
1.667675893429365
1.6724260383922849
1.6770511795403913
1.6803012787255471
1.682676351207007
1.684301400799585
1.6831763664662618
1.6810513016144293
1.6761761528366956
1.6701759697256386
1.663300759910886
1.6549255043183693
1.6461752372814111
1.635924924466689
1.6255496078371532
1.6147992797631765
1.6032989288003174
1.5906735435041353
1.5784231696523943
1.5651727652821437
1.5521723685415205
1.5372969145786919
1.5227964720603047
1.5042959074678794
1.4839202856532487
1.4610445875423446
1.4377938779869992
1.4156682027649772
1.3985426801355023
1.3911674550614948
1.3964176152836694
1.419668324839015
1.4642946867275002
1.5341718192083498
1.6255496078371532
1.7363029877620777
1.8604317758720665
1.988560686056093
2.1023141575365463
2.184816675313578
2.223942869350261
2.2174426709799495
2.160940946684164
2.0618129215369123
1.936309091463973
1.802805017242958
1.6741760917996766
1.5575475325785089
1.4646696981719414
1.3972926419873655
1.3552913602099674
1.3370408032471695
1.3397908871730704
1.3565413983581043
1.383167210913419
1.4131681264687033
1.4444190801721244
1.4731699575792718
1.4975457014679403
1.5180463270973845
1.5332967925046541
1.546422193060091
1.5581725516525773
1.568172856837672
1.5770481276894437
1.5856733909115879
1.5956736960966826
1.605048982207709
1.6155493026520584
1.6270496536149175
1.6376749778740807
1.6486753135776848
1.6603006683553576
1.6714260078737755
1.6833013702810755
1.6949267250587483
1.7059270607623525
1.7168023926511429
1.7269277016510514
1.7369280068361461
1.7458032776879178
1.754053529465621
1.761553758354442
1.7684289681691947
1.7748041627246927
1.7791792962431716
1.7826794030579547
1.7851794793542284
1.78692953276162
1.786554521317179
1.7854294869838556
1.7831794183172094
1.7794293038727989
1.7753041779839474
1.7694289986877043
1.7634288155766473
1.755553575243385
1.7483033539841915
1.73942808313242
1.7299277932065797
1.7203024994659262
1.7101771904660177
1.7000518814661092
1.6905515915402693
1.6813013092440567
1.6721760307626576
1.6636757713553272
1.6559255348368787
1.6496753440961944
1.6436751609851377
1.6389250160222175
1.635174901577807
1.6325498214667196
1.6317997985778374
1.6334248481704154
1.635174901577807
1.6381749931333354
1.641925107577746
1.6468002563554796
1.6519254127628407
1.656550553910947
1.6623007293923764
1.668050904873806
1.6723010345774711
1.6765511642811366
1.6801762749107334
1.6824263435773796
1.6851764275032808
1.6833013702810755
1.6814263130588702
1.6759261452070682
1.6710509964293345
1.6636757713553272
1.655425519577624
1.6464252449110386
1.6377999816888944
1.626049623096408
1.6154242988372447
1.6040489516891996
1.5911735587633902
1.5787981810968352
1.5655477767265848
1.5524223761711478
1.5384219489120152
1.5234214911343729
1.505545945616016
1.4849203161717581
1.4619196142460402
1.4381688894314402
1.4161682180242319
1.3986676839503158
1.3916674703207497
1.3960426038392286
1.4182932828760644
1.4632946562089908
1.5312967314676351
1.6222995086519973
1.7328028809472946
1.8564316537980285
1.9850605792413099
2.1000640888698996
2.182441602832118
2.222817835016938
2.2179426862392044
2.1634410229804373
2.063812982573931
1.9399342020935697
1.805555101168859
1.6759261452070682
1.5604226203192237
1.4667947630237739
1.3984176763206884
1.3557913754692221
1.336415784173101
1.3397908871730704
1.3562913907284768
1.3827921994689778
1.412793115024262
1.4440440687276832
1.4725449385052034
1.4971706900234993
1.5175463118381298
1.5335468001342816
1.546422193060091
1.5576725363933226
1.5676728415784174
1.5762981048005615
1.5857983947264016
1.5960487075411238
1.60542399365215
1.6150492873928037
1.6259246192815942
1.6376749778740807
1.6483003021332439
1.660550675984985
1.671676015503403
1.6838013855403302
1.6944267097994934
1.7055520493179113
1.7161773735770747
1.7265526902066104
1.7363029877620777
1.746053285317545
1.7541785332804345
1.7613037507248146
1.768303964354381
1.7745541550950652
1.7789292886135442
1.7826794030579547
1.7851794793542284
1.7864295175023652
1.7866795251319927
1.7855544907986696
1.7834294259468366
1.7794293038727989
1.774304147465438
1.7703040253914
1.7643038422803432
1.7559285866878263
1.748053346354564
1.739303079317606
1.730677816095462
1.7201774956511124
1.7105522019104589
1.7006769005401776
1.6905515915402693
1.6814263130588702
1.6728010498367258
1.66480080568865
1.6579255958738974
1.6498003479110082
1.6436751609851377
1.6388000122074038
1.6356749168370617
1.6329248329111608
1.6320498062074649
1.633174840540788
1.6347998901333658
1.6376749778740807
1.6420501113925596
1.6464252449110386
1.6513003936887722
1.6564255500961331
1.6624257332071901
1.66717587817011
1.6723010345774711
1.6765511642811366
1.6810513016144293
1.6828013550218206
1.6844264046143986
1.683926389355144
1.6811763054292428
1.6770511795403913
1.671301004058962
1.6636757713553272
1.655800531022065
1.6468002563554796
1.6371749626148258
1.626424634540849
1.6151742912076175
1.6036739402447586
1.5912985625782037
1.5799232154301586
1.5660477919858395
1.5530473952452162
1.53892196417127
1.5236714987640003
1.5052959379863888
1.485420331431013
1.462419629505295
1.439043916135136
1.4166682332834866
1.3992927030243845
1.3916674703207497
1.3956675923947877
1.417293252357555
1.461169591357158
1.5279216284676658
1.618549394207587
1.7278027283547472
1.8514315012054812
1.979435407574694
2.0951889400921657
2.179941526535844
2.222817835016938
2.219192724387341
2.166941129795221
2.069813165684988
1.945809381389813
1.811805291909543
1.681926328318125
1.5656727805413984
1.4710448927274393
1.4011677602465895
1.3574164250618
1.3374158146916104
1.3390408642841882
1.3551663563951537
1.3810421460615863
1.4114180730613117
1.4427940305795466
1.4720449232459487
1.495670644245735
1.5169212927640614
1.532921781060213
1.5456721701712088
1.556797509689627
1.56742283394879
1.5754230780968657
1.5856733909115879
1.594673665578173
1.6045489669484543
1.6150492873928037
1.6255496078371532
1.6372999664296397
1.6479252906888027
1.6594256416516617
1.6714260078737755
1.6831763664662618
1.693801690725425
1.7051770378734703
1.7160523697622607
1.7260526749473555
1.735802972502823
1.7450532547990356
1.7533035065767388
1.7610537430951874
1.767803949095126
1.7735541245765558
1.778679280983917
1.7826794030579547
1.785679494613483
1.7871795403912474
1.7864295175023652
1.785679494613483
1.7830544145023959
1.7803043305764947
1.7755541856135748
1.7704290292062137
1.763928830835902
1.7563035981322672
1.7489283730582599
1.7400531022064882
1.730677816095462
1.7210525223548083
1.711177220984527
1.7004268929105502
1.6919266335032197
1.6820513321329387
1.6730510574663533
1.6645507980590228
1.6568005615405743
1.6505503707998903
1.643925168614765
1.6391750236518448
1.6354249092074344
1.633174840540788
1.632299813837092
1.6339248634296701
1.6347998901333658
1.6377999816888944
1.6418001037629322
1.6461752372814111
1.6509253822443313
1.6560505386516924
1.6618007141331217
1.6669258705404828
1.6718010193182167
1.6766761680959503
1.6798012634662924
1.6829263588366346
1.6840513931699574
1.6838013855403302
1.6814263130588702
1.677176183355205
1.6714260078737755
1.6638007751701407
1.6561755424665061
1.6466752525406658
1.637549974059267
1.6269246498001038
1.6157993102816859
1.6049239783928952
1.5920485854670858
1.580048219244972
1.5671728263191627
1.5529223914304024
1.5397969908749656
1.5247965330973237
1.5070459913937804
1.4861703543198952
1.4637946714682455
1.4401689504684592
1.4174182561723685
1.4002927335428939
1.3915424665059357
1.3951675771355327
1.416043214209418
1.458794518875698
1.5254215521713919
1.6146742759483628
1.7236776024658955
1.847181371501816
1.9751852778710288
2.0916888332773826
2.1778164616840114
2.22119278542436
2.2213177892391736
2.1695662099063084
2.07393829157384
1.9500595110934782
1.8164304330576495
1.6858014465773492
1.5695478988006226
1.473544969023713
1.4029178136539813
1.3584164555803095
1.3376658223212379
1.3381658375804926
1.35504135258034
1.3795421002838222
1.4101680349131749
1.4416689962462232
1.4707948850978119
1.4954206366161078
1.5165462813196202
1.5324217658009582
1.5447971434675132
1.556797509689627
1.5669228186895352
1.5759230933561206
1.5847983642078922
1.5945486617633595
1.6042989593188268
1.6147992797631765
1.6257996154667806
1.6365499435407576
1.6475502792443617
1.6591756340220343
1.6710509964293345
1.6824263435773796
1.693801690725425
1.7046770226142156
1.7163023773918882
1.725927671132542
1.7356779686880093
1.7451782586138493
1.7530534989471116
1.7609287392803734
1.7673039338358714
1.7744291512802515
1.778679280983917
1.7824293954283272
1.7859295022431105
1.7871795403912474
1.78692953276162
1.7858044984282968
1.7835544297616506
1.7800543229468673
1.7753041779839474
1.7706790368358412
1.7640538346507157
1.7565536057618945
1.7490533768730736
1.7403031098361157
1.7309278237250891
1.7213025299844356
1.7113022247993408
1.701301919614246
1.6923016449476609
1.6824263435773796
1.6734260689107945
1.6643007904293954
1.6573005767998292
1.6506753746147038
1.6441751762443924
1.639550035096286
1.6356749168370617
1.6327998290963468
1.6319248023926511
1.6329248329111608
1.6347998901333658
1.6380499893185219
1.6416750999481187
1.6460502334665976
1.6505503707998903
1.6566755577257606
1.6614257026886807
1.6665508590960418
1.6719260231330302
1.6758011413922544
1.6800512710959197
1.6824263435773796
1.6840513931699574
1.6834263740958892
1.6811763054292428
1.677926206244087
1.6715510116885892
1.6645507980590228
1.6563005462813196
1.6466752525406658
1.637924985503708
1.6274246650593585
1.6166743369853815
1.6047989745780817
1.592423596911527
1.5805482345042268
1.5675478377636038
1.553547410504471
1.540046998504593
1.5256715598010193
1.507170995208594
1.487420392468032
1.4645446943571276
1.4411689809869686
1.4189183019501328
1.4007927488021485
1.3916674703207497
1.3947925656910916
1.414918179876095
1.4562944425794244
1.5216714377269813
1.6100491348002564
1.7183024384289072
1.8409311807611317
1.9690600909451583
2.086063661610767
2.174566362498856
2.220317758720664
2.22119278542436
2.172816309091464
2.079688467055269
1.956934720908231
1.8228056276131475
1.6925516525772883
1.5750480666524247
1.4780451063570055
1.4062929166539506
1.3602915128025146
1.3386658528397473
1.337915829950865
1.3534163029877622
1.37879207739494
1.4084179815057831
1.4397939390240182
1.4690448316904203
1.4940455946531572
1.5149212317270424
1.5314217352824486
1.5442971282082585
1.5557974791711173
1.5660477919858395
1.5761731009857478
1.584423352763451
1.5940486465041048
1.6040489516891996
1.6139242530594806
1.6241745658742028
1.6361749320963164
1.6465502487258523
1.6580505996887114
1.6704259773552659
1.681551316873684
1.6936766869106112
1.7043020111697744
1.7149273354289376
1.7261776787621694
1.735302957243568
1.7440532242805262
1.7526784875026704
1.7600537125766778
1.767803949095126
1.7740541398358105
1.7783042695394757
1.7824293954283272
1.784929471724601
1.7861795098727378
1.7860545060579243
1.785679494613483
1.783679433576464
1.7795543076876126
1.7755541856135748
1.7705540330210272
1.7645538499099704
1.757178624835963
1.7493033845027008
1.7411781365398113
1.7313028351695303
1.721927549058504
1.7119272438734092
1.7019269386883145
1.6924266487624744
1.6825513473921934
1.673676076540422
1.6651758171330913
1.6573005767998292
1.6505503707998903
1.6444251838740198
1.6396750389110997
1.635924924466689
1.6326748252815333
1.6320498062074649
1.6326748252815333
1.6346748863185523
1.6371749626148258
1.6423001190221869
1.6451752067629017
1.6505503707998903
1.6551755119479965
1.6613006988738672
1.6661758476516009
1.671176000244148
1.6758011413922544
1.6796762596514787
1.6825513473921934
1.6844264046143986
1.6840513931699574
1.6816763206884975
1.6774261909848323
1.6718010193182167
1.6644257942442091
1.6568005615405743
1.6475502792443617
1.6380499893185219
1.627674672688986
1.6167993408001955
1.6051739860225227
1.5929236121707817
1.5806732383190405
1.5684228644672995
1.5537974181340983
1.5405470137638477
1.5252965483565784
1.507546006653035
1.487795403912473
1.4650447096163823
1.4419190038758507
1.41916830957976
1.4012927640614032
1.3916674703207497
1.3945425580614643
1.4144181646168401
1.4555444196905423
1.5204213995788447
1.608174077578051
1.7159273659474472
1.838431104464858
1.9665600146488846
2.084938627277444
2.1733163243507185
2.219942747276223
2.221567796868801
2.1736913357951595
2.0810635090182195
1.9589347819452498
1.8251807000946074
1.6940516983550522
1.5764231086153753
1.4791701406903288
1.406542924283578
1.3609165318765832
1.338040833765679
1.3382908413953063
1.3534163029877622
1.3781670583208716
1.4081679738761559
1.4396689352092042
1.4690448316904203
1.4939205908383435
1.5149212317270424
1.5314217352824486
1.5442971282082585
1.5561724906155583
1.5659227881710258
1.5754230780968657
1.5845483565782648
1.5939236426892909
1.6040489516891996
1.6139242530594806
1.6244245735038303
1.635549913022248
1.6471752677999205
1.6580505996887114
1.6699259620960112
1.6816763206884975
1.6935516830957975
1.7043020111697744
1.715177343058565
1.725052644428846
1.7346779381694999
1.7440532242805262
1.7525534836878567
1.760428724021119
1.7674289376506853
1.7735541245765558
1.7783042695394757
1.7824293954283272
1.7855544907986696
1.7863045136875517
1.7861795098727378
1.7864295175023652
1.7833044221320231
1.7803043305764947
1.7759291970580158
1.7704290292062137
1.7650538651692254
1.757553636280404
1.749678395947142
1.740928128910184
1.7321778618732262
1.7221775566881314
1.7118022400585957
1.7019269386883145
1.6926766563921019
1.683051362651448
1.6748011108737448
1.665300820947905
1.657800592059084
1.6508003784295175
1.6440501724295786
1.639550035096286
1.6360499282815029
1.6326748252815333
1.6320498062074649
1.6330498367259743
1.634299874874111
1.6374249702444532
1.6416750999481187
1.6463002410962249
1.651050386059145
1.655800531022065
1.6613006988738672
1.666425855281228
1.6714260078737755
1.6759261452070682
1.6800512710959197
1.6825513473921934
1.684301400799585
1.6840513931699574
1.6810513016144293
1.677176183355205
1.6723010345774711
1.664925809503464
1.6570505691702018
1.6488003173924985
1.6385500045777766
1.628424695577868
1.6182993865779596
1.6056740012817774
1.5932986236152227
1.5806732383190405
1.5684228644672995
1.554797448652608
1.5410470290231024
1.5252965483565784
1.509171056245613
1.4884204229865414
1.4657947325052645
1.4421690115054782
1.4202933439130834
1.4015427716910305
1.3917924741355632
1.3944175542466506
1.4131681264687033
1.454044373912778
1.5176713156529436
1.6055489974669637
1.712802270577105
1.8349309976500747
1.9633099154637288
2.0811885128330334
2.171691274758141
2.219317728202155
2.222317819757683
2.176441419721061
2.0838135929441206
1.9626848963896604
1.8290558183538315
1.697801812799463
1.5787981810968352
1.4817952208014162
1.4087929929502243
1.3616665547654654
1.3386658528397473
1.337915829950865
1.3529162877285075
1.3774170354319895
1.4071679433576463
1.4389189123203223
1.4676697897274698
1.493670583208716
1.5141712088381603
1.530671712393567
1.5446721396526994
1.5556724753563036
1.5655477767265848
1.5747980590227975
1.5837983336893826
1.5934236274300364
1.60304892117069
1.6131742301705987
1.624049562059389
1.635924924466689
1.647050263985107
1.6586756187627796
1.6699259620960112
1.6810513016144293
1.6923016449476609
1.7038019959105197
1.7148023316141239
1.7248026367992186
1.734302926725059
1.7439282204657125
1.7521784722434155
1.7603037202063052
1.767803949095126
1.7730541093173011
1.778179265724662
1.7821793877986998
1.7843044526505327
1.7863045136875517
1.7866795251319927
1.7859295022431105
1.7839294412060915
1.7804293343913085
1.7764292123172705
1.7708040406506547
1.7645538499099704
1.757178624835963
1.7498033997619558
1.7408031250953704
1.7311778313547166
1.7224275643177587
1.7121772515030367
1.702176946317942
1.6924266487624744
1.6828013550218206
1.6741760917996766
1.664925809503464
1.6579255958738974
1.6508003784295175
1.6440501724295786
1.639550035096286
1.6354249092074344
1.6332998443556017
1.632424817651906
1.6329248329111608
1.635174901577807
1.637549974059267
1.6418001037629322
1.6454252143925292
1.6504253669850764
1.655800531022065
1.6615507065034945
1.6661758476516009
1.671301004058962
1.6761761528366956
1.679926267281106
1.6821763359477524
1.6840513931699574
1.6836763817255165
1.6816763206884975
1.6774261909848323
1.6721760307626576
1.665300820947905
1.6573005767998292
1.6489253212073123
1.6377999816888944
1.628049684133427
1.6176743675038912
1.6055489974669637
1.5934236274300364
1.5814232612079226
1.568547868282113
1.555172460097049
1.5412970366527299
1.5262965788750877
1.5090460524307994
1.488545426801355
1.4666697592089604
1.4429190343943603
1.4201683400982696
1.4020427869502854
1.391917477950377
1.3941675466170234
1.4126681112094486
1.4524193243202002
1.5170462965788751
1.6027989135410627
1.710052186651204
1.831305887020478
1.9601848200933867
2.0785634327219458
2.1699412213507494
2.218567705313273
2.223067842646565
2.1783164769432664
2.086063661610767
1.9661850032044437
1.8328059327982422
1.7011769157994323
1.582048280281991
1.483420270393994
1.410918057802057
1.3631666005432295
1.3390408642841882
1.3374158146916104
1.3524162724692528
1.3765420087282938
1.4064179204687641
1.4377938779869992
1.4666697592089604
1.4935455793939025
1.5141712088381603
1.5300466933194983
1.5439221167638173
1.5554224677266761
1.5655477767265848
1.5744230475783563
1.5839233375041963
1.5935486312448501
1.6027989135410627
1.6129242225409712
1.6237995544297616
1.6356749168370617
1.6460502334665976
1.6575505844294565
1.6690509353923155
1.6803012787255471
1.6921766411328472
1.7030519730216378
1.7141773125400557
1.724302621539964
1.7331778923917356
1.7439282204657125
1.7521784722434155
1.7593036896877956
1.7666789147618032
1.7730541093173011
1.7778042542802208
1.7824293954283272
1.784929471724601
1.7864295175023652
1.7864295175023652
1.7860545060579243
1.7838044373912778
1.7809293496505632
1.7760542008728295
1.7711790520950956
1.7653038727988526
1.7581786553544725
1.7513034455397198
1.7411781365398113
1.7331778923917356
1.7223025605029452
1.7126772667622914
1.702551957762383
1.6931766716513565
1.6835513779107028
1.6748011108737448
1.666050843836787
1.6579255958738974
1.6505503707998903
1.6440501724295786
1.6394250312814722
1.6361749320963164
1.633674855800043
1.6317997985778374
1.632424817651906
1.634299874874111
1.6374249702444532
1.6414250923184912
1.6451752067629017
1.6504253669850764
1.6553005157628102
1.6610506912442398
1.6659258400219734
1.671176000244148
1.6753011261329998
1.6798012634662924
1.6824263435773796
1.6845514084292124
1.6834263740958892
1.681551316873684
1.677551194799646
1.6725510422070986
1.665300820947905
1.6576755882442702
1.649050325022126
1.6384250007629628
1.62917471846675
1.6179243751335184
1.6062990203558458
1.5934236274300364
1.581298257393109
1.5691728873561817
1.555172460097049
1.5419220557267983
1.5277966246528518
1.5099210791344952
1.489795464949492
1.4674197820978425
1.4436690572832422
1.4214183782464065
1.4020427869502854
1.3920424817651906
1.3935425275429547
1.4112930692464982
1.4502942594683677
1.5130461745048374
1.598798791467025
1.7053020416882838
1.8266807458723715
1.95418463698233
2.076063356425672
2.16656611835078
2.217192663350322
2.2233178502761928
2.180441541795099
2.0903137913144323
1.9714351634266183
1.8379310892056033
1.7065520798364209
1.5865484176152838
1.4871703848384046
1.412918118839076
1.364166631061739
1.3396658833582569
1.3371658070619832
1.350666219061861
1.3755419782097842
1.4052928861354412
1.437043855098117
1.4657947325052645
1.4914205145420698
1.5129211706900234
1.5299216895046848
1.5437971129490036
1.5542974333933532
1.5649227576525162
1.5742980437635425
1.5835483260597554
1.5925486007263405
1.6021738944669943
1.612174199652089
1.6236745506149481
1.634424878688925
1.6466752525406658
1.6570505691702018
1.6689259315775018
1.6811763054292428
1.6915516220587787
1.7035519882808923
1.7140523087252417
1.7244276253547777
1.7336779076509903
1.743303201391644
1.7518034607989748
1.7601787163914915
1.7668039185766167
1.773804132206183
1.7779292580950348
1.7821793877986998
1.784929471724601
1.7855544907986696
1.78692953276162
1.7855544907986696
1.7835544297616506
1.7809293496505632
1.775429181798761
1.7709290444654684
1.7656788842432936
1.7580536515396588
1.7513034455397198
1.7408031250953704
1.733052888576922
1.7229275795770134
1.713177282021546
1.702551957762383
1.6929266640217293
1.6838013855403302
1.6744260994293039
1.6661758476516009
1.6593006378368482
1.6508003784295175
1.6448001953184606
1.6398000427259134
1.63629993591113
1.6329248329111608
1.6321748100222786
1.6330498367259743
1.634424878688925
1.6367999511703848
1.6411750846888638
1.6463002410962249
1.6500503555406356
1.6548005005035553
1.660925687429426
1.6656758323923462
1.671301004058962
1.6754261299478135
1.6791762443922238
1.6824263435773796
1.6844264046143986
1.6831763664662618
1.6810513016144293
1.6776761986144597
1.6723010345774711
1.6655508285775322
1.6576755882442702
1.6493003326517535
1.639550035096286
1.6294247260963775
1.618549394207587
1.606174016541032
1.5944236579485458
1.5822982879116183
1.5691728873561817
1.5557974791711173
1.5421720633564255
1.5280466322824793
1.5100460829493088
1.4902954802087467
1.4679197973570972
1.4446690878017519
1.421668385876034
1.4026678060243538
1.3921674855800044
1.3932925199133275
1.410543046357616
1.4490442213202308
1.5105460982085634
1.5970487380596332
1.7024269539475692
1.8240556657612843
1.9528095950193793
2.0728132572405165
2.1646910611285746
2.2170676595355086
2.224692892239143
2.1818165837580494
2.0930638752403334
1.9731852168340098
1.8401811578722496
1.708177129428999
1.5881734672078616
1.4879204077272867
1.4139181493575854
1.36454164250618
1.3397908871730704
1.337290810876797
1.3517912533951841
1.3750419629505295
1.4049178746910003
1.4360438245796074
1.4657947325052645
1.4911705069124424
1.5126711630603962
1.5304217047639395
1.5431720938749351
1.5549224524674214
1.565422772911771
1.5746730552079835
1.5837983336893826
1.5925486007263405
1.6022988982818078
1.6124242072817165
1.6231745353556932
1.6341748710592976
1.645925229651784
1.6573005767998292
1.6686759239478743
1.680676290169988
1.6918016296884062
1.7026769615771966
1.7141773125400557
1.724302621539964
1.733427900021363
1.7429281899472029
1.7515534531693473
1.7594286935026096
1.766303903317362
1.772304086428419
1.7775542466505936
1.7820543839838863
1.7853044831690421
1.7863045136875517
1.7861795098727378
1.7858044984282968
1.7834294259468366
1.7808043458357494
1.7769292275765252
1.7715540635395368
1.7654288766136663
1.7584286629841
1.7508034302804651
1.742178167058321
1.733052888576922
1.7231775872066408
1.7136772972808008
1.7031769768364513
1.6939266945402387
1.6840513931699574
1.675176122318186
1.6666758629108556
1.6590506302072208
1.6516754051332134
1.6453002105777155
1.6400500503555409
1.6357999206518754
1.6330498367259743
1.632299813837092
1.6326748252815333
1.634424878688925
1.6372999664296397
1.6411750846888638
1.6453002105777155
1.649425336466567
1.6556755272072514
1.6606756797997986
1.6658008362071597
1.6710509964293345
1.675676137577441
1.6794262520218513
1.6821763359477524
1.6840513931699574
1.6836763817255165
1.681551316873684
1.6780512100589007
1.6726760460219123
1.6661758476516009
1.6588006225775933
1.6489253212073123
1.6401750541703544
1.6294247260963775
1.6192994170964692
1.6069240394299142
1.594798669392987
1.5824232917264323
1.5710479445783867
1.5556724753563036
1.5427970824304942
1.5282966399121067
1.5112961210974456
1.4914205145420698
1.4690448316904203
1.4449190954313793
1.4225434125797296
1.404542863246559
1.392667500839259
1.3929175084688865
1.409793023468734
1.4476691793572802
1.508421033356731
1.5937986388744774
1.6983018280587177
1.8189305093539232
1.9473094271675773
2.0689381389812924
2.16181597338786
2.215942625202185
2.224817896053957
2.184941679128391
2.0969389934995575
1.9784353770561847
1.8458063295388654
1.7129272743919186
1.5932986236152227
1.4922955412457657
1.4156682027649772
1.3664166997283853
1.3401658986175116
1.3375408185064244
1.3514162419507432
1.3745419476912748
1.4032928250984222
1.4347937864314706
1.464419690542314
1.4906704916531877
1.5120461439863278
1.5291716666158026
1.5431720938749351
1.5542974333933532
1.5652977690969574
1.5736730246894741
1.5830483108005005
1.5926736045411543
1.6022988982818078
1.6119241920224616
1.6230495315408795
1.634299874874111
1.6449251991332745
1.6575505844294565
1.6685509201330608
1.6790512405774103
1.6909266029847103
1.7024269539475692
1.7135522934659873
1.7238026062807095
1.7339279152806177
1.743303201391644
1.751178441724906
1.7589286782433546
1.766303903317362
1.772304086428419
1.7775542466505936
1.7820543839838863
1.7844294564653462
1.785679494613483
1.7866795251319927
1.7854294869838556
1.7838044373912778
1.780554338206122
1.7768042237617114
1.7716790673543503
1.765928891872921
1.7585536667989135
1.7509284340952787
1.742178167058321
1.7328028809472946
1.7230525833918273
1.7129272743919186
1.703676992095706
1.693426679280984
1.6833013702810755
1.6746761070589313
1.6661758476516009
1.6584256111331521
1.6521754203924681
1.6449251991332745
1.6396750389110997
1.635924924466689
1.6325498214667196
1.631674794763024
1.6327998290963468
1.634299874874111
1.6370499588000123
1.640675069429609
1.6455502182073427
1.6499253517258217
1.6551755119479965
1.660550675984985
1.6659258400219734
1.6705509811700798
1.6753011261329998
1.6793012482070377
1.681926328318125
1.6849264198736535
1.6840513931699574
1.6828013550218206
1.6781762138737144
1.6725510422070986
1.6656758323923462
1.6580505996887114
1.6493003326517535
1.6394250312814722
1.6290497146519365
1.6187994018372145
1.607049043244728
1.5954236884670552
1.5822982879116183
1.5697979064302499
1.5564224982451857
1.5426720786156805
1.5277966246528518
1.510796105838191
1.4906704916531877
1.4687948240607929
1.4449190954313793
1.4222934049501021
1.4029178136539813
1.391917477950377
1.3932925199133275
1.4100430310983612
1.4487942136906033
1.5099210791344952
1.5944236579485458
1.6999268776512955
1.8209305703909422
1.9493094882045963
2.0700631733146153
2.163316019165624
2.2165676442762536
2.2236928617206337
2.183441633350627
2.0969389934995575
1.976310312204352
1.8430562456129642
1.7109272133548998
1.590423535874508
1.4899204687643055
1.414793176061281
1.3652916653950622
1.3400408948026978
1.3369157994323557
1.3504162114322338
1.3750419629505295
1.404542863246559
1.435918820764794
1.4650447096163823
1.4914205145420698
1.5126711630603962
1.5295466780602436
1.5431720938749351
1.554797448652608
1.5645477462080752
1.57454805139317
1.5834233222449416
1.5930486159855952
1.60304892117069
1.6122992034669026
1.6230495315408795
1.6345498825037386
1.6451752067629017
1.6568005615405743
1.668800927762688
1.6803012787255471
1.6913016144291515
1.702926969206824
1.7138023010956145
1.7241776177251504
1.734302926725059
1.7429281899472029
1.7515534531693473
1.759553697317423
1.7674289376506853
1.7729291055024872
1.7773042390209661
1.7819293801690725
1.7846794640949737
1.7864295175023652
1.786554521317179
1.7859295022431105
1.7841794488357188
1.780679342020936
1.7764292123172705
1.77267909787286
1.7653038727988526
1.7584286629841
1.7503034150212105
1.7414281441694388
1.7328028809472946
1.721927549058504
1.7121772515030367
1.702926969206824
1.6930516678365428
1.6833013702810755
1.6748011108737448
1.6661758476516009
1.6583006073183386
1.6511753898739585
1.6445501876888333
1.6396750389110997
1.635924924466689
1.6326748252815333
1.6320498062074649
1.6327998290963468
1.634299874874111
1.6370499588000123
1.64105008087405
1.6458002258369702
1.6499253517258217
1.6555505233924375
1.660925687429426
1.6659258400219734
1.671301004058962
1.6753011261329998
1.679551255836665
1.6821763359477524
1.683926389355144
1.683926389355144
1.6820513321329387
1.6778012024292734
1.6724260383922849
1.6655508285775322
1.6576755882442702
1.6491753288369395
1.6390500198370312
1.6287997070223093
1.6176743675038912
1.607424054689169
1.5940486465041048
1.5815482650227364
1.5691728873561817
1.555172460097049
1.541672048097171
1.5271716055787836
1.509546067690054
1.489795464949492
1.4677947935422835
1.443794061098056
1.4209183629871518
1.40254280220954
1.391917477950377
1.3941675466170234
1.4121680959501939
1.4514192938016908
1.5132961821344646
1.6001738334299753
1.7068020874660481
1.8286808069093905
1.9558096865749077
2.0748133182775352
2.1673161412396618
2.2175676747947635
2.2234428540910063
2.1814415723136085
2.0898137760551774
1.9690600909451583
1.8358060243537706
1.7035519882808923
1.5850483718375195
1.484670308542131
1.4114180730613117
1.3627915890987885
1.3390408642841882
1.3376658223212379
1.3524162724692528
1.3762920010986663
1.4062929166539506
1.4372938627277445
1.4669197668385876
1.4921705374309517
1.5134211859492783
1.5302967009491257
1.5436721091341898
1.5560474868007448
1.5655477767265848
1.574923062837611
1.5835483260597554
1.5935486312448501
1.6027989135410627
1.6119241920224616
1.6236745506149481
1.6349248939481797
1.6460502334665976
1.656925565355388
1.6694259468367565
1.6811763054292428
1.6921766411328472
1.704052003540147
1.7141773125400557
1.724302621539964
1.7344279305398724
1.743678212836085
1.7521784722434155
1.7598037049470505
1.7671789300210579
1.7731791131321146
1.7776792504654073
1.7824293954283272
1.784929471724601
1.7861795098727378
1.7866795251319927
1.7854294869838556
1.783679433576464
1.780554338206122
1.7764292123172705
1.7715540635395368
1.7644288460951567
1.7579286477248453
1.750053407391583
1.7415531479842525
1.7318028504287852
1.7224275643177587
1.7121772515030367
1.7026769615771966
1.6929266640217293
1.6835513779107028
1.6741760917996766
1.6656758323923462
1.6581756035035249
1.6506753746147038
1.6441751762443924
1.639925046540727
1.6352999053926207
1.6330498367259743
1.632299813837092
1.633174840540788
1.6346748863185523
1.6376749778740807
1.6414250923184912
1.6455502182073427
1.6499253517258217
1.655800531022065
1.6610506912442398
1.6661758476516009
1.671176000244148
1.6764261604663229
1.6803012787255471
1.6824263435773796
1.6841763969847714
1.6835513779107028
1.681926328318125
1.6774261909848323
1.6721760307626576
1.6643007904293954
1.6566755577257606
1.6473002716147345
1.63867500839259
1.6279246803186131
1.6175493636890774
1.6056740012817774
1.5936736350596639
1.5810482497634815
1.568172856837672
1.5545474410229805
1.5410470290231024
1.5259215674306468
1.508796044801172
1.4884204229865414
1.4660447401348917
1.4422940153202919
1.4197933286538287
1.4012927640614032
1.3917924741355632
1.3937925351725822
1.4137931455427717
1.4542943815424054
1.5187963499862667
1.6056740012817774
1.7141773125400557
1.8356810205389569
1.9640599383526107
2.08243855098117
2.1714412671285133
2.219192724387341
2.2225678273873104
2.175816400646992
2.083938596758934
1.9618098696859647
1.8279307840205086
1.6963017670216987
1.5780481582079533
1.4817952208014162
1.4082929776909696
1.3612915433210242
1.338790856654561
1.338040833765679
1.3534163029877622
1.378417065950499
1.4072929471724602
1.4392939237647635
1.4681698049867247
1.4935455793939025
1.5145462202826014
1.530546708578753
1.5442971282082585
1.555922482985931
1.5656727805413984
1.5752980742820522
1.584423352763451
1.594298654133732
1.603173924985504
1.6139242530594806
1.6244245735038303
1.6357999206518754
1.6463002410962249
1.6590506302072208
1.6695509506515702
1.6813013092440567
1.6928016602069156
1.7045520187994019
1.7154273506881925
1.725052644428846
1.735302957243568
1.743678212836085
1.752428479873043
1.7605537278359324
1.7669289223914304
1.7730541093173011
1.778679280983917
1.782554399243141
1.7848044679097874
1.7864295175023652
1.7863045136875517
1.7855544907986696
1.7835544297616506
1.7808043458357494
1.7759291970580158
1.771429059724723
1.7649288613544114
1.7576786400952178
1.749678395947142
1.7414281441694388
1.7320528580584125
1.721927549058504
1.7116772362437818
1.7020519425031282
1.6918016296884062
1.682676351207007
1.6739260841700492
1.6656758323923462
1.6579255958738974
1.6509253822443313
1.6448001953184606
1.6391750236518448
1.6354249092074344
1.6327998290963468
1.6327998290963468
1.633674855800043
1.6345498825037386
1.637924985503708
1.6415500961333047
1.6465502487258523
1.6504253669850764
1.655800531022065
1.6603006683553576
1.6663008514664144
1.6718010193182167
1.6760511490218817
1.6798012634662924
1.6825513473921934
1.683926389355144
1.6836763817255165
1.6808012939848018
1.6776761986144597
1.6718010193182167
1.66480080568865
1.6566755577257606
1.6489253212073123
1.6377999816888944
1.6277996765037996
1.6174243598742637
1.6060490127262186
1.5934236274300364
1.5810482497634815
1.5682978606524856
1.5550474562822352
1.5410470290231024
1.5269215979491562
1.508796044801172
1.488170415356914
1.4656697286904508
1.4426690267647329
1.419293313394574
1.401417767876217
1.3920424817651906
1.3941675466170234
1.4131681264687033
1.4544193853572192
1.5184213385418257
1.6057990050965911
1.7133022858363598
1.8350560014648885
1.9634349192785425
2.081813531907102
2.1713162633136998
2.219067720572527
2.2216928006836145
2.175566393017365
2.084063600573748
1.9621848811304057
1.828930814539018
1.6971767937253945
1.5786731772820215
1.4811702017273476
1.4086679891354106
1.3615415509506514
1.3390408642841882
1.33841584521012
1.3532912991729484
1.3777920468764306
1.4076679586169012
1.4389189123203223
1.468419812616352
1.4927955565050204
1.5144212164677877
1.5309217200231942
1.5439221167638173
1.5560474868007448
1.566172795800653
1.5752980742820522
1.58404834131901
1.5935486312448501
1.603173924985504
1.613799249244667
1.6242995696890163
1.6349248939481797
1.6466752525406658
1.6579255958738974
1.6683009125034334
1.6814263130588702
1.6923016449476609
1.7039269997253335
1.7146773277993104
1.7248026367992186
1.7348029419843134
1.7439282204657125
1.7521784722434155
1.7603037202063052
1.768303964354381
1.7731791131321146
1.778679280983917
1.7815543687246316
1.7850544755394149
1.7863045136875517
1.7859295022431105
1.7859295022431105
1.7833044221320231
1.780179326761681
1.776179204687643
1.7710540482802821
1.7650538651692254
1.7579286477248453
1.749678395947142
1.740928128910184
1.7315528427991578
1.7220525528733177
1.7121772515030367
1.702176946317942
1.6925516525772883
1.6834263740958892
1.6739260841700492
1.6655508285775322
1.657800592059084
1.6508003784295175
1.6445501876888333
1.6393000274666587
1.6352999053926207
1.6329248329111608
1.6321748100222786
1.6330498367259743
1.634299874874111
1.6370499588000123
1.6408000732444226
1.6456752220221567
1.6504253669850764
1.655800531022065
1.660925687429426
1.6663008514664144
1.6715510116885892
1.6764261604663229
1.6804262825403606
1.6828013550218206
1.684301400799585
1.683926389355144
1.681926328318125
1.6776761986144597
1.671676015503403
1.6650508133182775
1.656925565355388
1.6489253212073123
1.6384250007629628
1.6277996765037996
1.6166743369853815
1.6059240089114046
1.5934236274300364
1.5807982421338542
1.5680478530228583
1.5549224524674214
1.5407970213934752
1.5260465712454605
1.5089210486159856
1.488545426801355
1.4661697439497057
1.4421690115054782
1.420043336283456
1.401417767876217
1.3920424817651906
1.3941675466170234
1.4135431379131442
1.453669362468337
1.517921323282571
1.6059240089114046
1.7129272743919186
1.8345559862056338
1.9626848963896604
2.0810635090182195
2.1718162785729542
2.219192724387341
2.222317819757683
2.175941404461806
2.083938596758934
1.962434888760033
1.8288058107242042
1.6971767937253945
1.5786731772820215
1.4805451826532792
1.409793023468734
1.3607915280617695
1.3385408490249338
1.3377908261360516
1.3527912839136937
1.377667043061617
1.4072929471724602
1.4389189123203223
1.467169774468215
1.493295571764275
1.5144212164677877
1.5312967314676351
1.5445471358378857
1.555922482985931
1.565797784356212
1.5750480666524247
1.5855483870967744
1.5931736198004092
1.60304892117069
1.6129242225409712
1.6241745658742028
1.635924924466689
1.647050263985107
1.6584256111331521
1.6701759697256386
1.6811763054292428
1.6928016602069156
1.7038019959105197
1.7146773277993104
1.7244276253547777
1.7355529648731955
1.7441782280953397
1.752053468428602
1.7605537278359324
1.7674289376506853
1.7733041169469284
1.7783042695394757
1.7828044068727684
1.7853044831690421
1.7864295175023652
1.7871795403912474
1.7858044984282968
1.7831794183172094
1.780679342020936
1.776679219946898
1.7709290444654684
1.7649288613544114
1.7576786400952178
1.749678395947142
1.7411781365398113
1.7315528427991578
1.7220525528733177
1.7121772515030367
1.7024269539475692
1.6929266640217293
1.683051362651448
1.6744260994293039
1.6655508285775322
1.657800592059084
1.651050386059145
1.644675191503647
1.6393000274666587
1.6361749320963164
1.6329248329111608
1.632299813837092
1.632299813837092
1.6349248939481797
1.637549974059267
1.6411750846888638
1.645925229651784
1.6508003784295175
1.655800531022065
1.6613006988738672
1.66717587817011
1.6709259926145208
1.6766761680959503
1.6798012634662924
1.6833013702810755
1.684301400799585
1.683926389355144
1.6810513016144293
1.6776761986144597
1.6720510269478437
1.6651758171330913
1.6576755882442702
1.6491753288369395
1.6388000122074038
1.628424695577868
1.6175493636890774
1.6060490127262186
1.5936736350596639
1.5811732535782954
1.5684228644672995
1.554672444837794
1.5414220404675436
1.5267965941343424
1.5092960600604266
1.4887954344309824
1.4665447553941466
1.4429190343943603
1.4202933439130834
1.4021677907650991
1.3920424817651906
1.3936675313577687
1.4125431073946348
1.4527943357646413
1.5169212927640614
1.6036739402447586
1.711177220984527
1.8323059175389873
1.9606848353526414
2.079688467055269
2.170441236610004
2.218442701498459
2.2225678273873104
2.1773164464247565
2.086188665425581
1.9653099765007476
1.8319309060945466
1.7004268929105502
1.58167326883755
1.4832952665791803
1.409793023468734
1.36216657002472
1.3391658680990022
1.337915829950865
1.353041291543321
1.3769170201727348
1.4070429395428328
1.4375438703573717
1.4674197820978425
1.493295571764275
1.5137961973937193
1.5302967009491257
1.5442971282082585
1.5564224982451857
1.56504776146733
1.5750480666524247
1.5837983336893826
1.5934236274300364
1.602673909726249
1.613424237800226
1.624049562059389
1.6349248939481797
1.6460502334665976
1.6576755882442702
1.669300943021943
1.6808012939848018
1.6924266487624744
1.704177007354961
1.714427320169683
1.7249276406140324
1.734552934354686
1.743803216650899
1.7526784875026704
1.7600537125766778
1.7671789300210579
1.7731791131321146
1.7780542619098483
1.7819293801690725
1.7848044679097874
1.7861795098727378
1.7871795403912474
1.7861795098727378
1.7835544297616506
1.780554338206122
1.776554216132084
1.7711790520950956
1.7646788537247842
1.7580536515396588
1.7499284035767695
1.74180315561388
1.7325528733176672
1.7224275643177587
1.7123022553178504
1.701801934873501
1.6931766716513565
1.6833013702810755
1.6741760917996766
1.665300820947905
1.6580505996887114
1.651050386059145
1.6449251991332745
1.6398000427259134
1.6356749168370617
1.6339248634296701
1.6320498062074649
1.6320498062074649
1.634424878688925
1.6369249549851985
1.6425501266518143
1.6458002258369702
1.6509253822443313
1.655800531022065
1.6611756950590533
1.6663008514664144
1.6714260078737755
1.6754261299478135
1.6798012634662924
1.6824263435773796
1.6840513931699574
1.683926389355144
1.6810513016144293
1.6778012024292734
1.6726760460219123
1.6656758323923462
1.6573005767998292
1.6483003021332439
1.6384250007629628
1.628424695577868
1.6171743522446362
1.6057990050965911
1.5940486465041048
1.581298257393109
1.568547868282113
1.554797448652608
1.5412970366527299
1.526671590319529
1.5092960600604266
1.489295449690237
1.4672947782830286
1.4431690420239875
1.420043336283456
1.4019177831354717
1.3925424970244453
1.393917538987396
1.4124181035798211
1.452544328135014
1.515796258430738
1.6025489059114353
1.7094271675771355
1.8305558641315958
1.9595598010193183
2.0785634327219458
2.169691213721122
2.2179426862392044
2.223067842646565
2.1779414654988254
2.0873136997589037
1.9666850184636984
1.8328059327982422
1.7010519119846188
1.5817982726523636
1.4837952818384352
1.4102930387279886
1.3626665852839748
1.3397908871730704
1.338040833765679
1.3522912686544388
1.3769170201727348
1.4071679433576463
1.4381688894314402
1.4670447706534013
1.4927955565050204
1.5136711935789056
1.530546708578753
1.5436721091341898
1.5557974791711173
1.5655477767265848
1.574923062837611
1.5857983947264016
1.5934236274300364
1.6027989135410627
1.613424237800226
1.6235495468001342
1.6346748863185523
1.6456752220221567
1.6571755729850153
1.6694259468367565
1.6811763054292428
1.6923016449476609
1.7034269844660788
1.7146773277993104
1.7249276406140324
1.7336779076509903
1.7439282204657125
1.7516784569841608
1.7599287087618642
1.7670539262062441
1.77267909787286
1.7779292580950348
1.7821793877986998
1.7850544755394149
1.7864295175023652
1.786554521317179
1.7859295022431105
1.7840544450209053
1.780554338206122
1.776554216132084
1.7711790520950956
1.7649288613544114
1.7580536515396588
1.7498033997619558
1.741303140354625
1.7320528580584125
1.7225525681325726
1.7129272743919186
1.7035519882808923
1.693426679280984
1.6831763664662618
1.6741760917996766
1.6661758476516009
1.6581756035035249
1.651050386059145
1.644675191503647
1.639550035096286
1.6350498977629933
1.6327998290963468
1.632299813837092
1.6332998443556017
1.634424878688925
1.6380499893185219
1.6415500961333047
1.6454252143925292
1.6504253669850764
1.6559255348368787
1.6600506607257304
1.666425855281228
1.6714260078737755
1.6761761528366956
1.6791762443922238
1.683051362651448
1.6836763817255165
1.6836763817255165
1.6816763206884975
1.6778012024292734
1.6725510422070986
1.666050843836787
1.6573005767998292
1.6485503097628713
1.6388000122074038
1.628424695577868
1.6179243751335184
1.6059240089114046
1.5940486465041048
1.5811732535782954
1.5691728873561817
1.5554224677266761
1.5419220557267983
1.5274216132084109
1.5100460829493088
1.4900454725791192
1.4674197820978425
1.443294045838801
1.421168370616779
1.4024177983947264
1.3922924893948179
1.3934175237281412
1.4107930539872433
1.4510442823572498
1.5134211859492783
1.5994238105410932
1.706052064577166
1.8264307382427443
1.9544346446119572
2.0745633106479078
2.166941129795221
2.217192663350322
2.22356785790582
2.180566545609912
2.0918138370921966
1.9706851405377361
1.8383061006500443
1.70617706839198
1.5856733909115879
1.4869203772087771
1.412793115024262
1.3635416119876704
1.3396658833582569
1.337915829950865
1.3512912381359294
1.3750419629505295
1.4055428937650685
1.4365438398388624
1.4659197363200782
1.491795525986511
1.51279616687521
1.5291716666158026
1.5430470900601214
1.554797448652608
1.565422772911771
1.5747980590227975
1.58404834131901
1.5934236274300364
1.6022988982818078
1.61254921109653
1.623299539170507
1.633174840540788
1.6456752220221567
1.6570505691702018
1.668050904873806
1.6805512863551746
1.6916766258735922
1.7031769768364513
1.7134272896511735
1.724302621539964
1.734302926725059
1.7431781975768303
1.752053468428602
1.7601787163914915
1.7668039185766167
1.7729291055024872
1.7778042542802208
1.7820543839838863
1.7841794488357188
1.7861795098727378
1.7864295175023652
1.785679494613483
1.7835544297616506
1.780679342020936
1.7763042085024567
1.771804071169164
1.765928891872921
1.7584286629841
1.750053407391583
1.7419281594286935
1.7324278695028534
1.7226775719473861
1.7130522782067326
1.7033019806512648
1.6933016754661703
1.6840513931699574
1.6746761070589313
1.6661758476516009
1.658925626392407
1.6511753898739585
1.6448001953184606
1.639925046540727
1.635549913022248
1.633174840540788
1.632299813837092
1.6327998290963468
1.6341748710592976
1.6376749778740807
1.64105008087405
1.645925229651784
1.6501753593554491
1.655425519577624
1.660550675984985
1.6656758323923462
1.671176000244148
1.6761761528366956
1.679926267281106
1.6825513473921934
1.684301400799585
1.683926389355144
1.6816763206884975
1.6776761986144597
1.6725510422070986
1.6655508285775322
1.6579255958738974
1.649425336466567
1.6398000427259134
1.62917471846675
1.618924405652028
1.606174016541032
1.594798669392987
1.5822982879116183
1.5691728873561817
1.5565475020599995
1.542422070986053
1.5275466170232246
1.510796105838191
1.490545487838374
1.468419812616352
1.445794122135075
1.4217933896908477
1.4027928098391673
1.3924174932096316
1.3925424970244453
1.4104180425428021
1.4487942136906033
1.5102960905789362
1.5952986846522417
1.7004268929105502
1.8211805780205697
1.9491844843897823
2.0706881923886837
2.1635660267952512
2.2161926328318122
2.224817896053957
2.183441633350627
2.096313974425489
1.9769353312784204
1.844306283761101
1.7116772362437818
1.591923581652272
1.4915455183568835
1.4156682027649772
1.3644166386913665
1.339915890987884
1.3370408032471695
1.3504162114322338
1.3742919400616473
1.4036678365428634
1.4355438093203527
1.464419690542314
1.4904204840235602
1.5117961363567003
1.5280466322824793
1.5427970824304942
1.5542974333933532
1.564297738578448
1.5739230323191016
1.5834233222449416
1.592798608355968
1.6034239326151312
1.6116741843928344
1.6217994933927427
1.6334248481704154
1.645050202948088
1.6564255500961331
1.6681759086886196
1.6801762749107334
1.691051606799524
1.7024269539475692
1.7133022858363598
1.7231775872066408
1.733427900021363
1.7428031861323894
1.750053407391583
1.758803674428541
1.766303903317362
1.7731791131321146
1.7778042542802208
1.781679372539445
1.7844294564653462
1.786554521317179
1.786554521317179
1.785679494613483
1.7841794488357188
1.780554338206122
1.7773042390209661
1.771804071169164
1.7656788842432936
1.7585536667989135
1.7503034150212105
1.742178167058321
1.7329278847621081
1.724302621539964
1.713177282021546
1.7034269844660788
1.6940516983550522
1.6840513931699574
1.6748011108737448
1.6674258857997375
1.658550614947966
1.6513003936887722
1.6455502182073427
1.6401750541703544
1.6361749320963164
1.6330498367259743
1.632299813837092
1.632299813837092
1.634424878688925
1.637549974059267
1.640300057985168
1.6449251991332745
1.649425336466567
1.6551755119479965
1.6596756492812892
1.6658008362071597
1.6710509964293345
1.6754261299478135
1.6794262520218513
1.6823013397625661
1.6840513931699574
1.6836763817255165
1.6824263435773796
1.6781762138737144
1.6726760460219123
1.6658008362071597
1.658550614947966
1.649050325022126
1.6394250312814722
1.6295497299111912
1.6187994018372145
1.607424054689169
1.5952986846522417
1.5827983031708732
1.5700479140598773
1.556797509689627
1.5434221015045624
1.5282966399121067
1.510796105838191
1.4914205145420698
1.4692948393200476
1.4459191259498887
1.4232934354686118
1.403417828913236
1.3925424970244453
1.392667500839259
1.4091680043946653
1.4461691335795162
1.507170995208594
1.5911735587633902
1.695801751762444
1.8159304177983948
1.9440593279824212
2.065188024536882
2.160065919980468
2.214692587054048
2.224817896053957
2.186816736350597
2.1005641041291545
1.9824354991302224
1.8493064363536484
1.7165523850215156
1.5956736960966826
1.4942956022827847
1.418043275246437
1.3666667073580125
1.34079091769158
1.3369157994323557
1.3492911770989104
1.3735419171727652
1.4029178136539813
1.4337937559129612
1.4632946562089908
1.489795464949492
1.5112961210974456
1.5284216437269205
1.542047059541612
1.5540474257637258
1.5644227423932615
1.5736730246894741
1.5836733298745689
1.592423596911527
1.6019238868373669
1.611799188207648
1.6224245124668113
1.6326748252815333
1.6444251838740198
1.656550553910947
1.668050904873806
1.679551255836665
1.691051606799524
1.702926969206824
1.7134272896511735
1.7240526139103367
1.7333028962065493
1.742553178502762
1.751178441724906
1.759178685872982
1.766303903317362
1.772304086428419
1.7778042542802208
1.7819293801690725
1.7846794640949737
1.7859295022431105
1.7864295175023652
1.7860545060579243
1.7840544450209053
1.7809293496505632
1.777054231391339
1.772179082613605
1.76555388042848
1.7594286935026096
1.7509284340952787
1.74180315561388
1.7338029114658042
1.723927610095523
1.7136772972808008
1.7038019959105197
1.6940516983550522
1.6849264198736535
1.6754261299478135
1.6670508743552965
1.658550614947966
1.6516754051332134
1.6458002258369702
1.6408000732444226
1.6361749320963164
1.633674855800043
1.6329248329111608
1.6330498367259743
1.6345498825037386
1.637549974059267
1.64105008087405
1.6448001953184606
1.649425336466567
1.6551755119479965
1.6599256569109164
1.6654258247627187
1.6714260078737755
1.6749261146885588
1.6790512405774103
1.6824263435773796
1.6833013702810755
1.6835513779107028
1.6820513321329387
1.6776761986144597
1.6726760460219123
1.666425855281228
1.658925626392407
1.649425336466567
1.6398000427259134
1.6295497299111912
1.618924405652028
1.6071740470595417
1.595173680837428
1.5827983031708732
1.5697979064302499
1.556797509689627
1.5431720938749351
1.5289216589861752
1.5120461439863278
1.4919205298013245
1.4704198736533707
1.4455441145054475
1.423668446913053
1.4041678518021181
1.3925424970244453
1.392667500839259
1.409793023468734
1.4455441145054475
1.5060459608752708
1.5894235053559984
1.6944267097994934
1.8131803338724937
1.9418092593157752
2.063312967314676
2.1588158818323313
2.21406756797998
2.225067903683584
2.1871917477950378
2.1021891537217323
1.9839355449079867
1.8509314859462265
1.7180524307992797
1.596673726615192
1.4957956480605488
1.418793298135319
1.3667917111728265
1.3409159215063937
1.3371658070619832
1.3499161961729789
1.37404193243202
1.4030428174687948
1.4329187292092656
1.4630446485793636
1.4895454573198645
1.5110461134678184
1.5280466322824793
1.5427970824304942
1.5540474257637258
1.5635477156895659
1.5736730246894741
1.582923306985687
1.592298593096713
1.6020488906521806
1.6122992034669026
1.6230495315408795
1.6334248481704154
1.6445501876888333
1.6568005615405743
1.6678008972441787
1.6794262520218513
1.6906765953550829
1.7020519425031282
1.7139273049104282
1.723552598651082
1.7336779076509903
1.7423031708731347
1.7509284340952787
1.7590536820581684
1.766303903317362
1.7725540940580462
1.7779292580950348
1.7821793877986998
1.7841794488357188
1.7863045136875517
1.786554521317179
1.7861795098727378
1.7841794488357188
1.780679342020936
1.777054231391339
1.772304086428419
1.765928891872921
1.7593036896877956
1.7513034455397198
1.7424281746879482
1.733427900021363
1.724302621539964
1.7136772972808008
1.7034269844660788
1.6951767326883755
1.6844264046143986
1.6753011261329998
1.6674258857997375
1.6580505996887114
1.651800408948027
1.6454252143925292
1.6401750541703544
1.635924924466689
1.633674855800043
1.632299813837092
1.6332998443556017
1.6341748710592976
1.6374249702444532
1.6409250770592365
1.6456752220221567
1.6496753440961944
1.6549255043183693
1.6595506454664755
1.6658008362071597
1.669675954466384
1.675551133762627
1.6790512405774103
1.6829263588366346
1.684301400799585
1.6834263740958892
1.6816763206884975
1.6780512100589007
1.6725510422070986
1.6663008514664144
1.6586756187627796
1.649050325022126
1.6405500656147955
1.630049745170446
1.6194244209112827
1.6076740623187964
1.5960487075411238
1.5834233222449416
1.5706729331339457
1.557172521134068
1.5436721091341898
1.5300466933194983
1.5129211706900234
1.4924205450605792
1.4702948698385572
1.4466691488387708
1.4239184545426802
1.4040428479873044
1.3927925046540726
1.3924174932096316
1.4076679586169012
1.4445440839869381
1.5037958922086248
1.5876734519486069
1.6913016144291515
1.8113052766502884
1.9391841792046876
2.061312906277658
2.1570658284249395
2.2139425641651664
2.2256929227576525
2.188691793572802
2.1039392071291236
1.9863106173894467
1.8540565813165686
1.7203024994659262
1.5990487990966522
1.4975457014679403
1.4199183324686422
1.3687917722098455
1.3420409558397168
1.3367907956175422
1.3492911770989104
1.3726668904690695
1.401417767876217
1.4332937406537065
1.4625446333201089
1.4900454725791192
1.5109211096530044
1.5276716208380383
1.5417970519119846
1.5537974181340983
1.5636727195043794
1.5732980132450332
1.5821732840968048
1.5912985625782037
1.601173863948485
1.6112991729483932
1.6222995086519973
1.633174840540788
1.6440501724295786
1.6568005615405743
1.6679259010589922
1.6790512405774103
1.6909266029847103
1.7023019501327556
1.7129272743919186
1.7230525833918273
1.7331778923917356
1.7428031861323894
1.7510534379100926
1.758803674428541
1.7660538956877345
1.7720540787987915
1.7773042390209661
1.7821793877986998
1.7843044526505327
1.7858044984282968
1.7861795098727378
1.7861795098727378
1.7835544297616506
1.7808043458357494
1.7771792352061526
1.7720540787987915
1.7651788689840389
1.7590536820581684
1.751178441724906
1.7429281899472029
1.733427900021363
1.7236776024658955
1.7141773125400557
1.7039269997253335
1.6953017365031893
1.684676412244026
1.6758011413922544
1.6675508896145512
1.6588006225775933
1.651800408948027
1.6453002105777155
1.6405500656147955
1.6356749168370617
1.633174840540788
1.632424817651906
1.6327998290963468
1.6341748710592976
1.6374249702444532
1.6409250770592365
1.644675191503647
1.6498003479110082
1.6548005005035553
1.6601756645405439
1.6655508285775322
1.671676015503403
1.6761761528366956
1.6791762443922238
1.6820513321329387
1.6835513779107028
1.6840513931699574
1.6820513321329387
1.6778012024292734
1.6730510574663533
1.6665508590960418
1.6581756035035249
1.6496753440961944
1.640300057985168
1.6302997528000733
1.6192994170964692
1.6077990661336101
1.5956736960966826
1.5831733146153144
1.570547929319132
1.557172521134068
1.544047120578631
1.5284216437269205
1.5122961516159552
1.4926705526902067
1.4702948698385572
1.4464191412091434
1.4232934354686118
1.4042928556169316
1.3931675160985137
1.3929175084688865
1.4080429700613422
1.4445440839869381
1.5046709189123204
1.588048463393048
1.6920516373180334
1.8115552842799159
1.9396841944639422
2.061562913907285
2.157690847499008
2.2139425641651664
2.225067903683584
2.188566789757988
2.1035641956846827
1.9868106326487014
1.8536815698721276
1.7206775109103671
1.598673787652211
1.4970456862086856
1.4197933286538287
1.3679167455061494
1.3410409253212072
1.3365407879879148
1.3490411694692832
1.3726668904690695
1.4021677907650991
1.4335437482833338
1.4621696218756677
1.4895454573198645
1.510796105838191
1.5274216132084109
1.5426720786156805
1.5537974181340983
1.5639227271340068
1.5737980285042878
1.5830483108005005
1.5929236121707817
1.6012988677632984
1.6112991729483932
1.6224245124668113
1.633549851985229
1.644675191503647
1.6570505691702018
1.6679259010589922
1.6793012482070377
1.6906765953550829
1.7023019501327556
1.712802270577105
1.7231775872066408
1.7340529190954315
1.7420531632435072
1.751178441724906
1.7590536820581684
1.7661788995025482
1.7720540787987915
1.7778042542802208
1.7819293801690725
1.7844294564653462
1.7866795251319927
1.7866795251319927
1.7859295022431105
1.7838044373912778
1.7815543687246316
1.776679219946898
1.7715540635395368
1.766303903317362
1.7590536820581684
1.7509284340952787
1.742178167058321
1.733427900021363
1.7238026062807095
1.7136772972808008
1.703676992095706
1.6936766869106112
1.6845514084292124
1.6754261299478135
1.6666758629108556
1.6591756340220343
1.6515504013183995
1.6456752220221567
1.6401750541703544
1.6360499282815029
1.6332998443556017
1.6325498214667196
1.6327998290963468
1.634299874874111
1.6374249702444532
1.6408000732444226
1.6449251991332745
1.6500503555406356
1.6550505081331828
1.659800653096103
1.6658008362071597
1.671301004058962
1.675551133762627
1.6793012482070377
1.6816763206884975
1.6836763817255165
1.6844264046143986
1.681926328318125
1.6780512100589007
1.6728010498367258
1.6663008514664144
1.6581756035035249
1.6500503555406356
1.6398000427259134
1.629674733726005
1.6187994018372145
1.6069240394299142
1.5952986846522417
1.5830483108005005
1.5699229102450638
1.5569225135044404
1.5426720786156805
1.5287966551713614
1.5114211249122593
1.4919205298013245
1.4694198431348613
1.44529410687582
1.4227934202093568
1.4031678212836085
1.3924174932096316
1.392667500839259
1.409793023468734
1.447294167912839
1.5079210180974763
1.592423596911527
1.6975518051698355
1.8176804712057864
1.9455593737601855
2.0671880855739007
2.16181597338786
2.215192602313303
2.224567888424329
2.184691671498764
2.0981890316476943
1.9788103885006256
1.8460563371684928
1.7138023010956145
1.5929236121707817
1.4920455336161382
1.4162932218390454
1.3651666615802482
1.340290902432325
1.3370408032471695
1.3507912228766747
1.3741669362468338
1.4040428479873044
1.4349187902462845
1.4646696981719414
1.4907954954680014
1.5120461439863278
1.5287966551713614
1.5427970824304942
1.554797448652608
1.5649227576525162
1.5744230475783563
1.5836733298745689
1.5926736045411543
1.6025489059114353
1.6124242072817165
1.6235495468001342
1.634424878688925
1.6451752067629017
1.6566755577257606
1.6683009125034334
1.6798012634662924
1.6913016144291515
1.702926969206824
1.7143023163548692
1.7234275948362683
1.7333028962065493
1.742553178502762
1.7510534379100926
1.7590536820581684
1.7666789147618032
1.772179082613605
1.7779292580950348
1.7821793877986998
1.783679433576464
1.7861795098727378
1.7868045289468062
1.7853044831690421
1.7841794488357188
1.7810543534653769
1.776679219946898
1.772304086428419
1.765803888058107
1.7583036591692862
1.7508034302804651
1.7414281441694388
1.7329278847621081
1.7230525833918273
1.713177282021546
1.704052003540147
1.6941767021698662
1.6841763969847714
1.675176122318186
1.666425855281228
1.6588006225775933
1.651050386059145
1.645050202948088
1.6401750541703544
1.635924924466689
1.633549851985229
1.6321748100222786
1.6327998290963468
1.6341748710592976
1.637549974059267
1.6420501113925596
1.6453002105777155
1.6501753593554491
1.6553005157628102
1.660550675984985
1.6658008362071597
1.671301004058962
1.675551133762627
1.6794262520218513
1.6824263435773796
1.6834263740958892
1.6834263740958892
1.6818013245033114
1.6783012176885281
1.6724260383922849
1.6658008362071597
1.6583006073183386
1.6493003326517535
1.6409250770592365
1.6309247718741418
1.6186743980224005
1.607049043244728
1.5949236732078005
1.5821732840968048
1.5696729026154363
1.5560474868007448
1.5425470748008667
1.5279216284676658
1.510796105838191
1.4911705069124424
1.4689198278756064
1.4449190954313793
1.4217933896908477
1.4029178136539813
1.392667500839259
1.3929175084688865
1.409793023468734
1.4490442213202308
1.5096710715048678
1.594798669392987
1.7004268929105502
1.820555558946501
1.9491844843897823
2.069563158055361
2.163691030610065
2.2156926175725578
2.223942869350261
2.1839416486098817
2.0955639515366067
1.9773103427228613
1.8436812646870329
1.7115522324289683
1.5901735282448806
1.490545487838374
1.414918179876095
1.3654166692098757
1.3406659138767663
1.337290810876797
1.3514162419507432
1.3742919400616473
1.4044178594317454
1.4351687978759118
1.4646696981719414
1.4907954954680014
1.5121711478011413
1.5294216742454299
1.5432970976897489
1.5537974181340983
1.5646727500228887
1.5741730399487288
1.5836733298745689
1.5921735892818996
1.6017988830225531
1.6122992034669026
1.622924527726066
1.634424878688925
1.6443001800592059
1.6570505691702018
1.6686759239478743
1.6804262825403606
1.6919266335032197
1.702551957762383
1.7135522934659873
1.7246776329844051
1.7338029114658042
1.743678212836085
1.7509284340952787
1.759553697317423
1.7665539109469892
1.77267909787286
1.7780542619098483
1.7813043610950041
1.7854294869838556
1.7861795098727378
1.7858044984282968
1.7855544907986696
1.7846794640949737
1.7810543534653769
1.777054231391339
1.7715540635395368
1.7653038727988526
1.7581786553544725
1.751178441724906
1.7415531479842525
1.7325528733176672
1.7229275795770134
1.7123022553178504
1.7045520187994019
1.6933016754661703
1.6840513931699574
1.6758011413922544
1.6678008972441787
1.6600506607257304
1.6508003784295175
1.6449251991332745
1.6401750541703544
1.6347998901333658
1.633174840540788
1.6329248329111608
1.6326748252815333
1.6345498825037386
1.6376749778740807
1.6409250770592365
1.6454252143925292
1.6500503555406356
1.6549255043183693
1.6601756645405439
1.666050843836787
1.671176000244148
1.6758011413922544
1.679926267281106
1.6824263435773796
1.6838013855403302
1.6836763817255165
1.681926328318125
1.677926206244087
1.6723010345774711
1.6655508285775322
1.6583006073183386
1.649425336466567
1.639550035096286
1.629674733726005
1.6179243751335184
1.6066740318002868
1.5940486465041048
1.5822982879116183
1.5689228797265542
1.5556724753563036
1.5425470748008667
1.5280466322824793
1.5105460982085634
1.4899204687643055
1.468419812616352
1.443794061098056
1.4217933896908477
1.4026678060243538
1.3922924893948179
1.3931675160985137
1.4107930539872433
1.449294228949858
1.5117961363567003
1.5969237342448195
1.7028019653920103
1.8229306314279612
1.951684560686056
2.071813226722007
2.1645660573137606
2.21644264046144
2.2234428540910063
2.1820665913876764
2.094438917203284
1.9744352549821467
1.8410561845759452
1.709177159947508
1.58879848628193
1.4902954802087467
1.4144181646168401
1.3644166386913665
1.3396658833582569
1.3374158146916104
1.3509162266914885
1.3750419629505295
1.4046678670613728
1.435918820764794
1.465169713431196
1.4911705069124424
1.5129211706900234
1.5294216742454299
1.5427970824304942
1.5552974639118626
1.56504776146733
1.57454805139317
1.5839233375041963
1.5921735892818996
1.6020488906521806
1.6126742149113438
1.6230495315408795
1.6337998596148564
1.647050263985107
1.6575505844294565
1.6689259315775018
1.6798012634662924
1.6918016296884062
1.7028019653920103
1.7138023010956145
1.7230525833918273
1.7339279152806177
1.7428031861323894
1.7518034607989748
1.759553697317423
1.7670539262062441
1.7729291055024872
1.7784292733542895
1.7819293801690725
1.7846794640949737
1.7863045136875517
1.7864295175023652
1.7855544907986696
1.7838044373912778
1.7809293496505632
1.7771792352061526
1.772179082613605
1.76555388042848
1.7584286629841
1.750428418836024
1.74180315561388
1.732677877132481
1.7229275795770134
1.7129272743919186
1.7028019653920103
1.6930516678365428
1.683926389355144
1.6750511185033723
1.6663008514664144
1.6584256111331521
1.6513003936887722
1.6453002105777155
1.640300057985168
1.635924924466689
1.6330498367259743
1.6330498367259743
1.6329248329111608
1.634424878688925
1.6377999816888944
1.6409250770592365
1.644675191503647
1.6500503555406356
1.6548005005035553
1.6604256721701711
1.666050843836787
1.671301004058962
1.675551133762627
1.6794262520218513
1.683051362651448
1.6838013855403302
1.6835513779107028
1.6816763206884975
1.6780512100589007
1.6723010345774711
1.6663008514664144
1.657800592059084
1.6486753135776848
1.639550035096286
1.6289247108371228
1.6182993865779596
1.6067990356151007
1.5949236732078005
1.582923306985687
1.569422894985809
1.5562974944303722
1.5432970976897489
1.5274216132084109
1.5109211096530044
1.4911705069124424
1.4689198278756064
1.4441690725424972
1.4221684011352886
1.4032928250984222
1.3922924893948179
1.3932925199133275
1.4102930387279886
1.4487942136906033
1.5096710715048678
1.5950486770226142
1.699676870021668
1.8200555436872463
1.9480594500564592
2.0693131504257334
2.1628160039063693
2.2158176213873713
2.224692892239143
2.184691671498764
2.0969389934995575
1.97793536179693
1.845181310464797
1.7121772515030367
1.5917985778374584
1.4921705374309517
1.416043214209418
1.3664166997283853
1.340290902432325
1.338040833765679
1.351166234321116
1.3741669362468338
1.4039178441724907
1.4347937864314706
1.465169713431196
1.4904204840235602
1.511921140171514
1.528546647541734
1.5431720938749351
1.5549224524674214
1.5647977538377027
1.5739230323191016
1.58404834131901
1.5930486159855952
1.6021738944669943
1.6120491958372754
1.622924527726066
1.6337998596148564
1.6454252143925292
1.6573005767998292
1.6684259163182469
1.6800512710959197
1.6915516220587787
1.7028019653920103
1.7126772667622914
1.723552598651082
1.7340529190954315
1.7423031708731347
1.7510534379100926
1.7598037049470505
1.7664289071321757
1.7724290902432325
1.777054231391339
1.7818043763542588
1.7850544755394149
1.786554521317179
1.7866795251319927
1.7860545060579243
1.7841794488357188
1.7811793572801906
1.7771792352061526
1.7716790673543503
1.7653038727988526
1.7593036896877956
1.7506784264656514
1.741678151799066
1.733052888576922
1.7233025910214546
1.7129272743919186
1.7033019806512648
1.6933016754661703
1.6849264198736535
1.6749261146885588
1.6666758629108556
1.6586756187627796
1.651425397503586
1.645050202948088
1.639925046540727
1.6360499282815029
1.6334248481704154
1.6329248329111608
1.6326748252815333
1.6340498672444839
1.6372999664296397
1.640675069429609
1.6460502334665976
1.6495503402813807
1.6551755119479965
1.6603006683553576
1.6658008362071597
1.671176000244148
1.6754261299478135
1.6794262520218513
1.6823013397625661
1.6845514084292124
1.6834263740958892
1.6821763359477524
1.6773011871700187
1.6721760307626576
1.6655508285775322
1.6581756035035249
1.6496753440961944
1.639925046540727
1.6289247108371228
1.6197994323557239
1.6067990356151007
1.595173680837428
1.5826732993560595
