1.6603006683553576
1.6595506454664755
1.659800653096103
1.6590506302072208
1.6596756492812892
1.6591756340220343
1.6594256416516617
1.6594256416516617
1.6595506454664755
1.6594256416516617
1.659800653096103
1.6596756492812892
1.6593006378368482
1.658550614947966
1.658550614947966
1.658550614947966
1.6575505844294565
1.6584256111331521
1.6580505996887114
1.6579255958738974
1.657800592059084
1.6576755882442702
1.6574255806146427
1.6575505844294565
1.656925565355388
1.656550553910947
1.6560505386516924
1.656550553910947
1.6571755729850153
1.656550553910947
1.6575505844294565
1.656925565355388
1.6566755577257606
1.656925565355388
1.6566755577257606
1.6566755577257606
1.6571755729850153
1.6574255806146427
1.6568005615405743
1.6574255806146427
1.6575505844294565
1.6579255958738974
1.657800592059084
1.6581756035035249
1.6574255806146427
1.6574255806146427
1.6571755729850153
1.6570505691702018
1.6568005615405743
1.656925565355388
1.6570505691702018
1.6571755729850153
1.656925565355388
1.656550553910947
1.6559255348368787
1.655800531022065
1.6549255043183693
1.6555505233924375
1.6548005005035553
1.6550505081331828
1.654550492873928
1.654550492873928
1.653800469985046
1.6536754661702324
1.6529254432813503
1.6524254280220954
1.6519254127628407
1.651800408948027
1.651800408948027
1.6521754203924681
1.6523004242072816
1.6533004547257912
1.6553005157628102
1.6564255500961331
1.6591756340220343
1.6614257026886807
1.6638007751701407
1.6661758476516009
1.667675893429365
1.6690509353923155
1.6681759086886196
1.66717587817011
1.6643007904293954
1.6623007293923764
1.6595506454664755
1.656550553910947
1.6541754814294871
1.6524254280220954
1.6515504013183995
1.6506753746147038
1.6506753746147038
1.6506753746147038
1.651425397503586
1.6515504013183995
1.6523004242072816
1.6529254432813503
1.653425458540605
1.6531754509109775
1.6543004852443006
1.653800469985046
1.6544254890591144
1.6548005005035553
1.6556755272072514
1.6555505233924375
1.6559255348368787
1.655800531022065
1.6556755272072514
1.6559255348368787
1.656550553910947
1.6566755577257606
1.6571755729850153
1.6575505844294565
1.657800592059084
1.6576755882442702
1.658550614947966
1.657800592059084
1.658550614947966
1.6583006073183386
1.6588006225775933
1.6590506302072208
1.6593006378368482
1.6593006378368482
1.6596756492812892
1.659800653096103
1.6594256416516617
1.6591756340220343
1.6595506454664755
1.6586756187627796
1.6591756340220343
1.6595506454664755
1.6591756340220343
1.659800653096103
1.6600506607257304
1.659800653096103
1.6594256416516617
1.6588006225775933
1.6584256111331521
1.658550614947966
1.6583006073183386
1.6584256111331521
1.6580505996887114
1.6576755882442702
1.6573005767998292
1.6579255958738974
1.6571755729850153
1.6574255806146427
1.6568005615405743
1.6564255500961331
1.656550553910947
1.6568005615405743
1.6564255500961331
1.6564255500961331
1.656925565355388
1.6568005615405743
1.656925565355388
1.6561755424665061
1.6568005615405743
1.6563005462813196
1.6566755577257606
1.6566755577257606
1.6570505691702018
1.6568005615405743
1.6571755729850153
1.658550614947966
1.6575505844294565
1.6574255806146427
1.6575505844294565
1.6574255806146427
1.6571755729850153
1.6570505691702018
1.6570505691702018
1.6574255806146427
1.656550553910947
1.6570505691702018
1.6570505691702018
1.6564255500961331
1.6559255348368787
1.6559255348368787
1.6555505233924375
1.6551755119479965
1.6549255043183693
1.6549255043183693
1.6540504776146734
1.6550505081331828
1.6541754814294871
1.653800469985046
1.6530504470961638
1.6524254280220954
1.6521754203924681
1.6516754051332134
1.651800408948027
1.6515504013183995
1.652550431836909
1.653425458540605
1.6553005157628102
1.656925565355388
1.6591756340220343
1.6615507065034945
1.6641757866145819
1.6659258400219734
1.6684259163182469
1.6685509201330608
1.6683009125034334
1.66717587817011
1.66480080568865
1.6620507217627492
1.6594256416516617
1.6566755577257606
1.6544254890591144
1.6524254280220954
1.651425397503586
1.6511753898739585
1.6505503707998903
1.6509253822443313
1.6520504165776544
1.6521754203924681
1.6523004242072816
1.6531754509109775
1.6529254432813503
1.6535504623554185
1.6541754814294871
1.654550492873928
1.654550492873928
1.6550505081331828
1.6560505386516924
1.6550505081331828
1.655425519577624
1.6553005157628102
1.655425519577624
1.655800531022065
1.6564255500961331
1.656550553910947
1.6566755577257606
1.656925565355388
1.6575505844294565
1.657800592059084
1.6579255958738974
1.6580505996887114
1.6580505996887114
1.6580505996887114
1.6588006225775933
1.6594256416516617
1.6590506302072208
1.658925626392407
1.6593006378368482
1.659800653096103
1.6595506454664755
1.659800653096103
1.6593006378368482
1.6591756340220343
1.6596756492812892
1.659800653096103
1.6593006378368482
1.6594256416516617
1.6595506454664755
1.6595506454664755
1.658925626392407
1.6591756340220343
1.6586756187627796
1.658550614947966
1.657800592059084
1.6593006378368482
1.658550614947966
1.6579255958738974
1.6574255806146427
1.6579255958738974
1.6571755729850153
1.6568005615405743
1.656925565355388
1.6566755577257606
1.655800531022065
1.6568005615405743
1.6566755577257606
1.6564255500961331
1.6566755577257606
1.6568005615405743
1.6564255500961331
1.6571755729850153
1.6566755577257606
1.656550553910947
1.656550553910947
1.656925565355388
1.656925565355388
1.6581756035035249
1.6574255806146427
1.657800592059084
1.657800592059084
1.657800592059084
1.6579255958738974
1.6576755882442702
1.657800592059084
1.6573005767998292
1.6576755882442702
1.6573005767998292
1.6570505691702018
1.656925565355388
1.6566755577257606
1.6563005462813196
1.6561755424665061
1.656925565355388
1.6546754966887418
1.6559255348368787
1.6550505081331828
1.6549255043183693
1.6541754814294871
1.6549255043183693
1.6550505081331828
1.6533004547257912
1.6528004394665363
1.6524254280220954
1.6516754051332134
1.6515504013183995
1.651425397503586
1.6513003936887722
1.6526754356517228
1.653800469985046
1.6553005157628102
1.6573005767998292
1.6586756187627796
1.6615507065034945
1.6644257942442091
1.6655508285775322
1.6675508896145512
1.6678008972441787
1.6678008972441787
1.6666758629108556
1.66480080568865
1.6623007293923764
1.6591756340220343
1.656550553910947
1.6544254890591144
1.6529254432813503
1.6506753746147038
1.6506753746147038
1.6501753593554491
1.6508003784295175
1.6521754203924681
1.651800408948027
1.6521754203924681
1.6529254432813503
1.6535504623554185
1.6543004852443006
1.6546754966887418
1.6544254890591144
1.6544254890591144
1.655425519577624
1.6555505233924375
1.6559255348368787
1.6553005157628102
1.656550553910947
1.6559255348368787
1.6559255348368787
1.6561755424665061
1.6568005615405743
1.6571755729850153
1.6576755882442702
1.6570505691702018
1.6576755882442702
1.6574255806146427
1.6580505996887114
1.658550614947966
1.6580505996887114
1.658550614947966
1.6584256111331521
1.6591756340220343
1.6591756340220343
1.6590506302072208
1.6599256569109164
1.6593006378368482
1.6596756492812892
1.6603006683553576
1.6595506454664755
1.6595506454664755
1.6591756340220343
1.6594256416516617
1.6593006378368482
1.659800653096103
1.6599256569109164
1.6600506607257304
1.6580505996887114
1.6588006225775933
1.6580505996887114
1.6576755882442702
1.6581756035035249
1.6581756035035249
1.6579255958738974
1.6575505844294565
1.6576755882442702
1.6576755882442702
1.6571755729850153
1.6571755729850153
1.6568005615405743
1.6563005462813196
1.6566755577257606
1.6563005462813196
1.656925565355388
1.656550553910947
1.6566755577257606
1.656925565355388
1.6561755424665061
1.6568005615405743
1.656925565355388
1.656925565355388
1.6564255500961331
1.6573005767998292
1.6573005767998292
1.6573005767998292
1.657800592059084
1.6575505844294565
1.6580505996887114
1.6579255958738974
1.657800592059084
1.6576755882442702
1.6570505691702018
1.6566755577257606
1.6568005615405743
1.6568005615405743
1.6566755577257606
1.6568005615405743
1.6561755424665061
1.6561755424665061
1.6561755424665061
1.6550505081331828
1.6555505233924375
1.6551755119479965
1.6550505081331828
1.654550492873928
1.6549255043183693
1.6539254737998597
1.6531754509109775
1.6530504470961638
1.6524254280220954
1.6521754203924681
1.6515504013183995
1.652550431836909
1.6516754051332134
1.6526754356517228
1.653425458540605
1.6550505081331828
1.656925565355388
1.6584256111331521
1.6618007141331217
1.6645507980590228
1.6659258400219734
1.667300881984924
1.6684259163182469
1.6679259010589922
1.666800866725669
1.664925809503464
1.6621757255775629
1.6600506607257304
1.6570505691702018
1.654550492873928
1.652550431836909
1.6516754051332134
1.651050386059145
1.6506753746147038
1.6508003784295175
1.6515504013183995
1.6521754203924681
1.6519254127628407
1.6530504470961638
1.6533004547257912
1.6535504623554185
1.6541754814294871
1.6544254890591144
1.6549255043183693
1.6551755119479965
1.655425519577624
1.6559255348368787
1.6553005157628102
1.655800531022065
1.6556755272072514
1.655425519577624
1.655800531022065
1.6566755577257606
1.6570505691702018
1.6571755729850153
1.6574255806146427
1.6574255806146427
1.657800592059084
1.6575505844294565
1.6579255958738974
1.6574255806146427
1.6580505996887114
1.658925626392407
1.658925626392407
1.6591756340220343
1.6594256416516617
1.659800653096103
1.6596756492812892
1.6591756340220343
1.6590506302072208
1.6594256416516617
1.6599256569109164
1.6595506454664755
1.659800653096103
1.6596756492812892
1.6591756340220343
1.6596756492812892
1.6593006378368482
1.6591756340220343
1.658925626392407
1.6581756035035249
1.6581756035035249
1.6580505996887114
1.6583006073183386
1.6580505996887114
1.657800592059084
1.6579255958738974
1.6575505844294565
1.656925565355388
1.6568005615405743
1.656925565355388
1.6566755577257606
1.6564255500961331
1.6563005462813196
1.6561755424665061
1.656550553910947
1.6568005615405743
1.6568005615405743
1.6568005615405743
1.656925565355388
1.6568005615405743
1.6566755577257606
1.6568005615405743
1.6576755882442702
1.6573005767998292
1.6575505844294565
1.6574255806146427
1.6574255806146427
1.6575505844294565
1.6573005767998292
1.6576755882442702
1.6571755729850153
1.6568005615405743
1.6573005767998292
1.6570505691702018
1.6573005767998292
1.6575505844294565
1.6566755577257606
1.6566755577257606
1.6560505386516924
1.6563005462813196
1.6555505233924375
1.6556755272072514
1.6549255043183693
1.6560505386516924
1.6541754814294871
1.6539254737998597
1.6544254890591144
1.6531754509109775
1.6530504470961638
1.652550431836909
1.6519254127628407
1.6515504013183995
1.6516754051332134
1.652550431836909
1.652550431836909
1.6531754509109775
1.6548005005035553
1.6568005615405743
1.6591756340220343
1.6620507217627492
1.6636757713553272
1.6658008362071597
1.6670508743552965
1.6679259010589922
1.6684259163182469
1.6669258705404828
1.6646758018738366
1.6624257332071901
1.6599256569109164
1.6566755577257606
1.6543004852443006
1.652550431836909
1.6509253822443313
1.6509253822443313
1.6506753746147038
1.6503003631702629
1.651800408948027
1.651425397503586
1.6513003936887722
1.6528004394665363
1.653425458540605
1.6533004547257912
1.6543004852443006
1.6544254890591144
1.6551755119479965
1.654550492873928
1.6559255348368787
1.655425519577624
1.6553005157628102
1.6553005157628102
1.6560505386516924
1.656550553910947
1.6561755424665061
1.6568005615405743
1.656925565355388
1.657800592059084
1.6579255958738974
1.657800592059084
1.6581756035035249
1.6584256111331521
1.6590506302072208
1.6580505996887114
1.6583006073183386
1.658550614947966
1.6591756340220343
1.658925626392407
1.6594256416516617
1.6596756492812892
1.6591756340220343
1.6596756492812892
1.6596756492812892
1.6594256416516617
1.6590506302072208
1.6596756492812892
1.659800653096103
1.6596756492812892
1.6600506607257304
1.6595506454664755
1.6594256416516617
1.6584256111331521
1.6588006225775933
1.6583006073183386
1.6576755882442702
1.6580505996887114
1.6579255958738974
1.6576755882442702
1.6576755882442702
1.657800592059084
1.6575505844294565
1.6570505691702018
1.6568005615405743
1.6574255806146427
1.6564255500961331
1.656550553910947
1.6571755729850153
1.656550553910947
1.656550553910947
1.6574255806146427
1.6580505996887114
1.6559255348368787
1.6574255806146427
1.656925565355388
1.6563005462813196
1.6566755577257606
1.6573005767998292
1.6570505691702018
1.6574255806146427
1.6573005767998292
1.657800592059084
1.6574255806146427
1.6580505996887114
1.6576755882442702
1.6574255806146427
1.6576755882442702
1.6571755729850153
1.6573005767998292
1.6573005767998292
1.656550553910947
1.6568005615405743
1.6563005462813196
1.655800531022065
1.6559255348368787
1.655425519577624
1.655425519577624
1.6549255043183693
1.6548005005035553
1.6549255043183693
1.6540504776146734
1.653800469985046
1.6541754814294871
1.6530504470961638
1.652550431836909
1.6515504013183995
1.6511753898739585
1.6515504013183995
1.6516754051332134
1.6523004242072816
1.653425458540605
1.6551755119479965
1.6570505691702018
1.6590506302072208
1.6616757103183082
1.6634257637256997
1.6659258400219734
1.6674258857997375
1.6689259315775018
1.6684259163182469
1.6665508590960418
1.6646758018738366
1.6626757408368176
1.659800653096103
1.656550553910947
1.6548005005035553
1.6524254280220954
1.6515504013183995
1.651050386059145
1.6508003784295175
1.6505503707998903
1.6515504013183995
1.6519254127628407
1.6523004242072816
1.6524254280220954
1.653425458540605
1.6533004547257912
1.653800469985046
1.6546754966887418
1.6548005005035553
1.6551755119479965
1.6550505081331828
1.655425519577624
1.6553005157628102
1.655425519577624
1.6560505386516924
1.6551755119479965
1.6566755577257606
1.6568005615405743
1.6584256111331521
1.6573005767998292
1.6576755882442702
1.657800592059084
1.657800592059084
1.6583006073183386
1.6579255958738974
1.6583006073183386
1.6581756035035249
1.6588006225775933
1.6590506302072208
1.659800653096103
1.6591756340220343
1.659800653096103
1.660550675984985
1.658925626392407
1.6593006378368482
1.6595506454664755
1.6594256416516617
1.658925626392407
1.6599256569109164
1.6591756340220343
1.6594256416516617
1.6593006378368482
1.6594256416516617
1.6590506302072208
1.6586756187627796
1.6586756187627796
1.6579255958738974
1.657800592059084
1.658550614947966
1.6579255958738974
1.6579255958738974
1.658550614947966
1.6579255958738974
1.6579255958738974
1.656550553910947
1.6568005615405743
1.6564255500961331
1.656550553910947
1.656550553910947
1.6564255500961331
1.656550553910947
1.6571755729850153
1.6570505691702018
1.6568005615405743
1.6564255500961331
1.6573005767998292
1.6568005615405743
1.656925565355388
1.6574255806146427
1.6573005767998292
1.657800592059084
1.657800592059084
1.6575505844294565
1.657800592059084
1.6573005767998292
1.6574255806146427
1.6574255806146427
1.6570505691702018
1.6571755729850153
1.6570505691702018
1.656925565355388
1.6574255806146427
1.6570505691702018
1.6555505233924375
1.656925565355388
1.6555505233924375
1.6550505081331828
1.6546754966887418
1.6546754966887418
1.6549255043183693
1.6544254890591144
1.6541754814294871
1.6540504776146734
1.6536754661702324
1.6536754661702324
1.6528004394665363
1.6520504165776544
1.6515504013183995
1.651050386059145
1.6519254127628407
1.6526754356517228
1.6535504623554185
1.6549255043183693
1.656925565355388
1.658925626392407
1.6615507065034945
1.6640507827997681
1.6658008362071597
1.6674258857997375
1.6684259163182469
1.6681759086886196
1.666800866725669
1.6656758323923462
1.6619257179479354
1.6590506302072208
1.6576755882442702
1.6548005005035553
1.6529254432813503
1.6519254127628407
1.651050386059145
1.6505503707998903
1.6505503707998903
1.651425397503586
1.651800408948027
1.6526754356517228
1.6526754356517228
1.6533004547257912
1.653425458540605
1.6535504623554185
1.6551755119479965
1.6546754966887418
1.6551755119479965
1.655800531022065
1.6555505233924375
1.6555505233924375
1.6560505386516924
1.6568005615405743
1.6560505386516924
1.6559255348368787
1.6566755577257606
1.656925565355388
1.6573005767998292
1.6575505844294565
1.6573005767998292
1.6579255958738974
1.6588006225775933
1.6580505996887114
1.6579255958738974
1.6581756035035249
1.6588006225775933
1.6594256416516617
1.6588006225775933
1.6591756340220343
1.659800653096103
1.6601756645405439
1.6594256416516617
1.659800653096103
1.6594256416516617
1.6590506302072208
1.6596756492812892
1.6590506302072208
1.6591756340220343
1.6594256416516617
1.6603006683553576
1.6593006378368482
1.6590506302072208
1.6590506302072208
1.6588006225775933
1.6580505996887114
1.6581756035035249
1.6581756035035249
1.6575505844294565
1.6574255806146427
1.6579255958738974
1.6571755729850153
1.6571755729850153
1.656925565355388
1.6566755577257606
1.6560505386516924
1.6560505386516924
1.6564255500961331
1.6566755577257606
1.656550553910947
1.6564255500961331
1.6568005615405743
1.656550553910947
1.6566755577257606
1.6568005615405743
1.6566755577257606
1.656550553910947
1.656550553910947
1.6575505844294565
1.6575505844294565
1.6575505844294565
1.657800592059084
1.657800592059084
1.657800592059084
1.6571755729850153
1.6571755729850153
1.6568005615405743
1.6571755729850153
1.6568005615405743
1.6571755729850153
1.6570505691702018
1.656925565355388
1.6556755272072514
1.6555505233924375
1.6553005157628102
1.655800531022065
1.6549255043183693
1.6549255043183693
1.6543004852443006
1.6546754966887418
1.6543004852443006
1.6548005005035553
1.653425458540605
1.6528004394665363
1.652550431836909
1.6520504165776544
1.6513003936887722
1.6513003936887722
1.6528004394665363
1.6523004242072816
1.6531754509109775
1.6550505081331828
1.656925565355388
1.6590506302072208
1.6614257026886807
1.6634257637256997
1.666050843836787
1.6669258705404828
1.6681759086886196
1.6685509201330608
1.6666758629108556
1.664925809503464
1.6624257332071901
1.6588006225775933
1.6568005615405743
1.6546754966887418
1.6528004394665363
1.6515504013183995
1.6505503707998903
1.651800408948027
1.6509253822443313
1.6511753898739585
1.651800408948027
1.652550431836909
1.652550431836909
1.6536754661702324
1.653800469985046
1.6541754814294871
1.654550492873928
1.6541754814294871
1.6551755119479965
1.655800531022065
1.655800531022065
1.6556755272072514
1.656550553910947
1.6560505386516924
1.6559255348368787
1.6564255500961331
1.6566755577257606
1.656925565355388
1.6573005767998292
1.6571755729850153
1.6574255806146427
1.6579255958738974
1.6586756187627796
1.6581756035035249
1.6583006073183386
1.6583006073183386
1.6584256111331521
1.6588006225775933
1.6590506302072208
1.6593006378368482
1.6595506454664755
1.659800653096103
1.6593006378368482
1.6601756645405439
1.6594256416516617
1.6593006378368482
1.659800653096103
1.6601756645405439
1.6594256416516617
1.6593006378368482
1.6593006378368482
1.6599256569109164
1.6584256111331521
1.6588006225775933
1.6588006225775933
1.6581756035035249
1.6581756035035249
1.6584256111331521
1.6579255958738974
1.6575505844294565
1.6575505844294565
1.6575505844294565
1.6575505844294565
1.6575505844294565
1.6570505691702018
1.6559255348368787
1.6564255500961331
1.6566755577257606
1.656550553910947
1.656550553910947
1.6570505691702018
1.6566755577257606
1.6566755577257606
1.6568005615405743
1.6566755577257606
1.6559255348368787
1.6573005767998292
1.6570505691702018
1.6571755729850153
1.656925565355388
1.6575505844294565
1.6583006073183386
1.6571755729850153
1.6576755882442702
1.6570505691702018
1.6574255806146427
1.6566755577257606
1.6573005767998292
1.6568005615405743
1.6573005767998292
1.6570505691702018
1.6568005615405743
1.6566755577257606
1.656550553910947
1.6559255348368787
1.655425519577624
1.6553005157628102
1.6541754814294871
1.6550505081331828
1.6541754814294871
1.6543004852443006
1.6536754661702324
1.6536754661702324
1.6533004547257912
1.6524254280220954
1.6521754203924681
1.6513003936887722
1.6520504165776544
1.651800408948027
1.6524254280220954
1.6536754661702324
1.6553005157628102
1.6570505691702018
1.6588006225775933
1.6614257026886807
1.6639257789849544
1.6656758323923462
1.6675508896145512
1.6686759239478743
1.668050904873806
1.6665508590960418
1.6651758171330913
1.6623007293923764
1.659800653096103
1.656550553910947
1.654550492873928
1.6521754203924681
1.6508003784295175
1.6509253822443313
1.6504253669850764
1.6508003784295175
1.651425397503586
1.6520504165776544
1.6524254280220954
1.6526754356517228
1.6528004394665363
1.6540504776146734
1.6540504776146734
1.654550492873928
1.6551755119479965
1.6553005157628102
1.6555505233924375
1.655800531022065
1.6556755272072514
1.6561755424665061
1.6560505386516924
1.6563005462813196
1.6561755424665061
1.6564255500961331
1.656925565355388
1.6568005615405743
1.6570505691702018
1.6573005767998292
1.657800592059084
1.658550614947966
1.6584256111331521
1.6584256111331521
1.6580505996887114
1.6593006378368482
1.6584256111331521
1.6588006225775933
1.6586756187627796
1.6596756492812892
1.6593006378368482
1.6595506454664755
1.659800653096103
1.6596756492812892
1.6593006378368482
1.6595506454664755
1.6603006683553576
1.6594256416516617
1.6593006378368482
1.6590506302072208
1.6593006378368482
1.6590506302072208
1.6586756187627796
1.6591756340220343
1.657800592059084
1.6576755882442702
1.657800592059084
1.6575505844294565
1.657800592059084
1.6579255958738974
1.6570505691702018
1.6570505691702018
1.6571755729850153
1.6561755424665061
1.6564255500961331
1.6560505386516924
1.6564255500961331
1.6563005462813196
1.6566755577257606
1.6566755577257606
1.6573005767998292
1.6566755577257606
1.656925565355388
1.656550553910947
1.6570505691702018
1.6568005615405743
1.6570505691702018
1.6576755882442702
1.6571755729850153
1.6576755882442702
1.6575505844294565
1.657800592059084
1.6574255806146427
1.6573005767998292
1.6570505691702018
1.6576755882442702
1.6571755729850153
1.657800592059084
1.656925565355388
1.6574255806146427
1.6573005767998292
1.6564255500961331
1.6560505386516924
1.6559255348368787
1.6560505386516924
1.6550505081331828
1.6550505081331828
1.654550492873928
1.654550492873928
1.6541754814294871
1.6543004852443006
1.653800469985046
1.6531754509109775
1.6526754356517228
1.6519254127628407
1.6513003936887722
1.6515504013183995
1.6520504165776544
1.6531754509109775
1.653425458540605
1.6549255043183693
1.6570505691702018
1.6590506302072208
1.6615507065034945
1.6638007751701407
1.6658008362071597
1.6675508896145512
1.6683009125034334
1.668050904873806
1.6669258705404828
1.665300820947905
1.6623007293923764
1.6595506454664755
1.6570505691702018
1.6536754661702324
1.6524254280220954
1.6511753898739585
1.6503003631702629
1.6505503707998903
1.651050386059145
1.652550431836909
1.6519254127628407
1.6523004242072816
1.6528004394665363
1.6533004547257912
1.653425458540605
1.6541754814294871
1.654550492873928
1.654550492873928
1.6549255043183693
1.6560505386516924
1.6553005157628102
1.655425519577624
1.655800531022065
1.6559255348368787
1.6556755272072514
1.6560505386516924
1.6566755577257606
1.6570505691702018
1.6573005767998292
1.6573005767998292
1.6581756035035249
1.657800592059084
1.6571755729850153
1.658550614947966
1.6584256111331521
1.6584256111331521
1.6583006073183386
1.658925626392407
1.6588006225775933
1.6590506302072208
1.6595506454664755
1.6594256416516617
1.6594256416516617
1.6594256416516617
1.6596756492812892
1.6593006378368482
1.6593006378368482
1.6594256416516617
1.6593006378368482
1.6596756492812892
1.6595506454664755
1.6593006378368482
1.6584256111331521
1.6588006225775933
1.6586756187627796
1.6579255958738974
1.6584256111331521
1.6581756035035249
1.6576755882442702
1.657800592059084
1.6580505996887114
1.6570505691702018
1.6574255806146427
1.6571755729850153
1.6566755577257606
1.6563005462813196
1.656550553910947
1.656550553910947
1.656550553910947
1.6559255348368787
1.6566755577257606
1.6568005615405743
1.656925565355388
1.6560505386516924
1.656925565355388
1.6568005615405743
1.656925565355388
1.6571755729850153
1.6571755729850153
1.6571755729850153
1.6576755882442702
1.658550614947966
1.6581756035035249
1.6576755882442702
1.6571755729850153
1.6575505844294565
1.6571755729850153
1.6568005615405743
1.6575505844294565
1.656925565355388
1.6570505691702018
1.656925565355388
1.6563005462813196
1.6555505233924375
1.6550505081331828
1.6556755272072514
1.6550505081331828
1.6560505386516924
1.654550492873928
1.6540504776146734
1.6543004852443006
1.6544254890591144
1.6536754661702324
1.6530504470961638
1.6526754356517228
1.6520504165776544
1.6515504013183995
1.651425397503586
1.6521754203924681
1.6524254280220954
1.6528004394665363
1.6553005157628102
1.6573005767998292
1.6590506302072208
1.6614257026886807
1.6635507675405132
1.6655508285775322
1.66717587817011
1.669300943021943
1.6685509201330608
1.666800866725669
1.6651758171330913
1.6625507370220038
1.6596756492812892
1.656925565355388
1.6548005005035553
1.6526754356517228
1.651425397503586
1.6509253822443313
1.6498003479110082
1.6505503707998903
1.6509253822443313
1.6516754051332134
1.6526754356517228
1.653425458540605
1.652550431836909
1.653425458540605
1.6536754661702324
1.654550492873928
1.655425519577624
1.6555505233924375
1.655425519577624
1.6555505233924375
1.6555505233924375
1.6556755272072514
1.6559255348368787
1.6556755272072514
1.655425519577624
1.6570505691702018
1.656925565355388
1.6570505691702018
1.6570505691702018
1.6584256111331521
1.6580505996887114
1.6580505996887114
1.6584256111331521
1.6581756035035249
1.6580505996887114
1.658550614947966
1.6594256416516617
1.6586756187627796
1.658925626392407
1.6594256416516617
1.6596756492812892
1.6595506454664755
1.6596756492812892
1.6594256416516617
1.6593006378368482
1.6595506454664755
1.6593006378368482
1.6600506607257304
1.6584256111331521
1.6600506607257304
1.6595506454664755
1.6581756035035249
1.6590506302072208
1.6588006225775933
1.6581756035035249
1.6579255958738974
1.6583006073183386
1.657800592059084
1.6580505996887114
1.6574255806146427
1.6571755729850153
1.656925565355388
1.656925565355388
1.6566755577257606
1.6564255500961331
1.6563005462813196
1.6561755424665061
1.6564255500961331
1.6566755577257606
1.6566755577257606
1.6570505691702018
1.6568005615405743
1.6570505691702018
1.656925565355388
1.6566755577257606
1.6570505691702018
1.6571755729850153
1.6571755729850153
1.6573005767998292
1.6575505844294565
1.6580505996887114
1.6575505844294565
1.6574255806146427
1.6575505844294565
1.6574255806146427
1.6570505691702018
1.656925565355388
1.6568005615405743
1.6568005615405743
1.656925565355388
1.6570505691702018
1.6563005462813196
1.656550553910947
1.655800531022065
1.655425519577624
1.6555505233924375
1.6550505081331828
1.6550505081331828
1.6548005005035553
1.6541754814294871
1.653800469985046
1.653800469985046
1.652550431836909
1.6524254280220954
1.651800408948027
1.6516754051332134
1.651050386059145
1.651425397503586
1.6524254280220954
1.653425458540605
1.6550505081331828
1.6566755577257606
1.658925626392407
1.6613006988738672
1.6639257789849544
1.6656758323923462
1.6674258857997375
1.6681759086886196
1.668050904873806
1.6670508743552965
1.6651758171330913
1.6624257332071901
1.6603006683553576
1.6568005615405743
1.6551755119479965
1.6524254280220954
1.651425397503586
1.651050386059145
1.6508003784295175
1.6503003631702629
1.6511753898739585
1.6519254127628407
1.6528004394665363
1.6524254280220954
1.6535504623554185
1.653800469985046
1.6536754661702324
1.6543004852443006
1.655425519577624
1.6555505233924375
1.6556755272072514
1.6563005462813196
1.6560505386516924
1.6561755424665061
1.6559255348368787
1.6561755424665061
1.6559255348368787
1.6566755577257606
1.657800592059084
1.656925565355388
1.6574255806146427
1.6576755882442702
1.6576755882442702
1.6581756035035249
1.6579255958738974
1.6583006073183386
1.6580505996887114
1.6583006073183386
1.658550614947966
1.658550614947966
1.6595506454664755
1.6596756492812892
1.6596756492812892
1.6594256416516617
1.6596756492812892
1.6595506454664755
1.6590506302072208
1.6595506454664755
1.6595506454664755
1.6590506302072208
1.6595506454664755
1.6595506454664755
1.6588006225775933
1.658925626392407
1.6595506454664755
1.6588006225775933
1.6584256111331521
1.6586756187627796
1.6580505996887114
1.6576755882442702
1.6574255806146427
1.6576755882442702
1.6573005767998292
1.6571755729850153
1.6563005462813196
1.6568005615405743
1.655800531022065
1.6563005462813196
1.656925565355388
1.6564255500961331
1.6556755272072514
1.6563005462813196
1.6568005615405743
1.6570505691702018
1.6566755577257606
1.6570505691702018
1.6568005615405743
1.656550553910947
1.6570505691702018
1.656550553910947
1.6574255806146427
1.6570505691702018
1.6575505844294565
1.6579255958738974
1.657800592059084
1.6574255806146427
1.6574255806146427
1.6571755729850153
1.6570505691702018
1.6570505691702018
1.656925565355388
1.6573005767998292
1.656925565355388
1.6563005462813196
1.655800531022065
1.6560505386516924
1.6559255348368787
1.6548005005035553
1.6548005005035553
1.6544254890591144
1.6546754966887418
1.6544254890591144
1.6541754814294871
1.6543004852443006
1.6521754203924681
1.6523004242072816
1.6521754203924681
1.651800408948027
1.6513003936887722
1.6513003936887722
1.6521754203924681
1.6533004547257912
1.654550492873928
1.656550553910947
1.6590506302072208
1.6610506912442398
1.6641757866145819
1.6658008362071597
1.6674258857997375
1.6683009125034334
1.6685509201330608
1.6666758629108556
1.6651758171330913
1.6626757408368176
1.6595506454664755
1.656550553910947
1.6546754966887418
1.6529254432813503
1.6516754051332134
1.651050386059145
1.6505503707998903
1.6509253822443313
1.6513003936887722
1.6523004242072816
1.6530504470961638
1.6526754356517228
1.6536754661702324
1.6536754661702324
1.6541754814294871
1.6539254737998597
1.6546754966887418
1.6550505081331828
1.6553005157628102
1.655800531022065
1.6560505386516924
1.655800531022065
1.6559255348368787
1.6564255500961331
1.6560505386516924
1.6566755577257606
1.656925565355388
1.6574255806146427
1.6576755882442702
1.6580505996887114
1.6583006073183386
1.6575505844294565
1.6581756035035249
1.6580505996887114
1.658550614947966
1.6581756035035249
1.658925626392407
1.6591756340220343
1.6593006378368482
1.6599256569109164
1.6603006683553576
1.6593006378368482
1.6595506454664755
1.6595506454664755
1.6590506302072208
1.6594256416516617
1.6594256416516617
1.6594256416516617
1.6591756340220343
1.6596756492812892
1.6593006378368482
1.6593006378368482
1.658925626392407
1.6586756187627796
1.6590506302072208
1.658550614947966
1.657800592059084
1.657800592059084
1.6576755882442702
1.6574255806146427
1.6581756035035249
1.6574255806146427
1.656925565355388
1.6571755729850153
1.6566755577257606
1.6563005462813196
1.6561755424665061
1.6563005462813196
1.656550553910947
1.6566755577257606
1.6566755577257606
1.6568005615405743
1.6566755577257606
1.656925565355388
1.656925565355388
1.6564255500961331
1.6566755577257606
1.6570505691702018
1.6571755729850153
1.657800592059084
1.657800592059084
1.6576755882442702
1.6566755577257606
1.657800592059084
1.6574255806146427
1.656550553910947
1.6573005767998292
1.656925565355388
1.6566755577257606
1.656925565355388
1.656550553910947
1.6563005462813196
1.6559255348368787
1.6561755424665061
1.6555505233924375
1.6551755119479965
1.6551755119479965
1.6551755119479965
1.654550492873928
1.6549255043183693
1.6543004852443006
1.6536754661702324
1.6533004547257912
1.6519254127628407
1.652550431836909
1.6513003936887722
1.651425397503586
1.651800408948027
1.652550431836909
1.6533004547257912
1.6549255043183693
1.6568005615405743
1.6591756340220343
1.6618007141331217
1.6635507675405132
1.6656758323923462
1.6674258857997375
1.667675893429365
1.6681759086886196
1.667300881984924
1.6655508285775322
1.6635507675405132
1.6594256416516617
1.6571755729850153
1.6550505081331828
1.6531754509109775
1.6511753898739585
1.6504253669850764
1.6508003784295175
1.6506753746147038
1.6511753898739585
1.6516754051332134
1.6524254280220954
1.6529254432813503
1.6535504623554185
1.6539254737998597
1.6546754966887418
1.6541754814294871
1.6541754814294871
1.6550505081331828
1.6551755119479965
1.655425519577624
1.6555505233924375
1.6550505081331828
1.6559255348368787
1.655800531022065
1.6559255348368787
1.6563005462813196
1.6561755424665061
1.6568005615405743
1.6571755729850153
1.6576755882442702
1.6580505996887114
1.6579255958738974
1.6580505996887114
1.658550614947966
1.658550614947966
1.6580505996887114
1.658925626392407
1.6591756340220343
1.6594256416516617
1.659800653096103
1.6600506607257304
1.659800653096103
1.6599256569109164
1.6596756492812892
1.6594256416516617
1.6595506454664755
1.6593006378368482
1.6596756492812892
1.659800653096103
1.659800653096103
1.659800653096103
1.6593006378368482
1.6593006378368482
1.6583006073183386
1.6583006073183386
1.6574255806146427
1.6580505996887114
1.6581756035035249
1.657800592059084
1.6576755882442702
1.6575505844294565
1.6573005767998292
1.6566755577257606
1.6570505691702018
1.6564255500961331
1.656550553910947
1.6564255500961331
1.6559255348368787
1.6566755577257606
1.6566755577257606
1.6570505691702018
1.6566755577257606
1.656925565355388
1.6564255500961331
1.6566755577257606
1.6564255500961331
1.6568005615405743
1.6568005615405743
1.6575505844294565
1.6570505691702018
1.6574255806146427
1.6576755882442702
1.657800592059084
1.6575505844294565
1.6570505691702018
1.6570505691702018
1.6571755729850153
1.6573005767998292
1.6570505691702018
1.6574255806146427
1.656925565355388
1.6568005615405743
1.6564255500961331
1.655800531022065
1.6559255348368787
1.6553005157628102
1.6549255043183693
1.6546754966887418
1.6548005005035553
1.6543004852443006
1.6541754814294871
1.6535504623554185
1.653425458540605
1.652550431836909
1.6519254127628407
1.6521754203924681
1.6511753898739585
1.6515504013183995
1.651800408948027
1.6531754509109775
1.654550492873928
1.6566755577257606
1.6591756340220343
1.6619257179479354
1.6635507675405132
1.6661758476516009
1.666800866725669
1.6681759086886196
1.6678008972441787
1.6670508743552965
1.6650508133182775
1.6634257637256997
1.660550675984985
1.6576755882442702
1.6551755119479965
1.653425458540605
1.6520504165776544
1.6509253822443313
1.6506753746147038
1.6505503707998903
1.6508003784295175
1.651800408948027
1.6519254127628407
1.6535504623554185
1.6535504623554185
1.6535504623554185
1.653425458540605
1.6541754814294871
1.6546754966887418
1.6548005005035553
1.6561755424665061
1.6556755272072514
1.6556755272072514
1.6560505386516924
1.6555505233924375
1.6559255348368787
1.6559255348368787
1.6564255500961331
1.6566755577257606
1.6568005615405743
1.6575505844294565
1.6579255958738974
1.6580505996887114
1.6580505996887114
1.6575505844294565
1.6580505996887114
1.6579255958738974
1.6586756187627796
1.658925626392407
1.6591756340220343
1.6593006378368482
1.6596756492812892
1.659800653096103
1.6596756492812892
1.6593006378368482
1.6593006378368482
1.6600506607257304
1.6591756340220343
1.6593006378368482
1.6595506454664755
1.6595506454664755
1.6593006378368482
1.6596756492812892
1.6595506454664755
1.6590506302072208
1.6588006225775933
1.6584256111331521
1.657800592059084
1.6579255958738974
1.6575505844294565
1.6575505844294565
1.6576755882442702
1.6576755882442702
1.6571755729850153
1.6564255500961331
1.6571755729850153
1.656925565355388
1.6564255500961331
1.656550553910947
1.656550553910947
1.6564255500961331
1.656925565355388
1.6570505691702018
1.656925565355388
1.656550553910947
1.6566755577257606
1.6571755729850153
1.6563005462813196
1.6570505691702018
1.6575505844294565
1.6575505844294565
1.6576755882442702
1.6580505996887114
1.6575505844294565
1.6579255958738974
1.6580505996887114
1.6570505691702018
1.6574255806146427
1.6573005767998292
1.6571755729850153
1.6568005615405743
1.656550553910947
1.6566755577257606
1.6568005615405743
1.6564255500961331
1.6564255500961331
1.6566755577257606
1.6546754966887418
1.6551755119479965
1.653800469985046
1.6544254890591144
1.6541754814294871
1.653800469985046
1.6543004852443006
1.6528004394665363
1.6524254280220954
1.6520504165776544
1.651800408948027
1.6511753898739585
1.6521754203924681
1.6526754356517228
1.6531754509109775
1.654550492873928
1.6563005462813196
1.658550614947966
1.6608006836146123
1.6630507522812585
1.6656758323923462
1.667300881984924
1.6685509201330608
1.669300943021943
1.667300881984924
1.6651758171330913
1.6630507522812585
1.6604256721701711
1.656925565355388
1.655425519577624
1.6531754509109775
1.6515504013183995
1.6505503707998903
1.6504253669850764
1.6505503707998903
1.6506753746147038
1.6516754051332134
1.6523004242072816
1.6528004394665363
1.6528004394665363
1.6536754661702324
1.6543004852443006
1.6543004852443006
1.6550505081331828
1.6549255043183693
1.6550505081331828
1.655800531022065
1.6560505386516924
1.655800531022065
1.655800531022065
1.6564255500961331
1.655800531022065
1.6563005462813196
1.6574255806146427
1.6571755729850153
1.656925565355388
1.6576755882442702
1.657800592059084
1.6579255958738974
1.6583006073183386
1.6586756187627796
1.6583006073183386
1.6586756187627796
1.6590506302072208
1.658550614947966
1.6591756340220343
1.6593006378368482
1.6603006683553576
1.6599256569109164
1.6603006683553576
1.6595506454664755
1.6594256416516617
1.6591756340220343
1.6593006378368482
1.6588006225775933
1.6595506454664755
1.6599256569109164
1.6591756340220343
1.6593006378368482
1.658550614947966
1.6588006225775933
1.6580505996887114
1.6579255958738974
1.6579255958738974
1.6579255958738974
1.657800592059084
1.6573005767998292
1.6575505844294565
1.6575505844294565
1.656925565355388
1.6570505691702018
1.6570505691702018
1.6559255348368787
1.656550553910947
1.6559255348368787
1.6564255500961331
1.656550553910947
1.656550553910947
1.656925565355388
1.656550553910947
1.6566755577257606
1.656925565355388
1.6563005462813196
1.6566755577257606
1.6574255806146427
1.657800592059084
1.6574255806146427
1.657800592059084
1.657800592059084
1.657800592059084
1.6575505844294565
1.6575505844294565
1.6571755729850153
1.6574255806146427
1.6566755577257606
1.656550553910947
1.6570505691702018
1.6566755577257606
1.6566755577257606
1.6564255500961331
1.6560505386516924
1.6555505233924375
1.6551755119479965
1.655425519577624
1.6553005157628102
1.6553005157628102
1.6543004852443006
1.6543004852443006
1.653800469985046
1.6531754509109775
1.6533004547257912
1.652550431836909
1.6520504165776544
1.6513003936887722
1.6513003936887722
1.6520504165776544
1.6528004394665363
1.6544254890591144
1.6564255500961331
1.658550614947966
1.660550675984985
1.662800744651631
1.6654258247627187
1.6669258705404828
1.6678008972441787
1.6684259163182469
1.6683009125034334
1.6654258247627187
1.663300759910886
1.660550675984985
1.6579255958738974
1.655800531022065
1.6535504623554185
1.651800408948027
1.6508003784295175
1.6503003631702629
1.6505503707998903
1.6505503707998903
1.6524254280220954
1.652550431836909
1.6529254432813503
1.6529254432813503
1.653425458540605
1.653800469985046
1.6539254737998597
1.6544254890591144
1.6549255043183693
1.6546754966887418
1.6553005157628102
1.6559255348368787
1.655800531022065
1.655425519577624
1.6560505386516924
1.6563005462813196
1.6566755577257606
1.6573005767998292
1.656925565355388
1.6571755729850153
1.6576755882442702
1.6581756035035249
1.658550614947966
1.6586756187627796
1.6583006073183386
1.6588006225775933
1.658550614947966
1.6586756187627796
1.6596756492812892
1.6590506302072208
1.6594256416516617
1.659800653096103
1.6596756492812892
1.6595506454664755
1.6599256569109164
1.6594256416516617
1.6591756340220343
1.6595506454664755
1.6591756340220343
1.6594256416516617
1.6594256416516617
1.6594256416516617
1.6600506607257304
1.658925626392407
1.6588006225775933
1.658550614947966
1.6584256111331521
1.6584256111331521
1.6576755882442702
1.6580505996887114
1.6575505844294565
1.6575505844294565
1.6574255806146427
1.6576755882442702
1.6574255806146427
1.6568005615405743
1.6563005462813196
1.6561755424665061
1.655800531022065
1.656925565355388
1.656550553910947
1.6568005615405743
1.6564255500961331
1.6560505386516924
1.6566755577257606
1.6564255500961331
1.6563005462813196
1.656925565355388
1.6574255806146427
1.657800592059084
1.6570505691702018
1.6579255958738974
1.6581756035035249
1.6575505844294565
1.6583006073183386
1.6575505844294565
1.6571755729850153
1.656925565355388
1.6570505691702018
1.6568005615405743
1.6573005767998292
1.6573005767998292
1.6568005615405743
1.6564255500961331
1.655800531022065
1.655800531022065
1.6553005157628102
1.6551755119479965
1.6550505081331828
1.654550492873928
1.6543004852443006
1.6541754814294871
1.6540504776146734
1.6531754509109775
1.6524254280220954
1.6528004394665363
1.6513003936887722
1.6513003936887722
1.6521754203924681
1.6519254127628407
1.6526754356517228
1.6539254737998597
1.656550553910947
1.6581756035035249
1.6603006683553576
1.662925748466445
1.6654258247627187
1.6674258857997375
1.667675893429365
1.6683009125034334
1.6674258857997375
1.6659258400219734
1.6635507675405132
1.660550675984985
1.6586756187627796
1.6556755272072514
1.6535504623554185
1.6520504165776544
1.6508003784295175
1.6508003784295175
1.6504253669850764
1.6509253822443313
1.651800408948027
1.6520504165776544
1.6526754356517228
1.6533004547257912
1.653800469985046
1.6543004852443006
1.6543004852443006
1.655425519577624
1.6549255043183693
1.6550505081331828
1.6556755272072514
1.6559255348368787
1.6559255348368787
1.6564255500961331
1.6559255348368787
1.6561755424665061
1.6559255348368787
1.6559255348368787
1.6571755729850153
1.6573005767998292
1.6573005767998292
1.6581756035035249
1.6580505996887114
1.6586756187627796
1.6581756035035249
1.6584256111331521
1.6588006225775933
1.658550614947966
1.6593006378368482
1.6594256416516617
1.6595506454664755
1.6596756492812892
1.659800653096103
1.6603006683553576
1.6595506454664755
1.6596756492812892
1.6594256416516617
1.6591756340220343
1.6596756492812892
1.6595506454664755
1.6594256416516617
1.6594256416516617
1.6595506454664755
1.658925626392407
1.658925626392407
1.6586756187627796
1.6576755882442702
1.6580505996887114
1.6579255958738974
1.6575505844294565
1.6575505844294565
1.6579255958738974
1.6575505844294565
1.656925565355388
1.6574255806146427
1.6568005615405743
1.6563005462813196
1.6564255500961331
1.6566755577257606
1.6574255806146427
1.6568005615405743
1.6566755577257606
1.6575505844294565
1.656925565355388
1.6586756187627796
1.6564255500961331
1.6563005462813196
1.6570505691702018
1.6568005615405743
1.6573005767998292
1.6574255806146427
1.6575505844294565
1.657800592059084
1.6584256111331521
1.6573005767998292
1.6575505844294565
1.6571755729850153
1.6571755729850153
1.6570505691702018
1.656925565355388
1.656550553910947
1.6571755729850153
1.6568005615405743
1.6570505691702018
1.6563005462813196
1.655425519577624
1.655800531022065
1.654550492873928
1.654550492873928
1.6546754966887418
1.6548005005035553
1.6540504776146734
1.6543004852443006
1.6541754814294871
1.6530504470961638
1.6523004242072816
1.6519254127628407
1.6515504013183995
1.6513003936887722
1.6520504165776544
1.6533004547257912
1.6536754661702324
1.6560505386516924
1.657800592059084
1.6601756645405439
1.6626757408368176
1.6650508133182775
1.6669258705404828
1.6678008972441787
1.6686759239478743
1.6679259010589922
1.6659258400219734
1.6639257789849544
1.6613006988738672
1.6590506302072208
1.6556755272072514
1.6536754661702324
1.6519254127628407
1.651050386059145
1.6508003784295175
1.6501753593554491
1.6511753898739585
1.6516754051332134
1.6519254127628407
1.6530504470961638
1.6530504470961638
1.6536754661702324
1.6541754814294871
1.654550492873928
1.6544254890591144
1.6550505081331828
1.6559255348368787
1.655425519577624
1.655800531022065
1.655800531022065
1.6566755577257606
1.6560505386516924
1.656550553910947
1.6560505386516924
1.6563005462813196
1.6574255806146427
1.6573005767998292
1.6575505844294565
1.6579255958738974
1.6580505996887114
1.6584256111331521
1.6594256416516617
1.6579255958738974
1.6583006073183386
1.6583006073183386
1.6590506302072208
1.659800653096103
1.6594256416516617
1.6595506454664755
1.6596756492812892
1.6594256416516617
1.659800653096103
1.6596756492812892
1.6594256416516617
1.6594256416516617
1.6590506302072208
1.6595506454664755
1.6591756340220343
1.6591756340220343
1.6599256569109164
1.6590506302072208
1.6588006225775933
1.658925626392407
1.6581756035035249
1.6581756035035249
1.6580505996887114
1.6579255958738974
1.6576755882442702
1.6576755882442702
1.6574255806146427
1.6571755729850153
1.6566755577257606
1.656925565355388
1.6561755424665061
1.6560505386516924
1.6564255500961331
1.6559255348368787
1.6561755424665061
1.6570505691702018
1.6574255806146427
1.6574255806146427
1.6575505844294565
1.6566755577257606
1.6568005615405743
1.6564255500961331
1.656550553910947
1.6575505844294565
1.6575505844294565
1.6570505691702018
1.6580505996887114
1.6576755882442702
1.656550553910947
1.6570505691702018
1.6571755729850153
1.6570505691702018
1.6571755729850153
1.6570505691702018
1.656925565355388
1.656925565355388
1.6568005615405743
1.6564255500961331
1.6551755119479965
1.6560505386516924
1.655800531022065
1.6548005005035553
1.654550492873928
1.6548005005035553
1.654550492873928
1.6541754814294871
1.6540504776146734
1.653425458540605
1.6526754356517228
1.652550431836909
1.6519254127628407
1.6515504013183995
1.6516754051332134
1.6515504013183995
1.6526754356517228
1.6541754814294871
1.6556755272072514
1.6580505996887114
1.6599256569109164
1.6620507217627492
1.6650508133182775
1.666800866725669
1.6679259010589922
1.6685509201330608
1.6678008972441787
1.6661758476516009
1.6635507675405132
1.6614257026886807
1.6586756187627796
1.656550553910947
1.6536754661702324
1.6521754203924681
1.6506753746147038
1.651050386059145
1.6506753746147038
1.6511753898739585
1.651425397503586
1.6520504165776544
1.6528004394665363
1.6530504470961638
1.6536754661702324
1.6539254737998597
1.6539254737998597
1.6546754966887418
1.6550505081331828
1.6553005157628102
1.6555505233924375
1.6563005462813196
1.6560505386516924
1.6559255348368787
1.6555505233924375
1.6564255500961331
1.656925565355388
1.656550553910947
1.6568005615405743
1.6570505691702018
1.6576755882442702
1.657800592059084
1.6580505996887114
1.6581756035035249
1.6581756035035249
1.6584256111331521
1.6586756187627796
1.658550614947966
1.658550614947966
1.6596756492812892
1.6591756340220343
1.659800653096103
1.6603006683553576
1.6600506607257304
1.659800653096103
1.6599256569109164
1.6594256416516617
1.659800653096103
1.6596756492812892
1.6590506302072208
1.6593006378368482
1.6595506454664755
1.6594256416516617
1.6594256416516617
1.6595506454664755
1.6581756035035249
1.658550614947966
1.6575505844294565
1.657800592059084
1.6576755882442702
1.6575505844294565
1.6583006073183386
1.6574255806146427
1.6573005767998292
1.6568005615405743
1.6566755577257606
1.6566755577257606
1.6556755272072514
1.656550553910947
1.6571755729850153
1.6566755577257606
1.656550553910947
1.6570505691702018
1.6570505691702018
1.6568005615405743
1.6561755424665061
1.6571755729850153
1.656550553910947
1.6566755577257606
1.6574255806146427
1.6575505844294565
1.657800592059084
1.6576755882442702
1.6575505844294565
1.657800592059084
1.6575505844294565
1.6573005767998292
1.656550553910947
1.6568005615405743
1.656925565355388
1.6566755577257606
1.6563005462813196
1.6570505691702018
1.656550553910947
1.656550553910947
1.6555505233924375
1.655425519577624
1.6549255043183693
1.6544254890591144
1.6549255043183693
1.6543004852443006
1.6544254890591144
1.6539254737998597
1.6536754661702324
1.6533004547257912
1.6524254280220954
1.6524254280220954
1.6515504013183995
1.6515504013183995
1.6515504013183995
1.6524254280220954
1.6540504776146734
1.655800531022065
1.6581756035035249
1.659800653096103
1.6626757408368176
1.6644257942442091
1.6666758629108556
1.667675893429365
1.6684259163182469
1.6674258857997375
1.666425855281228
1.6640507827997681
1.6616757103183082
1.6581756035035249
1.655800531022065
1.6540504776146734
1.6521754203924681
1.651050386059145
1.6505503707998903
1.6505503707998903
1.651050386059145
1.6511753898739585
1.6516754051332134
1.6524254280220954
1.6533004547257912
1.6541754814294871
1.653800469985046
1.653800469985046
1.6544254890591144
1.6548005005035553
1.6551755119479965
1.6553005157628102
1.655800531022065
1.655800531022065
1.6556755272072514
1.6564255500961331
1.6561755424665061
1.6555505233924375
1.656550553910947
1.6579255958738974
1.6571755729850153
1.657800592059084
1.6576755882442702
1.6583006073183386
1.657800592059084
1.6583006073183386
1.6581756035035249
1.6579255958738974
1.658550614947966
1.6581756035035249
1.6593006378368482
1.6590506302072208
1.6594256416516617
1.660550675984985
1.6594256416516617
1.6594256416516617
1.6595506454664755
1.6591756340220343
1.6591756340220343
1.6580505996887114
1.658925626392407
1.6590506302072208
1.6593006378368482
1.6591756340220343
1.6593006378368482
1.6590506302072208
1.658550614947966
1.6586756187627796
1.657800592059084
1.6575505844294565
1.6573005767998292
1.6575505844294565
1.6570505691702018
1.6570505691702018
1.6573005767998292
1.6575505844294565
1.6566755577257606
1.6564255500961331
1.6561755424665061
1.656550553910947
1.6560505386516924
1.655800531022065
1.6563005462813196
1.656925565355388
1.6566755577257606
1.6568005615405743
1.6571755729850153
1.656925565355388
1.656550553910947
1.6571755729850153
1.6574255806146427
1.6574255806146427
1.6574255806146427
1.6580505996887114
1.6575505844294565
1.6576755882442702
1.6576755882442702
1.6568005615405743
1.6570505691702018
1.6566755577257606
1.6568005615405743
1.6574255806146427
1.6566755577257606
1.6571755729850153
1.6561755424665061
1.6568005615405743
1.6560505386516924
1.6556755272072514
1.6553005157628102
1.6553005157628102
1.654550492873928
1.6550505081331828
1.6541754814294871
1.6539254737998597
1.6540504776146734
1.6530504470961638
1.6523004242072816
1.651800408948027
1.651425397503586
1.6516754051332134
1.651050386059145
1.653800469985046
1.6541754814294871
1.6555505233924375
1.6575505844294565
1.6596756492812892
1.6621757255775629
1.6646758018738366
1.6666758629108556
1.6674258857997375
1.6681759086886196
1.6678008972441787
1.6663008514664144
1.6636757713553272
1.6619257179479354
1.6591756340220343
1.6561755424665061
1.654550492873928
1.6524254280220954
1.6509253822443313
1.6505503707998903
1.6503003631702629
1.6513003936887722
1.6519254127628407
1.6521754203924681
1.6529254432813503
1.6528004394665363
1.653425458540605
1.6543004852443006
1.6541754814294871
1.6541754814294871
1.6546754966887418
1.6553005157628102
1.6553005157628102
1.6560505386516924
1.655800531022065
1.6555505233924375
1.6555505233924375
1.656550553910947
1.6560505386516924
1.6556755272072514
1.6573005767998292
1.6568005615405743
1.6573005767998292
1.657800592059084
1.6580505996887114
1.6581756035035249
1.6584256111331521
1.6586756187627796
1.6588006225775933
1.658925626392407
1.6583006073183386
1.6590506302072208
1.6593006378368482
1.659800653096103
1.6595506454664755
1.6594256416516617
1.6596756492812892
1.659800653096103
1.658925626392407
1.6591756340220343
1.6590506302072208
1.6601756645405439
1.6593006378368482
1.6590506302072208
1.6594256416516617
1.6595506454664755
1.6590506302072208
1.658550614947966
1.6579255958738974
1.6576755882442702
1.6576755882442702
1.6579255958738974
1.6573005767998292
1.6573005767998292
1.6574255806146427
1.6576755882442702
1.6570505691702018
1.6568005615405743
1.6566755577257606
1.6564255500961331
1.6568005615405743
1.6559255348368787
1.6568005615405743
1.6568005615405743
1.6566755577257606
1.6570505691702018
1.6568005615405743
1.656925565355388
1.6568005615405743
1.6564255500961331
1.6570505691702018
1.6566755577257606
1.656925565355388
1.6574255806146427
1.6580505996887114
1.657800592059084
1.6576755882442702
1.6573005767998292
1.6573005767998292
1.6576755882442702
1.6566755577257606
1.6570505691702018
1.6568005615405743
1.6570505691702018
1.656925565355388
1.6566755577257606
1.6571755729850153
1.6560505386516924
1.6555505233924375
1.6550505081331828
1.6549255043183693
1.6543004852443006
1.6546754966887418
1.6541754814294871
1.6539254737998597
1.6541754814294871
1.6535504623554185
1.6524254280220954
1.6524254280220954
1.6523004242072816
1.6513003936887722
1.6511753898739585
1.6524254280220954
1.653800469985046
1.655800531022065
1.6570505691702018
1.659800653096103
1.6616757103183082
1.6641757866145819
1.6669258705404828
1.6679259010589922
1.6678008972441787
1.6681759086886196
1.6665508590960418
1.6643007904293954
1.6618007141331217
1.6591756340220343
1.6563005462813196
1.6540504776146734
1.6526754356517228
1.6511753898739585
1.6506753746147038
1.6504253669850764
1.6508003784295175
1.651425397503586
1.651425397503586
1.6524254280220954
1.6528004394665363
1.6540504776146734
1.6539254737998597
1.6539254737998597
1.6543004852443006
1.6546754966887418
1.6550505081331828
1.655425519577624
1.6566755577257606
1.655425519577624
1.6553005157628102
1.655800531022065
1.6560505386516924
1.6560505386516924
1.656550553910947
1.6570505691702018
1.6563005462813196
1.6574255806146427
1.6575505844294565
1.658550614947966
1.6583006073183386
1.6583006073183386
1.658550614947966
1.6586756187627796
1.6584256111331521
1.658550614947966
1.6588006225775933
1.6591756340220343
1.6591756340220343
1.6596756492812892
1.6594256416516617
1.6595506454664755
1.6599256569109164
1.6596756492812892
1.658925626392407
1.6595506454664755
1.658925626392407
1.6591756340220343
1.6594256416516617
1.6591756340220343
1.6595506454664755
1.6586756187627796
1.6586756187627796
1.6580505996887114
1.657800592059084
1.6576755882442702
1.657800592059084
1.658550614947966
1.6571755729850153
1.6576755882442702
1.6573005767998292
1.656925565355388
1.656550553910947
1.656925565355388
1.6559255348368787
1.6560505386516924
1.6564255500961331
1.6568005615405743
1.6563005462813196
1.6573005767998292
1.6570505691702018
1.6561755424665061
1.6568005615405743
1.656925565355388
1.656550553910947
1.656550553910947
1.6575505844294565
1.6573005767998292
1.6575505844294565
1.6579255958738974
1.6576755882442702
1.6580505996887114
1.6574255806146427
1.6571755729850153
1.656550553910947
1.656925565355388
1.6576755882442702
1.6568005615405743
1.6571755729850153
1.656925565355388
1.6566755577257606
1.6559255348368787
1.655800531022065
1.6559255348368787
1.6553005157628102
1.654550492873928
1.6544254890591144
1.6540504776146734
1.6541754814294871
1.6539254737998597
1.6535504623554185
1.6526754356517228
1.6520504165776544
1.6520504165776544
1.651800408948027
1.6515504013183995
1.6516754051332134
1.6524254280220954
1.6536754661702324
1.6550505081331828
1.6573005767998292
1.659800653096103
1.6620507217627492
1.6646758018738366
1.6666758629108556
1.66717587817011
1.6681759086886196
1.6679259010589922
1.6669258705404828
1.6641757866145819
1.6610506912442398
1.6599256569109164
1.6573005767998292
1.6543004852443006
1.6523004242072816
1.6511753898739585
1.6508003784295175
1.6499253517258217
1.6509253822443313
1.6513003936887722
1.6519254127628407
1.6529254432813503
1.6543004852443006
1.6531754509109775
1.6539254737998597
1.653800469985046
1.654550492873928
1.6549255043183693
1.6556755272072514
1.6553005157628102
1.655425519577624
1.6561755424665061
1.655800531022065
1.6564255500961331
1.6555505233924375
1.6559255348368787
1.656550553910947
1.6566755577257606
1.6574255806146427
1.6575505844294565
1.657800592059084
1.6576755882442702
1.6583006073183386
1.6584256111331521
1.6584256111331521
1.6584256111331521
1.6581756035035249
1.6588006225775933
1.6590506302072208
1.6590506302072208
1.6596756492812892
1.6594256416516617
1.6595506454664755
1.6595506454664755
1.659800653096103
1.6595506454664755
1.658925626392407
1.6588006225775933
1.6593006378368482
1.6594256416516617
1.658925626392407
1.6595506454664755
1.6591756340220343
1.6588006225775933
1.6586756187627796
1.6580505996887114
1.6579255958738974
1.6575505844294565
1.6576755882442702
1.657800592059084
1.6573005767998292
1.6583006073183386
1.6573005767998292
1.6574255806146427
1.6574255806146427
1.6563005462813196
1.6560505386516924
1.656550553910947
1.6564255500961331
1.6566755577257606
1.656925565355388
1.656925565355388
1.6580505996887114
1.656550553910947
1.6571755729850153
1.6570505691702018
1.6568005615405743
1.6568005615405743
1.6575505844294565
1.6571755729850153
1.657800592059084
1.6576755882442702
1.6579255958738974
1.6575505844294565
1.6575505844294565
1.6574255806146427
1.6570505691702018
1.6571755729850153
1.6566755577257606
1.656925565355388
1.656550553910947
1.6568005615405743
1.6566755577257606
1.6563005462813196
1.6559255348368787
1.655425519577624
1.6551755119479965
1.6548005005035553
1.6551755119479965
1.6546754966887418
1.6544254890591144
1.6539254737998597
1.6530504470961638
1.6540504776146734
1.6524254280220954
1.6516754051332134
1.6515504013183995
1.6515504013183995
1.6516754051332134
1.6528004394665363
1.6536754661702324
1.6551755119479965
1.6576755882442702
1.659800653096103
1.6621757255775629
1.6651758171330913
1.6669258705404828
1.667300881984924
1.6683009125034334
1.6678008972441787
1.666425855281228
1.6639257789849544
1.6618007141331217
1.6591756340220343
1.6564255500961331
1.6539254737998597
1.6520504165776544
1.6505503707998903
1.6506753746147038
1.6505503707998903
1.6504253669850764
1.6509253822443313
1.6521754203924681
1.6519254127628407
1.6530504470961638
1.6535504623554185
1.6531754509109775
1.6544254890591144
1.6544254890591144
1.6546754966887418
1.6549255043183693
1.6553005157628102
1.655800531022065
1.6560505386516924
1.6560505386516924
1.655800531022065
1.6563005462813196
1.6563005462813196
1.655800531022065
1.6568005615405743
1.6570505691702018
1.6575505844294565
1.658550614947966
1.6583006073183386
1.6583006073183386
1.6581756035035249
1.6584256111331521
1.6586756187627796
1.6583006073183386
1.6588006225775933
1.659800653096103
1.6594256416516617
1.6593006378368482
1.6600506607257304
1.6594256416516617
1.6591756340220343
1.6596756492812892
1.6591756340220343
1.6590506302072208
1.6594256416516617
1.6594256416516617
1.6591756340220343
1.6588006225775933
1.6593006378368482
1.6591756340220343
1.6590506302072208
1.6586756187627796
1.6579255958738974
1.657800592059084
1.6574255806146427
1.6570505691702018
1.6568005615405743
1.6574255806146427
1.6574255806146427
1.656925565355388
1.6571755729850153
1.6566755577257606
1.6571755729850153
1.6570505691702018
1.6560505386516924
1.6560505386516924
1.656550553910947
1.6566755577257606
1.6566755577257606
1.6563005462813196
1.656925565355388
1.6571755729850153
1.6568005615405743
1.656925565355388
1.656925565355388
1.6571755729850153
1.6571755729850153
1.6573005767998292
1.6575505844294565
1.6579255958738974
1.657800592059084
1.6575505844294565
1.6574255806146427
1.6568005615405743
1.6564255500961331
1.6566755577257606
1.6575505844294565
1.6571755729850153
1.6564255500961331
1.6566755577257606
1.6560505386516924
1.6555505233924375
1.6555505233924375
1.6551755119479965
1.6546754966887418
1.6546754966887418
1.6541754814294871
1.6544254890591144
1.6544254890591144
1.6536754661702324
1.6529254432813503
1.6524254280220954
1.651800408948027
1.6523004242072816
1.6516754051332134
1.6515504013183995
1.652550431836909
1.653425458540605
1.6550505081331828
1.6573005767998292
1.6599256569109164
1.6620507217627492
1.6643007904293954
1.666800866725669
1.6679259010589922
1.668050904873806
1.6678008972441787
1.6661758476516009
1.66480080568865
1.6614257026886807
1.6595506454664755
1.656550553910947
1.6540504776146734
1.652550431836909
1.6508003784295175
1.6505503707998903
1.6504253669850764
1.6508003784295175
1.6509253822443313
1.6520504165776544
1.652550431836909
1.6531754509109775
1.6536754661702324
1.6540504776146734
1.6550505081331828
1.6541754814294871
1.6548005005035553
1.6546754966887418
1.6553005157628102
1.6556755272072514
1.6561755424665061
1.6556755272072514
1.6568005615405743
1.6560505386516924
1.6563005462813196
1.6561755424665061
1.656550553910947
1.6570505691702018
1.6574255806146427
1.6576755882442702
1.6576755882442702
1.6584256111331521
1.6579255958738974
1.6584256111331521
1.6596756492812892
1.658925626392407
1.6590506302072208
1.6593006378368482
1.6593006378368482
1.6596756492812892
1.659800653096103
1.659800653096103
1.6594256416516617
1.6596756492812892
1.6593006378368482
1.6596756492812892
1.6593006378368482
1.6594256416516617
1.6591756340220343
1.6590506302072208
1.6594256416516617
1.6590506302072208
1.6590506302072208
1.6588006225775933
1.6576755882442702
1.657800592059084
1.6573005767998292
1.657800592059084
1.6575505844294565
1.6573005767998292
1.6576755882442702
1.657800592059084
1.6575505844294565
1.6564255500961331
1.6570505691702018
1.6566755577257606
1.6561755424665061
1.6561755424665061
1.656550553910947
1.656550553910947
1.656550553910947
1.6573005767998292
1.6570505691702018
1.6566755577257606
1.6570505691702018
1.656925565355388
1.656550553910947
1.6574255806146427
1.6571755729850153
1.6575505844294565
1.6576755882442702
1.6576755882442702
1.6576755882442702
1.6574255806146427
1.6579255958738974
1.656925565355388
1.6563005462813196
1.6570505691702018
1.6570505691702018
1.6568005615405743
1.656550553910947
1.6563005462813196
1.6564255500961331
1.655800531022065
1.6555505233924375
1.6553005157628102
1.6543004852443006
1.6548005005035553
1.6544254890591144
1.6543004852443006
1.6536754661702324
1.6535504623554185
1.6529254432813503
1.6526754356517228
1.6520504165776544
1.651425397503586
1.651050386059145
1.6511753898739585
1.6528004394665363
1.6535504623554185
1.6556755272072514
1.6574255806146427
1.658925626392407
1.6616757103183082
1.6644257942442091
1.6666758629108556
1.6678008972441787
1.6679259010589922
1.6679259010589922
1.6665508590960418
1.6640507827997681
1.6621757255775629
1.6588006225775933
1.6564255500961331
1.6539254737998597
1.6524254280220954
1.651050386059145
1.6504253669850764
1.6505503707998903
1.6511753898739585
1.651425397503586
1.6521754203924681
1.6526754356517228
1.6529254432813503
1.6533004547257912
1.653800469985046
1.6539254737998597
1.6535504623554185
1.6546754966887418
1.6550505081331828
1.6563005462813196
1.6556755272072514
1.6561755424665061
1.6559255348368787
1.6564255500961331
1.6561755424665061
1.6563005462813196
1.6564255500961331
1.6566755577257606
1.6573005767998292
1.6575505844294565
1.6573005767998292
1.6583006073183386
1.6588006225775933
1.6583006073183386
1.6584256111331521
1.6590506302072208
1.6584256111331521
1.658925626392407
1.6591756340220343
1.6595506454664755
1.6595506454664755
1.6596756492812892
1.659800653096103
1.6591756340220343
1.6603006683553576
1.6596756492812892
1.6591756340220343
1.6594256416516617
1.6596756492812892
1.6590506302072208
1.6594256416516617
1.6594256416516617
1.6590506302072208
1.6588006225775933
1.6584256111331521
1.6581756035035249
1.657800592059084
1.6574255806146427
1.6575505844294565
1.6573005767998292
1.6574255806146427
1.6573005767998292
1.6574255806146427
1.6570505691702018
1.656550553910947
1.6571755729850153
1.6561755424665061
1.6564255500961331
1.6566755577257606
1.6568005615405743
1.6566755577257606
1.6568005615405743
1.656925565355388
1.6568005615405743
1.6566755577257606
1.656925565355388
1.6568005615405743
1.6570505691702018
1.6570505691702018
1.656925565355388
1.6573005767998292
1.6576755882442702
1.6580505996887114
1.6576755882442702
1.6574255806146427
1.6574255806146427
1.6571755729850153
1.6566755577257606
1.6570505691702018
1.656550553910947
1.6566755577257606
1.6561755424665061
1.6564255500961331
1.6560505386516924
1.655800531022065
1.6553005157628102
1.6553005157628102
1.6559255348368787
1.654550492873928
1.6543004852443006
1.6543004852443006
1.6535504623554185
1.653800469985046
1.6536754661702324
1.6528004394665363
1.6524254280220954
1.651800408948027
1.651425397503586
1.6516754051332134
1.652550431836909
1.6543004852443006
1.6549255043183693
1.6579255958738974
1.6599256569109164
1.6618007141331217
1.6643007904293954
1.6665508590960418
1.6678008972441787
1.6681759086886196
1.6678008972441787
1.6663008514664144
1.6643007904293954
1.6616757103183082
1.6593006378368482
1.6566755577257606
1.6544254890591144
1.6526754356517228
1.6516754051332134
1.6504253669850764
1.6504253669850764
1.6508003784295175
1.6511753898739585
1.651800408948027
1.6531754509109775
1.653425458540605
1.6539254737998597
1.6540504776146734
1.6540504776146734
1.6541754814294871
1.6548005005035553
1.6546754966887418
1.6550505081331828
1.6555505233924375
1.6561755424665061
1.6563005462813196
1.6559255348368787
1.656925565355388
1.656550553910947
1.6559255348368787
1.6564255500961331
1.6574255806146427
1.6574255806146427
1.6576755882442702
1.6581756035035249
1.6583006073183386
1.6583006073183386
1.6584256111331521
1.658550614947966
1.6584256111331521
1.6586756187627796
1.658925626392407
1.6586756187627796
1.6594256416516617
1.6596756492812892
1.659800653096103
1.6596756492812892
1.6596756492812892
1.6595506454664755
1.6596756492812892
1.659800653096103
1.6590506302072208
1.6591756340220343
1.6593006378368482
1.6596756492812892
1.6588006225775933
1.6593006378368482
1.6586756187627796
1.6584256111331521
1.6580505996887114
1.6580505996887114
1.6576755882442702
1.6576755882442702
1.6573005767998292
1.657800592059084
1.6573005767998292
1.6571755729850153
1.656550553910947
1.6568005615405743
1.6561755424665061
1.6560505386516924
1.6560505386516924
1.6564255500961331
1.6568005615405743
1.6566755577257606
1.6571755729850153
1.656925565355388
1.6568005615405743
1.6563005462813196
1.6568005615405743
1.656925565355388
1.6573005767998292
1.6574255806146427
1.6576755882442702
1.6574255806146427
1.6581756035035249
1.657800592059084
1.6575505844294565
1.6573005767998292
1.657800592059084
1.656550553910947
1.656925565355388
1.6570505691702018
1.6566755577257606
1.6566755577257606
1.6571755729850153
1.6560505386516924
1.655800531022065
1.6556755272072514
1.6556755272072514
1.653800469985046
1.654550492873928
1.6546754966887418
1.654550492873928
1.653800469985046
1.6544254890591144
1.6530504470961638
1.6524254280220954
1.6524254280220954
1.651800408948027
1.651425397503586
1.651425397503586
1.6524254280220954
1.6536754661702324
1.6553005157628102
1.6574255806146427
1.6599256569109164
1.6619257179479354
1.6640507827997681
1.6665508590960418
1.6678008972441787
1.6681759086886196
1.6678008972441787
1.6665508590960418
1.6644257942442091
1.6620507217627492
1.6599256569109164
1.6564255500961331
1.6543004852443006
1.6528004394665363
1.651425397503586
1.6506753746147038
1.6503003631702629
1.6504253669850764
1.6511753898739585
1.651425397503586
1.6524254280220954
1.6530504470961638
1.6535504623554185
1.6540504776146734
1.6540504776146734
1.6543004852443006
1.6546754966887418
1.6546754966887418
1.655425519577624
1.6551755119479965
1.6560505386516924
1.6560505386516924
1.6561755424665061
1.6568005615405743
1.656550553910947
1.656550553910947
1.656925565355388
1.6563005462813196
1.6574255806146427
1.657800592059084
1.6583006073183386
1.6584256111331521
1.6579255958738974
1.658550614947966
1.658550614947966
1.6584256111331521
1.6588006225775933
1.6590506302072208
1.6593006378368482
1.6593006378368482
1.6594256416516617
1.6600506607257304
1.6600506607257304
1.6594256416516617
1.6591756340220343
1.6594256416516617
1.6591756340220343
1.6596756492812892
1.6591756340220343
1.659800653096103
1.6590506302072208
1.6586756187627796
1.6590506302072208
1.658550614947966
1.6581756035035249
1.6579255958738974
1.6576755882442702
1.6575505844294565
1.657800592059084
1.6568005615405743
1.6575505844294565
1.6576755882442702
1.6573005767998292
1.6568005615405743
1.6564255500961331
1.6566755577257606
1.656925565355388
1.656550553910947
1.6566755577257606
1.6564255500961331
1.656925565355388
1.6568005615405743
1.656925565355388
1.656925565355388
1.656925565355388
1.6574255806146427
1.6566755577257606
1.6571755729850153
1.6571755729850153
1.6571755729850153
1.6573005767998292
1.6584256111331521
1.6575505844294565
1.6575505844294565
1.6574255806146427
1.6580505996887114
1.6574255806146427
1.6571755729850153
1.6573005767998292
1.6568005615405743
1.6566755577257606
1.6568005615405743
1.6563005462813196
1.6559255348368787
1.6555505233924375
1.655425519577624
1.6550505081331828
1.653800469985046
1.6546754966887418
1.653800469985046
1.6541754814294871
1.6540504776146734
1.6529254432813503
1.6528004394665363
1.651800408948027
1.6519254127628407
1.6513003936887722
1.651800408948027
1.652550431836909
1.6535504623554185
1.6551755119479965
1.6568005615405743
1.6595506454664755
1.6616757103183082
1.6641757866145819
1.6663008514664144
1.6675508896145512
1.6678008972441787
1.667675893429365
1.6669258705404828
1.6643007904293954
1.6625507370220038
1.6594256416516617
1.6571755729850153
1.6540504776146734
1.6530504470961638
1.6519254127628407
1.6506753746147038
1.6504253669850764
1.6505503707998903
1.651425397503586
1.6519254127628407
1.6528004394665363
1.6530504470961638
1.653425458540605
1.6536754661702324
1.6539254737998597
1.6540504776146734
1.654550492873928
1.6543004852443006
1.6546754966887418
1.6556755272072514
1.6561755424665061
1.6560505386516924
1.6560505386516924
1.656550553910947
1.6566755577257606
1.6563005462813196
1.6568005615405743
1.6575505844294565
1.6570505691702018
1.6576755882442702
1.6584256111331521
1.6583006073183386
1.6584256111331521
1.6583006073183386
1.658550614947966
1.6583006073183386
1.6584256111331521
1.6590506302072208
1.6593006378368482
1.6586756187627796
1.6591756340220343
1.6595506454664755
1.659800653096103
1.659800653096103
1.659800653096103
1.6593006378368482
1.6593006378368482
1.6594256416516617
1.659800653096103
1.6593006378368482
1.6591756340220343
1.6594256416516617
1.658925626392407
1.658925626392407
1.6586756187627796
1.6583006073183386
1.657800592059084
1.657800592059084
1.6579255958738974
1.6575505844294565
1.6573005767998292
1.6573005767998292
1.6574255806146427
1.6575505844294565
1.6568005615405743
1.6571755729850153
1.6564255500961331
1.6559255348368787
1.6571755729850153
1.6568005615405743
1.6564255500961331
1.6570505691702018
1.6574255806146427
1.6573005767998292
1.6568005615405743
1.6568005615405743
1.6568005615405743
1.6570505691702018
1.657800592059084
1.6575505844294565
1.6575505844294565
1.657800592059084
1.657800592059084
1.6576755882442702
1.6570505691702018
1.6574255806146427
1.6570505691702018
1.6570505691702018
1.6568005615405743
1.6564255500961331
1.6561755424665061
1.6564255500961331
1.6564255500961331
1.6560505386516924
1.655425519577624
1.6550505081331828
1.654550492873928
1.6543004852443006
1.6549255043183693
1.6544254890591144
1.6540504776146734
1.653425458540605
1.653425458540605
1.6528004394665363
1.6520504165776544
1.651800408948027
1.651425397503586
1.6513003936887722
1.6524254280220954
1.6530504470961638
1.6548005005035553
1.656550553910947
1.6593006378368482
1.6615507065034945
1.6639257789849544
1.666050843836787
1.667675893429365
1.6684259163182469
1.6678008972441787
1.6666758629108556
1.6650508133182775
1.6623007293923764
1.6600506607257304
1.6573005767998292
1.6548005005035553
1.6531754509109775
1.6516754051332134
1.6505503707998903
1.6501753593554491
1.6505503707998903
1.6511753898739585
1.651425397503586
1.6529254432813503
1.6536754661702324
1.653425458540605
1.6539254737998597
1.6543004852443006
1.6544254890591144
1.6544254890591144
1.6555505233924375
1.654550492873928
1.6553005157628102
1.6555505233924375
1.6561755424665061
1.6561755424665061
1.6563005462813196
1.6566755577257606
1.6563005462813196
1.6563005462813196
1.6570505691702018
1.6573005767998292
1.6576755882442702
1.6581756035035249
1.6581756035035249
1.658550614947966
1.6583006073183386
1.6584256111331521
1.6584256111331521
1.6588006225775933
1.658925626392407
1.6595506454664755
1.6601756645405439
1.6596756492812892
1.6600506607257304
1.6599256569109164
1.6603006683553576
1.659800653096103
1.658925626392407
1.6591756340220343
1.6599256569109164
1.6595506454664755
1.6591756340220343
1.6590506302072208
1.6593006378368482
1.6588006225775933
1.6590506302072208
1.6590506302072208
1.658550614947966
1.6576755882442702
1.6579255958738974
1.657800592059084
1.6573005767998292
1.6571755729850153
1.6574255806146427
1.6573005767998292
1.656925565355388
1.6563005462813196
1.6564255500961331
1.6563005462813196
1.6563005462813196
1.656550553910947
1.6563005462813196
1.6574255806146427
1.6561755424665061
1.6573005767998292
1.6564255500961331
1.6570505691702018
1.6570505691702018
1.6566755577257606
1.6566755577257606
1.6573005767998292
1.6573005767998292
1.6574255806146427
1.6576755882442702
1.657800592059084
1.657800592059084
1.6570505691702018
1.656925565355388
1.6570505691702018
1.656925565355388
1.6568005615405743
1.6564255500961331
1.656550553910947
1.6563005462813196
1.6566755577257606
1.6560505386516924
1.6556755272072514
1.6550505081331828
1.6550505081331828
1.654550492873928
1.6543004852443006
1.6544254890591144
1.6540504776146734
1.6530504470961638
1.6539254737998597
1.6528004394665363
1.651800408948027
1.6519254127628407
1.6520504165776544
1.6511753898739585
1.6519254127628407
1.6531754509109775
1.654550492873928
1.6561755424665061
1.6588006225775933
1.6613006988738672
1.6635507675405132
1.6659258400219734
1.6675508896145512
1.6681759086886196
1.6683009125034334
1.6669258705404828
1.6654258247627187
1.6625507370220038
1.6596756492812892
1.6574255806146427
1.6548005005035553
1.6533004547257912
1.6515504013183995
1.6509253822443313
1.6500503555406356
1.6508003784295175
1.651050386059145
1.651050386059145
1.652550431836909
1.6528004394665363
1.653425458540605
1.6535504623554185
1.6539254737998597
1.6543004852443006
1.6546754966887418
1.6550505081331828
1.6551755119479965
1.655425519577624
1.6556755272072514
1.6561755424665061
1.6563005462813196
1.6560505386516924
1.6563005462813196
1.6563005462813196
1.6560505386516924
1.6570505691702018
1.6574255806146427
1.657800592059084
1.657800592059084
1.6584256111331521
1.6584256111331521
1.658550614947966
1.6584256111331521
1.6586756187627796
1.6588006225775933
1.6586756187627796
1.6593006378368482
1.6593006378368482
1.6596756492812892
1.6599256569109164
1.6595506454664755
1.6599256569109164
1.6599256569109164
1.6600506607257304
1.6594256416516617
1.6594256416516617
1.6593006378368482
1.6593006378368482
1.6593006378368482
1.6594256416516617
1.6584256111331521
1.6584256111331521
1.6580505996887114
1.6583006073183386
1.6574255806146427
1.657800592059084
1.6574255806146427
1.6579255958738974
1.6573005767998292
1.6575505844294565
1.6571755729850153
1.6566755577257606
1.6571755729850153
1.6566755577257606
1.6560505386516924
1.6563005462813196
1.6561755424665061
1.6560505386516924
1.656550553910947
1.6568005615405743
1.6566755577257606
1.6574255806146427
1.6573005767998292
1.6570505691702018
1.6568005615405743
1.656925565355388
1.6570505691702018
1.6574255806146427
1.6574255806146427
1.6573005767998292
1.6580505996887114
1.6579255958738974
1.6573005767998292
1.6575505844294565
1.6574255806146427
1.6568005615405743
1.6571755729850153
1.6563005462813196
1.656550553910947
1.6556755272072514
1.656550553910947
1.6564255500961331
1.6555505233924375
1.6556755272072514
1.6550505081331828
1.6546754966887418
1.654550492873928
1.6544254890591144
1.653800469985046
1.6536754661702324
1.6533004547257912
1.6529254432813503
1.6519254127628407
1.6520504165776544
1.6516754051332134
1.6515504013183995
1.6513003936887722
1.6526754356517228
1.6544254890591144
1.6564255500961331
1.6588006225775933
1.6611756950590533
1.6645507980590228
1.6656758323923462
1.6679259010589922
1.6681759086886196
1.668050904873806
1.667300881984924
1.6651758171330913
1.662925748466445
1.6606756797997986
1.6575505844294565
1.6551755119479965
1.6535504623554185
1.652550431836909
1.6508003784295175
1.6504253669850764
1.6503003631702629
1.6505503707998903
1.6515504013183995
1.6520504165776544
1.6529254432813503
1.6535504623554185
1.653425458540605
1.6543004852443006
1.654550492873928
1.6544254890591144
1.6553005157628102
1.6551755119479965
1.6550505081331828
1.655800531022065
1.6560505386516924
1.6563005462813196
1.656550553910947
1.6564255500961331
1.6566755577257606
1.6560505386516924
1.6566755577257606
1.6576755882442702
1.6575505844294565
1.657800592059084
1.6581756035035249
1.6584256111331521
1.6583006073183386
1.6588006225775933
1.6583006073183386
1.6584256111331521
1.658550614947966
1.6593006378368482
1.6595506454664755
1.6593006378368482
1.6599256569109164
1.6593006378368482
1.6596756492812892
1.6593006378368482
1.6595506454664755
1.6593006378368482
1.6593006378368482
1.6593006378368482
1.6591756340220343
1.6593006378368482
1.6594256416516617
1.6599256569109164
1.6586756187627796
1.658550614947966
1.6581756035035249
1.6576755882442702
1.6576755882442702
1.6584256111331521
1.6568005615405743
1.6576755882442702
1.6574255806146427
1.6571755729850153
1.6573005767998292
1.6566755577257606
1.6568005615405743
1.6563005462813196
1.6561755424665061
1.6560505386516924
1.6560505386516924
1.6564255500961331
1.656925565355388
1.6573005767998292
1.6568005615405743
1.6564255500961331
1.6571755729850153
1.656925565355388
1.6564255500961331
1.6571755729850153
1.656925565355388
1.6575505844294565
1.6576755882442702
1.6580505996887114
1.6576755882442702
1.6575505844294565
1.6570505691702018
1.6571755729850153
1.6566755577257606
1.6566755577257606
1.6568005615405743
1.6566755577257606
1.6561755424665061
1.6561755424665061
1.6561755424665061
1.655800531022065
1.6555505233924375
1.6560505386516924
1.6548005005035553
1.654550492873928
1.6540504776146734
1.6539254737998597
1.6533004547257912
1.653425458540605
1.6526754356517228
1.6530504470961638
1.651800408948027
1.6515504013183995
1.651425397503586
1.6519254127628407
1.6529254432813503
1.6544254890591144
1.6556755272072514
1.6583006073183386
1.660550675984985
1.6630507522812585
1.6663008514664144
1.66717587817011
1.6681759086886196
1.6685509201330608
1.6675508896145512
1.6654258247627187
1.6630507522812585
1.6606756797997986
1.657800592059084
1.6556755272072514
1.653800469985046
1.6519254127628407
1.6505503707998903
1.6500503555406356
1.6503003631702629
1.6505503707998903
1.6515504013183995
1.6524254280220954
1.6529254432813503
1.6531754509109775
1.653800469985046
1.654550492873928
1.6543004852443006
1.6543004852443006
1.6549255043183693
1.6551755119479965
1.6559255348368787
1.6555505233924375
1.6561755424665061
1.6555505233924375
1.6560505386516924
1.6564255500961331
1.6563005462813196
1.6564255500961331
1.656925565355388
1.6574255806146427
1.6573005767998292
1.6573005767998292
1.6584256111331521
1.6584256111331521
1.6588006225775933
1.6584256111331521
1.658925626392407
1.6586756187627796
1.658925626392407
1.6590506302072208
1.6594256416516617
1.6594256416516617
1.6600506607257304
1.6600506607257304
1.6595506454664755
1.6595506454664755
1.6591756340220343
1.6590506302072208
1.6594256416516617
1.6601756645405439
1.6595506454664755
1.6594256416516617
1.6595506454664755
1.6590506302072208
1.658550614947966
1.658550614947966
1.657800592059084
1.6576755882442702
1.6574255806146427
1.6574255806146427
1.6581756035035249
1.6574255806146427
1.6579255958738974
1.6574255806146427
1.6570505691702018
1.6570505691702018
1.6566755577257606
1.6564255500961331
1.656550553910947
1.6559255348368787
1.656550553910947
1.6566755577257606
1.6566755577257606
1.6571755729850153
1.6571755729850153
1.6571755729850153
1.6570505691702018
1.6568005615405743
1.656925565355388
1.6573005767998292
1.6571755729850153
1.6579255958738974
1.6579255958738974
1.6581756035035249
1.657800592059084
1.6571755729850153
1.6574255806146427
1.6568005615405743
