1.5822982879116183
1.5835483260597554
1.5842983489486373
1.585298379467147
1.5871734366893522
1.5882984710226753
1.590423535874508
1.591923581652272
1.5941736503189183
1.5960487075411238
1.5972987456892607
1.5985487838373975
1.6012988677632984
1.603173924985504
1.6060490127262186
1.6089241004669332
1.6119241920224616
1.6142992645039216
1.6170493484298227
1.6200494399853511
1.6235495468001342
1.6266746421704763
1.630424756614887
1.6334248481704154
1.6364249397259438
1.6416750999481187
1.6454252143925292
1.6501753593554491
1.6541754814294871
1.6593006378368482
1.6626757408368176
1.6678008972441787
1.6738010803552354
1.678676229132969
1.6825513473921934
1.6896765648365732
1.6951767326883755
1.7015519272438735
1.7073021027253028
1.712427259132664
1.7188024536881619
1.7251776482436598
1.7299277932065797
1.7364279915768914
1.743803216650899
1.7485533616138187
1.7549285561693166
1.7605537278359324
1.7668039185766167
1.772304086428419
1.7779292580950348
1.7833044221320231
1.7886795861690117
1.7946797692800684
1.7989298989837337
1.8050550859096042
1.809180211798456
1.814305368205817
1.8189305093539232
1.8224306161687065
1.826930753501999
1.8305558641315958
1.8338059633167516
1.8374310739463484
1.840431165501877
1.8435562608722191
1.8461813409833063
1.849556443983276
1.8513064973906674
1.852681539353618
1.853556566057314
1.8544315927610096
1.8544315927610096
1.8553066194647054
1.8553066194647054
1.8559316385387736
1.8549316080202642
1.8541815851313823
1.8525565355388043
1.8509314859462265
1.848806421094394
1.8458063295388654
1.8425562303537095
1.8396811426129949
1.8365560472426528
1.8325559251686148
1.8281807916501358
1.8243056733909115
1.8199305398724328
1.8148053834650717
1.8100552385021516
1.8040550553910948
1.7980548722800378
1.7929297158726767
1.78692953276162
1.7814293649098176
1.775429181798761
1.769929013946959
1.7641788384655293
1.7580536515396588
1.7509284340952787
1.7451782586138493
1.7389280678731651
1.73230286568804
1.7264276863917967
1.719927488021485
1.7143023163548692
1.7079271217993715
1.702176946317942
1.6959267555772577
1.6901765800958282
1.6840513931699574
1.6784262215033416
1.6723010345774711
1.6665508590960418
1.6618007141331217
1.656550553910947
1.651425397503586
1.6464252449110386
1.6413000885036775
1.6357999206518754
1.6317997985778374
1.627299661244545
1.6221745048371838
1.6184243903927733
1.6142992645039216
1.6109241615039522
1.6071740470595417
1.6037989440595721
1.6004238410596028
1.5976737571337016
1.5944236579485458
1.5917985778374584
1.588423474837489
1.5859233985412151
1.5835483260597554
1.5810482497634815
1.579673207800531
1.5772981353190711
1.5756730857264931
1.5742980437635425
1.5731730094302194
1.5711729483932007
1.5690478835413677
1.5676728415784174
1.5664228034302805
1.5656727805413984
1.5645477462080752
1.5636727195043794
1.563047700430311
1.5616726584673606
1.561922666096988
1.5604226203192237
1.5594225898007141
1.558297555467391
1.5581725516525773
1.5585475630970183
1.5576725363933226
1.5575475325785089
1.5550474562822352
1.5540474257637258
1.552672383800775
1.5534224066896571
1.5536724143192846
1.5536724143192846
1.5532974028748436
1.5534224066896571
1.5537974181340983
1.5537974181340983
1.5544224372081668
1.5541724295785393
1.5541724295785393
1.5542974333933532
1.5541724295785393
1.554672444837794
1.5544224372081668
1.555172460097049
1.555922482985931
1.555172460097049
1.55554747154149
1.5556724753563036
1.5561724906155583
1.5562974944303722
1.5561724906155583
1.5561724906155583
1.5562974944303722
1.5561724906155583
1.556672505874813
1.5576725363933226
1.5581725516525773
1.5584225592822047
1.558672566911832
1.5581725516525773
1.5587975707266457
1.5587975707266457
1.5592975859859004
1.559797601245155
1.56029761650441
1.560672627948851
1.5601726126895963
1.560672627948851
1.561047639393292
1.561047639393292
1.5615476546525469
1.5614226508377331
1.561172643208106
1.561172643208106
1.5621726737266153
1.5625476851710562
1.5621726737266153
1.5635477156895659
1.5631727042451247
1.5639227271340068
1.5640477309488205
1.5640477309488205
1.564297738578448
1.5644227423932615
1.56504776146733
1.56504776146733
1.565422772911771
1.5666728110599077
1.5667978148747217
1.5659227881710258
1.56742283394879
1.5676728415784174
1.568172856837672
1.5690478835413677
1.5700479140598773
1.5706729331339457
1.5711729483932007
1.5724229865413375
1.5732980132450332
1.5727979979857785
1.5757980895413068
1.576548112430189
1.5779231543931396
1.5799232154301586
1.5824232917264323
1.5842983489486373
1.5862984099856563
1.5894235053559984
1.5916735740226449
1.594298654133732
1.5972987456892607
1.6007988525040437
1.6044239631336406
1.6071740470595417
1.6115491805780204
1.6156743064668722
1.6205494552446058
1.626049623096408
1.630424756614887
1.6349248939481797
1.639925046540727
1.6451752067629017
1.6511753898739585
1.656925565355388
1.6630507522812585
1.669675954466384
1.6764261604663229
1.6825513473921934
1.6885515305032504
1.6943017059846797
1.700926908169805
1.706927091280862
1.712052247688223
1.7181774346140937
1.7234275948362683
1.7261776787621694
1.7324278695028534
1.7369280068361461
1.740553117465743
1.7440532242805262
1.7464282967619862
1.7485533616138187
1.7506784264656514
1.7516784569841608
1.7529284951322976
1.7526784875026704
1.7535535142063663
1.7529284951322976
1.7519284646137883
1.749678395947142
1.747678334910123
1.7440532242805262
1.7406781212805567
1.7366779992065189
1.732677877132481
1.7276777245399335
1.7226775719473861
1.7180524307992797
1.712427259132664
1.7066770836512346
1.7004268929105502
1.6946767174291208
1.6884265266884364
1.6820513321329387
1.6764261604663229
1.6701759697256386
1.6640507827997681
1.6583006073183386
1.6523004242072816
1.647050263985107
1.6408000732444226
1.6361749320963164
1.6305497604297006
1.6254246040223395
1.6210494705038605
1.6167993408001955
1.61254921109653
1.6085490890224923
1.605048982207709
1.6015488753929257
1.5990487990966522
1.5949236732078005
1.592298593096713
1.589923520615253
1.5876734519486069
1.5854233832819604
1.5842983489486373
1.5825482955412458
1.5805482345042268
1.5787981810968352
1.57692312387463
1.5742980437635425
1.57217297891171
1.5687978759117405
1.566297799615467
1.5621726737266153
1.556797509689627
1.551547349467452
1.5449221472823267
1.5374219183935056
1.5280466322824793
1.5190463576158941
1.5094210638752406
1.4997957701345868
1.4904204840235602
1.482670247505112
1.4764200567644277
1.4717949156163215
1.4704198736533707
1.4722949308755762
1.477920102542192
1.4884204229865414
1.5045459150975067
1.5271716055787836
1.5554224677266761
1.5916735740226449
1.6345498825037386
1.683051362651448
1.7390530716879788
1.799554918057802
1.8644318979461045
1.9321839655751214
2.000186040833766
2.0671880855739007
2.130440015869625
2.1865667287209694
2.2324431287575917
2.266819177831355
2.2870697958311714
2.2930699789422286
2.284944730979339
2.262944059572131
2.2280679952391127
2.181191564683981
2.123689809869686
2.0581878109073153
1.986560625019074
1.913308389538255
1.8376810815759759
1.7666789147618032
1.700176885280923
1.6389250160222175
1.5831733146153144
1.5352968535416731
1.4941705984679707
1.460794579912717
1.4345437788018434
1.4165432294686728
1.404542863246559
1.4005427411725213
1.4001677297280801
1.4049178746910003
1.4141681569872129
1.4254185003204445
1.439418927579577
1.454044373912778
1.4700448622089297
1.4855453352458265
1.500045777764214
1.5140462050233467
1.5264215826899015
1.53654689168981
1.5455471663563953
1.5524223761711478
1.5580475478377636
1.563047700430311
1.5679228492080448
1.5706729331339457
1.5740480361339153
1.5755480819116796
1.5776731467635121
1.5794232001709037
1.5795482039857174
1.5814232612079226
1.5822982879116183
1.5836733298745689
1.5846733603930783
1.5869234290597247
1.5869234290597247
1.5891734977263712
1.5906735435041353
1.5926736045411543
1.5944236579485458
1.5954236884670552
1.5979237647633289
1.599548814355907
1.6017988830225531
1.6042989593188268
1.6060490127262186
1.6100491348002564
1.6122992034669026
1.6147992797631765
1.6177993713187049
1.621299478133488
1.6235495468001342
1.627174657429731
1.6302997528000733
1.6341748710592976
1.637924985503708
1.642675130466628
1.6465502487258523
1.6508003784295175
1.655425519577624
1.659800653096103
1.66480080568865
1.6689259315775018
1.6739260841700492
1.6794262520218513
1.6853014313180945
1.6911766106143375
1.6968017822809534
1.702176946317942
1.708052125614185
1.7136772972808008
1.719927488021485
1.7255526596881008
1.7316778466139713
1.7376780297250283
1.7434282052064578
1.7495533921323283
1.755553575243385
1.761928769798883
1.7676789452803126
1.7730541093173011
1.778679280983917
1.7840544450209053
1.7894296090578936
1.7949297769096957
1.800429944761498
1.8050550859096042
1.8096802270577106
1.815055391094699
1.8195555284279916
1.8231806390575884
1.8280557878353223
1.8318059022797326
1.8341809747611926
1.838056093020417
1.8413061922055727
1.8436812646870329
1.8464313486129338
1.849181432538835
1.8508064821314127
1.8525565355388043
1.8544315927610096
1.8548066042054507
1.8560566423535876
1.8560566423535876
1.855431623279519
1.8559316385387736
1.8556816309091464
1.8540565813165686
1.8524315317239908
1.8500564592425306
1.8478063905758844
1.8454313180944242
1.8425562303537095
1.8391811273537402
1.8350560014648885
1.8325559251686148
1.8276807763908811
1.8236806543168431
1.8191805169835507
1.8146803796502577
1.80830518509476
1.8036800439466536
1.7979298684652243
1.7921796929837945
1.7863045136875517
1.7808043458357494
1.7751791741691336
1.7694289986877043
1.7636788232062746
1.7570536210211494
1.7501784112063965
1.7444282357249672
1.7380530411694692
1.7318028504287852
1.7255526596881008
1.719927488021485
1.7136772972808008
1.7070520950956756
1.7015519272438735
1.6953017365031893
1.689426557206946
1.6838013855403302
1.677551194799646
1.6714260078737755
1.6658008362071597
1.6606756797997986
1.6556755272072514
1.6505503707998903
1.6461752372814111
1.6405500656147955
1.6354249092074344
1.630799768059328
1.626424634540849
1.62204950102237
1.6179243751335184
1.6132992339854122
1.610549150059511
1.607049043244728
1.6039239478743859
1.6002988372447888
1.5969237342448195
1.5937986388744774
1.5901735282448806
1.588048463393048
1.5854233832819604
1.5835483260597554
1.5815482650227364
1.57929819635609
1.5776731467635121
1.5757980895413068
1.5744230475783563
1.57217297891171
1.5706729331339457
1.5690478835413677
1.5676728415784174
1.5667978148747217
1.565422772911771
1.5651727652821437
1.5635477156895659
1.5635477156895659
1.562297677541429
1.5600476088747826
1.5607976317636647
1.5592975859859004
1.557797540208136
1.5587975707266457
1.557797540208136
1.55792254402295
1.5572975249488816
1.555922482985931
1.5540474257637258
1.553547410504471
1.5537974181340983
1.5537974181340983
1.55317239906003
1.5530473952452162
1.5537974181340983
1.5537974181340983
1.5536724143192846
1.5540474257637258
1.5540474257637258
1.5544224372081668
1.5542974333933532
1.5542974333933532
1.5541724295785393
1.5542974333933532
1.5545474410229805
1.5554224677266761
1.5552974639118626
1.5560474868007448
1.5557974791711173
1.5565475020599995
1.5562974944303722
1.5562974944303722
1.5556724753563036
1.5565475020599995
1.556797509689627
1.557172521134068
1.5575475325785089
1.5580475478377636
1.5584225592822047
1.5589225745414594
1.5576725363933226
1.5581725516525773
1.558672566911832
1.558672566911832
1.5594225898007141
1.559172582171087
1.5600476088747826
1.5604226203192237
1.5607976317636647
1.561172643208106
1.5615476546525469
1.5612976470229194
1.561172643208106
1.5615476546525469
1.5616726584673606
1.5629226966154972
1.5621726737266153
1.5627976928006837
1.5636727195043794
1.563422711874752
1.5635477156895659
1.563797723319193
1.563797723319193
1.5636727195043794
1.565797784356212
1.5652977690969574
1.5652977690969574
1.5664228034302805
1.566172795800653
1.567047822504349
1.5667978148747217
1.5675478377636038
1.5676728415784174
1.5684228644672995
1.5686728720969267
1.5699229102450638
1.570547929319132
1.5716729636524553
1.5727979979857785
1.5742980437635425
1.57454805139317
1.5760480971709343
1.57692312387463
1.5779231543931396
1.5805482345042268
1.5826732993560595
1.5841733451338236
1.5865484176152838
1.5894235053559984
1.592423596911527
1.5949236732078005
1.5977987609485154
1.6012988677632984
1.6042989593188268
1.608174077578051
1.6120491958372754
1.6160493179113133
1.6210494705038605
1.626424634540849
1.6301747489852596
1.635924924466689
1.6414250923184912
1.6466752525406658
1.6519254127628407
1.6580505996887114
1.6646758018738366
1.6699259620960112
1.6769261757255778
1.6834263740958892
1.6895515610217597
1.6955517441328165
1.701801934873501
1.7074271065401168
1.7133022858363598
1.7186774498733484
1.7236776024658955
1.7285527512436292
1.732677877132481
1.7371780144657736
1.7415531479842525
1.7441782280953397
1.7471783196508683
1.7498033997619558
1.7506784264656514
1.7529284951322976
1.7530534989471116
1.7535535142063663
1.753178502761925
1.7525534836878567
1.7515534531693473
1.7495533921323283
1.7458032776879178
1.7439282204657125
1.740178106021302
1.7359279763176367
1.7320528580584125
1.7269277016510514
1.7221775566881314
1.7170524002807703
1.7123022553178504
1.7054270455030978
1.6994268623920408
1.6936766869106112
1.6874264961699272
1.6810513016144293
1.675176122318186
1.6695509506515702
1.6635507675405132
1.6574255806146427
1.651800408948027
1.6464252449110386
1.6401750541703544
1.635174901577807
1.6299247413556321
1.6247995849482713
1.6201744438001648
1.6157993102816859
1.6112991729483932
1.608174077578051
1.6051739860225227
1.601173863948485
1.5976737571337016
1.5941736503189183
1.5920485854670858
1.5896735129856259
1.5874234443189794
1.5850483718375195
1.5845483565782648
1.58167326883755
1.5797982116153446
1.5785481734672078
1.5759230933561206
1.5742980437635425
1.5712979522080142
1.5687978759117405
1.5644227423932615
1.561047639393292
1.5575475325785089
1.550422315134129
1.5439221167638173
1.5359218726157415
1.5272966093935971
1.5191713614307079
1.5076710104678488
1.498045716727195
1.4886704306161689
1.4811702017273476
1.4749200109866634
1.4714199041718803
1.4701698660237434
1.4729199499496444
1.4796701559495833
1.491295510727256
1.508421033356731
1.5314217352824486
1.561172643208106
1.59829877620777
1.6414250923184912
1.6926766563921019
1.7488033692434461
1.8109302652058474
1.8763072603534043
1.9433093050935393
2.0125614185003204
2.079188451796014
2.140190313425092
2.1956920072023682
2.2399433576464127
2.2716943266090888
2.2890698568681906
2.2929449751274147
2.2823196508682515
2.2573188879055146
2.220317758720664
2.171566270943327
2.111814447462386
2.0451874141666924
1.9734352244636373
1.8980579241309856
1.8240556657612843
1.7545535447248757
1.6881765190588092
1.6279246803186131
1.5732980132450332
1.526546586504715
1.487795403912473
1.4547943968016601
1.4309186681722466
1.4134181340983307
1.4031678212836085
1.3991676992095705
1.4015427716910305
1.4066679280983916
1.4151681875057223
1.4281685842463454
1.4426690267647329
1.4570444654683066
1.4729199499496444
1.4879204077272867
1.5027958616901151
1.516296273689993
1.528171636097293
1.5381719412823878
1.5452971587267679
1.5542974333933532
1.5595475936155279
1.5644227423932615
1.5680478530228583
1.5707979369487595
1.5736730246894741
1.576548112430189
1.5781731620227668
1.5791731925412764
1.579673207800531
1.5814232612079226
1.5825482955412458
1.5834233222449416
1.5846733603930783
1.586048402356029
1.5882984710226753
1.5891734977263712
1.5915485702078311
1.5935486312448501
1.5926736045411543
1.5961737113559373
1.5980487685781428
1.6001738334299753
1.6021738944669943
1.60542399365215
1.607424054689169
1.6095491195410014
1.6130492263557847
1.6155493026520584
1.618549394207587
1.6215494857631152
1.6244245735038303
1.6281746879482406
1.63154979094821
1.6356749168370617
1.638299996948149
1.6431751457258827
1.6479252906888027
1.6516754051332134
1.655800531022065
1.6593006378368482
1.6650508133182775
1.6701759697256386
1.6749261146885588
1.6804262825403606
1.6851764275032808
1.6919266335032197
1.697426801355022
1.703676992095706
1.7090521561326946
1.7146773277993104
1.7210525223548083
1.7276777245399335
1.7325528733176672
1.739303079317606
1.744553239539781
1.7508034302804651
1.7573036286507766
1.7629288003173924
1.7686789757988222
1.7756791894283883
1.7803043305764947
1.7855544907986696
1.7908046510208442
1.7961798150578325
1.8005549485763115
1.8061801202429273
1.8113052766502884
1.8164304330576495
1.8204305551316875
1.824555681020539
1.8276807763908811
1.8319309060945466
1.835306009094516
1.8386811120944853
1.841931211279641
1.844806299020356
1.847181371501816
1.8498064516129031
1.851556505020295
1.8538065736869411
1.8539315775017549
1.855056611835078
1.8558066347239601
1.8560566423535876
1.8555566270943329
1.855056611835078
1.8548066042054507
1.853556566057314
1.8525565355388043
1.8503064668721578
1.8475563829462571
1.8449313028351695
1.8415561998352001
1.838056093020417
1.8348059938352612
1.8310558793908505
1.826930753501999
1.8224306161687065
1.817430463576159
1.8128053224280527
1.8080551774651326
1.8023050019837032
1.79642982268746
1.7906796472060307
1.7853044831690421
1.7800543229468673
1.773804132206183
1.767803949095126
1.761553758354442
1.7560535905026398
1.7495533921323283
1.7429281899472029
1.7366779992065189
1.731052827539903
1.723927610095523
1.7178024231696525
1.7119272438734092
1.706052064577166
1.700176885280923
1.6946767174291208
1.6886765343180639
1.6824263435773796
1.6759261452070682
1.6706759849848933
1.6646758018738366
1.6600506607257304
1.6544254890591144
1.6489253212073123
1.6444251838740198
1.6390500198370312
1.633174840540788
1.6299247413556321
1.6255496078371532
1.6206744590594195
1.6166743369853815
1.613424237800226
1.6102991424298836
1.6057990050965911
1.6027989135410627
1.5992988067262794
1.595173680837428
1.592798608355968
1.590298532059694
1.5876734519486069
1.5846733603930783
1.5826732993560595
1.5807982421338542
1.5786731772820215
1.5774231391338847
1.5754230780968657
1.5735480208746606
1.5714229560228279
1.570172917874691
1.5682978606524856
1.56742283394879
1.5660477919858395
1.5655477767265848
1.564172734763634
1.5631727042451247
1.5627976928006837
1.5616726584673606
1.5605476241340372
1.5600476088747826
1.559172582171087
1.558672566911832
1.5585475630970183
1.55792254402295
1.55792254402295
1.5570475173192542
1.5544224372081668
1.5540474257637258
1.553922421948912
1.5530473952452162
1.5532974028748436
1.552797387615589
1.553547410504471
1.5537974181340983
1.553922421948912
1.553922421948912
1.5545474410229805
1.5542974333933532
1.5544224372081668
1.5540474257637258
1.5544224372081668
1.5541724295785393
1.5549224524674214
1.554797448652608
1.5560474868007448
1.5552974639118626
1.555922482985931
1.555922482985931
1.5556724753563036
1.5556724753563036
1.5565475020599995
1.5562974944303722
1.556672505874813
1.5569225135044404
1.557172521134068
1.5575475325785089
1.5581725516525773
1.5581725516525773
1.559047578356273
1.559172582171087
1.558672566911832
1.558672566911832
1.5592975859859004
1.559047578356273
1.559172582171087
1.560672627948851
1.5605476241340372
1.5607976317636647
1.561172643208106
1.5614226508377331
1.5614226508377331
1.561047639393292
1.5615476546525469
1.561797662282174
1.5625476851710562
1.5621726737266153
1.5626726889858698
1.5631727042451247
1.5632977080599384
1.5635477156895659
1.5639227271340068
1.564172734763634
1.5639227271340068
1.5647977538377027
1.5649227576525162
1.565422772911771
1.5659227881710258
1.5665478072450942
1.5671728263191627
1.5671728263191627
1.5676728415784174
1.5682978606524856
1.5682978606524856
1.568547868282113
1.5700479140598773
1.5707979369487595
1.57217297891171
1.5730480056154057
1.5740480361339153
1.57454805139317
1.576548112430189
1.5772981353190711
1.578923184911649
1.5807982421338542
1.5831733146153144
1.5847983642078922
1.587298440504166
1.5897985168004394
1.592423596911527
1.595173680837428
1.5980487685781428
1.6017988830225531
1.60542399365215
1.6086740928373058
1.6131742301705987
1.6170493484298227
1.6217994933927427
1.6270496536149175
1.6320498062074649
1.6367999511703848
1.6420501113925596
1.6480502945036166
1.6529254432813503
1.658550614947966
1.664925809503464
1.671676015503403
1.6781762138737144
1.6848014160588396
1.6908015991698966
1.6968017822809534
1.7026769615771966
1.708802148503067
1.7141773125400557
1.7193024689474166
1.7244276253547777
1.7299277932065797
1.734302926725059
1.7376780297250283
1.7419281594286935
1.7450532547990356
1.7469283120212409
1.7499284035767695
1.7515534531693473
1.7518034607989748
1.7529284951322976
1.7541785332804345
1.7534285103915526
1.752053468428602
1.7514284493545336
1.7495533921323283
1.7463032929471725
1.7431781975768303
1.7399280983916745
1.735302957243568
1.7308028199102756
1.726302682576983
1.7214275337992493
1.7163023773918882
1.710427198095645
1.7045520187994019
1.698176824243904
1.6923016449476609
1.6868014770958586
1.679551255836665
1.6745511032441176
1.668050904873806
1.6619257179479354
1.6563005462813196
1.651050386059145
1.6454252143925292
1.6391750236518448
1.6339248634296701
1.6290497146519365
1.6239245582445754
1.6191744132816552
1.6152992950224312
1.6111741691335797
1.607424054689169
1.6040489516891996
1.60067384868923
1.597173741874447
1.595173680837428
1.5920485854670858
1.5891734977263712
1.5871734366893522
1.5855483870967744
1.5834233222449416
1.5819232764671776
1.5799232154301586
1.5781731620227668
1.5762981048005615
1.5742980437635425
1.5709229407635732
1.5676728415784174
1.5640477309488205
1.5601726126895963
1.5561724906155583
1.5490472731711782
1.5427970824304942
1.5344218268379772
1.5255465559862058
1.515796258430738
1.5061709646900845
1.4969206823938719
1.487295388653218
1.4801701712088382
1.474294991912595
1.4709198889126254
1.4701698660237434
1.4734199652088993
1.4815452131717888
1.492920560319834
1.511921140171514
1.5370469069490644
1.5669228186895352
1.6049239783928952
1.6500503555406356
1.701676931058687
1.7586786706137274
1.8218055970946379
1.8880576189458909
1.9554346751304668
2.0243117770928065
2.0899387798699913
2.1508156376842553
2.2039422589800712
2.246443556016724
2.275444441053499
2.290444898831141
2.2921949522385328
2.2788195440534684
2.2519437238685263
2.2135675527207255
2.1619409772026734
2.101064119388409
2.0328120365001374
1.9605598315378279
1.8850575273903623
1.8114302804651021
1.7419281594286935
1.677176183355205
1.6180493789483323
1.5646727500228887
1.5195463728751488
1.480670186468093
1.4507942747276223
1.427168553727836
1.4112930692464982
1.4021677907650991
1.3991676992095705
1.401792779320658
1.4082929776909696
1.4177932676168097
1.4305436567278056
1.4451691030610065
1.4601695608386487
1.476295052949614
1.4914205145420698
1.5052959379863888
1.518296334727012
1.530171697134312
1.539671987060152
1.5479222388378553
1.5549224524674214
1.5600476088747826
1.5647977538377027
1.568547868282113
1.5716729636524553
1.5739230323191016
1.5761731009857478
1.5779231543931396
1.580048219244972
1.5801732230597858
1.5821732840968048
1.5826732993560595
1.5841733451338236
1.5850483718375195
1.5865484176152838
1.5886734824671163
1.5892985015411847
1.5921735892818996
1.592798608355968
1.594298654133732
1.596798730430006
1.5981737723929563
1.6000488296151616
1.602673909726249
1.6046739707632678
1.6080490737632376
1.61017413861507
1.6130492263557847
1.6159243140964994
1.6192994170964692
1.6216744895779291
1.6254246040223395
1.628049684133427
1.6319248023926511
1.6357999206518754
1.639925046540727
1.643925168614765
1.6480502945036166
1.652550431836909
1.656925565355388
1.6615507065034945
1.666050843836787
1.6710509964293345
1.6758011413922544
1.6818013245033114
1.687051484725486
1.6928016602069156
1.6988018433179723
1.7045520187994019
1.710052186651204
1.7160523697622607
1.7225525681325726
1.7284277474288157
1.733427900021363
1.7396780907620473
1.7458032776879178
1.752053468428602
1.7573036286507766
1.763928830835902
1.7696790063173315
1.775429181798761
1.7808043458357494
1.7859295022431105
1.7911796624652854
1.7968048341319012
1.8020549943540758
1.807180150761437
1.8113052766502884
1.8166804406872767
1.8211805780205697
1.8251807000946074
1.8291808221686454
1.8321809137241738
1.8356810205389569
1.8390561235389262
1.8426812341685233
1.8450563066499832
1.8474313791314432
1.8499314554277169
1.8519315164647359
1.853181554612873
1.8541815851313823
1.8553066194647054
1.8546816003906368
1.8555566270943329
1.8558066347239601
1.8558066347239601
1.8544315927610096
1.8538065736869411
1.8525565355388043
1.8508064821314127
1.8469313638721885
1.844681295205542
1.8410561845759452
1.8383061006500443
1.83443098239082
1.8303058565019683
1.8263057344279305
1.8218055970946379
1.8176804712057864
1.8124303109836117
1.8063051240577412
1.8016799829096348
1.7956797997985778
1.790054628131962
1.7843044526505327
1.778679280983917
1.7730541093173011
1.7670539262062441
1.7611787469100009
1.7548035523545031
1.7483033539841915
1.7423031708731347
1.7360529801324502
1.7293027741325113
1.7225525681325726
1.7170524002807703
1.711177220984527
1.7050520340586566
1.6991768547624133
1.6933016754661703
1.6878015076143682
1.6814263130588702
1.6753011261329998
1.669675954466384
1.6640507827997681
1.6588006225775933
1.6536754661702324
1.6485503097628713
1.643925168614765
1.6388000122074038
1.6339248634296701
1.629299722281564
1.6246745811334575
1.6197994323557239
1.6164243293557543
1.6126742149113438
1.6089241004669332
1.6055489974669637
1.6025489059114353
1.5989237952818385
1.5954236884670552
1.5931736198004092
1.5896735129856259
1.5874234443189794
1.5850483718375195
1.5826732993560595
1.5807982421338542
1.5785481734672078
1.5770481276894437
1.5750480666524247
1.5732980132450332
1.5716729636524553
1.5702979216895046
1.5684228644672995
1.5675478377636038
1.5660477919858395
1.5651727652821437
1.564172734763634
1.5631727042451247
1.5625476851710562
1.561797662282174
1.5609226355784784
1.56029761650441
1.559922605059969
1.558672566911832
1.5585475630970183
1.55792254402295
1.557172521134068
1.556797509689627
1.554672444837794
1.5534224066896571
1.5532974028748436
1.554672444837794
1.55317239906003
1.55317239906003
1.5532974028748436
1.5537974181340983
1.5529223914304024
1.553547410504471
1.5542974333933532
1.553922421948912
1.5544224372081668
1.5541724295785393
1.5545474410229805
1.5542974333933532
1.5544224372081668
1.554797448652608
1.55554747154149
1.555922482985931
1.5560474868007448
1.5560474868007448
1.5561724906155583
1.5562974944303722
1.5565475020599995
1.5565475020599995
1.5564224982451857
1.5572975249488816
1.557172521134068
1.557797540208136
1.557797540208136
1.558297555467391
1.5589225745414594
1.5584225592822047
1.5589225745414594
1.5585475630970183
1.5596725974303416
1.5594225898007141
1.5596725974303416
1.5600476088747826
1.5604226203192237
1.5615476546525469
1.5609226355784784
1.5605476241340372
1.5612976470229194
1.5612976470229194
1.5616726584673606
1.562297677541429
1.5615476546525469
1.562297677541429
1.563422711874752
1.5632977080599384
1.5629226966154972
1.563422711874752
1.5632977080599384
1.5640477309488205
1.564172734763634
1.5645477462080752
1.5645477462080752
1.5651727652821437
1.565797784356212
1.5667978148747217
1.5666728110599077
1.56742283394879
1.567797845393231
1.5682978606524856
1.5682978606524856
1.5689228797265542
1.5699229102450638
1.5710479445783867
1.5716729636524553
1.5729230018005922
1.5740480361339153
1.57454805139317
1.5759230933561206
1.5775481429486986
1.5790481887264625
1.580923245948668
1.582923306985687
1.5850483718375195
1.5867984252449112
1.590798547318949
1.592798608355968
1.5959237037263099
1.599173802911466
1.6027989135410627
1.6051739860225227
1.6095491195410014
1.6135492416150394
1.6179243751335184
1.62204950102237
1.627674672688986
1.632299813837092
1.637549974059267
1.642675130466628
1.6483003021332439
1.6536754661702324
1.6599256569109164
1.6665508590960418
1.6729260536515398
1.678676229132969
1.6851764275032808
1.6921766411328472
1.698176824243904
1.7034269844660788
1.7094271675771355
1.7148023316141239
1.7198024842066715
1.7251776482436598
1.7300527970213935
1.7344279305398724
1.7383030487990967
1.7424281746879482
1.7454282662434768
1.7481783501693777
1.7499284035767695
1.7513034455397198
1.752053468428602
1.7529284951322976
1.7539285256508073
1.7534285103915526
1.752053468428602
1.7516784569841608
1.7490533768730736
1.7459282815027315
1.7430531937620168
1.7390530716879788
1.7351779534287546
1.731052827539903
1.7261776787621694
1.7208025147251809
1.7156773583178198
1.710052186651204
1.704177007354961
1.6976768089846492
1.6916766258735922
1.6865514694662314
1.6798012634662924
1.673551072725608
1.6675508896145512
1.6614257026886807
1.655800531022065
1.6504253669850764
1.6441751762443924
1.63867500839259
1.6334248481704154
1.6282996917630543
1.6236745506149481
1.618549394207587
1.61492428357799
1.610549150059511
1.6069240394299142
1.6035489364299447
1.6001738334299753
1.5964237189855648
1.5940486465041048
1.5915485702078311
1.58879848628193
1.5866734214300973
1.5854233832819604
1.5831733146153144
1.5814232612079226
1.5791731925412764
1.5781731620227668
1.5755480819116796
1.5730480056154057
1.5706729331339457
1.5672978301339764
1.5640477309488205
1.5592975859859004
1.554797448652608
1.5485472579119235
1.5421720633564255
1.5341718192083498
1.52467152928251
1.5142962126529742
1.5050459303567616
1.4955456404309213
1.4861703543198952
1.4792951445051423
1.4741699880977814
1.4704198736533707
1.4700448622089297
1.4745449995422222
1.4820452284310435
1.4962956633198035
1.5141712088381603
1.539671987060152
1.5709229407635732
1.61017413861507
1.655425519577624
1.7078021179845577
1.766303903317362
1.8291808221686454
1.8954328440198982
1.9630599078341016
2.031812005981628
2.097063997314371
2.1571908322397535
2.2094424268318735
2.249568651387066
2.277694509720145
2.2910699179052094
2.2911949217200234
2.276819483016449
2.2485686208685567
2.2081923886837367
2.1564408093508716
2.0946889248329112
2.0263118381298257
1.9530596026490068
1.8778073061311686
1.8046800744651632
1.7355529648731955
1.671676015503403
1.6127992187261575
1.5601726126895963
1.5151712393566699
1.4784201178014467
1.448169194616535
1.4250434888760033
1.4102930387279886
1.4015427716910305
1.3992927030243845
1.4021677907650991
1.4090430005798518
1.4190433057649465
1.4316686910611285
1.4461691335795162
1.4610445875423446
1.4767950682088686
1.491795525986511
1.506420972319712
1.5191713614307079
1.5307967162083804
1.5406720175786617
1.548797265541551
1.5557974791711173
1.5607976317636647
1.5649227576525162
1.5689228797265542
1.5724229865413375
1.5742980437635425
1.5761731009857478
1.5784231696523943
1.5797982116153446
1.5806732383190405
1.5822982879116183
1.5830483108005005
1.583298318430128
1.5850483718375195
1.5867984252449112
1.5881734672078616
1.5896735129856259
1.5915485702078311
1.5932986236152227
1.5945486617633595
1.596673726615192
1.5984237800225838
1.6005488448744163
1.6027989135410627
1.6051739860225227
1.6084240852076785
1.61017413861507
1.6135492416150394
1.6164243293557543
1.6192994170964692
1.6222995086519973
1.6254246040223395
1.6286747032074953
1.6319248023926511
1.63629993591113
1.6400500503555409
1.6445501876888333
1.6483003021332439
1.6528004394665363
1.6571755729850153
1.6610506912442398
1.6663008514664144
1.6715510116885892
1.6758011413922544
1.6821763359477524
1.6876765037995543
1.6930516678365428
1.6983018280587177
1.7048020264290291
1.710427198095645
1.7160523697622607
1.7223025605029452
1.7278027283547472
1.7339279152806177
1.7404281136509292
1.7458032776879178
1.7521784722434155
1.7579286477248453
1.7641788384655293
1.769804010132145
1.7753041779839474
1.7811793572801906
1.786554521317179
1.79167967772454
1.7971798455763421
1.8024300057985168
1.8073051545762506
1.811930295724357
1.8175554673909728
1.8209305703909422
1.8244306772057253
1.8299308450575276
1.8330559404278695
1.836056031983398
1.8391811273537402
1.842431226538896
1.845181310464797
1.8474313791314432
1.8498064516129031
1.8523065279091768
1.8533065584276864
1.8546816003906368
1.8553066194647054
1.8551816156498917
1.8556816309091464
1.8558066347239601
1.8556816309091464
1.8546816003906368
1.8534315622425002
1.8521815240943633
1.8500564592425306
1.8475563829462571
1.8441812799462873
1.8409311807611317
1.8374310739463484
1.8339309671315653
1.830930875576037
1.8263057344279305
1.8215555894650106
1.8171804559465317
1.811930295724357
1.8065551316873685
1.8014299752800074
1.796054811243019
1.789679616687521
1.7844294564653462
1.7795543076876126
1.7730541093173011
1.7669289223914304
1.7609287392803734
1.7548035523545031
1.7483033539841915
1.742178167058321
1.7359279763176367
1.7291777703176978
1.7234275948362683
1.7181774346140937
1.7113022247993408
1.7054270455030978
1.6995518662068545
1.6933016754661703
1.6869264809106725
1.6811763054292428
1.6753011261329998
1.6699259620960112
1.6644257942442091
1.6586756187627796
1.6540504776146734
1.6486753135776848
1.6435501571703237
1.6388000122074038
1.6341748710592976
1.6294247260963775
1.624924588763085
1.6205494552446058
1.6161743217261269
1.6122992034669026
1.6082990813928648
1.6052989898373364
1.6025489059114353
1.5990487990966522
1.5959237037263099
1.5930486159855952
1.5900485244300668
1.5871734366893522
1.5846733603930783
1.5824232917264323
1.5807982421338542
1.5787981810968352
1.576548112430189
1.574923062837611
1.5731730094302194
1.5714229560228279
1.570172917874691
1.5684228644672995
1.5672978301339764
1.5656727805413984
1.5659227881710258
1.5640477309488205
1.5631727042451247
1.5627976928006837
1.5616726584673606
1.5607976317636647
1.5600476088747826
1.5594225898007141
1.558297555467391
1.5584225592822047
1.5580475478377636
1.5576725363933226
1.5569225135044404
1.554672444837794
1.5544224372081668
1.5534224066896571
1.5532974028748436
1.5534224066896571
1.5529223914304024
1.5532974028748436
1.553547410504471
1.5536724143192846
1.5536724143192846
1.5542974333933532
1.5541724295785393
1.5537974181340983
1.5544224372081668
1.5542974333933532
1.5540474257637258
1.5542974333933532
1.5550474562822352
1.5554224677266761
1.555172460097049
1.5561724906155583
1.5560474868007448
1.5560474868007448
1.555922482985931
1.5560474868007448
1.5562974944303722
1.556672505874813
1.556672505874813
1.557172521134068
1.5574225287636951
1.5580475478377636
1.5585475630970183
1.558672566911832
1.5585475630970183
1.5587975707266457
1.559047578356273
1.5587975707266457
1.5594225898007141
1.56029761650441
1.56029761650441
1.5605476241340372
1.561172643208106
1.561047639393292
1.5612976470229194
1.5612976470229194
1.5615476546525469
1.561047639393292
1.5620476699118016
1.5624226813562427
1.5626726889858698
1.5627976928006837
1.5629226966154972
1.5632977080599384
1.5635477156895659
1.563797723319193
1.564172734763634
1.564297738578448
1.5644227423932615
1.5651727652821437
1.5655477767265848
1.5659227881710258
1.5665478072450942
1.56742283394879
1.5671728263191627
1.5676728415784174
1.568172856837672
1.5682978606524856
1.5691728873561817
1.5692978911709952
1.5710479445783867
1.5717979674672689
1.5735480208746606
1.5737980285042878
1.5746730552079835
1.5762981048005615
1.5776731467635121
1.578923184911649
1.5805482345042268
1.582923306985687
1.5846733603930783
1.5874234443189794
1.5896735129856259
1.5932986236152227
1.5957986999114964
1.598673787652211
1.6012988677632984
1.6056740012817774
1.609049104281747
1.6135492416150394
1.6179243751335184
1.62204950102237
1.6270496536149175
1.6327998290963468
1.6372999664296397
1.642675130466628
1.6479252906888027
1.653425458540605
1.6590506302072208
1.6656758323923462
1.6719260231330302
1.678676229132969
1.6849264198736535
1.691426618243965
1.697801812799463
1.7031769768364513
1.7093021637623218
1.7146773277993104
1.719552476577044
1.7246776329844051
1.729427777947325
1.7348029419843134
1.7380530411694692
1.7424281746879482
1.7453032624286628
1.7474283272804958
1.7498033997619558
1.751178441724906
1.752053468428602
1.7533035065767388
1.7536785180211798
1.7533035065767388
1.7523034760582294
1.7518034607989748
1.7488033692434461
1.7461782891323587
1.7431781975768303
1.7395530869472335
1.7350529496139409
1.730677816095462
1.725927671132542
1.7209275185399944
1.7150523392437513
1.7103021942808314
1.7045520187994019
1.6983018280587177
1.6918016296884062
1.6865514694662314
1.6794262520218513
1.6739260841700492
1.6681759086886196
1.6615507065034945
1.6560505386516924
1.6513003936887722
1.6449251991332745
1.6390500198370312
1.6341748710592976
1.6285496993926818
1.6236745506149481
1.6195494247260964
1.6151742912076175
1.6107991576891385
1.6072990508743554
1.6035489364299447
1.6009238563188575
1.5972987456892607
1.5944236579485458
1.5916735740226449
1.5890484939115572
1.58642341380047
1.5847983642078922
1.5830483108005005
1.5814232612079226
1.5794232001709037
1.5777981505783258
1.5760480971709343
1.5741730399487288
1.5706729331339457
1.567797845393231
1.5640477309488205
1.559797601245155
1.5550474562822352
1.5490472731711782
1.5417970519119846
1.5340468153935363
1.5250465407269511
1.5152962431714836
1.5059209570604573
1.4957956480605488
1.487420392468032
1.4795451521347698
1.474294991912595
1.4707948850978119
1.4702948698385572
1.4741699880977814
1.4816702169866023
1.494545609912412
1.5130461745048374
1.5371719107638784
1.5684228644672995
1.6062990203558458
1.6519254127628407
1.704052003540147
1.7618037659840693
1.82493069246498
1.890682699056978
1.9586847743156224
2.027186864833521
2.092438856166265
2.153065706350902
2.205817316202277
2.2475685903500473
2.276569475386822
2.2908199102755824
2.291819940794092
2.2780695211645865
2.251318704794458
2.2115674916837063
2.1608159428693505
2.0999390850550856
2.031436994537187
1.958809778130436
1.883182470168157
1.81068025757622
1.740553117465743
1.6761761528366956
1.6171743522446362
1.564172734763634
1.5192963652455214
1.4809201940977201
1.4500442518387402
1.4267935422833948
1.4111680654316843
1.4020427869502854
1.3989176915799433
1.4021677907650991
1.4080429700613422
1.4185432905056918
1.4304186529129916
1.4449190954313793
1.460044557023835
1.4755450300607318
1.490920499282815
1.505170934171575
1.5184213385418257
1.5309217200231942
1.540046998504593
1.54842225409711
1.5552974639118626
1.5604226203192237
1.5646727500228887
1.568547868282113
1.5717979674672689
1.5741730399487288
1.5760480971709343
1.5784231696523943
1.579673207800531
1.5805482345042268
1.5822982879116183
1.5830483108005005
1.584423352763451
1.5846733603930783
1.5865484176152838
1.587923459578234
1.5894235053559984
1.5914235663930174
1.5932986236152227
1.5945486617633595
1.596298715170751
1.5985487838373975
1.6005488448744163
1.6022988982818078
1.6055489974669637
1.6077990661336101
1.6099241309854426
1.613424237800226
1.6159243140964994
1.618549394207587
1.6215494857631152
1.6257996154667806
1.6285496993926818
1.6319248023926511
1.6361749320963164
1.6394250312814722
1.6436751609851377
1.6484253059480574
1.651800408948027
1.6570505691702018
1.6611756950590533
1.666050843836787
1.671301004058962
1.6758011413922544
1.681551316873684
1.6873014923551135
1.6925516525772883
1.697301797540208
1.7045520187994019
1.710427198095645
1.7159273659474472
1.7218025452436905
1.7275527207251198
1.7335529038361768
1.7396780907620473
1.746053285317545
1.7515534531693473
1.7580536515396588
1.7643038422803432
1.7694289986877043
1.7748041627246927
1.7809293496505632
1.7861795098727378
1.7914296700949126
1.7966798303170874
1.8024300057985168
1.8069301431318094
1.8114302804651021
1.8164304330576495
1.8211805780205697
1.82493069246498
1.8296808374279
1.8325559251686148
1.8359310281685843
1.838806115909299
1.8421812189092686
1.8455563219092381
1.8474313791314432
1.8499314554277169
1.8519315164647359
1.8533065584276864
1.8539315775017549
1.8548066042054507
1.8555566270943329
1.8558066347239601
1.8559316385387736
1.8553066194647054
1.8545565965758233
1.8536815698721276
1.8524315317239908
1.8499314554277169
1.8480563982055118
1.844806299020356
1.8414311960203864
1.8378060853907896
1.8343059785760063
1.8303058565019683
1.8261807306131168
1.822180608539079
1.8176804712057864
1.8125553147984252
1.8070551469466232
1.8016799829096348
1.7959298074282053
1.7910546586504716
1.78455446028016
1.7793043000579851
1.7733041169469284
1.7669289223914304
1.7610537430951874
1.755178563798944
1.7490533768730736
1.7423031708731347
1.7359279763176367
1.7296777855769523
1.723552598651082
1.7174274117252115
1.711177220984527
1.706052064577166
1.6994268623920408
1.6939266945402387
1.6869264809106725
1.6816763206884975
1.6758011413922544
1.669675954466384
1.6641757866145819
1.6588006225775933
1.6540504776146734
1.6484253059480574
1.6440501724295786
1.6396750389110997
1.6349248939481797
1.6295497299111912
1.624924588763085
1.6202994476149783
1.6164243293557543
1.6130492263557847
1.609424115726188
1.60542399365215
1.6017988830225531
1.5989237952818385
1.5960487075411238
1.5937986388744774
1.5900485244300668
1.587298440504166
1.5842983489486373
1.5825482955412458
1.5810482497634815
1.5782981658375803
1.5764231086153753
1.5751730704672384
1.5734230170598467
1.5714229560228279
1.5706729331339457
1.568547868282113
1.5667978148747217
1.566297799615467
1.5652977690969574
1.5639227271340068
1.563797723319193
1.5624226813562427
1.5620476699118016
1.5609226355784784
1.5600476088747826
1.5594225898007141
1.5585475630970183
1.5584225592822047
1.55792254402295
1.5569225135044404
1.556672505874813
1.5545474410229805
1.5541724295785393
1.553547410504471
1.553547410504471
1.5537974181340983
1.55317239906003
1.5534224066896571
1.5532974028748436
1.5532974028748436
1.5536724143192846
1.5540474257637258
1.5544224372081668
1.5544224372081668
1.5542974333933532
1.5541724295785393
1.5545474410229805
1.554797448652608
1.5552974639118626
1.5549224524674214
1.5554224677266761
1.5557974791711173
1.5562974944303722
1.5564224982451857
1.5562974944303722
1.5564224982451857
1.5562974944303722
1.5564224982451857
1.5576725363933226
1.5572975249488816
1.557797540208136
1.5580475478377636
1.558672566911832
1.5585475630970183
1.5589225745414594
1.5589225745414594
1.5592975859859004
1.5595475936155279
1.5587975707266457
1.5601726126895963
1.5601726126895963
1.56029761650441
1.5609226355784784
1.5609226355784784
1.5607976317636647
1.561922666096988
1.5612976470229194
1.5615476546525469
1.5616726584673606
1.5616726584673606
1.5624226813562427
1.5626726889858698
1.5635477156895659
1.5636727195043794
1.5635477156895659
1.5640477309488205
1.5639227271340068
1.564297738578448
1.5646727500228887
1.5652977690969574
1.5655477767265848
1.5655477767265848
1.5667978148747217
1.5664228034302805
1.5671728263191627
1.567797845393231
1.5686728720969267
1.5687978759117405
1.5690478835413677
1.5707979369487595
1.5711729483932007
1.5717979674672689
1.5729230018005922
1.5746730552079835
1.5752980742820522
1.5764231086153753
1.5775481429486986
1.5787981810968352
1.5807982421338542
1.5839233375041963
1.5850483718375195
1.5875484481337934
1.5900485244300668
1.5932986236152227
1.5957986999114964
1.598673787652211
1.6022988982818078
1.6056740012817774
1.6092991119113744
1.613424237800226
1.6182993865779596
1.6222995086519973
1.6279246803186131
1.6325498214667196
1.637549974059267
1.6425501266518143
1.6481752983184301
1.6541754814294871
1.659800653096103
1.6659258400219734
1.6726760460219123
1.6791762443922238
1.6854264351329082
1.6924266487624744
1.697426801355022
1.7035519882808923
1.7094271675771355
1.7149273354289376
1.7200524918362987
1.7253026520584733
1.7308028199102756
1.734302926725059
1.738553056428724
1.742553178502762
1.7453032624286628
1.7478033387249368
1.7498033997619558
1.7514284493545336
1.7518034607989748
1.7533035065767388
1.7535535142063663
1.753178502761925
1.7521784722434155
1.7508034302804651
1.7489283730582599
1.7459282815027315
1.7428031861323894
1.7391780755027926
1.7346779381694999
1.730302804651021
1.725927671132542
1.7204275032807397
1.715177343058565
1.7099271828363902
1.704177007354961
1.6979268166142767
1.6909266029847103
1.6856764427625355
1.6793012482070377
1.6733010650959808
1.6679259010589922
1.6613006988738672
1.655425519577624
1.6500503555406356
1.644675191503647
1.6389250160222175
1.633674855800043
1.6285496993926818
1.6237995544297616
1.6186743980224005
1.6146742759483628
1.6107991576891385
1.6079240699484236
1.6032989288003174
1.60067384868923
1.596673726615192
1.5950486770226142
1.5917985778374584
1.5891734977263712
1.5867984252449112
1.5846733603930783
1.5836733298745689
1.5811732535782954
1.57929819635609
1.5779231543931396
1.5756730857264931
1.5730480056154057
1.5707979369487595
1.5675478377636038
1.563797723319193
1.5594225898007141
1.5549224524674214
1.54842225409711
1.5412970366527299
1.5337968077639088
1.5240465102084415
1.5146712240974152
1.5046709189123204
1.495670644245735
1.4864203619495224
1.4796701559495833
1.473919980468154
1.4709198889126254
1.4709198889126254
1.4741699880977814
1.4824202398754844
1.4959206518753625
1.5141712088381603
1.5401720023194068
1.5710479445783867
1.61017413861507
1.6563005462813196
1.709177159947508
1.7666789147618032
1.830055848872341
1.8964328745384076
1.9646849574266794
2.032187017426069
2.0989390545365767
2.1588158818323313
2.2099424420911284
2.250818689535203
2.2779445173497725
2.2914449293496504
2.2908199102755824
2.276944486831263
2.2474435865352334
2.2073173619800412
2.155065767387921
2.09293887142552
2.0235617542039246
1.9508095339823603
1.8761822565385906
1.802805017242958
1.7335529038361768
1.6699259620960112
1.6110491653187657
1.5594225898007141
1.5145462202826014
1.477045075838496
1.4469191564683983
1.4240434583574937
1.410543046357616
1.4012927640614032
1.3992927030243845
1.4024177983947264
1.4090430005798518
1.4199183324686422
1.4322937101351971
1.4465441450239571
1.4617946104312267
1.4775450910977508
1.4926705526902067
1.5065459761345255
1.5194213690603353
1.5312967314676351
1.540922025208289
1.5486722617267374
1.555922482985931
1.5607976317636647
1.565422772911771
1.5689228797265542
1.5716729636524553
1.5744230475783563
1.576548112430189
1.5779231543931396
1.580048219244972
1.5807982421338542
1.5815482650227364
1.582923306985687
1.5839233375041963
1.5851733756523332
1.5869234290597247
1.5890484939115572
1.5897985168004394
1.5910485549485762
1.5935486312448501
1.5949236732078005
1.596298715170751
1.5990487990966522
1.601173863948485
1.6024239020966218
1.6052989898373364
1.607424054689169
1.6100491348002564
1.6132992339854122
1.6166743369853815
1.6197994323557239
1.622924527726066
1.6254246040223395
1.6289247108371228
1.6320498062074649
1.6361749320963164
1.6404250617999818
1.6441751762443924
1.6484253059480574
1.6528004394665363
1.6571755729850153
1.6621757255775629
1.6666758629108556
1.6720510269478437
1.6763011566515091
1.681926328318125
1.6873014923551135
1.6939266945402387
1.699301858577227
1.7054270455030978
1.7110522171697136
1.7165523850215156
1.7225525681325726
1.7285527512436292
1.7340529190954315
1.7404281136509292
1.7469283120212409
1.7526784875026704
1.7590536820581684
1.7651788689840389
1.7704290292062137
1.775804193243202
1.7813043610950041
1.7870545365764336
1.792054689168981
1.7974298532059694
1.802805017242958
1.8076801660206916
1.8125553147984252
1.8171804559465317
1.8218055970946379
1.82493069246498
1.8296808374279
1.8325559251686148
1.8365560472426528
1.8395561387981811
1.8425562303537095
1.8456813257240516
1.8480563982055118
1.8500564592425306
1.853181554612873
1.8534315622425002
1.8543065889461958
1.8555566270943329
1.8555566270943329
1.8556816309091464
1.855431623279519
1.8551816156498917
1.8546816003906368
1.853056550798059
1.851556505020295
1.849181432538835
1.8469313638721885
1.8440562761314738
1.8409311807611317
1.8368060548722802
1.8334309518723106
1.8298058412427136
1.8255557115390486
1.8210555742057557
1.817055452131718
1.8116802880947296
1.8069301431318094
1.8009299600207527
1.7951797845393231
1.7891796014282664
1.7838044373912778
1.7780542619098483
1.772179082613605
1.765928891872921
1.7605537278359324
1.7530534989471116
1.7469283120212409
1.7414281441694388
1.7346779381694999
1.7285527512436292
1.7224275643177587
1.7165523850215156
1.710427198095645
1.7044270149845882
1.698926847132786
1.6924266487624744
1.6865514694662314
1.6809262977996156
1.6748011108737448
1.6686759239478743
1.6634257637256997
1.658550614947966
1.6530504470961638
1.6481752983184301
1.6428001342814416
1.6385500045777766
1.6327998290963468
1.6287997070223093
1.6244245735038303
1.6201744438001648
1.6159243140964994
1.611799188207648
1.6085490890224923
1.605048982207709
1.6014238715781122
1.5985487838373975
1.5960487075411238
1.5914235663930174
1.5900485244300668
1.5870484328745385
1.5842983489486373
1.582048280281991
1.5802982268745993
1.5781731620227668
1.57692312387463
1.5750480666524247
1.5732980132450332
1.5712979522080142
1.5700479140598773
1.5689228797265542
1.5667978148747217
1.5659227881710258
1.5651727652821437
1.5640477309488205
1.5624226813562427
1.5624226813562427
1.5620476699118016
1.56029761650441
1.5595475936155279
1.5592975859859004
1.5581725516525773
1.5580475478377636
1.55792254402295
1.5575475325785089
1.555922482985931
1.5540474257637258
1.5542974333933532
1.5540474257637258
1.5536724143192846
1.5532974028748436
1.5529223914304024
1.5534224066896571
1.553547410504471
1.5544224372081668
1.553547410504471
1.5541724295785393
1.5541724295785393
1.5544224372081668
1.5536724143192846
1.5542974333933532
1.554797448652608
1.5540474257637258
1.5556724753563036
1.55554747154149
1.5557974791711173
1.5560474868007448
1.5562974944303722
1.5560474868007448
1.5562974944303722
1.5564224982451857
1.556797509689627
1.556672505874813
1.5575475325785089
1.5574225287636951
1.5576725363933226
1.55792254402295
1.5584225592822047
1.55792254402295
1.5587975707266457
1.558672566911832
1.559172582171087
1.559172582171087
1.5595475936155279
1.559922605059969
1.5600476088747826
1.5601726126895963
1.561172643208106
1.5615476546525469
1.5609226355784784
1.5612976470229194
1.5614226508377331
1.5614226508377331
1.5625476851710562
1.561922666096988
1.5625476851710562
1.5629226966154972
1.5631727042451247
1.5635477156895659
1.5636727195043794
1.563797723319193
1.564172734763634
1.564297738578448
1.5645477462080752
1.5655477767265848
1.5647977538377027
1.5656727805413984
1.5665478072450942
1.567047822504349
1.5675478377636038
1.5671728263191627
1.5684228644672995
1.5686728720969267
1.569422894985809
1.570172917874691
1.5712979522080142
1.5724229865413375
1.5729230018005922
1.5740480361339153
1.5751730704672384
1.5767981200598165
1.5779231543931396
1.5791731925412764
1.5806732383190405
1.5830483108005005
1.585298379467147
1.5877984557634206
1.590423535874508
1.5932986236152227
1.5965487228003785
1.6000488296151616
1.602673909726249
1.6064240241706595
1.6100491348002564
1.614174260689108
1.6186743980224005
1.6235495468001342
1.628049684133427
1.6334248481704154
1.6390500198370312
1.6440501724295786
1.6499253517258217
1.6561755424665061
1.6613006988738672
1.6675508896145512
1.6745511032441176
1.6803012787255471
1.686676473281045
1.693426679280984
1.6991768547624133
1.7050520340586566
1.710802209540086
1.7161773735770747
1.7210525223548083
1.7261776787621694
1.731052827539903
1.7355529648731955
1.73942808313242
1.7431781975768303
1.746053285317545
1.7481783501693777
1.7501784112063965
1.752053468428602
1.7523034760582294
1.7534285103915526
1.753178502761925
1.753178502761925
1.752053468428602
1.7508034302804651
1.7484283577990052
1.7455532700582903
1.741678151799066
1.7381780449842832
1.7336779076509903
1.7293027741325113
1.7244276253547777
1.7191774651326028
1.7138023010956145
1.7086771446882534
1.7023019501327556
1.6966767784661398
1.6905515915402693
1.684301400799585
1.6778012024292734
1.6720510269478437
1.6663008514664144
1.6599256569109164
1.6541754814294871
1.6486753135776848
1.6434251533555102
1.637549974059267
1.6326748252815333
1.6267996459852903
1.6224245124668113
1.6177993713187049
1.6136742454298534
1.6092991119113744
1.606174016541032
1.6022988982818078
1.599548814355907
1.596298715170751
1.5931736198004092
1.5906735435041353
1.5890484939115572
1.5859233985412151
1.5850483718375195
1.5825482955412458
1.5806732383190405
1.5787981810968352
1.5774231391338847
1.574923062837611
1.5727979979857785
1.5699229102450638
1.567047822504349
1.5625476851710562
1.558297555467391
1.553547410504471
1.5465471968749047
1.5395469832453383
1.5317967467268898
1.5219214453566088
1.5120461439863278
1.5026708578753014
1.4927955565050204
1.4840452894680625
1.4775450910977508
1.4725449385052034
1.4697948545793025
1.4711698965422528
1.4761700491348004
1.485420331431013
1.4995457625049593
1.5209214148380994
1.5474222235786004
1.5806732383190405
1.6221745048371838
1.669675954466384
1.7228025757621999
1.7831794183172094
1.8475563829462571
1.9146834315012056
1.983060518204291
2.050062562944426
2.1150645466475417
2.1733163243507185
2.2220678121280555
2.2598189642017883
2.2828196661275064
2.2926949674977877
2.2884448377941218
2.2699442732016966
2.2383183080538345
2.193691946165349
2.1391902829065828
2.074938322092349
2.004186162907804
1.930683919797357
1.8559316385387736
1.7835544297616506
1.7156773583178198
1.653425458540605
1.5969237342448195
1.5466722006897184
1.5034208807641836
1.4682948088015382
1.440293954283273
1.420043336283456
1.406542924283578
1.4005427411725213
1.399417706839198
1.403792840357677
1.4116680806909392
1.4232934354686118
1.4365438398388624
1.4510442823572498
1.465544724875637
1.4815452131717888
1.4967956785790582
1.5102960905789362
1.5229214758751182
1.5342968230231637
1.5431720938749351
1.5509223303933837
1.5575475325785089
1.5621726737266153
1.565797784356212
1.5695478988006226
1.5722979827265235
1.5755480819116796
1.5766731162450025
1.578923184911649
1.5802982268745993
1.5806732383190405
1.5822982879116183
1.5836733298745689
1.5842983489486373
1.5851733756523332
1.5870484328745385
1.5885484786523028
1.590423535874508
1.5917985778374584
1.5949236732078005
1.5955486922818691
1.5970487380596332
1.5989237952818385
1.6014238715781122
1.6037989440595721
1.6060490127262186
1.6089241004669332
1.6115491805780204
1.6144242683187355
1.6177993713187049
1.6202994476149783
1.6222995086519973
1.6265496383556628
1.630049745170446
1.633174840540788
1.6371749626148258
1.6416750999481187
1.6455502182073427
1.6500503555406356
1.6539254737998597
1.658925626392407
1.6635507675405132
1.6684259163182469
1.6734260689107945
1.6781762138737144
1.6829263588366346
1.6888015381328776
1.6956767479476302
1.700926908169805
1.7065520798364209
1.7129272743919186
1.7188024536881619
1.7244276253547777
1.730302804651021
1.7361779839472642
1.74180315561388
1.7488033692434461
1.7541785332804345
1.7599287087618642
1.7666789147618032
1.77267909787286
1.7775542466505936
1.7833044221320231
1.7884295785393842
1.7935547349467453
1.7991799066133611
1.8044300668355358
1.8094302194280831
1.8136803491317484
1.8188055055391095
1.8228056276131475
1.8263057344279305
1.8306808679464095
1.8339309671315653
1.8371810663167212
1.840306161687063
1.8435562608722191
1.84630634479812
1.848806421094394
1.8504314706869718
1.8520565202795496
1.8538065736869411
1.8546816003906368
1.8556816309091464
1.8555566270943329
1.8555566270943329
1.856181646168401
1.8551816156498917
1.8541815851313823
1.8534315622425002
1.8516815088351086
1.8493064363536484
1.8464313486129338
1.8431812494277782
1.8406811731315043
1.8358060243537706
1.8323059175389873
1.8286808069093905
1.8246806848353525
1.8196805322428053
1.8149303872798852
1.809805230872524
1.8044300668355358
1.7994299142429884
1.794054750206
1.7874295480208746
1.781679372539445
1.776179204687643
1.7708040406506547
1.7644288460951567
1.7590536820581684
1.7513034455397198
1.745678273873104
1.739303079317606
1.733427900021363
1.726302682576983
1.7203024994659262
1.7145523239844966
1.708052125614185
1.7024269539475692
1.6963017670216987
1.690301583910642
1.684676412244026
1.6785512253181556
1.6729260536515398
1.6670508743552965
1.6624257332071901
1.656550553910947
1.6506753746147038
1.6463002410962249
1.6416750999481187
1.6364249397259438
1.6319248023926511
1.6279246803186131
1.6221745048371838
1.6181743827631458
1.6150492873928037
1.6104241462446975
1.6066740318002868
1.6036739402447586
1.6005488448744163
1.5976737571337016
1.594673665578173
1.5916735740226449
1.5890484939115572
1.5859233985412151
1.5837983336893826
1.5814232612079226
1.580923245948668
1.5775481429486986
1.5759230933561206
1.5746730552079835
1.572547990356151
1.5712979522080142
1.5695478988006226
1.5676728415784174
1.5667978148747217
1.5652977690969574
1.5646727500228887
1.563797723319193
1.5626726889858698
1.562297677541429
1.5601726126895963
1.559797601245155
1.559797601245155
1.559922605059969
1.5581725516525773
1.55792254402295
1.557797540208136
1.5575475325785089
1.554672444837794
1.5540474257637258
1.553922421948912
1.553922421948912
1.553547410504471
1.553547410504471
1.55317239906003
1.5541724295785393
1.5532974028748436
1.5537974181340983
1.553922421948912
1.5544224372081668
1.5544224372081668
1.5542974333933532
1.5544224372081668
1.5540474257637258
1.5544224372081668
1.554672444837794
1.554797448652608
1.555172460097049
1.555172460097049
1.5564224982451857
1.5562974944303722
1.5561724906155583
1.5560474868007448
1.5562974944303722
1.556672505874813
1.5570475173192542
1.5574225287636951
1.5572975249488816
1.557797540208136
1.5576725363933226
1.5585475630970183
1.5585475630970183
1.5580475478377636
1.5595475936155279
1.559172582171087
1.5589225745414594
1.5596725974303416
1.5601726126895963
1.5601726126895963
1.5605476241340372
1.561047639393292
1.561172643208106
1.561047639393292
1.5614226508377331
1.5612976470229194
1.561172643208106
1.5620476699118016
1.562297677541429
1.5626726889858698
1.5629226966154972
1.5635477156895659
1.5640477309488205
1.563422711874752
1.564172734763634
1.564297738578448
1.564172734763634
1.564297738578448
1.5655477767265848
1.5655477767265848
1.5659227881710258
1.5669228186895352
1.567047822504349
1.5675478377636038
1.5679228492080448
1.5687978759117405
1.5686728720969267
1.5692978911709952
1.570172917874691
1.5710479445783867
1.5722979827265235
1.5736730246894741
1.5744230475783563
1.5760480971709343
1.5770481276894437
1.5785481734672078
1.5802982268745993
1.581298257393109
1.583298318430128
1.5856733909115879
1.5885484786523028
1.5915485702078311
1.5950486770226142
1.5969237342448195
1.6005488448744163
1.6037989440595721
1.6072990508743554
1.6111741691335797
1.6161743217261269
1.6204244514297923
1.624924588763085
1.6297997375408186
1.6350498977629933
1.640300057985168
1.6463002410962249
1.6519254127628407
1.656925565355388
1.6630507522812585
1.669300943021943
1.6758011413922544
1.6823013397625661
1.6881765190588092
1.6953017365031893
1.7015519272438735
1.7068020874660481
1.7123022553178504
1.718427442243721
1.7228025757621999
1.7275527207251198
1.7318028504287852
1.7364279915768914
1.740553117465743
1.743678212836085
1.7470533158360546
1.7491783806878873
1.7509284340952787
1.7526784875026704
1.7530534989471116
1.7536785180211798
1.7533035065767388
1.7521784722434155
1.7515534531693473
1.7503034150212105
1.7473033234656818
1.7444282357249672
1.7410531327249978
1.7375530259102145
1.732677877132481
1.728302743614002
1.7230525833918273
1.7181774346140937
1.7121772515030367
1.706927091280862
1.7006769005401776
1.6941767021698662
1.688301522873623
1.6824263435773796
1.6758011413922544
1.6699259620960112
1.6641757866145819
1.6580505996887114
1.6523004242072816
1.6465502487258523
1.6421751152073734
1.6361749320963164
1.6302997528000733
1.6262996307260353
1.6214244819483017
1.6164243293557543
1.612174199652089
1.6086740928373058
1.6046739707632678
1.6021738944669943
1.5979237647633289
1.5956736960966826
1.592798608355968
1.5900485244300668
1.5876734519486069
1.5851733756523332
1.5834233222449416
1.5822982879116183
1.5804232306894133
1.5779231543931396
1.5767981200598165
1.574923062837611
1.57217297891171
1.5690478835413677
1.5656727805413984
1.5616726584673606
1.5565475020599995
1.5514223456526384
1.5446721396526994
1.536921903134251
1.5289216589861752
1.5186713461714532
1.5089210486159856
1.4994207586901458
1.4904204840235602
1.481420209356975
1.4760450453199865
1.4716699118015075
1.4697948545793025
1.4720449232459487
1.4786701254310741
1.489295449690237
1.5054209418012026
1.5279216284676658
1.556672505874813
1.5925486007263405
1.634424878688925
1.684676412244026
1.7403031098361157
1.8014299752800074
1.8668069704275645
1.9344340342417676
2.0033111362041076
2.069563158055361
2.1333151036103395
2.1883167821283607
2.2339431745353555
2.267569200720237
2.2876948149052403
2.2933199865718557
2.2845697195348977
2.263194067201758
2.2264429456465344
2.1786914883877073
2.1211897335734125
2.0556877346110416
1.9829355143894771
1.9093082674642172
1.8343059785760063
1.7631788079470199
1.6965517746513261
1.636674947355571
1.5811732535782954
1.5332967925046541
1.492545548875393
1.459169530320139
1.4340437635425884
1.4154181951353497
1.403792840357677
1.3996677144688254
1.3999177220984527
1.4056678975798824
1.4144181646168401
1.4262935270241401
1.4397939390240182
1.4551694082461013
1.4705448774681846
1.486545365764336
1.5007958006530961
1.5145462202826014
1.526171575060274
1.5374219183935056
1.54604718161565
1.5537974181340983
1.5589225745414594
1.563797723319193
1.5671728263191627
1.5709229407635732
1.5732980132450332
1.5759230933561206
1.5774231391338847
1.5790481887264625
1.5797982116153446
1.5810482497634815
1.5827983031708732
1.5834233222449416
1.5845483565782648
1.5857983947264016
1.5871734366893522
1.5890484939115572
1.589923520615253
1.592423596911527
1.594798669392987
1.5954236884670552
1.598673787652211
1.6001738334299753
1.6019238868373669
1.6041739555040133
1.6069240394299142
1.6095491195410014
1.6122992034669026
1.6146742759483628
1.6181743827631458
1.620924466689047
1.6244245735038303
1.627674672688986
1.631174779503769
1.6345498825037386
1.6385500045777766
1.6429251380962555
1.6465502487258523
1.6511753898739585
1.6553005157628102
1.6608006836146123
1.6650508133182775
1.6695509506515702
1.675176122318186
1.679926267281106
1.6853014313180945
1.6909266029847103
1.6966767784661398
1.702551957762383
1.7083021332438124
1.7140523087252417
1.7200524918362987
1.7261776787621694
1.7321778618732262
1.7376780297250283
1.7440532242805262
1.7501784112063965
1.7559285866878263
1.7618037659840693
1.768303964354381
1.774179143650624
1.7794293038727989
1.7848044679097874
1.790054628131962
1.7951797845393231
1.800429944761498
1.8056801049836726
1.8101802423169653
1.815055391094699
1.8195555284279916
1.8241806695760978
1.8276807763908811
1.831680898464919
1.8348059938352612
1.8383061006500443
1.8420562150944548
1.8441812799462873
1.846681356242561
1.849181432538835
1.851181493575854
1.853056550798059
1.8541815851313823
1.8553066194647054
1.8553066194647054
1.8559316385387736
1.8555566270943329
1.8555566270943329
1.8548066042054507
1.8539315775017549
1.8525565355388043
1.8508064821314127
1.8481814020203253
1.844681295205542
1.8426812341685233
1.8390561235389262
1.8348059938352612
1.831305887020478
1.8271807611316264
1.8226806237983337
1.818180486465041
1.814180364391003
1.8081801812799463
1.8034300363170261
1.797554857020783
1.7919296853541673
1.7858044984282968
1.780179326761681
1.7745541550950652
1.7686789757988222
1.7620537736136967
1.756428601947081
1.750428418836024
1.744553239539781
1.737803033539842
1.7311778313547166
1.7248026367992186
1.7186774498733484
1.713177282021546
1.7066770836512346
1.7006769005401776
1.6950517288735618
1.6891765495773186
1.6833013702810755
1.677176183355205
1.6710509964293345
1.6650508133182775
1.6600506607257304
1.6553005157628102
1.6499253517258217
1.644675191503647
1.640300057985168
1.635174901577807
1.630799768059328
1.6257996154667806
1.6217994933927427
1.6177993713187049
1.613799249244667
1.610549150059511
1.6062990203558458
1.6027989135410627
1.6000488296151616
1.596673726615192
1.5934236274300364
1.590423535874508
1.5877984557634206
1.5854233832819604
1.582923306985687
1.580923245948668
1.5795482039857174
1.57692312387463
1.5747980590227975
1.5739230323191016
1.5724229865413375
1.5704229255043185
1.5691728873561817
1.5676728415784174
1.5665478072450942
1.5651727652821437
1.5646727500228887
1.5631727042451247
1.5624226813562427
1.561797662282174
1.561047639393292
1.56029761650441
1.5596725974303416
1.5585475630970183
1.5585475630970183
1.5581725516525773
1.5575475325785089
1.5576725363933226
1.5544224372081668
1.5541724295785393
1.5537974181340983
1.5536724143192846
1.5534224066896571
1.553922421948912
1.55317239906003
1.5534224066896571
1.5540474257637258
1.5536724143192846
1.5537974181340983
1.5542974333933532
1.5540474257637258
1.5542974333933532
1.5544224372081668
1.555172460097049
1.5542974333933532
1.5545474410229805
1.555172460097049
1.5552974639118626
1.5560474868007448
1.5561724906155583
1.5557974791711173
1.5561724906155583
1.5561724906155583
1.556672505874813
1.556672505874813
1.5572975249488816
1.5574225287636951
1.5575475325785089
1.5576725363933226
1.5584225592822047
1.5585475630970183
1.558672566911832
1.559047578356273
1.5592975859859004
1.559172582171087
1.559172582171087
1.5594225898007141
1.5596725974303416
1.5605476241340372
1.5605476241340372
1.560672627948851
1.561172643208106
1.5612976470229194
1.5620476699118016
1.5616726584673606
1.561922666096988
1.561922666096988
1.5629226966154972
1.5627976928006837
1.5629226966154972
1.5632977080599384
1.5635477156895659
1.563797723319193
1.5646727500228887
1.564297738578448
1.564172734763634
1.56504776146733
1.565797784356212
1.5656727805413984
1.5659227881710258
1.567047822504349
1.5666728110599077
1.5672978301339764
1.5684228644672995
1.5687978759117405
1.5690478835413677
1.5696729026154363
1.570547929319132
1.5716729636524553
1.57217297891171
1.5734230170598467
1.5744230475783563
1.5755480819116796
1.5776731467635121
1.578923184911649
1.5806732383190405
1.5824232917264323
1.584423352763451
1.58642341380047
1.58879848628193
1.592298593096713
1.595173680837428
1.5980487685781428
1.6016738792077396
1.6049239783928952
1.609049104281747
1.6122992034669026
1.6167993408001955
1.6211744743186742
1.6255496078371532
1.6309247718741418
1.6365499435407576
1.6413000885036775
1.647050263985107
1.6533004547257912
1.6588006225775933
1.6641757866145819
1.670800988799707
1.6774261909848323
1.6838013855403302
1.6900515762810144
1.6964267708365124
1.7023019501327556
1.7079271217993715
1.7136772972808008
1.7189274575029754
1.7236776024658955
1.7288027588732566
1.7333028962065493
1.7376780297250283
1.741678151799066
1.7446782433545946
1.7473033234656818
1.7494283883175148
1.751178441724906
1.7525534836878567
1.7530534989471116
1.7534285103915526
1.753178502761925
1.7525534836878567
1.7514284493545336
1.7495533921323283
1.7473033234656818
1.7434282052064578
1.7400531022064882
1.7356779686880093
1.731052827539903
1.7276777245399335
1.7214275337992493
1.7168023926511429
1.7110522171697136
1.7051770378734703
1.699301858577227
1.6931766716513565
1.6876765037995543
1.6808012939848018
1.6744260994293039
1.6686759239478743
1.6624257332071901
1.656925565355388
1.6508003784295175
1.6455502182073427
1.6401750541703544
1.6349248939481797
1.6294247260963775
1.624924588763085
1.6204244514297923
1.6154242988372447
1.6115491805780204
1.6080490737632376
1.6041739555040133
1.6005488448744163
1.5977987609485154
1.594673665578173
1.592423596911527
1.5896735129856259
1.58642341380047
1.5849233680227057
1.5830483108005005
1.582048280281991
1.5802982268745993
1.5787981810968352
1.5762981048005615
1.5741730399487288
1.5715479598376416
1.5684228644672995
1.5652977690969574
1.5604226203192237
1.555172460097049
1.5499222998748743
1.5426720786156805
1.534921842097232
1.5264215826899015
1.5166712851344342
1.5069209875789666
1.4971706900234993
1.4884204229865414
1.480295175023652
1.4741699880977814
1.4711698965422528
1.4702948698385572
1.4732949613940856
1.4809201940977201
1.4926705526902067
1.5111711172826319
1.5344218268379772
1.5647977538377027
1.6021738944669943
1.6465502487258523
1.697301797540208
1.7550535599841306
1.8168054445020907
1.8829324625385297
1.950934537797174
2.0191866206854456
2.0850636310922575
2.1469405194250313
2.2004421521652886
2.2433184606463823
2.27344438001648
2.289569872127445
2.291819940794092
2.280194586016419
2.254568803979614
2.215942625202185
2.166066103091525
2.105939268166143
2.0383122043519397
1.965559984130375
1.890682699056978
1.8166804406872767
1.7471783196508683
1.681551316873684
1.6225495162816248
1.5690478835413677
1.5229214758751182
1.4836702780236213
1.4524193243202002
1.4284185918759726
1.41204309213538
1.4029178136539813
1.399042695394757
1.4011677602465895
1.4080429700613422
1.417168248542741
1.4292936185796687
1.4444190801721244
1.458794518875698
1.474294991912595
1.489795464949492
1.5042959074678794
1.5172963042085024
1.5289216589861752
1.5394219794305246
1.5477972350230413
1.5550474562822352
1.560672627948851
1.5646727500228887
1.568172856837672
1.5712979522080142
1.5739230323191016
1.5756730857264931
1.5776731467635121
1.579673207800531
1.5806732383190405
1.5817982726523636
1.5830483108005005
1.5837983336893826
1.5846733603930783
1.586048402356029
1.588048463393048
1.5897985168004394
1.5910485549485762
1.5932986236152227
1.594798669392987
1.596298715170751
1.5977987609485154
1.6001738334299753
1.6022988982818078
1.6041739555040133
1.607424054689169
1.6099241309854426
1.6122992034669026
1.6155493026520584
1.6190494094668417
1.62204950102237
1.6242995696890163
1.6281746879482406
1.6317997985778374
1.6350498977629933
1.6393000274666587
1.6433001495406965
1.6476752830591754
1.6523004242072816
1.6575505844294565
1.6615507065034945
1.6659258400219734
1.6706759849848933
1.6764261604663229
1.6805512863551746
1.6864264656514176
1.6921766411328472
1.6980518204290902
1.7038019959105197
1.7099271828363902
1.715552354503006
1.7214275337992493
1.7280527359843745
1.733427900021363
1.7391780755027926
1.7451782586138493
1.7518034607989748
1.7576786400952178
1.7629288003173924
1.7695540025025178
1.7750541703543201
1.780554338206122
1.7859295022431105
1.7914296700949126
1.7959298074282053
1.801554979094821
1.8063051240577412
1.8114302804651021
1.8160554216132085
1.8206805627613147
1.82493069246498
1.8285558030945768
1.8325559251686148
1.8356810205389569
1.8385561082796718
1.841931211279641
1.8449313028351695
1.847181371501816
1.8489314249092075
1.8516815088351086
1.853181554612873
1.8543065889461958
1.8549316080202642
1.8555566270943329
1.856181646168401
1.8555566270943329
1.8558066347239601
1.8544315927610096
1.8529315469832455
1.8520565202795496
1.8501814630573443
1.8476813867610706
1.844806299020356
1.8418062074648274
1.838056093020417
1.8343059785760063
1.8303058565019683
1.8268057496871855
1.8220556047242653
1.8173054597613454
1.8124303109836117
1.807180150761437
1.8019299905392623
1.7969298379467147
1.7908046510208442
1.7850544755394149
1.778679280983917
1.7730541093173011
1.7674289376506853
1.7610537430951874
1.7550535599841306
1.7486783654286326
1.7429281899472029
1.7361779839472642
1.730302804651021
1.7238026062807095
1.7178024231696525
1.7121772515030367
1.705677053132725
1.6994268623920408
1.6940516983550522
1.6881765190588092
1.681926328318125
1.6759261452070682
1.6704259773552659
1.6644257942442091
1.6591756340220343
1.6543004852443006
1.6493003326517535
1.643925168614765
1.6393000274666587
1.6341748710592976
1.6297997375408186
1.6250495925778985
1.6207994628742333
1.6162993255409406
1.6127992187261575
1.609049104281747
1.6057990050965911
1.6020488906521806
1.5989237952818385
1.5960487075411238
1.5929236121707817
1.5901735282448806
1.5870484328745385
1.5850483718375195
1.5826732993560595
1.5801732230597858
1.5784231696523943
1.5766731162450025
1.574923062837611
1.5736730246894741
1.572547990356151
1.570172917874691
1.5686728720969267
1.5675478377636038
1.566172795800653
1.56504776146733
1.5640477309488205
1.563422711874752
1.5624226813562427
1.561922666096988
1.561172643208106
1.5601726126895963
1.5594225898007141
1.5594225898007141
1.55792254402295
1.5576725363933226
1.5576725363933226
1.5570475173192542
1.5540474257637258
1.5540474257637258
1.5536724143192846
1.553922421948912
1.5536724143192846
1.5534224066896571
1.55317239906003
1.553547410504471
1.5537974181340983
1.5536724143192846
1.5541724295785393
1.5540474257637258
1.5542974333933532
1.5542974333933532
1.554672444837794
1.5545474410229805
1.5545474410229805
1.555172460097049
1.554672444837794
1.555172460097049
1.5556724753563036
1.5561724906155583
1.5564224982451857
1.5561724906155583
1.5561724906155583
1.5572975249488816
1.5564224982451857
1.5570475173192542
1.5572975249488816
1.5580475478377636
1.5576725363933226
1.558297555467391
1.558672566911832
1.5592975859859004
1.5581725516525773
1.559797601245155
1.5595475936155279
1.559047578356273
1.559797601245155
1.5594225898007141
1.5605476241340372
1.5601726126895963
1.561047639393292
1.5615476546525469
1.560672627948851
1.5624226813562427
1.5616726584673606
1.561797662282174
1.561922666096988
1.563047700430311
1.562297677541429
1.563047700430311
1.564297738578448
1.5631727042451247
1.564297738578448
1.564297738578448
1.5644227423932615
1.5640477309488205
1.5647977538377027
1.5659227881710258
1.565797784356212
1.5660477919858395
1.56742283394879
1.56742283394879
1.567797845393231
1.5684228644672995
1.569422894985809
1.5692978911709952
1.5702979216895046
1.5709229407635732
1.5720479750968963
1.5726729941709647
1.5740480361339153
1.5751730704672384
1.5756730857264931
1.5777981505783258
1.5790481887264625
1.5805482345042268
1.582923306985687
1.5855483870967744
1.5870484328745385
1.5901735282448806
1.592423596911527
1.5959237037263099
1.598673787652211
1.6012988677632984
1.60542399365215
1.6092991119113744
1.613799249244667
1.6177993713187049
1.6222995086519973
1.6270496536149175
1.6319248023926511
1.6370499588000123
1.642675130466628
1.6484253059480574
1.653800469985046
1.6599256569109164
1.6658008362071597
1.6723010345774711
1.6793012482070377
1.6855514389477217
1.691426618243965
1.6975518051698355
1.7045520187994019
1.7095521713919493
1.714427320169683
1.7200524918362987
1.725052644428846
1.7298027893917662
1.7340529190954315
1.7384280526139104
1.742178167058321
1.7455532700582903
1.7479283425397505
1.750428418836024
1.7525534836878567
1.752428479873043
1.7529284951322976
1.7529284951322976
1.7528034913174841
1.7521784722434155
1.7506784264656514
1.7493033845027008
1.7458032776879178
1.742178167058321
1.7388030640583514
1.7348029419843134
1.7301778008362072
1.7261776787621694
1.7205525070955536
1.7160523697622607
1.710052186651204
1.704052003540147
1.698176824243904
1.6909266029847103
1.6854264351329082
1.6801762749107334
1.6733010650959808
1.667300881984924
1.6610506912442398
1.6555505233924375
1.6496753440961944
1.6445501876888333
1.6391750236518448
1.633674855800043
1.628424695577868
1.6235495468001342
1.6196744285409101
1.614549272133549
1.6102991424298836
1.607049043244728
1.603173924985504
1.5994238105410932
1.596798730430006
1.5944236579485458
1.590798547318949
1.5891734977263712
1.5862984099856563
1.5841733451338236
1.5826732993560595
1.5810482497634815
1.5790481887264625
1.5780481582079533
1.5757980895413068
1.5736730246894741
1.5704229255043185
1.5675478377636038
1.5636727195043794
1.559172582171087
1.554672444837794
1.5489222693563647
1.5412970366527299
1.5322967619861447
1.5239215063936278
1.5145462202826014
1.5046709189123204
1.4962956633198035
1.486545365764336
1.478295113986633
1.4736699728385265
1.4707948850978119
1.4704198736533707
1.474294991912595
1.4829202551347391
1.4961706595049897
1.5149212317270424
1.5401720023194068
1.572547990356151
1.6109241615039522
1.6575505844294565
1.7101771904660177
1.768303964354381
1.8315558946501054
1.8984329355754266
1.9666850184636984
2.0343120822779017
2.100939115573595
2.159690908536027
2.2110674764244513
2.2515687124240853
2.2781945249794
2.2914449293496504
2.2906949064607685
2.27581945249794
2.2473185827204203
2.206067323831904
2.1531907101657155
2.0916888332773826
2.0220617084261607
1.948934476760155
1.8735571764275032
1.800804956205939
1.7320528580584125
1.668050904873806
1.6096741233558154
1.5581725516525773
1.5126711630603962
1.4767950682088686
1.4460441297647022
1.423543443098239
1.4086679891354106
1.4012927640614032
1.3991676992095705
1.4026678060243538
1.4090430005798518
1.420043336283456
1.431918698690756
1.4467941526535844
1.4626696371349224
1.4776700949125645
1.4924205450605792
1.507546006653035
1.519796380504776
1.531671742912076
1.5407970213934752
1.5494222846156194
1.555172460097049
1.561047639393292
1.5655477767265848
1.5687978759117405
1.57217297891171
1.5746730552079835
1.5762981048005615
1.5779231543931396
1.5799232154301586
1.5810482497634815
1.582048280281991
1.583298318430128
1.5842983489486373
1.5854233832819604
1.5869234290597247
1.5882984710226753
1.5900485244300668
1.5915485702078311
1.5937986388744774
1.595173680837428
1.596673726615192
1.5996738181707206
1.6015488753929257
1.602673909726249
1.6055489974669637
1.607049043244728
1.6111741691335797
1.613799249244667
1.6162993255409406
1.6200494399853511
1.62204950102237
1.6257996154667806
1.6290497146519365
1.6326748252815333
1.6357999206518754
1.6401750541703544
1.6441751762443924
1.6483003021332439
1.6528004394665363
1.6574255806146427
1.6620507217627492
1.66717587817011
1.6720510269478437
1.6770511795403913
1.681926328318125
1.6884265266884364
1.6933016754661703
1.6994268623920408
1.7048020264290291
1.711177220984527
1.7169273964659566
1.7234275948362683
1.7288027588732566
1.7349279457991271
1.740553117465743
1.7466783043916136
1.7534285103915526
1.758803674428541
1.7646788537247842
1.7709290444654684
1.7760542008728295
1.7820543839838863
1.7871795403912474
1.792429700613422
1.7976798608355968
1.8026800134281442
