1.7095521713919493
1.7145523239844966
1.719927488021485
1.7245526291695914
1.7288027588732566
1.7316778466139713
1.7339279152806177
1.7356779686880093
1.736552995391705
1.7366779992065189
1.7360529801324502
1.7344279305398724
1.733052888576922
1.730302804651021
1.7269277016510514
1.7230525833918273
1.7186774498733484
1.713177282021546
1.7073021027253028
1.7014269234290598
1.6946767174291208
1.6879265114291817
1.681551316873684
1.6740510879848627
1.6670508743552965
1.6596756492812892
1.653425458540605
1.6461752372814111
1.6389250160222175
1.6327998290963468
1.625299600207526
1.6195494247260964
1.61254921109653
1.6076740623187964
1.6012988677632984
1.5969237342448195
1.5932986236152227
1.5882984710226753
1.5836733298745689
1.580048219244972
1.5757980895413068
1.5724229865413375
1.568547868282113
1.566172795800653
1.5624226813562427
1.558297555467391
1.5532974028748436
1.5476722312082278
1.5402970061342205
1.5330467848750269
1.5230464796899321
1.5129211706900234
1.5025458540604877
1.491295510727256
1.4795451521347698
1.4685448164311656
1.458044495986816
1.450169255653554
1.4460441297647022
1.4471691640980255
1.454169377727592
1.4677947935422835
1.4884204229865414
1.5176713156529436
1.5552974639118626
1.6014238715781122
1.6560505386516924
1.7200524918362987
1.792429700613422
1.8726821497238075
1.9551846675008393
2.035312112796411
2.1071893063142797
2.1695662099063084
2.2188177129429
2.2523187353129672
2.267569200720237
2.272819360942411
2.249818659016694
2.208817407757805
2.1526906949064606
2.084438612018189
2.0076862697225866
1.9273088167973877
1.8444312875759148
1.7623037812433242
1.6840513931699574
1.6129242225409712
1.5500473036896878
1.4974206976531268
1.4565444502090519
1.4245434736167486
1.4019177831354717
1.3884173711355938
1.383167210913419
1.384417249061556
1.3917924741355632
1.404542863246559
1.4201683400982696
1.4376688741721853
1.4565444502090519
1.4745449995422222
1.490545487838374
1.5050459303567616
1.5187963499862667
1.5295466780602436
1.5390469679860834
1.5471722159489731
1.5530473952452162
1.5576725363933226
1.561172643208106
1.563797723319193
1.5671728263191627
1.570547929319132
1.5717979674672689
1.5740480361339153
1.5767981200598165
1.5790481887264625
1.5825482955412458
1.5845483565782648
1.5859233985412151
1.5900485244300668
1.5925486007263405
1.5961737113559373
1.599548814355907
1.6042989593188268
1.6079240699484236
1.6115491805780204
1.6157993102816859
1.6201744438001648
1.626049623096408
1.6294247260963775
1.634424878688925
1.6393000274666587
1.6453002105777155
1.649425336466567
1.6566755577257606
1.6635507675405132
1.6695509506515702
1.6759261452070682
1.679551255836665
1.6891765495773186
1.6959267555772577
1.7019269386883145
1.7095521713919493
1.7136772972808008
1.724302621539964
1.7300527970213935
1.737303018280587
1.7444282357249672
1.7526784875026704
1.7601787163914915
1.7645538499099704
1.771429059724723
1.7783042695394757
1.785679494613483
1.7898046205023346
1.7965548265022737
1.8036800439466536
1.8074301583910641
1.8135553453169349
1.818555497909482
1.8219306009094518
1.8256807153538621
1.829305825983459
1.8324309213538013
1.8365560472426528
1.8385561082796718
1.840306161687063
1.8429312417981507
1.8436812646870329
1.8420562150944548
1.8444312875759148
1.8440562761314738
1.8426812341685233
1.8418062074648274
1.841931211279641
1.838431104464858
1.8351810052797022
1.8325559251686148
1.8291808221686454
1.8254307077242347
1.8206805627613147
1.815805413983581
1.81068025757622
1.8054300973540451
1.7996799218726158
1.7943047578356275
1.7881795709097568
1.7820543839838863
1.775804193243202
1.768303964354381
1.7626787926877652
1.7554285714285716
1.7481783501693777
1.7414281441694388
1.7340529190954315
1.7278027283547472
1.7201774956511124
1.713177282021546
1.70617706839198
1.7004268929105502
1.6924266487624744
1.6849264198736535
1.677926206244087
1.671176000244148
1.6638007751701407
1.6580505996887114
1.6521754203924681
1.6461752372814111
1.6401750541703544
1.635924924466689
1.6285496993926818
1.6235495468001342
1.618549394207587
1.6131742301705987
1.6080490737632376
1.6049239783928952
1.6007988525040437
1.596673726615192
1.5931736198004092
1.590298532059694
1.5861734061708426
1.5827983031708732
1.579673207800531
1.57692312387463
1.5754230780968657
1.5747980590227975
1.5702979216895046
1.5684228644672995
1.566297799615467
1.5644227423932615
1.5625476851710562
1.5612976470229194
1.559797601245155
1.558672566911832
1.5575475325785089
1.5562974944303722
1.55554747154149
1.554797448652608
1.554797448652608
1.5534224066896571
1.55317239906003
1.5521723685415205
1.5522973723563342
1.5517973570970793
1.5511723380230111
1.5511723380230111
1.5514223456526384
1.5506723227637564
1.5506723227637564
1.551547349467452
1.5509223303933837
1.5506723227637564
1.5512973418378246
1.5506723227637564
1.5502973113193153
1.5502973113193153
1.5505473189489425
1.5514223456526384
1.5512973418378246
1.5516723532822658
1.5519223609118933
1.5521723685415205
1.5521723685415205
1.5522973723563342
1.5529223914304024
1.553547410504471
1.5537974181340983
1.5541724295785393
1.5557974791711173
1.556672505874813
1.5580475478377636
1.55792254402295
1.5592975859859004
1.559922605059969
1.5621726737266153
1.5632977080599384
1.5656727805413984
1.5680478530228583
1.570547929319132
1.5727979979857785
1.5757980895413068
1.5790481887264625
1.5822982879116183
1.5861734061708426
1.590298532059694
1.5949236732078005
1.6001738334299753
1.605048982207709
1.6102991424298836
1.616549333170568
1.6222995086519973
1.6285496993926818
1.6350498977629933
1.6415500961333047
1.6483003021332439
1.6561755424665061
1.662925748466445
1.6698009582811977
1.6769261757255778
1.6841763969847714
1.6909266029847103
1.697426801355022
1.7030519730216378
1.7093021637623218
1.7145523239844966
1.7194274727622303
1.7244276253547777
1.728302743614002
1.7311778313547166
1.7339279152806177
1.7356779686880093
1.7363029877620777
1.7364279915768914
1.7359279763176367
1.7344279305398724
1.732677877132481
1.729427777947325
1.7268026978362376
1.7225525681325726
1.7189274575029754
1.7139273049104282
1.7070520950956756
1.7015519272438735
1.6950517288735618
1.6880515152439954
1.6810513016144293
1.6741760917996766
1.66717587817011
1.6599256569109164
1.6531754509109775
1.645925229651784
1.6385500045777766
1.632424817651906
1.6254246040223395
1.6191744132816552
1.6129242225409712
1.607049043244728
1.6017988830225531
1.5970487380596332
1.5929236121707817
1.5881734672078616
1.5834233222449416
1.5797982116153446
1.5757980895413068
1.57217297891171
1.568547868282113
1.5655477767265848
1.5625476851710562
1.558297555467391
1.5530473952452162
1.5471722159489731
1.5404220099490342
1.5322967619861447
1.5224214606158635
1.5125461592455824
1.5022958464308604
1.4914205145420698
1.4805451826532792
1.4686698202459794
1.457669484542375
1.4506692709128086
1.4469191564683983
1.4467941526535844
1.454044373912778
1.4679197973570972
1.4887954344309824
1.5180463270973845
1.5560474868007448
1.6017988830225531
1.6568005615405743
1.7209275185399944
1.7941797540208135
1.8734321726126897
1.955684682760094
2.035812128055666
2.109064363536485
2.170191228980377
2.219192724387341
2.2521937314981537
2.2696942655720695
2.272944364757225
2.249818659016694
2.2083173924985506
2.1519406720175787
2.084063600573748
2.008061281167028
1.9265587939085056
1.8433062532425917
1.761928769798883
1.6831763664662618
1.611424176763207
1.549547288430433
1.4991707510605183
1.456044434949797
1.4241684621723076
1.4012927640614032
1.387917355876339
1.382292184209723
1.384417249061556
1.391917477950377
1.404542863246559
1.4206683553575243
1.4385439008758814
1.4570444654683066
1.4745449995422222
1.4907954954680014
1.5046709189123204
1.5185463423566392
1.5296716818750573
1.5392969756157109
1.5467972045045322
1.5534224066896571
1.557797540208136
1.5621726737266153
1.5645477462080752
1.5669228186895352
1.5690478835413677
1.5719229712820828
1.5746730552079835
1.5771731315042574
1.5790481887264625
1.582923306985687
1.5839233375041963
1.5877984557634206
1.5900485244300668
1.5926736045411543
1.596298715170751
1.6004238410596028
1.6037989440595721
1.6075490585039827
1.6111741691335797
1.6164243293557543
1.6207994628742333
1.6250495925778985
1.6301747489852596
1.635174901577807
1.6398000427259134
1.6456752220221567
1.6513003936887722
1.6571755729850153
1.6634257637256997
1.669675954466384
1.6759261452070682
1.6823013397625661
1.6886765343180639
1.695426740318003
1.7019269386883145
1.7089271523178808
1.7159273659474472
1.7224275643177587
1.7299277932065797
1.737303018280587
1.7444282357249672
1.751178441724906
1.7581786553544725
1.7644288460951567
1.771429059724723
1.7779292580950348
1.7844294564653462
1.7908046510208442
1.7968048341319012
1.8023050019837032
1.807930173650319
1.813805352946562
1.817055452131718
1.8218055970946379
1.8259307229834896
1.8291808221686454
1.8323059175389873
1.836056031983398
1.8385561082796718
1.840806176946318
1.8431812494277782
1.8435562608722191
1.8444312875759148
1.844306283761101
1.8441812799462873
1.8430562456129642
1.8420562150944548
1.8406811731315043
1.838431104464858
1.8355560167241434
1.8328059327982422
1.828930814539018
1.8248056886501665
1.8200555436872463
1.8160554216132085
1.810305246131779
1.805555101168859
1.799554918057802
1.7941797540208135
1.788054567094943
1.7823043916135137
1.7756791894283883
1.7688039796136357
1.761928769798883
1.755178563798944
1.7478033387249368
1.7411781365398113
1.7344279305398724
1.7266776940214241
1.719927488021485
1.712802270577105
1.7058020569475387
1.6986768395031586
1.6916766258735922
1.684676412244026
1.677551194799646
1.6709259926145208
1.6645507980590228
1.6586756187627796
1.6523004242072816
1.6463002410962249
1.6400500503555409
1.634424878688925
1.6281746879482406
1.6231745353556932
1.6181743827631458
1.613424237800226
1.6085490890224923
1.6045489669484543
1.6004238410596028
1.5969237342448195
1.5930486159855952
1.58879848628193
1.586048402356029
1.5825482955412458
1.5797982116153446
1.576548112430189
1.5744230475783563
1.57217297891171
1.5700479140598773
1.567797845393231
1.5664228034302805
1.564297738578448
1.562297677541429
1.561172643208106
1.559922605059969
1.5580475478377636
1.557172521134068
1.5562974944303722
1.5556724753563036
1.554797448652608
1.554672444837794
1.5537974181340983
1.5534224066896571
1.5524223761711478
1.5512973418378246
1.5519223609118933
1.5514223456526384
1.5511723380230111
1.5506723227637564
1.5502973113193153
1.55079732657857
1.5512973418378246
1.5506723227637564
1.5514223456526384
1.5506723227637564
1.5502973113193153
1.5506723227637564
1.5506723227637564
1.5509223303933837
1.5512973418378246
1.5514223456526384
1.5517973570970793
1.551547349467452
1.5516723532822658
1.5521723685415205
1.5524223761711478
1.552672383800775
1.55317239906003
1.5542974333933532
1.554797448652608
1.5556724753563036
1.556672505874813
1.556797509689627
1.5580475478377636
1.5596725974303416
1.560672627948851
1.562297677541429
1.564172734763634
1.565797784356212
1.568547868282113
1.5709229407635732
1.5731730094302194
1.5764231086153753
1.579673207800531
1.582923306985687
1.5867984252449112
1.590298532059694
1.5952986846522417
1.6001738334299753
1.6056740012817774
1.6110491653187657
1.6170493484298227
1.6230495315408795
1.62917471846675
1.6356749168370617
1.6424251228370008
1.6488003173924985
1.6560505386516924
1.6635507675405132
1.6709259926145208
1.677551194799646
1.6849264198736535
1.6911766106143375
1.6975518051698355
1.704052003540147
1.710052186651204
1.7150523392437513
1.7200524918362987
1.7249276406140324
1.7284277474288157
1.7316778466139713
1.734302926725059
1.735427961058382
1.736552995391705
1.7366779992065189
1.7360529801324502
1.7338029114658042
1.7325528733176672
1.7298027893917662
1.7268026978362376
1.7224275643177587
1.7179274269844662
1.7125522629474779
1.7071770989104893
1.7006769005401776
1.6948017212439344
1.6869264809106725
1.681551316873684
1.6739260841700492
1.666425855281228
1.6590506302072208
1.6523004242072816
1.6453002105777155
1.6381749931333354
1.63154979094821
1.6247995849482713
1.6180493789483323
1.6120491958372754
1.6067990356151007
1.6012988677632984
1.5965487228003785
1.5917985778374584
1.587298440504166
1.5841733451338236
1.57929819635609
1.5754230780968657
1.5719229712820828
1.5684228644672995
1.565422772911771
1.561797662282174
1.5575475325785089
1.5525473799859615
1.546422193060091
1.5395469832453383
1.5315467390972626
1.52229645680105
1.5124211554307687
1.5012958159123508
1.4899204687643055
1.4787951292458876
1.4661697439497057
1.456169438764611
1.4495442365794855
1.4461691335795162
1.4476691793572802
1.4554194158757288
1.4700448622089297
1.4919205298013245
1.52229645680105
1.5612976470229194
1.6077990661336101
1.6643007904293954
1.729052766502884
1.802805017242958
1.8840574968718529
1.9663100070192572
2.0455624256111333
2.1170646076845605
2.1769414349803156
2.2238178655354472
2.2555688344981233
2.26869423505356
2.27106930753502
2.245693533127842
2.20219220557268
2.14419043549913
2.075438337351604
1.9979359721671195
1.9163084810937834
1.8336809595019379
1.7516784569841608
1.6743010956144901
1.6034239326151312
1.5430470900601214
1.4920455336161382
1.4515442976165045
1.4215433820612202
1.3996677144688254
1.3871673329874568
1.382292184209723
1.385542283394879
1.3934175237281412
1.4062929166539506
1.4221684011352886
1.4407939695425276
1.4599195532090212
1.4765450605792412
1.4926705526902067
1.5072959990234076
1.5195463728751488
1.5310467238380079
1.5401720023194068
1.5480472426526688
1.5537974181340983
1.5584225592822047
1.5626726889858698
1.56504776146733
1.56742283394879
1.5697979064302499
1.57217297891171
1.57454805139317
1.5770481276894437
1.579673207800531
1.5821732840968048
1.5845483565782648
1.5875484481337934
1.590423535874508
1.5935486312448501
1.596798730430006
1.6007988525040437
1.6035489364299447
1.6080490737632376
1.6119241920224616
1.6166743369853815
1.6211744743186742
1.625174596392712
1.6299247413556321
1.6352999053926207
1.6405500656147955
1.6461752372814111
1.6520504165776544
1.6574255806146427
1.6635507675405132
1.6709259926145208
1.6768011719107638
1.6825513473921934
1.6899265724662007
1.6963017670216987
1.702176946317942
1.7094271675771355
1.7163023773918882
1.7233025910214546
1.730677816095462
1.7384280526139104
1.7449282509842219
1.7519284646137883
1.759178685872982
1.765803888058107
1.772304086428419
1.7794293038727989
1.7861795098727378
1.7910546586504716
1.7976798608355968
1.8029300210577714
1.8075551622058779
1.814305368205817
1.8176804712057864
1.82255561998352
1.8255557115390486
1.8295558336130864
1.8323059175389873
1.8361810357982116
1.838431104464858
1.8411811883907592
1.8431812494277782
1.8440562761314738
1.8440562761314738
1.8440562761314738
1.844681295205542
1.8430562456129642
1.8418062074648274
1.8399311502426223
1.8383061006500443
1.835306009094516
1.8325559251686148
1.8285558030945768
1.8243056733909115
1.82018054750206
1.8156804101687674
1.810305246131779
1.8050550859096042
1.7999299295022433
1.7935547349467453
1.787679555650502
1.781679372539445
1.775429181798761
1.7685539719840082
1.761553758354442
1.7546785485396894
1.7470533158360546
1.7404281136509292
1.7339279152806177
1.7265526902066104
1.719552476577044
1.7125522629474779
1.7051770378734703
1.6980518204290902
1.691051606799524
1.6841763969847714
1.677176183355205
1.6706759849848933
1.6643007904293954
1.6575505844294565
1.651425397503586
1.645925229651784
1.6398000427259134
1.633674855800043
1.628424695577868
1.6226745200964385
1.618549394207587
1.6130492263557847
1.6082990813928648
1.6045489669484543
1.6004238410596028
1.596673726615192
1.5925486007263405
1.5894235053559984
1.5857983947264016
1.5825482955412458
1.5799232154301586
1.5767981200598165
1.5744230475783563
1.5717979674672689
1.570172917874691
1.5675478377636038
1.566297799615467
1.5644227423932615
1.563047700430311
1.561172643208106
1.5594225898007141
1.5575475325785089
1.556797509689627
1.5562974944303722
1.555922482985931
1.5549224524674214
1.5545474410229805
1.553922421948912
1.553547410504471
1.5525473799859615
1.5521723685415205
1.5512973418378246
1.5517973570970793
1.5511723380230111
1.5511723380230111
1.55079732657857
1.5511723380230111
1.5509223303933837
1.5502973113193153
1.5505473189489425
1.5506723227637564
1.5501723075045015
1.550422315134129
1.5502973113193153
1.5502973113193153
1.5505473189489425
1.5517973570970793
1.5517973570970793
1.5514223456526384
1.5520473647267068
1.5524223761711478
1.5520473647267068
1.5525473799859615
1.55317239906003
1.5541724295785393
1.5550474562822352
1.5556724753563036
1.5561724906155583
1.557172521134068
1.5580475478377636
1.5592975859859004
1.560672627948851
1.5624226813562427
1.5639227271340068
1.565797784356212
1.5682978606524856
1.5711729483932007
1.5734230170598467
1.5760480971709343
1.5799232154301586
1.5831733146153144
1.5874234443189794
1.5912985625782037
1.5950486770226142
1.6009238563188575
1.60542399365215
1.6111741691335797
1.6172993560594502
1.6236745506149481
1.6290497146519365
1.6357999206518754
1.642675130466628
1.6495503402813807
1.6563005462813196
1.6635507675405132
1.6705509811700798
1.6778012024292734
1.6851764275032808
1.6915516220587787
1.6983018280587177
1.704177007354961
1.710052186651204
1.7150523392437513
1.7201774956511124
1.7245526291695914
1.7285527512436292
1.7315528427991578
1.7340529190954315
1.735802972502823
1.7361779839472642
1.7368030030213324
1.735427961058382
1.7341779229102452
1.7319278542435987
1.7298027893917662
1.7266776940214241
1.7224275643177587
1.7180524307992797
1.7130522782067326
1.7071770989104893
1.7000518814661092
1.6946767174291208
1.6875514999847407
1.6808012939848018
1.6729260536515398
1.6659258400219734
1.6590506302072208
1.6519254127628407
1.6451752067629017
1.6384250007629628
1.631674794763024
1.6245495773186438
1.6184243903927733
1.612174199652089
1.607424054689169
1.6015488753929257
1.596298715170751
1.591923581652272
1.5876734519486069
1.5825482955412458
1.5790481887264625
1.5752980742820522
1.5722979827265235
1.5686728720969267
1.5652977690969574
1.5620476699118016
1.5574225287636951
1.552672383800775
1.5462971892452775
1.5394219794305246
1.5311717276528216
1.522171452986236
1.5130461745048374
1.5006707968382824
1.4904204840235602
1.478295113986633
1.4667947630237739
1.4570444654683066
1.449794244209113
1.4455441145054475
1.4470441602832118
1.4551694082461013
1.4704198736533707
1.4920455336161382
1.5224214606158635
1.5612976470229194
1.608174077578051
1.6646758018738366
1.730302804651021
1.80355504013184
1.88430750450148
1.9665600146488846
2.0455624256111333
2.1168146000549335
2.1776914578691975
2.2236928617206337
2.254943815424055
2.2684442274239327
2.2709443037202064
2.245318521683401
2.2008171636097296
2.1436904202398757
2.074188299203467
1.9973109530930508
1.9150584429456465
1.8324309213538013
1.7506784264656514
1.6725510422070986
1.602673909726249
1.5419220557267983
1.4919205298013245
1.4511692861720633
1.4205433515427108
1.399417706839198
1.3864173100985748
1.382417188024537
1.385167271950438
1.3931675160985137
1.406542924283578
1.4234184392834255
1.4406689657277139
1.4586695150608844
1.4769200720236824
1.492545548875393
1.5079210180974763
1.51992138431959
1.5307967162083804
1.5404220099490342
1.5476722312082278
1.5541724295785393
1.557797540208136
1.5615476546525469
1.56504776146733
1.5675478377636038
1.5696729026154363
1.5724229865413375
1.5747980590227975
1.5771731315042574
1.5797982116153446
1.5822982879116183
1.5851733756523332
1.5874234443189794
1.590423535874508
1.5939236426892909
1.596673726615192
1.6002988372447888
1.6040489516891996
1.6077990661336101
1.611799188207648
1.6175493636890774
1.6211744743186742
1.6254246040223395
1.6302997528000733
1.6357999206518754
1.6404250617999818
1.6458002258369702
1.651425397503586
1.658550614947966
1.6641757866145819
1.6706759849848933
1.6769261757255778
1.6823013397625661
1.6899265724662007
1.6959267555772577
1.7031769768364513
1.7099271828363902
1.7160523697622607
1.7234275948362683
1.7311778313547166
1.7383030487990967
1.7454282662434768
1.7526784875026704
1.7593036896877956
1.76555388042848
1.7724290902432325
1.778554277169103
1.7854294869838556
1.7915546739097263
1.7983048799096653
1.802805017242958
1.8094302194280831
1.813430341502121
1.8179304788354138
1.8223056123538928
1.8266807458723715
1.8299308450575276
1.832930936613056
1.8358060243537706
1.838806115909299
1.840306161687063
1.8426812341685233
1.8434312570574054
1.8435562608722191
1.8439312723166599
1.844306283761101
1.8426812341685233
1.8425562303537095
1.840306161687063
1.838056093020417
1.8345559862056338
1.8318059022797326
1.8288058107242042
1.8239306619464706
1.8199305398724328
1.81543040253914
1.8108052613910337
1.8054300973540451
1.7993049104281746
1.7934297311319314
1.7871795403912474
1.7815543687246316
1.7751791741691336
1.7681789605395672
1.761553758354442
1.7548035523545031
1.7474283272804958
1.740178106021302
1.7331778923917356
1.7265526902066104
1.7194274727622303
1.7125522629474779
1.7050520340586566
1.6980518204290902
1.6909266029847103
1.684676412244026
1.6776761986144597
1.670050965910825
1.6635507675405132
1.6575505844294565
1.6515504013183995
1.6456752220221567
1.6400500503555409
1.6339248634296701
1.628049684133427
1.6235495468001342
1.6180493789483323
1.6130492263557847
1.609049104281747
1.6041739555040133
1.6004238410596028
1.5964237189855648
1.5926736045411543
1.5894235053559984
1.5857983947264016
1.5826732993560595
1.580048219244972
1.5762981048005615
1.5739230323191016
1.57217297891171
1.5696729026154363
1.5680478530228583
1.5669228186895352
1.563797723319193
1.5626726889858698
1.561047639393292
1.559922605059969
1.55792254402295
1.556797509689627
1.5561724906155583
1.5557974791711173
1.554672444837794
1.5541724295785393
1.553922421948912
1.5530473952452162
1.552672383800775
1.5517973570970793
1.5512973418378246
1.5514223456526384
1.5512973418378246
1.5509223303933837
1.5505473189489425
1.55079732657857
1.5505473189489425
1.5509223303933837
1.5501723075045015
1.5506723227637564
1.5510473342081972
1.5501723075045015
1.5500473036896878
1.551547349467452
1.55079732657857
1.5514223456526384
1.5517973570970793
1.5516723532822658
1.5517973570970793
1.5524223761711478
1.5524223761711478
1.552672383800775
1.5534224066896571
1.5545474410229805
1.554797448652608
1.5552974639118626
1.5564224982451857
1.5575475325785089
1.5581725516525773
1.5595475936155279
1.5605476241340372
1.5620476699118016
1.563797723319193
1.5665478072450942
1.568172856837672
1.5706729331339457
1.5737980285042878
1.5762981048005615
1.5794232001709037
1.5830483108005005
1.5866734214300973
1.5912985625782037
1.5950486770226142
1.6004238410596028
1.6051739860225227
1.6115491805780204
1.6170493484298227
1.622924527726066
1.6295497299111912
1.6364249397259438
1.6424251228370008
1.6489253212073123
1.6561755424665061
1.6635507675405132
1.6703009735404524
1.6778012024292734
1.684676412244026
1.6916766258735922
1.697801812799463
1.7043020111697744
1.7096771752067628
1.7145523239844966
1.719927488021485
1.725052644428846
1.7288027588732566
1.731427838984344
1.7340529190954315
1.735802972502823
1.7366779992065189
1.7371780144657736
1.735427961058382
1.7346779381694999
1.732677877132481
1.7301778008362072
1.7266776940214241
1.7225525681325726
1.7173024079103976
1.713177282021546
1.707677114169744
1.7006769005401776
1.6944267097994934
1.6874264961699272
1.6803012787255471
1.6729260536515398
1.6658008362071597
1.6586756187627796
1.6519254127628407
1.6455502182073427
1.638299996948149
1.630799768059328
1.6245495773186438
1.618549394207587
1.6122992034669026
1.6071740470595417
1.6012988677632984
1.596798730430006
1.5917985778374584
1.5877984557634206
1.5841733451338236
1.5794232001709037
1.5754230780968657
1.5720479750968963
1.5686728720969267
1.565797784356212
1.5621726737266153
1.5576725363933226
1.5525473799859615
1.5466722006897184
1.5397969908749656
1.5311717276528216
1.5231714835047456
1.5124211554307687
1.5019208349864193
1.4906704916531877
1.4787951292458876
1.4674197820978425
1.4571694692831203
1.450169255653554
1.4464191412091434
1.4475441755424665
1.4559194311349835
1.4694198431348613
1.4910455030976288
1.5209214148380994
1.559797601245155
1.6067990356151007
1.6621757255775629
1.7265526902066104
1.8000549333170568
1.8809324015015108
1.962809900204474
2.0423123264259773
2.113939512314219
2.175191381572924
2.2221928159428694
2.254068788720359
2.268569231238746
2.27106930753502
2.246943571275979
2.203692251350444
2.145940488906522
2.077438398388623
2.0011860713522753
1.920058595538194
1.8365560472426528
1.7548035523545031
1.6768011719107638
1.6060490127262186
1.5451721549119541
1.4944206060975982
1.452544328135014
1.4221684011352886
1.4005427411725213
1.3872923368022707
1.3826671956541643
1.384292245246742
1.3927925046540726
1.405417889950255
1.4220433973204747
1.4395439313943907
1.4584195074312571
1.475920041505173
1.491795525986511
1.5061709646900845
1.5200463881344035
1.5302967009491257
1.5397969908749656
1.547547227393414
1.5536724143192846
1.5581725516525773
1.5616726584673606
1.5649227576525162
1.5672978301339764
1.5692978911709952
1.5724229865413375
1.574923062837611
1.5770481276894437
1.5786731772820215
1.5822982879116183
1.5845483565782648
1.5875484481337934
1.5900485244300668
1.5935486312448501
1.596798730430006
1.5997988219855341
1.6040489516891996
1.6075490585039827
1.6120491958372754
1.6162993255409406
1.6207994628742333
1.625299600207526
1.6301747489852596
1.6352999053926207
1.640300057985168
1.6456752220221567
1.6519254127628407
1.6570505691702018
1.6643007904293954
1.669675954466384
1.6763011566515091
1.6820513321329387
1.6891765495773186
1.6960517593920712
1.7030519730216378
1.7090521561326946
1.7166773888363294
1.7233025910214546
1.7304278084658344
1.737803033539842
1.7446782433545946
1.7514284493545336
1.7584286629841
1.7653038727988526
1.771429059724723
1.7783042695394757
1.7848044679097874
1.7911796624652854
1.7970548417615282
1.8029300210577714
1.8081801812799463
1.8125553147984252
1.8176804712057864
1.8223056123538928
1.8268057496871855
1.8294308297982727
1.833305948057497
1.836431043427839
1.8381810968352306
1.8400561540574358
1.842431226538896
1.8436812646870329
1.844306283761101
1.8441812799462873
1.8441812799462873
1.8430562456129642
1.8415561998352001
1.840306161687063
1.8378060853907896
1.835306009094516
1.8325559251686148
1.8286808069093905
1.8250556962797937
1.82018054750206
1.8155554063539538
1.810305246131779
1.8053050935392316
1.7996799218726158
1.7939297463911863
1.7875545518356883
1.7818043763542588
1.7763042085024567
1.7688039796136357
1.7625537888729514
1.7548035523545031
1.7479283425397505
1.7406781212805567
1.7339279152806177
1.726302682576983
1.7196774803918575
1.712802270577105
1.7058020569475387
1.6984268318735312
1.691426618243965
1.6845514084292124
1.6773011871700187
1.6705509811700798
1.6641757866145819
1.657800592059084
1.6515504013183995
1.6455502182073427
1.639925046540727
1.633549851985229
1.6286747032074953
1.6230495315408795
1.618549394207587
1.6130492263557847
1.6085490890224923
1.6045489669484543
1.6002988372447888
1.596673726615192
1.5929236121707817
1.5891734977263712
1.5861734061708426
1.5824232917264323
1.5799232154301586
1.5770481276894437
1.5740480361339153
1.5722979827265235
1.5695478988006226
1.5682978606524856
1.566297799615467
1.5644227423932615
1.5624226813562427
1.5609226355784784
1.5596725974303416
1.558297555467391
1.5569225135044404
1.5560474868007448
1.5557974791711173
1.555172460097049
1.5542974333933532
1.5537974181340983
1.5529223914304024
1.5525473799859615
1.5520473647267068
1.5509223303933837
1.55079732657857
1.5519223609118933
1.5502973113193153
1.5506723227637564
1.55079732657857
1.5510473342081972
1.5502973113193153
1.5506723227637564
1.550422315134129
1.5510473342081972
1.5499222998748743
1.55079732657857
1.5510473342081972
1.5512973418378246
1.5514223456526384
1.5519223609118933
1.5517973570970793
1.5516723532822658
1.5522973723563342
1.5522973723563342
1.552797387615589
1.5530473952452162
1.5542974333933532
1.5544224372081668
1.5556724753563036
1.5569225135044404
1.5569225135044404
1.558297555467391
1.559172582171087
1.5605476241340372
1.5624226813562427
1.564172734763634
1.566172795800653
1.5684228644672995
1.570547929319132
1.5735480208746606
1.5757980895413068
1.578923184911649
1.5822982879116183
1.5869234290597247
1.589923520615253
1.5952986846522417
1.6002988372447888
1.6052989898373364
1.6110491653187657
1.6171743522446362
1.6227995239112523
1.6294247260963775
1.635924924466689
1.6425501266518143
1.6491753288369395
1.6561755424665061
1.6634257637256997
1.6704259773552659
1.6776761986144597
1.684676412244026
1.6916766258735922
1.698176824243904
1.704052003540147
1.7093021637623218
1.7149273354289376
1.719927488021485
1.7246776329844051
1.7280527359843745
1.731052827539903
1.7348029419843134
1.735427961058382
1.7366779992065189
1.7371780144657736
1.7360529801324502
1.7346779381694999
1.7324278695028534
1.7299277932065797
1.7256776635029145
1.7225525681325726
1.7179274269844662
1.7135522934659873
1.7078021179845577
1.7006769005401776
1.6943017059846797
1.6876765037995543
1.6800512710959197
1.6734260689107945
1.666425855281228
1.6590506302072208
1.6519254127628407
1.6448001953184606
1.6381749931333354
1.63154979094821
1.6247995849482713
1.618549394207587
1.6124242072817165
1.6067990356151007
1.6014238715781122
1.5965487228003785
1.591923581652272
1.5877984557634206
1.582923306985687
1.578923184911649
1.5751730704672384
1.5719229712820828
1.5684228644672995
1.5649227576525162
1.5616726584673606
1.5572975249488816
1.5525473799859615
1.54604718161565
1.540046998504593
1.5311717276528216
1.5224214606158635
1.5117961363567003
1.5016708273567918
1.4899204687643055
1.4787951292458876
1.4667947630237739
1.4569194616534928
1.4495442365794855
1.4465441450239571
1.4476691793572802
1.4550444044312876
1.4700448622089297
1.4920455336161382
1.521796441541795
1.5607976317636647
1.6075490585039827
1.6630507522812585
1.7275527207251198
1.8019299905392623
1.8818074282052064
1.9641849421674247
2.0434373607593006
2.115564561906796
2.176191412091433
2.222692831202124
2.2544438001648
2.267944212164678
2.2709443037202064
2.2468185674611654
2.2033172399060033
2.1458154850917084
2.0768133793145545
1.9999360332041385
1.9184335459456159
1.8358060243537706
1.7539285256508073
1.6759261452070682
1.605048982207709
1.5445471358378857
1.4934205755790888
1.4520443128757592
1.4219183935056612
1.4001677297280801
1.3867923215430158
1.3826671956541643
1.3846672566911833
1.3929175084688865
1.4056678975798824
1.4229184240241708
1.440293954283273
1.4585445112460709
1.4760450453199865
1.4922955412457657
1.5065459761345255
1.5195463728751488
1.5307967162083804
1.5397969908749656
1.5474222235786004
1.5542974333933532
1.558297555467391
1.5621726737266153
1.5644227423932615
1.56742283394879
1.569422894985809
1.57217297891171
1.5744230475783563
1.5766731162450025
1.5794232001709037
1.58167326883755
1.584423352763451
1.587298440504166
1.590423535874508
1.5932986236152227
1.596673726615192
1.5996738181707206
1.603173924985504
1.6077990661336101
1.6119241920224616
1.6164243293557543
1.620924466689047
1.625299600207526
1.6310497756889553
1.6354249092074344
1.6404250617999818
1.6455502182073427
1.6516754051332134
1.657800592059084
1.6634257637256997
1.669675954466384
1.6763011566515091
1.6823013397625661
1.6888015381328776
1.6959267555772577
1.7026769615771966
1.7099271828363902
1.716427381206702
1.7234275948362683
1.7313028351695303
1.7375530259102145
1.7451782586138493
1.7521784722434155
1.759178685872982
1.7654288766136663
1.772179082613605
1.7780542619098483
1.7846794640949737
1.790929654835658
1.7965548265022737
1.8019299905392623
1.8076801660206916
1.813430341502121
1.8176804712057864
1.8223056123538928
1.8261807306131168
1.8294308297982727
1.832930936613056
1.836056031983398
1.8390561235389262
1.8406811731315043
1.8421812189092686
1.844306283761101
1.8440562761314738
1.8438062685018464
1.844306283761101
1.8435562608722191
1.8421812189092686
1.8409311807611317
1.838431104464858
1.8358060243537706
1.8324309213538013
1.828930814539018
1.8246806848353525
1.8208055665761285
1.8148053834650717
1.8101802423169653
1.8050550859096042
1.7994299142429884
1.7938047425763726
1.7878045594653156
1.7818043763542588
1.7753041779839474
1.7686789757988222
1.7621787774285103
1.7548035523545031
1.748053346354564
1.740553117465743
1.7338029114658042
1.7271777092806788
1.719927488021485
1.7129272743919186
1.705677053132725
1.698926847132786
1.6911766106143375
1.6844264046143986
1.6776761986144597
1.6710509964293345
1.6644257942442091
1.6583006073183386
1.651425397503586
1.6455502182073427
1.6401750541703544
1.6341748710592976
1.6285496993926818
1.6231745353556932
1.6181743827631458
1.6127992187261575
1.6087990966521197
1.6042989593188268
1.6002988372447888
1.596673726615192
1.5930486159855952
1.5892985015411847
1.5857983947264016
1.5831733146153144
1.5799232154301586
1.5770481276894437
1.5739230323191016
1.5720479750968963
1.570547929319132
1.5679228492080448
1.566297799615467
1.5646727500228887
1.5620476699118016
1.560672627948851
1.559172582171087
1.558672566911832
1.557172521134068
1.5564224982451857
1.5562974944303722
1.554797448652608
1.5541724295785393
1.5536724143192846
1.5534224066896571
1.5522973723563342
1.5516723532822658
1.5517973570970793
1.5516723532822658
1.5510473342081972
1.5514223456526384
1.5510473342081972
1.5509223303933837
1.5509223303933837
1.5509223303933837
1.5506723227637564
1.5501723075045015
1.5502973113193153
1.5496722922452468
1.5509223303933837
1.5509223303933837
1.5514223456526384
1.55079732657857
1.5520473647267068
1.5519223609118933
1.5517973570970793
1.5522973723563342
1.5524223761711478
1.5525473799859615
1.5532974028748436
1.5541724295785393
1.5537974181340983
1.5560474868007448
1.556672505874813
1.5572975249488816
1.5580475478377636
1.5594225898007141
1.5609226355784784
1.561797662282174
1.563797723319193
1.566172795800653
1.5680478530228583
1.5704229255043185
1.5735480208746606
1.5764231086153753
1.5794232001709037
1.5830483108005005
1.5866734214300973
1.5909235511337627
1.5952986846522417
1.6001738334299753
1.6056740012817774
1.6107991576891385
1.6167993408001955
1.622924527726066
1.6294247260963775
1.6360499282815029
1.6424251228370008
1.6491753288369395
1.6563005462813196
1.6631757560960723
1.6704259773552659
1.6778012024292734
1.684676412244026
1.691426618243965
1.6985518356883451
1.704177007354961
1.710052186651204
1.715177343058565
1.7200524918362987
1.724302621539964
1.7274277169103063
1.7315528427991578
1.7339279152806177
1.7363029877620777
1.7369280068361461
1.7364279915768914
1.7363029877620777
1.734552934354686
1.7320528580584125
1.7296777855769523
1.7261776787621694
1.7225525681325726
1.7179274269844662
1.712802270577105
1.7073021027253028
1.700551896725364
1.6941767021698662
1.6876765037995543
1.680676290169988
1.6726760460219123
1.666050843836787
1.6590506302072208
1.6521754203924681
1.6449251991332745
1.638299996948149
1.63154979094821
1.6244245735038303
1.6186743980224005
1.6124242072817165
1.6066740318002868
1.6012988677632984
1.596298715170751
1.591923581652272
1.5877984557634206
1.583298318430128
1.5794232001709037
1.5759230933561206
1.57217297891171
1.5687978759117405
1.5651727652821437
1.562297677541429
1.55792254402295
1.552797387615589
1.5467972045045322
1.5397969908749656
1.5320467543565173
1.522171452986236
1.5124211554307687
1.5012958159123508
1.4899204687643055
1.4786701254310741
1.4669197668385876
1.4567944578386791
1.449794244209113
1.4462941373943297
1.4475441755424665
1.4554194158757288
1.4692948393200476
1.491670522171697
1.5211714224677266
1.5595475936155279
1.6064240241706595
1.6626757408368176
1.726302682576983
1.8000549333170568
1.880807397686697
1.9626848963896604
2.0420623187963503
2.113689504684591
2.1746913663136693
2.2216928006836145
2.253693777275918
2.2691942503128146
2.2709443037202064
2.2466935636463514
2.204067262794885
2.1469405194250313
2.078063417462691
2.0016860866115302
1.9201835993530076
1.8366810510574663
1.7558035828730125
1.6774261909848323
1.6066740318002868
1.5454221625415814
1.4942956022827847
1.4535443586535233
1.4221684011352886
1.4006677449873348
1.3874173406170842
1.382417188024537
1.385167271950438
1.3927925046540726
1.4052928861354412
1.4217933896908477
1.4395439313943907
1.4579194921720025
1.475920041505173
1.4919205298013245
1.5066709799493394
1.5191713614307079
1.530171697134312
1.540046998504593
1.5476722312082278
1.553922421948912
1.5581725516525773
1.561172643208106
1.5640477309488205
1.567047822504349
1.5697979064302499
1.57217297891171
1.5742980437635425
1.57692312387463
1.5790481887264625
1.58167326883755
1.584423352763451
1.5874234443189794
1.5897985168004394
1.5931736198004092
1.5959237037263099
1.5994238105410932
1.6032989288003174
1.6077990661336101
1.6115491805780204
1.6164243293557543
1.6210494705038605
1.6261746269112216
1.629674733726005
1.6352999053926207
1.6401750541703544
1.6456752220221567
1.6511753898739585
1.6568005615405743
1.6634257637256997
1.669675954466384
1.6760511490218817
1.6828013550218206
1.6899265724662007
1.695801751762444
1.7024269539475692
1.7090521561326946
1.7161773735770747
1.7236776024658955
1.7311778313547166
1.7376780297250283
1.7448032471694084
1.7516784569841608
1.7584286629841
1.7649288613544114
1.7728041016876737
1.778179265724662
1.7844294564653462
1.790929654835658
1.7973048493911556
1.8029300210577714
1.807805169835505
1.8131803338724937
1.8175554673909728
1.8219306009094518
1.826555742057558
1.8290558183538315
1.832930936613056
1.8359310281685843
1.8386811120944853
1.8409311807611317
1.8426812341685233
1.8438062685018464
1.8439312723166599
1.8445562913907285
1.8439312723166599
1.8433062532425917
1.8421812189092686
1.8406811731315043
1.8381810968352306
1.8356810205389569
1.8323059175389873
1.828930814539018
1.8250556962797937
1.8204305551316875
1.8159304177983948
1.8109302652058474
1.8046800744651632
1.7998049256874293
1.7930547196874904
1.7874295480208746
1.7819293801690725
1.775804193243202
1.7689289834284494
1.7623037812433242
1.7549285561693166
1.7478033387249368
1.741303140354625
1.733052888576922
1.7273027130954923
1.719927488021485
1.7126772667622914
1.7058020569475387
1.6988018433179723
1.6916766258735922
1.6848014160588396
1.678676229132969
1.6709259926145208
1.6645507980590228
1.657800592059084
1.651800408948027
1.645925229651784
1.6404250617999818
1.6350498977629933
1.629299722281564
1.6231745353556932
1.6182993865779596
1.6130492263557847
1.6089241004669332
1.6044239631336406
1.6000488296151616
1.5964237189855648
1.5929236121707817
1.5896735129856259
1.5862984099856563
1.5824232917264323
1.5799232154301586
1.5770481276894437
1.5740480361339153
1.5724229865413375
1.5714229560228279
1.5686728720969267
1.5660477919858395
1.5640477309488205
1.5625476851710562
1.561047639393292
1.5592975859859004
1.55792254402295
1.5575475325785089
1.5561724906155583
1.555922482985931
1.554672444837794
1.5540474257637258
1.553922421948912
1.5529223914304024
1.5524223761711478
1.5516723532822658
1.551547349467452
1.5510473342081972
1.5505473189489425
1.5505473189489425
1.55079732657857
1.550422315134129
1.5514223456526384
1.5510473342081972
1.5501723075045015
1.5506723227637564
1.5501723075045015
1.5502973113193153
1.5502973113193153
1.5511723380230111
1.55079732657857
1.5512973418378246
1.5517973570970793
1.5519223609118933
1.5519223609118933
1.5524223761711478
1.5521723685415205
1.5529223914304024
1.5530473952452162
1.5540474257637258
1.555172460097049
1.5549224524674214
1.5561724906155583
1.5572975249488816
1.5576725363933226
1.5595475936155279
1.5607976317636647
1.5620476699118016
1.5644227423932615
1.5656727805413984
1.56742283394879
1.5706729331339457
1.5732980132450332
1.5766731162450025
1.5786731772820215
1.582048280281991
1.5855483870967744
1.590298532059694
1.5945486617633595
1.6004238410596028
1.6045489669484543
1.6106741538743248
1.6166743369853815
1.6227995239112523
1.62917471846675
1.6350498977629933
1.6421751152073734
1.6491753288369395
1.6556755272072514
1.6630507522812585
1.670050965910825
1.6769261757255778
1.6840513931699574
1.6916766258735922
1.6980518204290902
1.7035519882808923
1.7101771904660177
1.7150523392437513
1.7191774651326028
1.7241776177251504
1.7289277626880704
1.7318028504287852
1.734302926725059
1.7359279763176367
1.7369280068361461
1.7361779839472642
1.7360529801324502
1.7336779076509903
1.7324278695028534
1.7298027893917662
1.7266776940214241
1.7226775719473861
1.7181774346140937
1.7135522934659873
1.7075521103549303
1.701676931058687
1.6946767174291208
1.6878015076143682
1.6805512863551746
1.673676076540422
1.666050843836787
1.6593006378368482
1.6520504165776544
1.6460502334665976
1.6384250007629628
1.6321748100222786
1.6254246040223395
1.6190494094668417
1.6126742149113438
1.607049043244728
1.6014238715781122
1.5970487380596332
1.5920485854670858
1.5881734672078616
1.582923306985687
1.5794232001709037
1.5756730857264931
1.57217297891171
1.5684228644672995
1.56504776146733
1.562297677541429
1.5576725363933226
1.5534224066896571
1.5471722159489731
1.5401720023194068
1.5321717581713308
1.5229214758751182
1.51279616687521
1.5019208349864193
1.4907954954680014
1.4791701406903288
1.467169774468215
1.4575444807275613
1.449669240394299
1.4467941526535844
1.4469191564683983
1.454169377727592
1.4685448164311656
1.4901704763939327
1.5186713461714532
1.556672505874813
1.603173924985504
1.6584256111331521
1.7221775566881314
1.7956797997985778
1.8758072450941496
1.9584347666859951
2.0380621967223123
2.109689382610553
2.171691274758141
2.22019275490585
2.2529437543870356
2.2678192083498643
2.271819330423902
2.249318643757439
2.2074423657948543
2.1508156376842553
2.0825635547959838
2.0065612353892637
1.9246837366863003
1.8416812036500139
1.7605537278359324
1.6818013245033114
1.6111741691335797
1.548797265541551
1.4974206976531268
1.4554194158757288
1.4244184698019349
1.401792779320658
1.387917355876339
1.3821671803949096
1.3849172643208107
1.3922924893948179
1.404542863246559
1.4205433515427108
1.438293893246254
1.4571694692831203
1.4745449995422222
1.490920499282815
1.5057959532456433
1.5184213385418257
1.5300466933194983
1.5392969756157109
1.5472972197637866
1.5534224066896571
1.557797540208136
1.5615476546525469
1.5646727500228887
1.5665478072450942
1.5692978911709952
1.5719229712820828
1.5739230323191016
1.5774231391338847
1.5794232001709037
1.5817982726523636
1.585298379467147
1.5870484328745385
1.5897985168004394
1.5930486159855952
1.5964237189855648
1.5994238105410932
1.60304892117069
1.6071740470595417
1.6115491805780204
1.6154242988372447
1.6210494705038605
1.6247995849482713
1.6297997375408186
1.634424878688925
1.6401750541703544
1.6448001953184606
1.6509253822443313
1.6574255806146427
1.6630507522812585
1.6694259468367565
1.6759261452070682
1.6825513473921934
1.6881765190588092
1.6955517441328165
1.7026769615771966
1.7084271370586261
1.7160523697622607
1.7223025605029452
1.730677816095462
1.7366779992065189
1.7441782280953397
1.7514284493545336
1.7580536515396588
1.7646788537247842
1.7715540635395368
1.7783042695394757
1.7840544450209053
1.7906796472060307
1.7968048341319012
1.8023050019837032
1.807805169835505
1.8126803186132388
1.8173054597613454
1.8220556047242653
1.8255557115390486
1.828930814539018
1.832930936613056
1.8358060243537706
1.8376810815759759
1.8405561693166905
1.842431226538896
1.8439312723166599
1.8439312723166599
1.8438062685018464
1.8435562608722191
1.8433062532425917
1.842806237983337
1.840431165501877
1.8389311197241127
1.8354310129093294
1.8326809289834285
1.8299308450575276
1.82493069246498
1.820555558946501
1.816180425428022
1.8116802880947296
1.8054300973540451
1.7996799218726158
1.7948047730948822
1.7881795709097568
1.7818043763542588
1.7760542008728295
1.7693039948728904
1.7631788079470199
1.7558035828730125
1.749678395947142
1.7414281441694388
1.7344279305398724
1.7276777245399335
1.7206775109103671
1.7134272896511735
1.7074271065401168
1.6990518509475998
1.6920516373180334
1.6854264351329082
1.6784262215033416
1.671301004058962
1.6645507980590228
1.658550614947966
1.6533004547257912
1.6464252449110386
1.6404250617999818
1.6352999053926207
1.6287997070223093
1.6239245582445754
1.618924405652028
1.6131742301705987
1.6089241004669332
1.605048982207709
1.60067384868923
1.5969237342448195
1.592798608355968
1.5895485091708121
1.5871734366893522
1.5835483260597554
1.5804232306894133
1.5774231391338847
1.5747980590227975
1.5717979674672689
1.5706729331339457
1.5680478530228583
1.566297799615467
1.5646727500228887
1.563047700430311
1.5612976470229194
1.559797601245155
1.5585475630970183
1.5572975249488816
1.5562974944303722
1.5552974639118626
1.554797448652608
1.5540474257637258
1.553922421948912
1.5529223914304024
1.5522973723563342
1.5525473799859615
1.5512973418378246
1.5514223456526384
1.5505473189489425
1.5520473647267068
1.55079732657857
1.5509223303933837
1.5509223303933837
1.5502973113193153
1.5510473342081972
1.5505473189489425
1.5506723227637564
1.5501723075045015
1.550422315134129
1.5512973418378246
1.5511723380230111
1.5510473342081972
1.5520473647267068
1.5516723532822658
1.5521723685415205
1.5520473647267068
1.5522973723563342
1.5529223914304024
1.55317239906003
1.5532974028748436
1.553922421948912
1.5549224524674214
1.5564224982451857
1.5570475173192542
1.5581725516525773
1.559047578356273
1.560672627948851
1.561922666096988
1.5639227271340068
1.5655477767265848
1.567797845393231
1.5702979216895046
1.5736730246894741
1.5764231086153753
1.57929819635609
1.5825482955412458
1.5867984252449112
1.5911735587633902
1.594298654133732
1.599173802911466
1.6045489669484543
1.61017413861507
1.6157993102816859
1.62204950102237
1.6282996917630543
1.634299874874111
1.6420501113925596
1.6480502945036166
1.6548005005035553
1.6621757255775629
1.669300943021943
1.6765511642811366
1.6836763817255165
1.6905515915402693
1.6971767937253945
1.7024269539475692
1.709177159947508
1.714427320169683
1.7186774498733484
1.7236776024658955
1.7288027588732566
1.7319278542435987
1.7336779076509903
1.735427961058382
1.7366779992065189
1.7376780297250283
1.7361779839472642
1.735302957243568
1.7328028809472946
1.7298027893917662
1.727052705465865
1.7224275643177587
1.7185524460585346
1.7140523087252417
1.7084271370586261
1.7023019501327556
1.695426740318003
1.6885515305032504
1.6814263130588702
1.6743010956144901
1.6674258857997375
1.6608006836146123
1.653425458540605
1.6465502487258523
1.6393000274666587
1.632299813837092
1.6255496078371532
1.6196744285409101
1.6129242225409712
1.6080490737632376
1.6012988677632984
1.5969237342448195
1.5929236121707817
1.5881734672078616
1.5830483108005005
1.580048219244972
1.5764231086153753
1.572547990356151
1.5692978911709952
1.565797784356212
1.563047700430311
1.557797540208136
1.5536724143192846
1.5476722312082278
1.5410470290231024
1.5332967925046541
1.5236714987640003
1.5137961973937193
1.5035458845789973
1.4921705374309517
1.4804201788384654
1.4691698355052338
1.4577944883571887
1.4506692709128086
1.4465441450239571
1.447294167912839
1.4547943968016601
1.4667947630237739
1.488170415356914
1.5156712546159246
1.552797387615589
1.5981737723929563
1.6523004242072816
1.7154273506881925
1.7874295480208746
1.8674319895016327
1.9499345072786645
2.029811944944609
2.1028141727958007
2.165691091647084
2.2154426099429303
2.24969365520188
2.266819177831355
2.272569353312784
2.2521937314981537
2.2121925107577747
2.156940824610126
2.0890637531662954
2.0149364909817806
1.9331839960936308
1.8501814630573443
1.7680539567247535
1.6888015381328776
1.6176743675038912
1.5541724295785393
1.5022958464308604
1.4592945341349528
1.4272935575426497
1.4036678365428634
1.389542405468917
1.3825421918393506
1.3845422528763696
1.3900424207281719
1.4032928250984222
1.4185432905056918
1.4369188512833035
1.4554194158757288
1.473919980468154
1.489295449690237
1.5041709036530655
1.5174213080233163
1.5289216589861752
1.5386719565416427
1.5461721854304635
1.5525473799859615
1.558297555467391
1.5614226508377331
1.5639227271340068
1.5667978148747217
1.5696729026154363
1.5722979827265235
1.5741730399487288
1.5774231391338847
1.5791731925412764
1.5815482650227364
1.5845483565782648
1.5867984252449112
1.5901735282448806
1.592798608355968
1.5960487075411238
1.5989237952818385
1.60304892117069
1.6077990661336101
1.6116741843928344
1.6151742912076175
1.6206744590594195
1.6245495773186438
1.62917471846675
1.634299874874111
1.639550035096286
1.644675191503647
1.6501753593554491
1.6564255500961331
1.6631757560960723
1.668800927762688
1.675676137577441
1.6821763359477524
1.6881765190588092
1.6944267097994934
1.701301919614246
1.7083021332438124
1.715177343058565
1.7218025452436905
1.7285527512436292
1.7359279763176367
1.743678212836085
1.7510534379100926
1.757553636280404
1.7649288613544114
1.7710540482802821
1.7774292428357799
1.7835544297616506
1.7901796319467758
1.7956797997985778
1.8024300057985168
1.807180150761437
1.8121803033539843
1.817055452131718
1.8219306009094518
1.8255557115390486
1.8294308297982727
1.8324309213538013
1.8354310129093294
1.8375560777611624
1.8409311807611317
1.841931211279641
1.8434312570574054
1.844306283761101
1.8441812799462873
1.8440562761314738
1.8434312570574054
1.8418062074648274
1.8405561693166905
1.8385561082796718
1.8363060396130253
1.8334309518723106
1.8295558336130864
1.8254307077242347
1.8211805780205697
1.8168054445020907
1.8114302804651021
1.8053050935392316
1.8001799371318705
1.7946797692800684
1.7894296090578936
1.7831794183172094
1.776679219946898
1.769929013946959
1.7631788079470199
1.7560535905026398
1.7490533768730736
1.7414281441694388
1.7349279457991271
1.728302743614002
1.7205525070955536
1.7135522934659873
1.7064270760216071
1.699801873836482
1.6926766563921019
1.6856764427625355
1.6784262215033416
1.6721760307626576
1.6651758171330913
1.6588006225775933
1.6524254280220954
1.6468002563554796
1.640675069429609
1.6349248939481797
1.6294247260963775
1.624049562059389
1.618924405652028
1.6135492416150394
1.609049104281747
1.6049239783928952
1.601048860133671
1.5970487380596332
1.5932986236152227
1.589923520615253
1.5866734214300973
1.5834233222449416
1.5806732383190405
1.5779231543931396
1.5742980437635425
1.57217297891171
1.5700479140598773
1.568172856837672
1.5664228034302805
1.5645477462080752
1.5627976928006837
1.5614226508377331
1.5600476088747826
1.5589225745414594
1.556797509689627
1.5564224982451857
1.55554747154149
1.5550474562822352
1.5542974333933532
1.5540474257637258
1.55317239906003
1.5536724143192846
1.5521723685415205
1.5517973570970793
1.5502973113193153
1.5511723380230111
1.5510473342081972
1.5505473189489425
1.5505473189489425
1.550422315134129
1.5506723227637564
1.5516723532822658
1.5501723075045015
1.5506723227637564
1.550422315134129
1.5505473189489425
1.5511723380230111
1.5505473189489425
1.5511723380230111
1.5517973570970793
1.5512973418378246
1.5519223609118933
1.5519223609118933
1.5525473799859615
1.552672383800775
1.552797387615589
1.5536724143192846
1.5537974181340983
1.5550474562822352
1.5561724906155583
1.556797509689627
1.558297555467391
1.5594225898007141
1.56029761650441
1.561797662282174
1.563422711874752
1.5655477767265848
1.5689228797265542
1.570172917874691
1.5729230018005922
1.5757980895413068
1.5791731925412764
1.582048280281991
1.5856733909115879
1.590298532059694
1.5941736503189183
1.5990487990966522
1.6046739707632678
1.609424115726188
1.6156743064668722
1.6221745048371838
1.6279246803186131
1.6347998901333658
1.6411750846888638
1.6480502945036166
1.654550492873928
1.6615507065034945
1.6694259468367565
1.6763011566515091
1.683051362651448
1.6904265877254554
1.6970517899105808
1.7030519730216378
1.709177159947508
1.7145523239844966
1.7190524613177893
1.7238026062807095
1.7275527207251198
1.731052827539903
1.733427900021363
1.7356779686880093
1.7363029877620777
1.7366779992065189
1.7361779839472642
1.7350529496139409
1.732677877132481
1.731052827539903
1.7271777092806788
1.723927610095523
1.7188024536881619
1.7139273049104282
1.7084271370586261
1.7028019653920103
1.6955517441328165
1.6889265419476913
1.681551316873684
1.6743010956144901
1.667300881984924
1.6600506607257304
1.6530504470961638
1.6464252449110386
1.6393000274666587
1.6329248329111608
1.6259246192815942
1.6194244209112827
1.613424237800226
1.6077990661336101
1.6025489059114353
1.5974237495040742
1.5925486007263405
1.5877984557634206
1.5836733298745689
1.5801732230597858
1.5761731009857478
1.5727979979857785
1.5700479140598773
1.5659227881710258
1.5626726889858698
1.5587975707266457
1.5529223914304024
1.5481722464674825
1.5412970366527299
1.5331717886898404
1.524171514023255
1.5142962126529742
1.5037958922086248
1.4924205450605792
1.4807951902829066
1.4696698507644885
1.4590445265053256
1.4504192632831812
1.4471691640980255
1.4465441450239571
1.4530443433942688
1.4666697592089604
1.4871703848384046
1.514796227912229
1.5517973570970793
1.596798730430006
1.6513003936887722
1.7141773125400557
1.7864295175023652
1.8658069399090549
1.9479344462416457
2.028186895352031
2.1018141422772914
2.1643160496841336
2.214817590868862
2.2491936399426256
2.267194189275796
2.272944364757225
2.2533187658314766
2.2133175450910976
2.157815851313822
2.091563829462569
2.0156865138706626
1.9353090609454635
1.851556505020295
1.7695540025025178
1.6906765953550829
1.618924405652028
1.5557974791711173
1.5029208655049286
1.4599195532090212
1.4270435499130223
1.4041678518021181
1.3892923978392897
1.3825421918393506
1.383667226172674
1.391042451246681
1.4029178136539813
1.4182932828760644
1.4371688589129308
1.4550444044312876
1.4726699423200171
1.4887954344309824
1.5039208960234383
1.5167962889492477
1.528171636097293
1.5377969298379466
1.5459221778008363
1.55317239906003
1.5575475325785089
1.561172643208106
1.564172734763634
1.5671728263191627
1.5696729026154363
1.5712979522080142
1.5737980285042878
1.5764231086153753
1.5795482039857174
1.581298257393109
1.5841733451338236
1.5870484328745385
1.5894235053559984
1.591923581652272
1.5961737113559373
1.598798791467025
1.6027989135410627
1.607049043244728
1.610549150059511
1.6155493026520584
1.6204244514297923
1.6246745811334575
1.6297997375408186
1.633674855800043
1.640300057985168
1.6448001953184606
1.6503003631702629
1.6570505691702018
1.6620507217627492
1.6685509201330608
1.6749261146885588
1.6810513016144293
1.6885515305032504
1.6945517136143071
1.701301919614246
1.708052125614185
1.714427320169683
1.7211775261696218
1.7289277626880704
1.7360529801324502
1.7435532090212715
1.7506784264656514
1.757178624835963
1.7646788537247842
1.7710540482802821
1.7775542466505936
1.7831794183172094
1.7894296090578936
1.7956797997985778
1.8016799829096348
1.8070551469466232
1.8125553147984252
1.8166804406872767
1.8210555742057557
1.8255557115390486
1.8291808221686454
1.8325559251686148
1.8354310129093294
1.8379310892056033
1.8405561693166905
1.8420562150944548
1.8435562608722191
1.8441812799462873
1.8435562608722191
1.844306283761101
1.8431812494277782
1.8416812036500139
1.8409311807611317
1.8385561082796718
1.8366810510574663
1.8326809289834285
1.8299308450575276
1.8255557115390486
1.8209305703909422
1.817055452131718
1.8113052766502884
1.8066801355021822
1.8000549333170568
1.7951797845393231
1.7891796014282664
1.7828044068727684
1.776554216132084
1.7701790215765862
1.7634288155766473
1.7566786095767084
1.7499284035767695
1.7423031708731347
1.7349279457991271
1.7281777397991884
1.7210525223548083
1.714427320169683
1.7074271065401168
1.7004268929105502
1.6930516678365428
1.6865514694662314
1.6788012329477828
1.6719260231330302
1.6655508285775322
1.6591756340220343
1.6533004547257912
1.6471752677999205
1.64105008087405
1.63629993591113
1.6301747489852596
1.6242995696890163
1.6194244209112827
1.6147992797631765
1.6095491195410014
1.6049239783928952
1.6014238715781122
1.5975487533188881
1.5939236426892909
1.5905485396893215
1.5870484328745385
1.5835483260597554
1.5804232306894133
1.5777981505783258
1.5746730552079835
1.572547990356151
1.5706729331339457
1.5682978606524856
1.567047822504349
1.565422772911771
1.5636727195043794
1.561172643208106
1.5600476088747826
1.5587975707266457
1.55792254402295
1.5565475020599995
1.555172460097049
1.5549224524674214
1.5544224372081668
1.553547410504471
1.55317239906003
1.5524223761711478
1.5517973570970793
1.551547349467452
1.5511723380230111
1.5506723227637564
1.5506723227637564
1.5505473189489425
1.550422315134129
1.5512973418378246
1.55079732657857
1.5506723227637564
1.550422315134129
1.5505473189489425
1.5501723075045015
1.5510473342081972
1.5505473189489425
1.5512973418378246
1.5511723380230111
1.5511723380230111
1.5519223609118933
1.5517973570970793
1.5521723685415205
1.55317239906003
1.5522973723563342
1.552797387615589
1.553922421948912
1.555172460097049
1.554797448652608
1.555922482985931
1.557172521134068
1.557172521134068
1.5589225745414594
1.5604226203192237
1.5620476699118016
1.563047700430311
1.5651727652821437
1.567797845393231
1.569422894985809
1.5724229865413375
1.5756730857264931
1.5790481887264625
1.581298257393109
1.5856733909115879
1.5892985015411847
1.5937986388744774
1.5990487990966522
1.6040489516891996
1.609049104281747
1.6151742912076175
1.6215494857631152
1.627299661244545
1.6341748710592976
1.6404250617999818
1.6473002716147345
1.6544254890591144
1.6610506912442398
1.6684259163182469
1.675551133762627
1.6821763359477524
1.689426557206946
1.695801751762444
1.701801934873501
1.7090521561326946
1.7138023010956145
1.7186774498733484
1.7240526139103367
1.7271777092806788
1.730677816095462
1.7331778923917356
1.7349279457991271
1.7364279915768914
1.7368030030213324
1.7371780144657736
1.7350529496139409
1.7333028962065493
1.730677816095462
1.727927732169561
1.723552598651082
1.7194274727622303
1.7143023163548692
1.7093021637623218
1.702551957762383
1.6965517746513261
1.690301583910642
1.6831763664662618
1.675551133762627
1.6686759239478743
1.6613006988738672
1.6544254890591144
1.6476752830591754
1.6400500503555409
1.633549851985229
1.6270496536149175
1.6206744590594195
1.6151742912076175
1.608174077578051
1.6029239173558765
1.59829877620777
1.5932986236152227
1.5886734824671163
1.585298379467147
1.5807982421338542
1.5767981200598165
1.5734230170598467
1.570172917874691
1.5666728110599077
1.5629226966154972
1.559047578356273
1.5545474410229805
1.5489222693563647
1.542422070986053
1.534546830652791
1.5256715598010193
1.516296273689993
1.5049209265419476
1.493670583208716
1.4821702322458572
1.4711698965422528
1.4601695608386487
1.4515442976165045
1.4465441450239571
1.4465441450239571
1.451669301431318
1.4640446790978727
1.483420270393994
1.5101710867641225
1.54604718161565
1.5900485244300668
1.6431751457258827
1.7043020111697744
1.7745541550950652
1.8534315622425002
1.9358090762047182
2.016811548203986
2.09193884090701
2.1564408093508716
2.2083173924985506
2.245693533127842
2.2661941587572865
2.273069368572039
2.2571938840907007
2.220817773979919
2.1678161564989162
2.1013141270180364
2.0275618762779626
1.9471844233527635
1.8639318826868496
1.781679372539445
1.7024269539475692
1.628049684133427
1.563797723319193
1.509546067690054
1.465544724875637
1.4312936796166877
1.4062929166539506
1.391042451246681
1.3830422070986053
1.383167210913419
1.3896674092837307
1.4006677449873348
1.416043214209418
1.4341687673574024
1.4522943205053866
1.4700448622089297
1.4869203772087771
1.5017958311716058
1.5150462355418564
1.5262965788750877
1.5370469069490644
1.5449221472823267
1.5514223456526384
1.556797509689627
1.561047639393292
1.5631727042451247
1.5660477919858395
1.5689228797265542
1.5707979369487595
1.5734230170598467
1.5759230933561206
1.5785481734672078
1.5811732535782954
1.5839233375041963
1.587298440504166
1.5892985015411847
1.592798608355968
1.5959237037263099
1.598798791467025
1.60304892117069
1.6066740318002868
1.610549150059511
1.61492428357799
1.6192994170964692
1.6236745506149481
1.628424695577868
1.6339248634296701
1.6384250007629628
1.6441751762443924
1.649425336466567
1.6551755119479965
1.6621757255775629
1.6674258857997375
1.6739260841700492
1.6808012939848018
1.6874264961699272
1.6940516983550522
1.7000518814661092
1.7071770989104893
1.7139273049104282
1.7210525223548083
1.7280527359843745
1.7356779686880093
1.7424281746879482
1.7493033845027008
1.7563035981322672
1.7629288003173924
1.769929013946959
1.7763042085024567
1.782554399243141
1.7891796014282664
1.7954297921689504
1.8016799829096348
1.8063051240577412
1.8120552995391705
1.816305429242836
1.8208055665761285
1.82493069246498
1.8284307992797633
1.8315558946501054
1.8354310129093294
1.8375560777611624
1.8401811578722496
1.8418062074648274
1.8434312570574054
1.8445562913907285
1.845181310464797
1.8440562761314738
1.8434312570574054
1.8429312417981507
1.8406811731315043
1.8389311197241127
1.8363060396130253
1.834055970946379
1.8301808526871548
1.8260557267983033
1.8220556047242653
1.817430463576159
1.8128053224280527
1.8070551469466232
1.8011799676503801
1.7955547959837643
1.7904296395764032
1.7839294412060915
1.7776792504654073
1.7711790520950956
1.7641788384655293
1.7576786400952178
1.7501784112063965
1.7435532090212715
1.7363029877620777
1.729427777947325
1.7230525833918273
1.7150523392437513
1.709177159947508
1.701301919614246
1.6944267097994934
1.687051484725486
1.6801762749107334
1.673551072725608
1.6661758476516009
1.6603006683553576
1.6544254890591144
1.6483003021332439
1.6414250923184912
1.6361749320963164
1.631174779503769
1.625174596392712
1.6204244514297923
1.6152992950224312
1.6100491348002564
1.6057990050965911
1.6016738792077396
1.5981737723929563
1.594298654133732
1.5910485549485762
1.5874234443189794
1.58404834131901
1.5811732535782954
1.5781731620227668
1.5752980742820522
1.5726729941709647
1.570547929319132
1.5689228797265542
1.5664228034302805
1.5655477767265848
1.563422711874752
1.5616726584673606
1.56029761650441
1.5589225745414594
1.55792254402295
1.5569225135044404
1.5560474868007448
1.5554224677266761
1.5545474410229805
1.5537974181340983
1.5536724143192846
1.5524223761711478
1.5521723685415205
1.5517973570970793
1.5517973570970793
1.5509223303933837
1.55079732657857
1.55079732657857
1.55079732657857
1.5506723227637564
1.5510473342081972
1.5509223303933837
1.5506723227637564
1.550422315134129
1.55079732657857
1.5505473189489425
1.5512973418378246
1.55079732657857
1.5516723532822658
1.5517973570970793
1.5520473647267068
1.5519223609118933
1.5519223609118933
1.5521723685415205
1.552672383800775
1.55317239906003
1.5536724143192846
1.5544224372081668
1.5552974639118626
1.5560474868007448
1.557172521134068
1.5585475630970183
1.5587975707266457
1.5604226203192237
1.561172643208106
1.5625476851710562
1.5656727805413984
1.5672978301339764
1.5696729026154363
1.5719229712820828
1.5759230933561206
1.5781731620227668
1.58167326883755
1.5847983642078922
1.58879848628193
1.5930486159855952
1.5980487685781428
1.602673909726249
1.6085490890224923
1.614174260689108
1.6202994476149783
1.627299661244545
1.633174840540788
1.6400500503555409
1.6468002563554796
1.6535504623554185
1.6603006683553576
1.667675893429365
1.6745511032441176
1.6824263435773796
1.6898015686513872
1.6946767174291208
1.701801934873501
1.7075521103549303
1.7134272896511735
1.7179274269844662
1.7225525681325726
1.7268026978362376
1.730302804651021
1.7329278847621081
1.7349279457991271
1.737303018280587
1.7370530106509599
1.7364279915768914
1.735302957243568
1.7336779076509903
1.7309278237250891
1.7281777397991884
1.7244276253547777
1.7198024842066715
1.7150523392437513
1.7096771752067628
1.7035519882808923
1.697426801355022
1.690301583910642
1.6836763817255165
1.6764261604663229
1.669300943021943
1.6620507217627492
1.655800531022065
1.6480502945036166
1.6411750846888638
1.6345498825037386
1.6270496536149175
1.6206744590594195
1.6154242988372447
1.6096741233558154
1.6037989440595721
1.5985487838373975
1.594798669392987
1.5897985168004394
1.5851733756523332
1.580923245948668
1.5774231391338847
1.5736730246894741
1.5706729331339457
1.5667978148747217
1.5640477309488205
1.559797601245155
1.5549224524674214
1.5491722769859921
1.5430470900601214
1.5354218573564866
1.52704660176397
1.5174213080233163
1.5070459913937804
1.4950456251716666
1.4839202856532487
1.4726699423200171
1.4621696218756677
1.4524193243202002
1.447294167912839
1.4471691640980255
1.4511692861720633
1.462419629505295
1.481045197912534
1.5072959990234076
1.5415470442823573
1.5851733756523332
1.6365499435407576
1.6975518051698355
1.7660538956877345
1.8459313333536789
1.9280588396862697
2.0081862849818415
2.0838135929441206
2.1501906186101873
2.2035672475356303
2.241818414868618
2.2638190862758263
2.272944364757225
2.2601939756462293
2.2253179113132115
2.1735663319803464
2.10956437879574
2.0359371318704795
1.956059694204535
1.873307168797876
1.790054628131962
1.710052186651204
1.636674947355571
1.5707979369487595
1.515546250801111
1.4702948698385572
1.434668782616657
1.408917996765038
1.3920424817651906
1.3845422528763696
1.382417188024537
1.388667378765221
1.3992927030243845
1.4139181493575854
1.4320437025055697
1.4510442823572498
1.4680448011719107
1.4847953123569444
1.5001707815790275
1.5134211859492783
1.5256715598010193
1.5350468459120459
1.5456721701712088
1.550422315134129
1.556672505874813
1.5605476241340372
1.5632977080599384
1.5664228034302805
1.5686728720969267
1.5707979369487595
1.5729230018005922
1.5756730857264931
1.5790481887264625
1.5805482345042268
1.583298318430128
1.5862984099856563
1.5890484939115572
1.5915485702078311
1.5957986999114964
1.5985487838373975
1.6017988830225531
1.6055489974669637
1.6106741538743248
1.6144242683187355
1.618924405652028
1.6234245429853207
1.6282996917630543
1.6330498367259743
1.6381749931333354
1.6434251533555102
1.6489253212073123
1.6544254890591144
1.660925687429426
1.6670508743552965
1.6734260689107945
1.6801762749107334
1.6864264656514176
1.6929266640217293
1.6999268776512955
1.7066770836512346
1.7133022858363598
1.7200524918362987
1.7275527207251198
1.7350529496139409
1.7426781823175757
1.7485533616138187
1.756428601947081
1.7625537888729514
1.7691789910580769
1.775804193243202
1.781679372539445
1.788929593798639
1.7934297311319314
1.8001799371318705
1.8058051087984863
1.8113052766502884
1.8159304177983948
1.8203055513168738
1.8246806848353525
1.8285558030945768
1.8315558946501054
1.8349309976500747
1.8378060853907896
1.8395561387981811
1.8418062074648274
1.8430562456129642
1.8441812799462873
1.844306283761101
1.844306283761101
1.8438062685018464
1.8425562303537095
1.8413061922055727
1.8386811120944853
1.836431043427839
1.8336809595019379
1.8304308603167823
1.8271807611316264
1.8226806237983337
1.8178054750206
1.8126803186132388
1.8075551622058779
1.8016799829096348
1.7965548265022737
1.7906796472060307
1.7843044526505327
1.7779292580950348
1.7728041016876737
1.7644288460951567
1.7589286782433546
1.7510534379100926
1.7439282204657125
1.7366779992065189
1.7298027893917662
1.7229275795770134
1.7156773583178198
1.7084271370586261
1.702176946317942
1.6948017212439344
1.6879265114291817
1.6804262825403606
1.673551072725608
1.666800866725669
1.660925687429426
1.6541754814294871
1.6484253059480574
1.6424251228370008
1.6369249549851985
1.6314247871333964
1.6257996154667806
1.6204244514297923
1.6154242988372447
1.6106741538743248
1.6062990203558458
1.6022988982818078
1.5977987609485154
1.5949236732078005
1.5910485549485762
1.5875484481337934
1.584423352763451
1.5810482497634815
1.5781731620227668
1.5754230780968657
1.5731730094302194
1.5714229560228279
1.5684228644672995
1.5667978148747217
1.5652977690969574
1.564172734763634
1.563047700430311
1.5592975859859004
1.5595475936155279
1.5575475325785089
1.5562974944303722
1.5557974791711173
1.5550474562822352
1.5545474410229805
1.5536724143192846
1.5536724143192846
1.552797387615589
1.5520473647267068
1.5516723532822658
1.5512973418378246
1.5514223456526384
1.5502973113193153
1.5502973113193153
1.5509223303933837
1.5509223303933837
1.55079732657857
1.55079732657857
1.5506723227637564
1.5506723227637564
1.5506723227637564
1.5500473036896878
1.55079732657857
1.55079732657857
1.550422315134129
1.551547349467452
1.5519223609118933
1.5520473647267068
1.5522973723563342
1.5521723685415205
1.5525473799859615
1.552797387615589
1.553922421948912
1.5536724143192846
1.5550474562822352
1.5557974791711173
1.5572975249488816
1.558297555467391
1.559047578356273
1.559797601245155
1.5616726584673606
1.5629226966154972
1.5649227576525162
1.5667978148747217
1.569422894985809
1.5716729636524553
1.574923062837611
1.5776731467635121
1.5811732535782954
1.5849233680227057
1.5890484939115572
1.5934236274300364
1.5977987609485154
1.602673909726249
1.6084240852076785
1.6139242530594806
1.6197994323557239
1.6266746421704763
1.6326748252815333
1.6393000274666587
1.6461752372814111
1.6528004394665363
1.6593006378368482
1.6665508590960418
1.6743010956144901
1.6816763206884975
1.6881765190588092
1.6949267250587483
1.7019269386883145
1.7070520950956756
1.712802270577105
1.7179274269844662
1.7224275643177587
1.7265526902066104
1.730677816095462
1.7331778923917356
1.7349279457991271
1.7369280068361461
1.7371780144657736
1.7355529648731955
1.7355529648731955
1.7338029114658042
1.7308028199102756
1.728302743614002
1.725052644428846
1.7201774956511124
1.7154273506881925
1.7105522019104589
1.704052003540147
1.697301797540208
1.6905515915402693
1.6844264046143986
1.6764261604663229
1.6695509506515702
1.662925748466445
1.6553005157628102
1.6483003021332439
1.6416750999481187
1.6349248939481797
1.6279246803186131
1.6215494857631152
1.6155493026520584
1.6092991119113744
1.6045489669484543
1.5985487838373975
1.5939236426892909
1.5895485091708121
1.585298379467147
1.581298257393109
1.5775481429486986
1.5742980437635425
1.5706729331339457
1.5671728263191627
1.5632977080599384
1.56029761650441
1.5552974639118626
1.5497972960600603
1.5434221015045624
1.5359218726157415
1.5275466170232246
1.5172963042085024
1.5072959990234076
1.496045655690176
1.4841702932828762
1.4727949461348309
1.4619196142460402
1.4524193243202002
1.4475441755424665
1.4466691488387708
1.4507942747276223
1.4616696066164128
1.479420148319956
1.5061709646900845
1.5395469832453383
1.5822982879116183
1.6340498672444839
1.6933016754661703
1.7625537888729514
1.840431165501877
1.9230586870937223
2.003936155278176
2.079563463240455
2.1465655079805903
2.200942167424543
2.2400683614612262
2.263569078646199
2.2721943418683432
2.2613190099795526
2.227442976165044
2.1770664387951295
2.113064485610523
2.039812250129704
1.9605598315378279
1.877682302316355
1.7963048188726465
1.7149273354289376
1.6401750541703544
1.5739230323191016
1.5180463270973845
1.471919919431135
1.4367938474684896
1.4096680196539202
1.3927925046540726
1.3837922299874874
1.382417188024537
1.3880423596911529
1.3981676686910611
1.4137931455427717
1.4307936643574328
1.449294228949858
1.4666697592089604
1.48429529709769
1.4995457625049593
1.513546189764092
1.5244215216528825
1.535671864986114
1.5432970976897489
1.5502973113193153
1.55554747154149
1.5604226203192237
1.563422711874752
1.5665478072450942
1.5684228644672995
1.5710479445783867
1.5729230018005922
1.5760480971709343
1.5780481582079533
1.5805482345042268
1.5827983031708732
1.586048402356029
1.5889234900967437
1.5912985625782037
1.5952986846522417
1.59829877620777
1.6016738792077396
1.6057990050965911
1.610549150059511
1.6140492568742943
1.6181743827631458
1.623299539170507
1.627674672688986
1.632424817651906
1.637924985503708
1.643050141911069
1.6483003021332439
1.6543004852443006
1.6601756645405439
1.6665508590960418
1.6738010803552354
1.6793012482070377
1.6860514542069764
1.6933016754661703
1.6991768547624133
1.7058020569475387
1.7126772667622914
1.7194274727622303
1.7269277016510514
1.734302926725059
1.7411781365398113
1.7485533616138187
1.7558035828730125
1.7623037812433242
1.7688039796136357
1.7756791894283883
1.7815543687246316
1.7875545518356883
1.7936797387615588
1.7996799218726158
1.8054300973540451
1.810305246131779
1.8156804101687674
1.8198055360576189
1.8246806848353525
1.8279307840205086
1.831680898464919
1.8343059785760063
1.8371810663167212
1.8396811426129949
1.8415561998352001
1.8433062532425917
1.844306283761101
1.8454313180944242
1.8441812799462873
1.8434312570574054
1.842806237983337
1.840806176946318
1.8391811273537402
1.837306070131535
1.8336809595019379
1.8304308603167823
1.8273057649464401
1.8230556352427747
1.8188055055391095
1.8133053376873074
1.8080551774651326
1.8020549943540758
1.7973048493911556
1.790929654835658
1.7846794640949737
1.778679280983917
1.7724290902432325
1.76555388042848
1.7589286782433546
1.7516784569841608
1.7444282357249672
1.7371780144657736
1.731052827539903
1.7234275948362683
1.7170524002807703
1.7096771752067628
1.702926969206824
1.6950517288735618
1.688301522873623
1.6804262825403606
1.6745511032441176
1.667300881984924
1.6614257026886807
1.6550505081331828
1.6486753135776848
1.642675130466628
1.6371749626148258
1.6317997985778374
1.626049623096408
1.6207994628742333
1.6160493179113133
1.6116741843928344
1.6062990203558458
1.6024239020966218
1.599173802911466
1.594798669392987
1.5916735740226449
1.588048463393048
1.5842983489486373
1.58167326883755
1.5791731925412764
1.5756730857264931
1.5727979979857785
1.570547929319132
1.5687978759117405
1.5669228186895352
1.565422772911771
1.564172734763634
1.5620476699118016
1.56029761650441
1.5589225745414594
1.5576725363933226
1.556672505874813
1.5556724753563036
1.5550474562822352
1.5549224524674214
1.5537974181340983
1.553547410504471
1.5532974028748436
1.5524223761711478
1.5517973570970793
1.5512973418378246
1.5506723227637564
1.550422315134129
1.5506723227637564
1.5509223303933837
1.5505473189489425
1.5511723380230111
1.5502973113193153
1.55079732657857
1.55079732657857
1.550422315134129
1.5500473036896878
1.550422315134129
1.5512973418378246
1.5514223456526384
1.5514223456526384
1.5516723532822658
1.5519223609118933
1.5516723532822658
1.5524223761711478
1.552797387615589
1.552797387615589
1.5525473799859615
1.5540474257637258
1.5552974639118626
1.5552974639118626
1.5569225135044404
1.558297555467391
1.5587975707266457
1.559797601245155
1.5614226508377331
1.5627976928006837
1.5640477309488205
1.566297799615467
1.5689228797265542
1.5717979674672689
1.574923062837611
1.5776731467635121
1.5807982421338542
1.585298379467147
1.588423474837489
1.5925486007263405
1.5969237342448195
1.6020488906521806
1.607424054689169
1.6132992339854122
1.6196744285409101
1.6257996154667806
1.632424817651906
1.6384250007629628
1.6455502182073427
1.652550431836909
1.6593006378368482
1.666425855281228
1.6743010956144901
1.6805512863551746
1.6875514999847407
1.6944267097994934
1.7006769005401776
1.7065520798364209
1.712052247688223
1.717552415540025
1.7220525528733177
1.726302682576983
1.7296777855769523
1.732677877132481
1.7346779381694999
1.7370530106509599
1.7368030030213324
1.7368030030213324
1.7351779534287546
1.7340529190954315
1.7308028199102756
1.7285527512436292
1.7254276558732873
1.7201774956511124
1.7154273506881925
1.7109272133548998
1.7051770378734703
1.698176824243904
1.691051606799524
1.6851764275032808
1.6773011871700187
1.6701759697256386
1.663300759910886
1.6560505386516924
1.6489253212073123
1.6423001190221869
1.6352999053926207
1.6289247108371228
1.6219244972075564
1.6161743217261269
1.6100491348002564
1.6040489516891996
1.5992988067262794
1.594673665578173
1.5897985168004394
1.5857983947264016
1.58167326883755
1.5774231391338847
1.5736730246894741
1.5704229255043185
1.5675478377636038
1.563797723319193
1.5601726126895963
1.5552974639118626
1.5500473036896878
1.5435471053193763
1.5361718802453688
1.5277966246528518
1.5184213385418257
1.5079210180974763
1.4966706747642446
1.4851703238013856
1.4732949613940856
1.462419629505295
1.4532943510238958
1.448169194616535
1.4465441450239571
1.450169255653554
1.4606695760979034
1.4776700949125645
1.503170873134556
1.53654689168981
1.5791731925412764
1.631174779503769
1.6889265419476913
1.7573036286507766
1.8350560014648885
1.9170585039826655
1.9989360026856289
2.075688344981231
2.1424403820917384
2.19744206060976
2.238193304239021
2.2620690328684345
2.2721943418683432
2.263069063386944
2.2301930600909454
2.180316537980285
2.1175646229438154
2.04443739127781
1.9656849879451888
1.882432447279275
1.800804956205939
1.719927488021485
1.6440501724295786
1.5771731315042574
1.5211714224677266
1.476295052949614
1.4384188970610674
1.4115430768761255
1.3940425428022096
1.3840422376171149
1.382417188024537
1.387542344431898
1.3976676534318064
1.4122930997650074
1.429543626209296
1.4486692098757896
1.4667947630237739
1.4829202551347391
1.4987957396160771
1.5130461745048374
1.524171514023255
1.5347968382824184
1.5434221015045624
1.5502973113193153
1.5556724753563036
1.5601726126895963
1.563422711874752
1.566172795800653
1.5682978606524856
1.5712979522080142
1.5731730094302194
1.5751730704672384
1.5781731620227668
1.5804232306894133
1.5831733146153144
1.586048402356029
1.5886734824671163
1.591923581652272
1.5945486617633595
1.5981737723929563
1.6016738792077396
1.6049239783928952
1.61017413861507
1.6135492416150394
1.6182993865779596
1.6235495468001342
1.6279246803186131
1.6326748252815333
1.6376749778740807
1.6434251533555102
1.649050325022126
1.6543004852443006
1.660550675984985
1.6663008514664144
1.6725510422070986
1.679551255836665
1.6853014313180945
1.6925516525772883
1.6991768547624133
1.7058020569475387
1.712427259132664
1.719552476577044
1.7265526902066104
1.7338029114658042
1.740928128910184
1.7478033387249368
1.7545535447248757
1.7618037659840693
1.7684289681691947
1.7751791741691336
1.7815543687246316
1.7878045594653156
1.7938047425763726
1.799554918057802
1.805180089724418
1.81068025757622
1.8151803949095127
1.8196805322428053
1.8236806543168431
1.8278057802056948
1.8315558946501054
1.8345559862056338
1.838056093020417
1.8395561387981811
1.8413061922055727
1.8431812494277782
1.8444312875759148
1.8444312875759148
1.8444312875759148
1.8444312875759148
1.8430562456129642
1.8406811731315043
