2.1068142948698383
2.1840666524246957
2.228818018127995
2.2435684682760093
2.2150675984984893
2.1465655079805903
2.048062501907407
1.9334340037232582
1.81305533005768
1.6961767632068852
1.590423535874508
1.5025458540604877
1.4334187444685202
1.387542344431898
1.3624165776543475
1.3542913296914578
1.3595414899136324
1.3741669362468338
1.3949175695059055
1.4184182866908779
1.4445440839869381
1.4694198431348613
1.4922955412457657
1.5114211249122593
1.5271716055787836
1.5390469679860834
1.549547288430433
1.5576725363933226
1.565422772911771
1.5720479750968963
1.5795482039857174
1.5865484176152838
1.5936736350596639
1.6021738944669943
1.6106741538743248
1.6192994170964692
1.6289247108371228
1.6384250007629628
1.6478002868739892
1.6580505996887114
1.6674258857997375
1.6774261909848323
1.6874264961699272
1.697801812799463
1.7079271217993715
1.7185524460585346
1.727927732169561
1.7379280373546557
1.7470533158360546
1.7559285866878263
1.7633038117618336
1.7713040559099094
1.7784292733542895
1.78455446028016
1.7899296243171485
1.7954297921689504
1.7991799066133611
1.8019299905392623
1.8041800592059083
1.8056801049836726
1.8049300820947904
1.8038050477614673
1.8019299905392623
1.7990549027985472
1.7951797845393231
1.7908046510208442
1.7858044984282968
1.7793043000579851
1.7730541093173011
1.7653038727988526
1.7574286324655906
1.748053346354564
1.7395530869472335
1.7293027741325113
1.7200524918362987
1.7096771752067628
1.6999268776512955
1.6895515610217597
1.6796762596514787
1.6705509811700798
1.6596756492812892
1.6488003173924985
1.6404250617999818
1.6310497756889553
1.622924527726066
1.6147992797631765
1.6079240699484236
1.60067384868923
1.5956736960966826
1.5900485244300668
1.586048402356029
1.5821732840968048
1.5797982116153446
1.5782981658375803
1.5780481582079533
1.5785481734672078
1.5801732230597858
1.5837983336893826
1.588423474837489
1.5925486007263405
1.5985487838373975
1.605048982207709
1.612174199652089
1.6199244361705374
1.6282996917630543
1.6370499588000123
1.6451752067629017
1.6536754661702324
1.6615507065034945
1.669175939207129
1.675551133762627
1.6810513016144293
1.6845514084292124
1.6881765190588092
1.6898015686513872
1.6901765800958282
1.689426557206946
1.686301461836604
1.682676351207007
1.6776761986144597
1.671301004058962
1.6630507522812585
1.6543004852443006
1.6460502334665976
1.635924924466689
1.6262996307260353
1.6164243293557543
1.6060490127262186
1.5957986999114964
1.5856733909115879
1.5756730857264931
1.5651727652821437
1.555922482985931
1.5452971587267679
1.5327967772453994
1.5192963652455214
1.5029208655049286
1.4855453352458265
1.4667947630237739
1.4479191869869077
1.4292936185796687
1.4122930997650074
1.4016677755058444
1.4015427716910305
1.4146681722464676
1.4435440534684285
1.4904204840235602
1.5534224066896571
1.6346748863185523
1.7320528580584125
1.8425562303537095
1.9586847743156224
2.0664380626850183
2.1545657521286663
2.2141925717947935
2.24156840723899
2.232693136387219
2.17981652272103
2.092063844721824
1.9833105258339183
1.8638068788720359
1.7451782586138493
1.6341748710592976
1.5382969450972015
1.460044557023835
1.4040428479873044
1.3716668599505601
1.3564163945432905
1.3557913754692221
1.3667917111728265
1.385542283394879
1.4087929929502243
1.4336687520981475
1.4589195226905116
1.4829202551347391
1.5041709036530655
1.5216714377269813
1.5340468153935363
1.5449221472823267
1.5540474257637258
1.561922666096988
1.5692978911709952
1.5757980895413068
1.583298318430128
1.5905485396893215
1.5980487685781428
1.6065490279854733
1.6161743217261269
1.6244245735038303
1.6337998596148564
1.6435501571703237
1.6535504623554185
1.6635507675405132
1.6733010650959808
1.6835513779107028
1.6931766716513565
1.703676992095706
1.7139273049104282
1.7234275948362683
1.733427900021363
1.7428031861323894
1.752053468428602
1.7603037202063052
1.7680539567247535
1.7750541703543201
1.7819293801690725
1.787679555650502
1.7938047425763726
1.797554857020783
1.800804956205939
1.8029300210577714
1.8049300820947904
1.805180089724418
1.8044300668355358
1.803180028687399
1.800429944761498
1.7973048493911556
1.7930547196874904
1.7883045747245705
1.7824293954283272
1.775804193243202
1.7691789910580769
1.76080373546556
1.7523034760582294
1.7431781975768303
1.7338029114658042
1.7240526139103367
1.7139273049104282
1.704177007354961
1.6939266945402387
1.6840513931699574
1.6740510879848627
1.6640507827997681
1.6539254737998597
1.643925168614765
1.6350498977629933
1.626049623096408
1.6180493789483323
1.6110491653187657
1.6036739402447586
1.597173741874447
1.592798608355968
1.5874234443189794
1.5845483565782648
1.5810482497634815
1.578923184911649
1.5777981505783258
1.5784231696523943
1.5802982268745993
1.5821732840968048
1.5859233985412151
1.5905485396893215
1.5956736960966826
1.6016738792077396
1.6089241004669332
1.6160493179113133
1.6242995696890163
1.6332998443556017
1.6413000885036775
1.6500503555406356
1.6576755882442702
1.6656758323923462
1.6725510422070986
1.6789262367625966
1.6834263740958892
1.6871764885402998
1.689426557206946
1.690301583910642
1.6904265877254554
1.6880515152439954
1.6851764275032808
1.6803012787255471
1.6748011108737448
1.667300881984924
1.6586756187627796
1.6500503555406356
1.6401750541703544
1.6309247718741418
1.6204244514297923
1.6102991424298836
1.6004238410596028
1.589923520615253
1.5802982268745993
1.5699229102450638
1.5601726126895963
1.5502973113193153
1.5385469527268287
1.5255465559862058
1.5106711020233772
1.493670583208716
1.4752950224311043
1.4555444196905423
1.4372938627277445
1.41916830957976
1.405417889950255
1.4001677297280801
1.4072929471724602
1.4289186071352276
1.467169774468215
1.5231714835047456
1.5970487380596332
1.687051484725486
1.7919296853541673
1.9076832178716392
2.0198116397595145
2.1184396496475113
2.1918168889431437
2.232693136387219
2.2429434492019413
2.2078173772392957
2.1349401532029177
2.0335620593890193
1.9175585192419202
1.7978048646504103
1.6813013092440567
1.5781731620227668
1.492545548875393
1.4260435193945127
1.3832922147282327
1.3609165318765832
1.3546663411358988
1.3610415356913967
1.3765420087282938
1.3976676534318064
1.4221684011352886
1.4475441755424665
1.4726699423200171
1.4949206213568529
1.5141712088381603
1.528671651356548
1.5414220404675436
1.5502973113193153
1.5585475630970183
1.5664228034302805
1.5731730094302194
1.580048219244972
1.587298440504166
1.5944236579485458
1.6027989135410627
1.6111741691335797
1.6204244514297923
1.6295497299111912
1.639550035096286
1.6496753440961944
1.6588006225775933
1.6689259315775018
1.6791762443922238
1.6891765495773186
1.6988018433179723
1.7094271675771355
1.7196774803918575
1.729052766502884
1.738553056428724
1.748053346354564
1.7566786095767084
1.7643038422803432
1.772179082613605
1.7789292886135442
1.7851794793542284
1.7913046662800989
1.7954297921689504
1.799554918057802
1.8024300057985168
1.8044300668355358
1.805555101168859
1.8054300973540451
1.8038050477614673
1.8018049867244483
1.7989298989837337
1.7950547807245094
1.7904296395764032
1.7848044679097874
1.778679280983917
1.7725540940580462
1.7645538499099704
1.7563035981322672
1.748053346354564
1.7383030487990967
1.7281777397991884
1.718427442243721
1.7090521561326946
1.6985518356883451
1.6885515305032504
1.6784262215033416
1.6683009125034334
1.6574255806146427
1.649425336466567
1.6391750236518448
1.6301747489852596
1.621299478133488
1.6142992645039216
1.6069240394299142
1.6000488296151616
1.594673665578173
1.5894235053559984
1.5855483870967744
1.5825482955412458
1.5802982268745993
1.5779231543931396
1.5776731467635121
1.5791731925412764
1.580923245948668
1.58404834131901
1.58879848628193
1.592798608355968
1.5992988067262794
1.6055489974669637
1.61254921109653
1.6199244361705374
1.6285496993926818
1.6371749626148258
1.6458002258369702
1.6541754814294871
1.6625507370220038
1.6694259468367565
1.6754261299478135
1.6814263130588702
1.6858014465773492
1.6884265266884364
1.6905515915402693
1.6899265724662007
1.6889265419476913
1.6864264656514176
1.6824263435773796
1.6770511795403913
1.671301004058962
1.6623007293923764
1.653800469985046
1.6456752220221567
1.635174901577807
1.6259246192815942
1.6151742912076175
1.6046739707632678
1.5949236732078005
1.584423352763451
1.5750480666524247
1.5644227423932615
1.555172460097049
1.544422132023072
1.5315467390972626
1.5171713003936889
1.5021708426160465
1.4837952818384352
1.4652947172460096
1.445794122135075
1.4282935880611591
1.4111680654316843
1.401417767876217
1.4024177983947264
1.4156682027649772
1.4461691335795162
1.4947956175420394
1.559922605059969
1.6423001190221869
1.7404281136509292
1.851181493575854
1.9686850795007174
2.0748133182775352
2.1608159428693505
2.2173176671651356
2.2429434492019413
2.229568041016877
2.1743163548692284
2.084438612018189
1.9736852320932645
1.8553066194647054
1.735802972502823
1.625674611651967
1.530671712393567
1.454919400616474
1.4009177526169623
1.3695417950987274
1.3569164098025452
1.3567914059877317
1.3676667378765222
1.3869173253578295
1.4102930387279886
1.4351687978759118
1.460794579912717
1.4849203161717581
1.5047959227271341
1.5219214453566088
1.5352968535416731
1.54604718161565
1.5549224524674214
1.5629226966154972
1.5704229255043185
1.5766731162450025
1.5842983489486373
1.5915485702078311
1.5985487838373975
1.6079240699484236
1.616549333170568
1.625299600207526
1.6345498825037386
1.644675191503647
1.6540504776146734
1.6643007904293954
1.6738010803552354
1.6845514084292124
1.6939266945402387
1.7044270149845882
1.7139273049104282
1.724302621539964
1.7340529190954315
1.743678212836085
1.752428479873043
1.760428724021119
1.76792895290994
1.7759291970580158
1.7819293801690725
1.7881795709097568
1.7928047120578632
1.7974298532059694
1.8009299600207527
1.8034300363170261
1.8050550859096042
1.8053050935392316
1.8044300668355358
1.803180028687399
1.8009299600207527
1.7969298379467147
1.7930547196874904
1.7879295632801295
1.7824293954283272
1.775804193243202
1.7684289681691947
1.7603037202063052
1.7523034760582294
1.7429281899472029
1.7333028962065493
1.7238026062807095
1.714427320169683
1.7043020111697744
1.6936766869106112
1.6836763817255165
1.6738010803552354
1.6634257637256997
1.6528004394665363
1.6444251838740198
1.6352999053926207
1.6261746269112216
1.6179243751335184
1.6109241615039522
1.6036739402447586
1.5975487533188881
1.592298593096713
1.5876734519486069
1.583298318430128
1.580923245948668
1.5791731925412764
1.5774231391338847
1.5781731620227668
1.5799232154301586
1.582923306985687
1.5856733909115879
1.590298532059694
1.5955486922818691
1.6017988830225531
1.6086740928373058
1.6164243293557543
1.6244245735038303
1.632424817651906
1.6414250923184912
1.6496753440961944
1.6581756035035249
1.666425855281228
1.6730510574663533
1.6781762138737144
1.683051362651448
1.6871764885402998
1.689051545762505
1.6901765800958282
1.690301583910642
1.689051545762505
1.6848014160588396
1.6805512863551746
1.6744260994293039
1.6670508743552965
1.6583006073183386
1.6501753593554491
1.6401750541703544
1.6306747642445143
1.6205494552446058
1.6111741691335797
1.6000488296151616
1.590298532059694
1.5799232154301586
1.5699229102450638
1.560672627948851
1.550422315134129
1.5392969756157109
1.5256715598010193
1.5109211096530044
1.4942956022827847
1.4756700338755455
1.4564194463942381
1.4375438703573717
1.4199183324686422
1.4060429090243234
1.3997927182836392
1.4071679433576463
1.427918576616718
1.4657947325052645
1.5215464339121678
1.594673665578173
1.684301400799585
1.788929593798639
1.903808099612415
2.017186559648427
2.116064577166051
2.1901918393505664
2.2316931058687097
2.2440684835352642
2.2094424268318735
2.1376902371288184
2.0373121738334303
1.9215586413159582
1.8010549638355662
1.6855514389477217
1.58167326883755
1.4951706289864803
1.427918576616718
1.384417249061556
1.3619165623950926
1.35504135258034
1.360541520432142
1.375666982024598
1.3972926419873655
1.4210433668019655
1.4466691488387708
1.4717949156163215
1.493670583208716
1.5122961516159552
1.5282966399121067
1.5406720175786617
1.5505473189489425
1.5585475630970183
1.5660477919858395
1.5724229865413375
1.579673207800531
1.5867984252449112
1.5941736503189183
1.6024239020966218
1.6109241615039522
1.6196744285409101
1.62917471846675
1.6389250160222175
1.6481752983184301
1.6583006073183386
1.6684259163182469
1.6785512253181556
1.6885515305032504
1.6991768547624133
1.7090521561326946
1.7198024842066715
1.7289277626880704
1.7384280526139104
1.7478033387249368
1.7559285866878263
1.7644288460951567
1.7720540787987915
1.7789292886135442
1.7846794640949737
1.7905546433912167
1.7949297769096957
1.7991799066133611
1.8025550096133305
1.8046800744651632
1.8053050935392316
1.8050550859096042
1.8040550553910948
1.8019299905392623
1.7993049104281746
1.7955547959837643
1.7910546586504716
1.7855544907986696
1.7793043000579851
1.7728041016876737
1.7649288613544114
1.7566786095767084
1.7479283425397505
1.7389280678731651
1.7289277626880704
1.7191774651326028
1.7098021790215767
1.6991768547624133
1.689051545762505
1.6789262367625966
1.6689259315775018
1.6591756340220343
1.6493003326517535
1.639925046540727
1.630799768059328
1.6221745048371838
1.6144242683187355
1.6079240699484236
1.6007988525040437
1.5956736960966826
1.590298532059694
1.5859233985412151
1.5821732840968048
1.5799232154301586
1.5781731620227668
1.5780481582079533
1.57929819635609
1.581298257393109
1.5835483260597554
1.587923459578234
1.5929236121707817
1.5981737723929563
1.6046739707632678
1.6119241920224616
1.6196744285409101
1.6275496688741722
1.6365499435407576
1.645050202948088
1.6529254432813503
1.6615507065034945
1.669300943021943
1.6759261452070682
1.6809262977996156
1.6851764275032808
1.6881765190588092
1.6899265724662007
1.6904265877254554
1.6898015686513872
1.6878015076143682
1.6831763664662618
1.6776761986144597
1.671301004058962
1.663300759910886
1.6550505081331828
1.6465502487258523
1.6356749168370617
1.6265496383556628
1.6164243293557543
1.6060490127262186
1.5956736960966826
1.5857983947264016
1.5751730704672384
1.5659227881710258
1.5560474868007448
1.5461721854304635
1.5335468001342816
1.5195463728751488
1.5041709036530655
1.4867953733939634
1.4670447706534013
1.4485442060609761
1.429543626209296
1.4126681112094486
1.4020427869502854
1.4020427869502854
1.4144181646168401
1.4429190343943603
1.4882954191717277
1.5514223456526384
1.6317997985778374
1.7286777550584431
1.838806115909299
1.9554346751304668
2.0631879634998627
2.1520656758323926
2.212442518387402
2.2404433729056676
2.2339431745353555
2.183191625721
2.0961889706106756
1.9869356364635151
1.8683070162053286
1.749678395947142
1.6377999816888944
1.5412970366527299
1.4629196447645496
1.406542924283578
1.3725418866542558
1.3564163945432905
1.3557913754692221
1.3660416882839443
1.384417249061556
1.4067929319132053
1.4322937101351971
1.4577944883571887
1.4819202246162297
1.5026708578753014
1.5201713919492172
1.533671803949095
1.5447971434675132
1.553547410504471
1.5620476699118016
1.5689228797265542
1.5756730857264931
1.5824232917264323
1.590423535874508
1.5976737571337016
1.6065490279854733
1.6151742912076175
1.6235495468001342
1.633549851985229
1.643050141911069
1.6535504623554185
1.662800744651631
1.6729260536515398
1.6833013702810755
1.6929266640217293
1.702926969206824
1.7140523087252417
1.7230525833918273
1.733052888576922
1.7428031861323894
1.751178441724906
1.7601787163914915
1.7674289376506853
1.775429181798761
1.7810543534653769
1.7879295632801295
1.792429700613422
1.7970548417615282
1.8006799523911254
1.8036800439466536
1.805180089724418
1.8050550859096042
1.8049300820947904
1.8033050325022126
1.800804956205939
1.7970548417615282
1.7935547349467453
1.7885545823541977
1.782929410687582
1.776554216132084
1.7696790063173315
1.7616787621692556
1.7534285103915526
1.7444282357249672
1.734552934354686
1.7248026367992186
1.7150523392437513
1.7048020264290291
1.6951767326883755
1.684676412244026
1.675551133762627
1.6646758018738366
1.6548005005035553
1.645050202948088
1.635924924466689
1.6274246650593585
1.6187994018372145
1.6116741843928344
1.6044239631336406
1.5975487533188881
1.5931736198004092
1.5875484481337934
1.5842983489486373
1.5807982421338542
1.57929819635609
1.5777981505783258
1.5784231696523943
1.5799232154301586
1.582048280281991
1.585298379467147
1.5900485244300668
1.5952986846522417
1.601048860133671
1.6075490585039827
1.6157993102816859
1.6234245429853207
1.6320498062074649
1.6408000732444226
1.6489253212073123
1.656550553910947
1.6650508133182775
1.6719260231330302
1.6781762138737144
1.683051362651448
1.6868014770958586
1.689426557206946
1.690301583910642
1.6901765800958282
1.6889265419476913
1.6853014313180945
1.6809262977996156
1.675551133762627
1.6675508896145512
1.6591756340220343
1.651425397503586
1.6415500961333047
1.6320498062074649
1.6214244819483017
1.6120491958372754
1.601173863948485
1.5912985625782037
1.5814232612079226
1.5710479445783867
1.561172643208106
1.5506723227637564
1.5404220099490342
1.5269215979491562
1.5131711783196509
1.4959206518753625
1.4775450910977508
1.458044495986816
1.4392939237647635
1.421293374431593
1.4067929319132053
1.4004177373577074
1.4061679128391371
1.4250434888760033
1.4617946104312267
1.515921262245552
1.5871734366893522
1.6754261299478135
1.7789292886135442
1.8935577867976927
2.0078112735374005
2.1079393292031616
2.184816675313578
2.2293180333872495
2.2439434797204507
2.215192602313303
2.1458154850917084
2.0468124637592697
1.931933957945494
1.8115552842799159
1.6945517136143071
1.5897985168004394
1.5012958159123508
1.4327937253944516
1.3869173253578295
1.3626665852839748
1.3549163487655262
1.3600415051728874
1.3741669362468338
1.3956675923947877
1.4194183172093875
1.4449190954313793
1.469544846949675
1.4924205450605792
1.511546128727073
1.52704660176397
1.5399219946897795
1.54842225409711
1.557797540208136
1.565422772911771
1.5722979827265235
1.5787981810968352
1.5862984099856563
1.5935486312448501
1.6016738792077396
1.6104241462446975
1.6195494247260964
1.628424695577868
1.6381749931333354
1.6484253059480574
1.657800592059084
1.667675893429365
1.677551194799646
1.6880515152439954
1.6976768089846492
1.7079271217993715
1.7185524460585346
1.7276777245399335
1.7375530259102145
1.7469283120212409
1.755553575243385
1.763553819391461
1.771429059724723
1.778179265724662
1.78455446028016
1.7899296243171485
1.7950547807245094
1.7991799066133611
1.8010549638355662
1.8043050630207222
1.8049300820947904
1.8044300668355358
1.8036800439466536
1.8023050019837032
1.7991799066133611
1.7954297921689504
1.7911796624652854
1.7861795098727378
1.7796793115024263
1.772304086428419
1.7656788842432936
1.7576786400952178
1.7486783654286326
1.7396780907620473
1.7296777855769523
1.7201774956511124
1.710052186651204
1.6999268776512955
1.6896765648365732
1.6798012634662924
1.6695509506515702
1.6594256416516617
1.6498003479110082
1.6404250617999818
1.6310497756889553
1.622924527726066
1.6147992797631765
1.607424054689169
1.601048860133671
1.5949236732078005
1.5900485244300668
1.5857983947264016
1.5821732840968048
1.5802982268745993
1.5782981658375803
1.5777981505783258
1.5787981810968352
1.5802982268745993
1.58404834131901
1.587298440504166
1.592298593096713
1.59829877620777
1.6039239478743859
1.611799188207648
1.6197994323557239
1.627299661244545
1.6356749168370617
1.6451752067629017
1.6531754509109775
1.6619257179479354
1.6689259315775018
1.6754261299478135
1.6801762749107334
1.685051423688467
1.6881765190588092
1.6900515762810144
1.6905515915402693
1.6898015686513872
1.6873014923551135
1.6834263740958892
1.6780512100589007
1.6714260078737755
1.6635507675405132
1.655425519577624
1.6464252449110386
1.6360499282815029
1.6270496536149175
1.6166743369853815
1.6062990203558458
1.596298715170751
1.5866734214300973
1.5755480819116796
1.5659227881710258
1.5564224982451857
1.5462971892452775
1.5340468153935363
1.5201713919492172
1.5046709189123204
1.4866703695791499
1.4680448011719107
1.4491692251350443
1.4301686452833644
1.4144181646168401
1.4024177983947264
1.401417767876217
1.4131681264687033
1.4409189733573413
1.4855453352458265
1.5481722464674825
1.628424695577868
1.7236776024658955
1.8331809442426834
1.949684499649037
2.0583128147221292
2.148565569017609
2.210442457350383
2.2403183690908537
2.235068208868679
2.185441694387646
2.100814111758782
1.9930608233893858
1.8739321878719444
1.7545535447248757
1.6429251380962555
1.5452971587267679
1.4659197363200782
1.4082929776909696
1.3727918942838833
1.3571664174321727
1.356166386913663
1.3655416730246894
1.3834172185430464
1.4062929166539506
1.4310436719870603
1.4566694540238656
1.4809201940977201
1.5016708273567918
1.5195463728751488
1.532921781060213
1.5439221167638173
1.5534224066896571
1.5616726584673606
1.568547868282113
1.5751730704672384
1.5822982879116183
1.5896735129856259
1.5969237342448195
1.6055489974669637
1.6142992645039216
1.6235495468001342
1.6329248329111608
1.6429251380962555
1.652550431836909
1.6621757255775629
1.6721760307626576
1.6823013397625661
1.6920516373180334
1.702176946317942
1.7125522629474779
1.7225525681325726
1.7325528733176672
1.7414281441694388
1.751178441724906
1.7593036896877956
1.7675539414654988
1.774679158909879
1.780679342020936
1.7871795403912474
1.7926797082430495
1.7981798760948515
1.800429944761498
1.8033050325022126
1.8049300820947904
1.8065551316873685
1.803930051576281
1.8034300363170261
1.800804956205939
1.7970548417615282
1.7935547349467453
1.788929593798639
1.7834294259468366
1.7771792352061526
1.7695540025025178
1.7620537736136967
1.7539285256508073
1.7448032471694084
1.7351779534287546
1.7255526596881008
1.7156773583178198
1.706052064577166
1.6955517441328165
1.685926450392163
1.675551133762627
1.6654258247627187
1.6550505081331828
1.6464252449110386
1.6365499435407576
1.6274246650593585
1.6192994170964692
1.611799188207648
1.6045489669484543
1.5984237800225838
1.592798608355968
1.5882984710226753
1.5841733451338236
1.5811732535782954
1.5791731925412764
1.5779231543931396
1.5780481582079533
1.5791731925412764
1.5810482497634815
1.585298379467147
1.589923520615253
1.594798669392987
1.6005488448744163
1.6075490585039827
1.6152992950224312
1.6224245124668113
1.6312997833185827
1.6398000427259134
1.6485503097628713
1.6568005615405743
1.6646758018738366
1.671676015503403
1.677926206244087
1.6824263435773796
1.686676473281045
1.6886765343180639
1.6900515762810144
1.6898015686513872
1.6885515305032504
1.6854264351329082
1.681551316873684
1.6750511185033723
1.6683009125034334
1.6599256569109164
1.6513003936887722
1.6421751152073734
1.6321748100222786
1.6225495162816248
1.6107991576891385
1.6019238868373669
1.592298593096713
1.58167326883755
1.5710479445783867
1.5612976470229194
1.5519223609118933
1.5407970213934752
1.5277966246528518
1.51279616687521
1.4970456862086856
1.4780451063570055
1.4589195226905116
1.4395439313943907
1.4215433820612202
1.4072929471724602
1.4000427259132666
1.4052928861354412
1.4246684774315623
1.4594195379497665
1.5131711783196509
1.5836733298745689
1.6714260078737755
1.774679158909879
1.888682638019959
2.002811120944853
2.1040642109439376
2.1821915952024904
2.228693014313181
2.2451935178685876
2.216692648091067
2.149065584276864
2.0510625934629356
1.9368091067232276
1.8164304330576495
1.6994268623920408
1.5934236274300364
1.5042959074678794
1.4356688131351665
1.3887923825800348
1.363416608172857
1.3551663563951537
1.3591664784691917
1.3734169133579517
1.3941675466170234
1.4181682790612506
1.4439190649128697
1.4689198278756064
1.4911705069124424
1.5109211096530044
1.5269215979491562
1.5381719412823878
1.5482972502822963
1.5574225287636951
1.5651727652821437
1.5719229712820828
1.5784231696523943
1.5861734061708426
1.5934236274300364
1.6016738792077396
1.609799127170629
1.6194244209112827
1.6281746879482406
1.6377999816888944
1.6471752677999205
1.6574255806146427
1.6666758629108556
1.6769261757255778
1.6871764885402998
1.6970517899105808
1.7075521103549303
1.7180524307992797
1.7278027283547472
1.736552995391705
1.7465533005767997
1.755178563798944
1.7630538041322064
1.7705540330210272
1.7780542619098483
1.783679433576464
1.7899296243171485
1.794429761650441
1.798429883724479
1.8019299905392623
1.8041800592059083
1.8054300973540451
1.8046800744651632
1.8046800744651632
1.8023050019837032
1.79880489516892
1.7951797845393231
1.7911796624652854
1.7859295022431105
1.7804293343913085
1.7735541245765558
1.7660538956877345
1.7576786400952178
1.7488033692434461
1.739803094576861
1.7300527970213935
1.719927488021485
1.7105522019104589
1.7014269234290598
1.691426618243965
1.6800512710959197
1.6703009735404524
1.6601756645405439
1.6504253669850764
1.6408000732444226
1.631674794763024
1.6235495468001342
1.6155493026520584
1.6085490890224923
1.601173863948485
1.5954236884670552
1.590423535874508
1.5856733909115879
1.5819232764671776
1.5807982421338542
1.5785481734672078
1.5781731620227668
1.5780481582079533
1.5811732535782954
1.5835483260597554
1.5871734366893522
1.592423596911527
1.5977987609485154
1.6044239631336406
1.612174199652089
1.6192994170964692
1.6269246498001038
1.6356749168370617
1.643925168614765
1.6526754356517228
1.6608006836146123
1.6686759239478743
1.6754261299478135
1.6804262825403606
1.6851764275032808
1.6885515305032504
1.6895515610217597
1.690301583910642
1.6899265724662007
1.6876765037995543
1.6834263740958892
1.6783012176885281
1.6719260231330302
1.6639257789849544
1.6556755272072514
1.6463002410962249
1.6367999511703848
1.627174657429731
1.6171743522446362
1.6067990356151007
1.5965487228003785
1.5865484176152838
1.5757980895413068
1.5660477919858395
1.5565475020599995
1.5459221778008363
1.5341718192083498
1.5206714072084722
1.505170934171575
1.487295388653218
1.4682948088015382
1.4494192327646718
1.430668660542619
1.4131681264687033
1.4024177983947264
1.4007927488021485
1.4130431226538895
1.441043977172155
1.485420331431013
1.5481722464674825
1.627174657429731
1.7233025910214546
1.8330559404278695
1.948934476760155
2.057937803277688
2.1488155766472365
2.2114424878688923
2.2393183385723443
2.2355682241279338
2.1861917172765284
2.101064119388409
1.9928108157597584
1.874057191686758
1.7548035523545031
1.643050141911069
1.5454221625415814
1.4661697439497057
1.4076679586169012
1.373291909543138
1.358166447950682
1.3555413678395947
1.3654166692098757
1.38354222235786
1.4061679128391371
1.4321687063203834
1.4566694540238656
1.481045197912534
1.5019208349864193
1.5195463728751488
1.532921781060213
1.5442971282082585
1.5532974028748436
1.5615476546525469
1.568547868282113
1.5756730857264931
1.5824232917264323
1.589923520615253
1.5972987456892607
1.6051739860225227
1.61492428357799
1.6239245582445754
1.6330498367259743
1.6433001495406965
1.6521754203924681
1.6621757255775629
1.6728010498367258
1.681551316873684
1.6921766411328472
1.702551957762383
1.7133022858363598
1.7229275795770134
1.7328028809472946
1.7420531632435072
1.7514284493545336
1.7594286935026096
1.7673039338358714
1.7748041627246927
1.781679372539445
1.78692953276162
1.792429700613422
1.7974298532059694
1.8001799371318705
1.8033050325022126
1.8050550859096042
1.8054300973540451
1.8049300820947904
1.8030550248725852
1.800804956205939
1.7980548722800378
1.7936797387615588
1.7886795861690117
1.7835544297616506
1.7773042390209661
1.769929013946959
1.761553758354442
1.7529284951322976
1.7444282357249672
1.7349279457991271
1.7249276406140324
1.7153023468733786
1.7053020416882838
1.6950517288735618
1.6851764275032808
1.6750511185033723
1.66480080568865
1.6548005005035553
1.6453002105777155
1.6361749320963164
1.627674672688986
1.6199244361705374
1.6109241615039522
1.6040489516891996
1.5977987609485154
1.5930486159855952
1.587923459578234
1.58404834131901
1.5807982421338542
1.5791731925412764
1.5779231543931396
1.5777981505783258
1.5790481887264625
1.5817982726523636
1.585298379467147
1.5897985168004394
1.5949236732078005
1.60067384868923
1.6077990661336101
1.6154242988372447
1.6231745353556932
1.6314247871333964
1.6404250617999818
1.649050325022126
1.6570505691702018
1.66480080568865
1.6721760307626576
1.6781762138737144
1.6831763664662618
1.6868014770958586
1.6895515610217597
1.6901765800958282
1.6899265724662007
1.6881765190588092
1.6848014160588396
1.6809262977996156
1.6748011108737448
1.667675893429365
1.659800653096103
1.6511753898739585
1.6415500961333047
1.6314247871333964
1.6210494705038605
1.6127992187261575
1.6012988677632984
1.5911735587633902
1.5815482650227364
1.5711729483932007
1.561797662282174
1.55079732657857
1.5402970061342205
1.5274216132084109
1.5125461592455824
1.4961706595049897
1.4781701101718194
1.45816949980163
1.4392939237647635
1.4210433668019655
1.4056678975798824
1.4005427411725213
1.4055428937650685
1.425543504135258
1.4617946104312267
1.5156712546159246
1.587298440504166
1.675676137577441
1.7798043153172398
1.8941828058717614
2.0081862849818415
2.1079393292031616
2.184941679128391
2.2296930448316905
2.2438184759056368
2.2141925717947935
2.144940458388012
2.0464374523148288
1.9316839503158667
1.811055269020661
1.6946767174291208
1.589923520615253
1.5012958159123508
1.4327937253944516
1.3871673329874568
1.3627915890987885
1.3547913449507127
1.3596664937284464
1.3741669362468338
1.395042573320719
1.4189183019501328
1.4445440839869381
1.4697948545793025
1.4920455336161382
1.5110461134678184
1.52704660176397
1.5392969756157109
1.5492972808008056
1.5574225287636951
1.5652977690969574
1.5722979827265235
1.5791731925412764
1.5865484176152838
1.5935486312448501
1.6016738792077396
1.609799127170629
1.6190494094668417
1.6286747032074953
1.6384250007629628
1.6480502945036166
1.6574255806146427
1.6678008972441787
1.6773011871700187
1.688301522873623
1.6976768089846492
1.7083021332438124
1.7179274269844662
1.7276777245399335
1.7370530106509599
1.7465533005767997
1.7554285714285716
1.7633038117618336
1.7713040559099094
1.7779292580950348
1.7844294564653462
1.7901796319467758
1.7953047883541369
1.7989298989837337
1.8019299905392623
1.8041800592059083
1.8054300973540451
1.8046800744651632
1.8036800439466536
1.8023050019837032
1.79880489516892
1.7955547959837643
1.7915546739097263
1.7859295022431105
1.7796793115024263
1.773429120761742
1.7654288766136663
1.757553636280404
1.7484283577990052
1.7400531022064882
1.729427777947325
1.7203024994659262
1.7103021942808314
1.700551896725364
1.6899265724662007
1.6801762749107334
1.6704259773552659
1.6595506454664755
1.6501753593554491
1.640675069429609
1.6314247871333964
1.622924527726066
1.6151742912076175
1.6072990508743554
1.6015488753929257
1.5952986846522417
1.5901735282448806
1.5857983947264016
1.5824232917264323
1.5797982116153446
1.5779231543931396
1.5777981505783258
1.5791731925412764
1.5807982421338542
1.5834233222449416
1.5870484328745385
1.592423596911527
1.5984237800225838
1.6044239631336406
1.6119241920224616
1.6194244209112827
1.627299661244545
1.6357999206518754
1.6448001953184606
1.6533004547257912
1.6611756950590533
1.668800927762688
1.6750511185033723
1.6805512863551746
1.6849264198736535
1.6881765190588092
1.6898015686513872
1.6905515915402693
1.6895515610217597
1.6873014923551135
1.683051362651448
1.6780512100589007
1.671176000244148
1.6638007751701407
1.655425519577624
1.6464252449110386
1.63629993591113
1.627174657429731
1.6159243140964994
1.6064240241706595
1.5957986999114964
1.5857983947264016
1.5755480819116796
1.5659227881710258
1.5557974791711173
1.5462971892452775
1.5334217963194676
1.5196713766899625
1.504045899838252
1.4861703543198952
1.4679197973570972
1.4484192022461622
1.429543626209296
1.4124181035798211
1.4020427869502854
1.4019177831354717
1.4141681569872129
1.4424190191351054
1.487420392468032
1.5512973418378246
1.63154979094821
1.727927732169561
1.8379310892056033
1.9539346293527025
2.062687948240608
2.151440656758324
2.212442518387402
2.2404433729056676
2.233568163090915
2.1825666066469314
2.09668898586993
1.9880606707968382
1.8690570390942107
1.7489283730582599
1.6381749931333354
1.5415470442823573
1.4629196447645496
1.4056678975798824
1.3721668752098148
1.3564163945432905
1.3557913754692221
1.3655416730246894
1.3841672414319286
1.4074179509872737
1.4324187139500106
1.457669484542375
1.4820452284310435
1.5027958616901151
1.5204213995788447
1.5334217963194676
1.5442971282082585
1.5536724143192846
1.5621726737266153
1.5706729331339457
1.5755480819116796
1.5827983031708732
1.5901735282448806
1.5977987609485154
1.606174016541032
1.6151742912076175
1.6244245735038303
1.6334248481704154
1.6434251533555102
1.6531754509109775
1.662800744651631
1.6728010498367258
1.6833013702810755
1.6929266640217293
1.7030519730216378
1.7135522934659873
1.7231775872066408
1.733052888576922
1.7426781823175757
1.7513034455397198
1.759553697317423
1.7680539567247535
1.7748041627246927
1.7811793572801906
1.7875545518356883
1.7939297463911863
1.7973048493911556
1.800429944761498
1.8030550248725852
1.8046800744651632
1.8050550859096042
1.8049300820947904
1.8030550248725852
1.8005549485763115
1.7974298532059694
1.7931797235023041
1.7884295785393842
1.7826794030579547
1.7764292123172705
1.7691789910580769
1.761553758354442
1.7526784875026704
1.743803216650899
1.7340529190954315
1.7241776177251504
1.7145523239844966
1.7048020264290291
1.6944267097994934
1.683926389355144
1.6749261146885588
1.66480080568865
1.654550492873928
1.6443001800592059
1.6354249092074344
1.6266746421704763
1.6186743980224005
1.611424176763207
1.6040489516891996
1.5975487533188881
1.5929236121707817
1.5867984252449112
1.5837983336893826
1.5814232612079226
1.5781731620227668
1.5779231543931396
1.5784231696523943
1.580048219244972
1.5815482650227364
1.5851733756523332
1.590423535874508
1.5954236884670552
1.601048860133671
1.6086740928373058
1.6157993102816859
1.6235495468001342
1.6319248023926511
1.6411750846888638
1.6493003326517535
1.6575505844294565
1.6659258400219734
1.6726760460219123
1.6784262215033416
1.683051362651448
1.6865514694662314
1.6891765495773186
1.6904265877254554
1.690301583910642
1.6880515152439954
1.6855514389477217
1.6804262825403606
1.6746761070589313
1.6679259010589922
1.6588006225775933
1.6506753746147038
1.64105008087405
1.6310497756889553
1.6214244819483017
1.611799188207648
1.6007988525040437
1.5905485396893215
1.580923245948668
1.5706729331339457
1.5601726126895963
1.5509223303933837
1.5395469832453383
1.526671590319529
1.5124211554307687
1.4950456251716666
1.4767950682088686
1.4572944730979338
1.4385439008758814
1.4202933439130834
1.406542924283578
1.401042756431776
1.4062929166539506
1.4265435346537676
1.4636696676534318
1.5184213385418257
1.5909235511337627
1.6796762596514787
1.7841794488357188
1.8984329355754266
2.012436414685507
2.1119394512771996
2.1876917630542927
2.2309430829798274
2.243443464461196
2.211942503128147
2.141940366832484
2.0414372997222814
1.9264337900936919
1.804805078279977
1.690301583910642
1.5847983642078922
1.4969206823938719
1.4307936643574328
1.3852922757652517
1.36216657002472
1.35504135258034
1.360166508987701
1.375291970580157
1.395917600024415
1.4202933439130834
1.4460441297647022
1.4704198736533707
1.4934205755790888
1.51279616687521
1.5280466322824793
1.540046998504593
1.549547288430433
1.558672566911832
1.5656727805413984
1.5727979979857785
1.5795482039857174
1.5866734214300973
1.5940486465041048
1.6019238868373669
1.6111741691335797
1.6200494399853511
1.6285496993926818
1.6391750236518448
1.6485503097628713
1.6583006073183386
1.6681759086886196
1.6783012176885281
1.6881765190588092
1.6983018280587177
1.7083021332438124
1.7186774498733484
1.7285527512436292
1.7380530411694692
1.7474283272804958
1.7560535905026398
1.7640538346507157
1.7716790673543503
1.7788042847987304
1.7840544450209053
1.7901796319467758
1.7954297921689504
1.7989298989837337
1.8018049867244483
1.8044300668355358
1.8046800744651632
1.805180089724418
1.8041800592059083
1.8023050019837032
1.7986798913541064
1.7953047883541369
1.7910546586504716
1.7854294869838556
1.7796793115024263
1.7724290902432325
1.7651788689840389
1.7569286172063356
1.748053346354564
1.7389280678731651
1.7291777703176978
1.7191774651326028
1.7094271675771355
1.699301858577227
1.6888015381328776
1.679551255836665
1.6690509353923155
1.6588006225775933
1.6489253212073123
1.6396750389110997
1.6305497604297006
1.6221745048371838
1.614174260689108
1.6064240241706595
1.5999238258003479
1.594798669392987
1.5901735282448806
1.585298379467147
1.5815482650227364
1.5797982116153446
1.5781731620227668
1.5775481429486986
1.5790481887264625
1.580923245948668
1.5835483260597554
1.5874234443189794
1.5929236121707817
1.598798791467025
1.6039239478743859
1.61254921109653
1.6199244361705374
1.6277996765037996
1.6364249397259438
1.6443001800592059
1.6539254737998597
1.6618007141331217
1.6698009582811977
1.6759261452070682
1.6805512863551746
1.6853014313180945
1.6884265266884364
1.6901765800958282
1.6904265877254554
1.6896765648365732
1.6865514694662314
1.6829263588366346
1.6773011871700187
1.6704259773552659
1.662925748466445
1.6548005005035553
1.6455502182073427
1.6350498977629933
1.6261746269112216
1.6156743064668722
1.6056740012817774
1.5952986846522417
1.5854233832819604
1.5750480666524247
1.5649227576525162
1.55554747154149
1.544422132023072
1.5321717581713308
1.5187963499862667
1.5030458693197426
1.4849203161717581
1.4660447401348917
1.4470441602832118
1.4276685689870905
1.4121680959501939
1.4012927640614032
1.4016677755058444
1.4150431836909085
1.4444190801721244
1.491670522171697
1.556797509689627
1.63867500839259
1.7369280068361461
1.848306405835139
1.9638099307229835
2.070938200018311
2.158190862758263
2.215942625202185
2.24156840723899
2.2309430829798274
2.176191412091433
2.088438734092227
1.9781853694265574
1.859431745353557
1.7403031098361157
1.6290497146519365
1.5337968077639088
1.4570444654683066
1.4022927945799126
1.3705418256172368
1.3552913602099674
1.3564163945432905
1.3677917416913359
1.3867923215430158
1.408917996765038
1.434293771172216
1.4601695608386487
1.4841702932828762
1.5045459150975067
1.5219214453566088
1.534546830652791
1.5455471663563953
1.5542974333933532
1.563047700430311
1.5692978911709952
1.5761731009857478
1.5837983336893826
1.5909235511337627
1.5981737723929563
1.6076740623187964
1.6161743217261269
1.6247995849482713
1.6350498977629933
1.6440501724295786
1.6535504623554185
1.663300759910886
1.6744260994293039
1.6844264046143986
1.6935516830957975
1.7038019959105197
1.7140523087252417
1.7240526139103367
1.7339279152806177
1.7441782280953397
1.7518034607989748
1.7599287087618642
1.767803949095126
1.7755541856135748
1.7818043763542588
1.788054567094943
1.7938047425763726
1.7974298532059694
1.8003049409466843
1.8034300363170261
1.8045550706503495
1.8054300973540451
1.8043050630207222
1.8030550248725852
1.7998049256874293
1.79642982268746
1.7929297158726767
1.7883045747245705
1.782554399243141
1.7760542008728295
1.7686789757988222
1.7606787316507462
1.7518034607989748
1.7426781823175757
1.7335529038361768
1.723552598651082
1.7136772972808008
1.7043020111697744
1.693801690725425
1.6838013855403302
1.6740510879848627
1.6636757713553272
1.6540504776146734
1.6445501876888333
1.6345498825037386
1.6259246192815942
1.6184243903927733
1.6107991576891385
1.6036739402447586
1.5977987609485154
1.5920485854670858
1.587298440504166
1.5831733146153144
1.580923245948668
1.5791731925412764
1.5777981505783258
1.5784231696523943
1.57929819635609
1.5827983031708732
1.5859233985412151
1.5911735587633902
1.5954236884670552
1.6025489059114353
1.6084240852076785
1.6162993255409406
1.6239245582445754
1.6325498214667196
1.6414250923184912
1.6498003479110082
1.6580505996887114
1.6659258400219734
1.6728010498367258
1.6780512100589007
1.6838013855403302
1.6873014923551135
1.6889265419476913
1.6896765648365732
1.6899265724662007
1.6880515152439954
1.6849264198736535
1.6800512710959197
1.6746761070589313
1.66717587817011
1.6590506302072208
1.6504253669850764
1.6409250770592365
1.630799768059328
1.6207994628742333
1.6102991424298836
1.60067384868923
1.590298532059694
1.5801732230597858
1.570547929319132
1.5604226203192237
1.5502973113193153
1.53892196417127
1.5256715598010193
1.5112961210974456
1.4944206060975982
1.4757950376903592
1.456044434949797
1.4376688741721853
1.4194183172093875
1.405417889950255
1.4002927335428939
1.4070429395428328
1.4276685689870905
1.4665447553941466
1.5215464339121678
1.594798669392987
1.6841763969847714
1.7894296090578936
1.9049331339457383
2.017061555833613
2.116189580980865
2.1906918546098213
2.2319431134983367
2.2429434492019413
2.2089424115726186
2.1379402447584464
2.0364371471297344
1.9210586260567035
1.8000549333170568
1.684676412244026
1.5804232306894133
1.4939205908383435
1.427168553727836
1.3841672414319286
1.3607915280617695
1.3546663411358988
1.3607915280617695
1.3754169743949705
1.397042634357738
1.421668385876034
1.4467941526535844
1.4716699118015075
1.4944206060975982
1.513921201208533
1.528171636097293
1.540046998504593
1.5499222998748743
1.559047578356273
1.5656727805413984
1.5724229865413375
1.5799232154301586
1.5871734366893522
1.5945486617633595
1.6024239020966218
1.6109241615039522
1.6204244514297923
1.629299722281564
1.6391750236518448
1.6496753440961944
1.6581756035035249
1.6684259163182469
1.678676229132969
1.6888015381328776
1.6984268318735312
1.7086771446882534
1.7191774651326028
1.729427777947325
1.7388030640583514
1.7478033387249368
1.7565536057618945
1.7645538499099704
1.772179082613605
1.778554277169103
1.7848044679097874
1.7903046357615895
1.7963048188726465
1.7991799066133611
1.8020549943540758
1.8041800592059083
1.8056801049836726
1.805555101168859
1.8038050477614673
1.8016799829096348
1.7985548875392925
1.7953047883541369
1.7901796319467758
1.7850544755394149
1.7789292886135442
1.772304086428419
1.7650538651692254
1.756803613391522
1.7466783043916136
1.7375530259102145
1.7289277626880704
1.7189274575029754
1.7094271675771355
1.6994268623920408
1.6884265266884364
1.678676229132969
1.668050904873806
1.6580505996887114
1.6488003173924985
1.639550035096286
1.6305497604297006
1.6216744895779291
1.6140492568742943
1.6067990356151007
1.6005488448744163
1.594798669392987
1.5895485091708121
1.5857983947264016
1.5819232764671776
1.5804232306894133
1.5781731620227668
1.5780481582079533
1.5787981810968352
1.5806732383190405
1.58404834131901
1.587923459578234
1.5929236121707817
1.598673787652211
1.6049239783928952
1.6126742149113438
1.6204244514297923
1.6281746879482406
1.6372999664296397
1.6449251991332745
1.6544254890591144
1.6620507217627492
1.669300943021943
1.6760511490218817
1.6810513016144293
1.6855514389477217
1.6886765343180639
1.6899265724662007
1.6904265877254554
1.6885515305032504
1.686676473281045
1.6820513321329387
1.6769261757255778
1.670050965910825
1.6626757408368176
1.654550492873928
1.6453002105777155
1.6352999053926207
1.625299600207526
1.61492428357799
1.605048982207709
1.594673665578173
1.5847983642078922
1.5744230475783563
1.56504776146733
1.5550474562822352
1.5445471358378857
1.5322967619861447
1.517921323282571
1.5022958464308604
1.4849203161717581
1.4652947172460096
1.4462941373943297
1.427543565172277
1.4114180730613117
1.401417767876217
1.4021677907650991
1.4157932065797907
1.4466691488387708
1.493670583208716
1.559922605059969
1.6418001037629322
1.7396780907620473
1.8513064973906674
1.9683100680562762
2.074188299203467
2.1605659352397226
2.2175676747947635
2.2424434339426864
2.2293180333872495
2.1734413281655325
2.084563615833003
1.9745602587969604
1.8544315927610096
1.735802972502823
1.6267996459852903
1.5307967162083804
1.454919400616474
1.4006677449873348
1.3694167912839137
1.3557913754692221
1.3567914059877317
1.3677917416913359
1.3870423291726433
1.4090430005798518
1.4356688131351665
1.4610445875423446
1.484545304727317
1.5056709494308298
1.5224214606158635
1.5354218573564866
1.546422193060091
1.554672444837794
1.563047700430311
1.569422894985809
1.5762981048005615
1.5841733451338236
1.5909235511337627
1.5984237800225838
1.6075490585039827
1.6162993255409406
1.625174596392712
1.6347998901333658
1.6445501876888333
1.6540504776146734
1.6645507980590228
1.6753011261329998
1.6841763969847714
1.693801690725425
1.7050520340586566
1.7148023316141239
1.7248026367992186
1.734302926725059
1.7434282052064578
1.7528034913174841
1.7600537125766778
1.7686789757988222
1.776179204687643
1.7821793877986998
1.7885545823541977
1.7931797235023041
1.7973048493911556
1.8005549485763115
1.8038050477614673
1.8045550706503495
1.8058051087984863
1.8046800744651632
1.80355504013184
1.8000549333170568
1.7969298379467147
1.7928047120578632
1.7878045594653156
1.7819293801690725
1.775804193243202
1.7686789757988222
1.7603037202063052
1.7514284493545336
1.742553178502762
1.7333028962065493
1.7234275948362683
1.7133022858363598
1.704052003540147
1.6935516830957975
1.6829263588366346
1.673676076540422
1.6635507675405132
1.653800469985046
1.6438001647999512
1.6339248634296701
1.6255496078371532
1.6175493636890774
1.609799127170629
1.6034239326151312
1.597173741874447
1.591923581652272
1.5877984557634206
1.5836733298745689
1.5805482345042268
1.5786731772820215
1.5777981505783258
1.5784231696523943
1.5797982116153446
1.5821732840968048
1.5861734061708426
1.590423535874508
1.596298715170751
1.6022988982818078
1.6089241004669332
1.6164243293557543
1.624049562059389
1.633174840540788
1.641925107577746
1.6511753898739585
1.6586756187627796
1.666425855281228
1.6728010498367258
1.678676229132969
1.6835513779107028
1.6874264961699272
1.689051545762505
1.6899265724662007
1.6906765953550829
1.6879265114291817
1.685051423688467
1.6798012634662924
1.673551072725608
1.6665508590960418
1.6584256111331521
1.6498003479110082
1.6398000427259134
1.6301747489852596
1.6202994476149783
1.6100491348002564
1.5999238258003479
1.5892985015411847
1.5795482039857174
1.5691728873561817
1.5595475936155279
1.549547288430433
1.5377969298379466
1.5244215216528825
1.5096710715048678
1.4930455641346478
1.4745449995422222
1.4547943968016601
1.435918820764794
1.4186682943205053
1.4052928861354412
1.4002927335428939
1.4076679586169012
1.4297936338389234
1.4689198278756064
1.5255465559862058
1.599548814355907
1.6900515762810144
1.7963048188726465
1.9115583361308635
2.0240617694631795
2.1210647297585985
2.193941953794977
2.233443159276101
2.2433184606463823
2.206317331461532
2.131940061647389
2.03018695638905
1.9134333933530687
1.7939297463911863
1.677926206244087
1.5755480819116796
1.4896704611346783
1.4244184698019349
1.383167210913419
1.360166508987701
1.3545413373210853
1.3615415509506514
1.3769170201727348
1.3984176763206884
1.4222934049501021
1.448169194616535
1.4732949613940856
1.4952956328012939
1.514796227912229
1.5291716666158026
1.542047059541612
1.5506723227637564
1.559047578356273
1.5666728110599077
1.5732980132450332
1.579673207800531
1.5875484481337934
1.5949236732078005
1.60304892117069
1.6110491653187657
1.6207994628742333
1.6302997528000733
1.6394250312814722
1.6491753288369395
1.6591756340220343
1.668800927762688
1.6793012482070377
1.6891765495773186
1.6990518509475998
1.7096771752067628
1.7200524918362987
1.729427777947325
1.739303079317606
1.7485533616138187
1.7570536210211494
1.7660538956877345
1.7729291055024872
1.7796793115024263
1.7853044831690421
1.7905546433912167
1.7954297921689504
1.7999299295022433
1.8023050019837032
1.8049300820947904
1.8050550859096042
1.8056801049836726
1.8040550553910948
1.8019299905392623
1.7981798760948515
1.7948047730948822
1.7899296243171485
1.7848044679097874
1.7790542924283579
1.7720540787987915
1.7645538499099704
1.7560535905026398
1.748053346354564
1.7379280373546557
1.7280527359843745
1.7186774498733484
1.7095521713919493
1.6986768395031586
1.6881765190588092
1.6783012176885281
1.6681759086886196
1.6579255958738974
1.6489253212073123
1.6394250312814722
1.630049745170446
1.6214244819483017
1.6140492568742943
1.6059240089114046
1.6000488296151616
1.5944236579485458
1.5901735282448806
1.5854233832819604
1.5822982879116183
1.578923184911649
1.5777981505783258
1.5776731467635121
1.5787981810968352
1.5804232306894133
1.5836733298745689
1.588048463393048
1.5930486159855952
1.5989237952818385
1.605048982207709
1.6129242225409712
1.6202994476149783
1.62917471846675
1.637549974059267
1.6456752220221567
1.6543004852443006
1.6619257179479354
1.6701759697256386
1.6764261604663229
1.6814263130588702
1.6858014465773492
1.6888015381328776
1.6901765800958282
1.6901765800958282
1.6896765648365732
1.686676473281045
1.681926328318125
1.677176183355205
1.6704259773552659
1.6625507370220038
1.653425458540605
1.6456752220221567
1.6354249092074344
1.625174596392712
1.6151742912076175
1.6047989745780817
1.5944236579485458
1.5847983642078922
1.5742980437635425
1.5645477462080752
1.5549224524674214
1.5441721243934445
1.5315467390972626
1.517796319467757
1.5016708273567918
1.4836702780236213
1.4645446943571276
1.445419110690634
1.4269185460982088
1.4107930539872433
1.4009177526169623
1.4022927945799126
1.4166682332834866
1.4475441755424665
1.4957956480605488
1.5612976470229194
1.643925168614765
1.7430531937620168
1.8549316080202642
1.9700601214636677
2.0768133793145545
2.162065981017487
2.2178176824243905
2.2425684377575
2.229068025757622
2.172441297647023
2.082813562425611
1.9723101901303142
1.8525565355388043
1.7335529038361768
1.6236745506149481
1.530546708578753
1.4539193700979645
1.3997927182836392
1.3684167607654043
1.3559163792840356
1.3566664021729178
1.3682917569505906
1.3871673329874568
1.4107930539872433
1.436293832209235
1.461169591357158
1.4844203009125034
1.5057959532456433
1.522171452986236
1.5354218573564866
1.5454221625415814
1.5550474562822352
1.5624226813562427
1.5699229102450638
1.57692312387463
1.5839233375041963
1.5911735587633902
1.5985487838373975
1.6071740470595417
1.616549333170568
1.6254246040223395
1.6347998901333658
1.644675191503647
1.6541754814294871
1.6646758018738366
1.6739260841700492
1.684676412244026
1.6941767021698662
1.704177007354961
1.714427320169683
1.724302621539964
1.7341779229102452
1.7440532242805262
1.7526784875026704
1.7609287392803734
1.768303964354381
1.7760542008728295
1.7820543839838863
1.788054567094943
1.794054750206
1.7980548722800378
1.8013049714651936
1.80355504013184
1.8049300820947904
1.8050550859096042
1.8050550859096042
1.8030550248725852
1.8003049409466843
1.7970548417615282
1.7933047273171179
1.7873045442060609
1.7823043916135137
1.7751791741691336
1.7696790063173315
1.760428724021119
1.7513034455397198
1.7429281899472029
1.7335529038361768
1.7230525833918273
1.7138023010956145
1.7033019806512648
1.6933016754661703
1.6835513779107028
1.673676076540422
1.663300759910886
1.6526754356517228
1.6435501571703237
1.634424878688925
1.626049623096408
1.6179243751335184
1.6099241309854426
1.6035489364299447
1.597173741874447
1.592298593096713
1.5882984710226753
1.5841733451338236
1.5801732230597858
1.578923184911649
1.5776731467635121
1.5791731925412764
1.5791731925412764
1.5822982879116183
1.5857983947264016
1.5905485396893215
1.5957986999114964
1.603173924985504
1.6086740928373058
1.6164243293557543
1.6244245735038303
1.6326748252815333
1.6411750846888638
1.6505503707998903
1.6581756035035249
1.6658008362071597
1.6728010498367258
1.6794262520218513
1.6828013550218206
1.6873014923551135
1.6891765495773186
1.690301583910642
1.6905515915402693
1.6881765190588092
1.6849264198736535
1.6801762749107334
1.6741760917996766
1.6665508590960418
1.6580505996887114
1.6496753440961944
1.639925046540727
1.6302997528000733
1.6211744743186742
1.6099241309854426
1.5994238105410932
1.5900485244300668
1.5794232001709037
1.5696729026154363
1.5600476088747826
1.5494222846156194
1.5387969603564562
1.525796563615833
1.51042109439375
1.4949206213568529
1.4751700186162908
1.456044434949797
1.437043855098117
1.41916830957976
1.4051678823206275
1.4004177373577074
1.4071679433576463
1.4284185918759726
1.4666697592089604
1.5236714987640003
1.597173741874447
1.687051484725486
1.7918046815393536
1.9068081911679433
2.0196866359447005
2.118189642017884
2.1911918698690758
2.232693136387219
2.2430684530167544
2.2086924039429916
2.1354401684621727
2.0344370860927152
1.919183568834498
1.7981798760948515
1.683051362651448
1.5795482039857174
1.4934205755790888
1.427168553727836
1.3841672414319286
1.3616665547654654
1.355416364024781
1.3604165166173285
1.3761669972838526
1.3971676381725515
1.4215433820612202
1.4475441755424665
1.471919919431135
1.4941705984679707
1.5130461745048374
1.5280466322824793
1.5405470137638477
1.5502973113193153
1.5585475630970183
1.566297799615467
1.5730480056154057
1.5802982268745993
1.5870484328745385
1.5945486617633595
1.602673909726249
1.6112991729483932
1.6202994476149783
1.62917471846675
1.6389250160222175
1.6489253212073123
1.6588006225775933
1.6681759086886196
1.6796762596514787
1.6885515305032504
1.6985518356883451
1.7083021332438124
1.7194274727622303
1.7286777550584431
1.7381780449842832
1.747678334910123
1.756803613391522
1.7636788232062746
1.7716790673543503
1.7791792962431716
1.784929471724601
1.7908046510208442
1.7949297769096957
1.7993049104281746
1.8016799829096348
1.8041800592059083
1.805180089724418
1.805180089724418
1.8040550553910948
1.8019299905392623
1.79880489516892
1.7955547959837643
1.7908046510208442
1.7853044831690421
1.7794293038727989
1.7729291055024872
1.7653038727988526
1.7569286172063356
1.7483033539841915
1.7396780907620473
1.7289277626880704
1.7190524613177893
1.710427198095645
1.6986768395031586
1.6893015533921325
1.6790512405774103
1.669300943021943
1.6596756492812892
1.6495503402813807
1.639925046540727
1.630799768059328
1.6224245124668113
1.6150492873928037
1.6072990508743554
1.601173863948485
1.5950486770226142
1.590298532059694
1.5854233832819604
1.5817982726523636
1.5802982268745993
1.5782981658375803
1.5779231543931396
1.5785481734672078
1.580048219244972
1.5839233375041963
1.588423474837489
1.5921735892818996
1.5985487838373975
1.6039239478743859
1.612174199652089
1.6197994323557239
1.628049684133427
1.6365499435407576
1.6435501571703237
1.6533004547257912
1.6614257026886807
1.669175939207129
1.675676137577441
1.679551255836665
1.685926450392163
1.6888015381328776
1.6898015686513872
1.6904265877254554
1.6899265724662007
1.687051484725486
1.6828013550218206
1.6780512100589007
1.670800988799707
1.663300759910886
1.655425519577624
1.6458002258369702
1.6360499282815029
1.626424634540849
1.6160493179113133
1.6059240089114046
1.5956736960966826
1.5857983947264016
1.5756730857264931
1.5660477919858395
1.5557974791711173
1.5456721701712088
1.532921781060213
1.5194213690603353
1.5042959074678794
1.4862953581347087
1.4672947782830286
1.447794183172094
1.4294186223944823
1.4125431073946348
1.4020427869502854
1.401792779320658
1.4137931455427717
1.4429190343943603
1.4887954344309824
1.5521723685415205
1.632424817651906
1.729427777947325
1.8399311502426223
1.9558096865749077
2.063812982573931
2.1526906949064606
2.212317514572588
2.2408183843501086
2.233443159276101
2.180691549424726
2.0954389477217936
1.9859356059450057
1.8676819971312602
1.747678334910123
1.6369249549851985
1.5401720023194068
1.4617946104312267
1.405417889950255
1.3724168828394423
1.3560413830988496
1.3560413830988496
1.3659166844691304
1.3846672566911833
1.4074179509872737
1.4312936796166877
1.4577944883571887
1.4820452284310435
1.5035458845789973
1.5207964110232857
1.5334217963194676
1.5446721396526994
1.5537974181340983
1.5621726737266153
1.5686728720969267
1.5760480971709343
1.5830483108005005
1.590298532059694
1.5974237495040742
1.6064240241706595
1.6156743064668722
1.6244245735038303
1.6330498367259743
1.6434251533555102
1.653425458540605
1.6626757408368176
1.6726760460219123
1.683051362651448
1.6931766716513565
1.7031769768364513
1.7135522934659873
1.7233025910214546
1.7329278847621081
1.7424281746879482
1.751178441724906
1.759178685872982
1.76792895290994
1.7750541703543201
1.7818043763542588
1.7883045747245705
1.7926797082430495
1.7970548417615282
1.800429944761498
1.803180028687399
1.8053050935392316
1.8058051087984863
1.804805078279977
1.8033050325022126
1.8010549638355662
1.7974298532059694
1.7935547349467453
1.788929593798639
1.7830544145023959
1.7764292123172705
1.7691789910580769
1.7614287545396283
1.7530534989471116
1.7439282204657125
1.7346779381694999
1.7244276253547777
1.7150523392437513
1.7051770378734703
1.6945517136143071
1.6848014160588396
1.6750511185033723
1.664925809503464
1.654550492873928
1.6451752067629017
1.635924924466689
1.6267996459852903
1.6191744132816552
1.6107991576891385
1.6039239478743859
1.5981737723929563
1.5929236121707817
1.5881734672078616
1.5837983336893826
1.5810482497634815
1.5791731925412764
1.5777981505783258
1.5781731620227668
1.579673207800531
1.5817982726523636
1.5845483565782648
1.5894235053559984
1.594673665578173
1.601048860133671
1.608174077578051
1.6155493026520584
1.6230495315408795
1.631674794763024
1.640300057985168
1.649050325022126
1.6576755882442702
1.66480080568865
1.6723010345774711
1.6780512100589007
1.683051362651448
1.6868014770958586
1.6891765495773186
1.690301583910642
1.6899265724662007
1.6886765343180639
1.6854264351329082
1.6809262977996156
1.6748011108737448
1.6678008972441787
1.6595506454664755
1.6511753898739585
1.6413000885036775
1.631674794763024
1.6215494857631152
1.6111741691335797
1.6015488753929257
1.5912985625782037
1.5802982268745993
1.5710479445783867
1.5605476241340372
1.5511723380230111
1.5395469832453383
1.5267965941343424
1.5122961516159552
1.4949206213568529
1.4772950834681233
1.4577944883571887
1.439043916135136
1.420793359172338
1.4062929166539506
1.4005427411725213
1.4061679128391371
1.4264185308389539
1.462794640949736
1.517921323282571
1.5892985015411847
1.6776761986144597
1.7819293801690725
1.8966828821680348
2.010686361278115
2.1100643940549944
2.1861917172765284
2.2304430677205724
2.2438184759056368
2.2130675374614706
2.1429403973509933
2.044187383648183
1.928683858760338
1.8081801812799463
1.6920516373180334
1.5876734519486069
1.4994207586901458
1.4310436719870603
1.3869173253578295
1.362541581469161
1.3542913296914578
1.3596664937284464
1.374916959135716
1.3957925962096012
1.419293313394574
1.4451691030610065
1.4710448927274393
1.4926705526902067
1.511921140171514
1.5269215979491562
1.53892196417127
1.5491722769859921
1.5576725363933226
1.5659227881710258
1.5722979827265235
1.5786731772820215
1.5867984252449112
1.5939236426892909
1.6017988830225531
1.610549150059511
1.6196744285409101
1.6286747032074953
1.638299996948149
1.6484253059480574
1.6579255958738974
1.667300881984924
1.6783012176885281
1.6880515152439954
1.698176824243904
1.708177129428999
1.718427442243721
1.7280527359843745
1.737428022095401
1.747678334910123
1.7560535905026398
1.7640538346507157
1.772304086428419
1.7790542924283579
1.78455446028016
1.7908046510208442
1.7951797845393231
1.7989298989837337
1.802805017242958
1.8041800592059083
1.8056801049836726
1.805555101168859
1.8045550706503495
1.8021799981688895
1.7990549027985472
1.7950547807245094
1.7911796624652854
1.785679494613483
1.7796793115024263
1.7730541093173011
1.76555388042848
1.7565536057618945
1.7481783501693777
1.739303079317606
1.729427777947325
1.7196774803918575
1.7096771752067628
1.699801873836482
1.6895515610217597
1.6800512710959197
1.669300943021943
1.6599256569109164
1.6493003326517535
1.6400500503555409
1.6310497756889553
1.62204950102237
1.61492428357799
1.607424054689169
1.6007988525040437
1.5954236884670552
1.590298532059694
1.5862984099856563
1.582048280281991
1.5799232154301586
1.5794232001709037
1.5776731467635121
1.5791731925412764
1.5805482345042268
1.5835483260597554
1.5876734519486069
1.591923581652272
1.5984237800225838
1.6047989745780817
1.6120491958372754
1.6194244209112827
1.6277996765037996
1.6365499435407576
1.6448001953184606
1.653800469985046
1.6615507065034945
1.6690509353923155
1.6758011413922544
1.680676290169988
1.6855514389477217
1.688301522873623
1.6895515610217597
1.6905515915402693
1.6898015686513872
1.686301461836604
1.683051362651448
1.6774261909848323
1.671676015503403
1.6638007751701407
1.6540504776146734
1.645925229651784
1.6360499282815029
1.626424634540849
1.6162993255409406
1.6062990203558458
1.5959237037263099
1.586048402356029
1.5756730857264931
1.565422772911771
1.5564224982451857
1.5447971434675132
1.5334217963194676
1.519796380504776
1.5036708883938108
1.4860453505050812
1.467544785912656
1.448169194616535
1.4291686147648548
1.4126681112094486
1.4020427869502854
1.4016677755058444
1.414793176061281
1.443294045838801
1.4886704306161689
1.5530473952452162
1.633549851985229
1.7305528122806482
1.8405561693166905
1.957684743797113
2.065438032166509
2.153940733054598
2.214567583239235
2.240943388164922
2.233193151646474
2.180441541795099
2.0936888943144014
1.985310586870937
1.8653069246498002
1.7458032776879178
1.6352999053926207
1.5385469527268287
1.4609195837275306
1.4044178594317454
1.3715418561357462
1.3575414288766137
1.3559163792840356
1.366541703543199
1.384417249061556
1.4075429548020875
1.4335437482833338
1.4586695150608844
1.482295236060671
1.5034208807641836
1.520296395764031
1.533671803949095
1.5449221472823267
1.553547410504471
1.561922666096988
1.568547868282113
1.5759230933561206
1.5830483108005005
1.5900485244300668
1.5970487380596332
1.6060490127262186
1.6147992797631765
1.6245495773186438
1.633549851985229
1.643925168614765
1.6528004394665363
1.662925748466445
1.6729260536515398
1.6834263740958892
1.6935516830957975
1.7033019806512648
1.713177282021546
1.723552598651082
1.733052888576922
1.7429281899472029
1.7526784875026704
1.7593036896877956
1.767803949095126
1.7751791741691336
1.7823043916135137
1.7874295480208746
1.7929297158726767
1.7979298684652243
1.8011799676503801
1.80355504013184
1.8045550706503495
1.8049300820947904
1.8050550859096042
1.8040550553910948
1.800429944761498
1.7971798455763421
1.7933047273171179
1.7883045747245705
1.7826794030579547
1.7764292123172705
1.7689289834284494
1.7611787469100009
1.7528034913174841
1.743678212836085
1.7339279152806177
1.724302621539964
1.7149273354289376
1.7045520187994019
1.6946767174291208
1.6844264046143986
1.6744260994293039
1.6650508133182775
1.6541754814294871
1.6448001953184606
1.635549913022248
1.6266746421704763
1.618924405652028
1.6119241920224616
1.6044239631336406
1.59829877620777
1.5921735892818996
1.5875484481337934
1.5835483260597554
1.5807982421338542
1.5784231696523943
1.5772981353190711
1.5780481582079533
1.579673207800531
1.5822982879116183
1.5854233832819604
1.590298532059694
1.5955486922818691
1.6017988830225531
1.6084240852076785
1.6155493026520584
1.6230495315408795
1.6321748100222786
1.6411750846888638
1.649050325022126
1.6576755882442702
1.6656758323923462
1.6726760460219123
1.6788012329477828
1.6834263740958892
1.6873014923551135
1.6893015533921325
1.690301583910642
1.6900515762810144
1.689051545762505
1.6853014313180945
1.6804262825403606
1.6746761070589313
1.6679259010589922
1.658925626392407
1.6500503555406356
1.6411750846888638
1.630799768059328
1.620924466689047
1.6112991729483932
1.6014238715781122
1.5900485244300668
1.5804232306894133
1.570172917874691
1.5607976317636647
1.55079732657857
1.5391719718008974
1.526546586504715
1.5117961363567003
1.4957956480605488
1.476295052949614
1.4574194769127478
1.4386689046906949
1.4205433515427108
1.4060429090243234
1.4002927335428939
1.4070429395428328
1.4264185308389539
1.4639196752830592
1.5187963499862667
1.5909235511337627
1.6800512710959197
1.7839294412060915
1.899057954649495
2.0115613879818106
2.1119394512771996
2.187066743980224
2.2305680715353864
2.2430684530167544
2.2121925107577747
2.141940366832484
2.0425623340556047
1.927183812982574
1.806805139316996
1.6905515915402693
1.5874234443189794
1.4985457319864497
1.4307936643574328
1.3864173100985748
1.3615415509506514
1.3547913449507127
1.3595414899136324
1.3744169438764613
1.3951675771355327
1.4195433210242012
1.4456691183202612
1.4701698660237434
1.4927955565050204
1.511921140171514
1.5267965941343424
1.5394219794305246
1.5490472731711782
1.5580475478377636
1.56504776146733
1.57217297891171
1.5790481887264625
1.5861734061708426
1.5935486312448501
1.6019238868373669
1.6106741538743248
1.6202994476149783
1.6286747032074953
1.6384250007629628
1.6480502945036166
1.6574255806146427
1.6669258705404828
1.677926206244087
1.6878015076143682
1.6980518204290902
1.7079271217993715
1.7179274269844662
1.7285527512436292
1.7370530106509599
1.7470533158360546
1.755553575243385
1.7641788384655293
1.7711790520950956
1.778179265724662
1.78455446028016
1.7904296395764032
1.7954297921689504
1.7985548875392925
1.801554979094821
1.8045550706503495
1.8050550859096042
1.8050550859096042
1.8043050630207222
1.8024300057985168
1.7985548875392925
1.7956797997985778
1.7915546739097263
1.7863045136875517
1.7798043153172398
1.7733041169469284
1.7656788842432936
1.757178624835963
1.7484283577990052
1.7399280983916745
1.7300527970213935
1.7200524918362987
1.7103021942808314
1.6999268776512955
1.6893015533921325
1.6803012787255471
1.670050965910825
1.6601756645405439
1.6505503707998903
1.640675069429609
1.6314247871333964
1.6234245429853207
1.6150492873928037
1.6077990661336101
1.6012988677632984
1.5956736960966826
1.5900485244300668
1.5859233985412151
1.582048280281991
1.5799232154301586
1.5784231696523943
1.5772981353190711
1.5787981810968352
1.5802982268745993
1.5834233222449416
1.5875484481337934
1.591923581652272
1.5980487685781428
1.6042989593188268
1.6110491653187657
1.6190494094668417
1.6274246650593585
1.6352999053926207
1.6444251838740198
1.6526754356517228
1.6611756950590533
1.6681759086886196
1.6753011261329998
1.6805512863551746
1.6851764275032808
1.6878015076143682
1.6898015686513872
1.6906765953550829
1.6904265877254554
1.687051484725486
1.6831763664662618
1.6783012176885281
1.6720510269478437
1.6644257942442091
1.655425519577624
1.6463002410962249
1.6367999511703848
1.627299661244545
1.6166743369853815
1.6066740318002868
1.596298715170751
1.58642341380047
1.5766731162450025
1.5665478072450942
1.556797509689627
1.5461721854304635
1.5340468153935363
1.5206714072084722
1.504420911282693
1.487420392468032
1.4679197973570972
1.4491692251350443
1.4301686452833644
1.414043153172399
1.4022927945799126
1.4011677602465895
1.412918118839076
1.4400439466536454
1.484670308542131
1.5457971739860226
1.6259246192815942
1.7216775414288765
1.831680898464919
1.9473094271675773
2.056937772759179
2.1471905270546587
2.2093174230170596
2.2396933500167853
2.2353182164983063
2.1865667287209694
2.1025641651661733
1.9946858729819636
1.876057252723777
1.7573036286507766
1.6448001953184606
1.5471722159489731
1.4672947782830286
1.408917996765038
1.3737919248023926
1.357041413617359
1.3555413678395947
1.3651666615802482
1.3830422070986053
1.405792901394696
1.430668660542619
1.456044434949797
1.4801701712088382
1.5021708426160465
1.5194213690603353
1.5326717734305857
1.5437971129490036
1.55317239906003
1.5616726584673606
1.5686728720969267
1.5751730704672384
1.582048280281991
1.5897985168004394
1.597173741874447
1.6057990050965911
1.6147992797631765
1.6235495468001342
1.6329248329111608
1.643050141911069
1.6521754203924681
1.6615507065034945
1.6719260231330302
1.6821763359477524
1.6928016602069156
1.7026769615771966
1.712802270577105
1.7226775719473861
1.7324278695028534
1.742553178502762
1.751178441724906
1.7589286782433546
1.7669289223914304
1.7750541703543201
1.7811793572801906
1.7868045289468062
1.792054689168981
1.7979298684652243
1.8003049409466843
1.8029300210577714
1.804805078279977
1.805555101168859
1.8053050935392316
1.8034300363170261
1.8011799676503801
1.7979298684652243
1.7939297463911863
1.788054567094943
1.7835544297616506
1.777054231391339
1.769929013946959
1.7620537736136967
1.7535535142063663
1.7448032471694084
1.735302957243568
1.7256776635029145
1.7159273659474472
1.706052064577166
1.6956767479476302
1.6855514389477217
1.6759261452070682
1.6658008362071597
1.655425519577624
1.645925229651784
1.636674947355571
1.628049684133427
1.6191744132816552
1.6119241920224616
1.6045489669484543
1.5985487838373975
1.592798608355968
1.5881734672078616
1.5841733451338236
1.5811732535782954
1.579673207800531
1.5780481582079533
1.5780481582079533
1.5790481887264625
1.5817982726523636
1.5847983642078922
1.5892985015411847
1.5944236579485458
1.6001738334299753
1.6080490737632376
1.6147992797631765
1.6221745048371838
1.6310497756889553
1.639925046540727
1.6486753135776848
1.6566755577257606
1.664925809503464
1.6720510269478437
1.6776761986144597
1.682676351207007
1.6865514694662314
1.6888015381328776
1.6905515915402693
1.6904265877254554
1.688301522873623
1.6856764427625355
1.6805512863551746
1.6758011413922544
1.6689259315775018
1.6603006683553576
1.6511753898739585
1.6425501266518143
1.6327998290963468
1.6226745200964385
1.6126742149113438
1.6024239020966218
1.592423596911527
1.5824232917264323
1.57217297891171
1.561922666096988
1.5522973723563342
1.541672048097171
1.528671651356548
1.5140462050233467
1.4975457014679403
1.4795451521347698
1.4602945646534624
1.4409189733573413
1.4230434278389843
1.4081679738761559
1.3999177220984527
1.404542863246559
1.4221684011352886
1.4569194616534928
1.5089210486159856
1.5780481582079533
1.664925809503464
1.7669289223914304
1.8809324015015108
1.9954358958708458
2.0979390240180673
2.1783164769432664
2.2260679342020935
2.2443184911648917
2.219942747276223
2.1545657521286663
2.059062837611011
1.9456843775749992
1.8255557115390486
1.708177129428999
1.6014238715781122
1.5112961210974456
1.4396689352092042
1.3917924741355632
1.3655416730246894
1.3549163487655262
1.3582914517654958
1.3721668752098148
1.3921674855800044
1.416043214209418
1.4412939848017823
1.4665447553941466
1.489795464949492
1.5099210791344952
1.5252965483565784
1.5377969298379466
1.5481722464674825
1.556797509689627
1.5646727500228887
1.5714229560228279
1.5786731772820215
1.5854233832819604
1.5932986236152227
1.601048860133671
1.6091741080965607
1.618924405652028
1.6279246803186131
1.6367999511703848
1.6468002563554796
1.6561755424665061
1.6659258400219734
1.6763011566515091
1.686301461836604
1.6964267708365124
1.7070520950956756
1.717552415540025
1.7265526902066104
1.7359279763176367
1.7459282815027315
1.7545535447248757
1.762803796502579
1.769929013946959
1.7773042390209661
1.7833044221320231
1.7893046052430799
1.794429761650441
1.7983048799096653
1.8013049714651936
1.8038050477614673
1.8053050935392316
1.8049300820947904
1.8044300668355358
1.8026800134281442
1.7993049104281746
1.7958048036133916
1.7918046815393536
1.7874295480208746
1.7811793572801906
1.7740541398358105
1.7661788995025482
1.7585536667989135
1.7499284035767695
1.7408031250953704
1.7315528427991578
1.7214275337992493
1.712052247688223
1.702551957762383
1.6921766411328472
1.6816763206884975
1.6714260078737755
1.6611756950590533
1.651800408948027
1.6420501113925596
1.6327998290963468
1.6241745658742028
1.6161743217261269
1.6086740928373058
1.6020488906521806
1.5960487075411238
1.5920485854670858
1.5862984099856563
1.5831733146153144
1.5804232306894133
1.5785481734672078
1.5782981658375803
1.5785481734672078
1.5807982421338542
1.582923306985687
1.58642341380047
1.592298593096713
1.5970487380596332
1.6027989135410627
1.6102991424298836
1.6180493789483323
1.6257996154667806
1.634299874874111
1.6440501724295786
1.6519254127628407
1.6599256569109164
1.6675508896145512
1.6739260841700492
1.6801762749107334
1.6841763969847714
1.6876765037995543
1.6896765648365732
1.6905515915402693
1.6895515610217597
1.688301522873623
1.6841763969847714
1.6790512405774103
1.6728010498367258
1.66480080568865
1.656925565355388
1.6478002868739892
1.638299996948149
1.6286747032074953
1.6182993865779596
1.608174077578051
1.5984237800225838
1.587923459578234
1.5775481429486986
1.5680478530228583
1.55792254402295
1.5479222388378553
1.5362968840601827
1.5224214606158635
1.5080460219122898
1.4904204840235602
1.4716699118015075
1.452919339579455
1.4336687520981475
1.4162932218390454
1.4032928250984222
1.4006677449873348
1.4099180272835474
1.4345437788018434
1.4761700491348004
1.5350468459120459
1.6119241920224616
1.7048020264290291
1.8126803186132388
1.9285588549455246
2.039187231055635
2.1338151188695944
2.202067201757866
2.2363182470168157
2.239443342387158
2.1971920529801325
2.118189642017884
2.013186437574389
1.8958078554643392
1.775429181798761
1.6623007293923764
1.5616726584673606
1.479045136875515
1.4166682332834866
1.377667043061617
1.3586664632099368
1.3547913449507127
1.3627915890987885
1.380042115543077
1.4012927640614032
1.4262935270241401
1.451794305246132
1.4767950682088686
1.4984207281716362
1.5164212775048067
1.5312967314676351
1.5429220862453077
1.5516723532822658
1.56029761650441
1.5672978301339764
1.5742980437635425
1.5814232612079226
1.588423474837489
1.5960487075411238
1.6039239478743859
1.613424237800226
1.6217994933927427
1.6314247871333964
1.6409250770592365
1.6506753746147038
1.6604256721701711
1.6704259773552659
1.6804262825403606
1.6906765953550829
1.7008019043549913
1.710802209540086
1.7211775261696218
1.7309278237250891
1.7404281136509292
1.7495533921323283
1.7580536515396588
1.765803888058107
1.773429120761742
1.7804293343913085
1.7859295022431105
1.7914296700949126
1.7965548265022737
1.799554918057802
1.8025550096133305
1.804805078279977
1.805180089724418
1.8050550859096042
1.8038050477614673
1.8019299905392623
1.7994299142429884
1.7936797387615588
1.790054628131962
1.7844294564653462
1.7780542619098483
1.7709290444654684
1.763553819391461
1.7549285561693166
1.7461782891323587
1.7370530106509599
1.7274277169103063
1.7173024079103976
1.7075521103549303
1.697301797540208
1.6869264809106725
1.6773011871700187
1.6679259010589922
1.6573005767998292
1.6473002716147345
1.6380499893185219
1.6289247108371228
1.6207994628742333
1.6131742301705987
1.6060490127262186
1.5994238105410932
1.5941736503189183
1.5886734824671163
1.5845483565782648
1.5811732535782954
1.5791731925412764
1.5787981810968352
1.5782981658375803
1.5787981810968352
1.5815482650227364
1.5846733603930783
1.588423474837489
1.5937986388744774
1.5996738181707206
1.6064240241706595
1.6136742454298534
1.6215494857631152
1.629299722281564
1.6385500045777766
1.6469252601702933
1.6550505081331828
1.6634257637256997
1.6710509964293345
1.6765511642811366
1.6818013245033114
1.6865514694662314
1.6889265419476913
1.6900515762810144
1.6899265724662007
1.6891765495773186
1.6869264809106725
1.681926328318125
1.6770511795403913
1.6694259468367565
1.6613006988738672
1.6529254432813503
1.6440501724295786
1.6339248634296701
1.6241745658742028
1.614174260689108
1.6037989440595721
1.5934236274300364
1.5841733451338236
1.5735480208746606
1.5635477156895659
1.5537974181340983
1.542422070986053
1.530171697134312
1.5160462660603655
1.4999207739494005
1.4817952208014162
1.4625446333201089
1.443419049653615
1.4250434888760033
1.4095430158391065
1.4009177526169623
1.4032928250984222
1.4190433057649465
1.451294289986877
1.5019208349864193
1.5687978759117405
1.653425458540605
1.7539285256508073
1.8666819666127505
1.9820604876857815
2.086438673055208
2.1690661946470535
2.2220678121280555
2.2430684530167544
2.224317880794702
2.1646910611285746
2.071688222907193
1.9595598010193183
1.8395561387981811
1.7213025299844356
1.6124242072817165
1.5200463881344035
1.447419171727653
1.395917600024415
1.36691671498764
1.3551663563951537
1.3574164250618
1.3700418103579821
1.3897924130985444
1.413293130283517
1.4386689046906949
1.4645446943571276
1.487420392468032
1.5072959990234076
1.5234214911343729
1.5364218878749962
1.5467972045045322
1.5556724753563036
1.5645477462080752
1.5702979216895046
1.5774231391338847
1.5850483718375195
1.591923581652272
1.6000488296151616
1.6085490890224923
1.6175493636890774
1.6262996307260353
1.6356749168370617
1.6456752220221567
1.6555505233924375
1.666050843836787
1.6748011108737448
1.6853014313180945
1.6950517288735618
1.7054270455030978
1.7165523850215156
1.7255526596881008
1.7348029419843134
1.7449282509842219
1.7534285103915526
1.761553758354442
1.7696790063173315
1.7768042237617114
1.7831794183172094
1.7884295785393842
1.794054750206
1.7981798760948515
1.8013049714651936
1.8036800439466536
1.8049300820947904
1.8046800744651632
1.8046800744651632
1.802805017242958
1.8000549333170568
1.7966798303170874
1.792429700613422
1.78692953276162
1.7813043610950041
1.7755541856135748
1.7671789300210579
1.7599287087618642
1.7506784264656514
1.7419281594286935
1.7320528580584125
1.7223025605029452
1.7123022553178504
1.7023019501327556
1.6925516525772883
1.6823013397625661
1.6720510269478437
1.6623007293923764
1.6520504165776544
1.6425501266518143
1.6334248481704154
1.6246745811334575
1.6170493484298227
1.6092991119113744
1.6025489059114353
1.5964237189855648
1.5915485702078311
1.5871734366893522
1.5830483108005005
1.5804232306894133
1.5791731925412764
1.5775481429486986
1.5779231543931396
1.5804232306894133
1.5827983031708732
1.5861734061708426
1.5909235511337627
1.5969237342448195
1.602673909726249
1.6096741233558154
1.6172993560594502
1.6247995849482713
1.633674855800043
1.6423001190221869
1.6511753898739585
1.6595506454664755
1.667300881984924
1.6740510879848627
1.6790512405774103
1.6844264046143986
1.6869264809106725
1.6891765495773186
1.691051606799524
1.6893015533921325
1.6881765190588092
1.684676412244026
1.679551255836665
1.6734260689107945
1.6661758476516009
1.6575505844294565
1.6486753135776848
1.6388000122074038
1.629299722281564
1.6195494247260964
1.6091741080965607
1.5985487838373975
1.5890484939115572
1.5784231696523943
1.568172856837672
1.5575475325785089
1.54842225409711
1.5367968993194372
1.5234214911343729
1.507546006653035
1.4906704916531877
1.4725449385052034
1.4534193548387098
1.4345437788018434
1.4165432294686728
1.4042928556169316
1.4004177373577074
1.4091680043946653
1.4332937406537065
1.4737949766533405
1.5330467848750269
1.6087990966521197
1.7014269234290598
1.808680196539201
1.9248087405011138
2.035562120426038
2.1309400311288798
2.1996921292764062
2.2360682393871887
2.2408183843501086
2.2001921445356607
2.121689748832667
2.017436567278054
1.901058015686514
1.780179326761681
1.666050843836787
1.5647977538377027
1.4815452131717888
1.4185432905056918
1.379167088839381
1.3587914670247507
1.3547913449507127
1.3626665852839748
1.379292092654195
1.4002927335428939
1.4256685079500717
1.4515442976165045
1.4755450300607318
1.4974206976531268
1.515796258430738
1.5304217047639395
1.5417970519119846
1.5514223456526384
1.559922605059969
1.56742283394879
1.5739230323191016
1.5807982421338542
1.5881734672078616
1.5956736960966826
1.6037989440595721
1.6127992187261575
1.6214244819483017
1.631174779503769
1.640300057985168
1.6501753593554491
1.6595506454664755
1.6703009735404524
1.679926267281106
1.6905515915402693
1.7003018890957367
1.710802209540086
1.7211775261696218
1.7305528122806482
1.7399280983916745
1.7493033845027008
1.7576786400952178
1.76555388042848
1.773429120761742
1.7800543229468673
1.7860545060579243
1.7914296700949126
1.7961798150578325
1.8003049409466843
1.8025550096133305
1.8043050630207222
1.805180089724418
1.8049300820947904
1.8038050477614673
1.801554979094821
1.798429883724479
1.7943047578356275
1.790054628131962
1.7844294564653462
1.7788042847987304
1.771804071169164
1.7638038270210883
1.7546785485396894
1.7463032929471725
1.7371780144657736
1.7273027130954923
1.717552415540025
1.707677114169744
1.697426801355022
1.6879265114291817
1.6776761986144597
1.6670508743552965
1.6570505691702018
1.6476752830591754
1.6385500045777766
1.62917471846675
1.6207994628742333
1.613799249244667
1.6060490127262186
1.5997988219855341
1.594298654133732
1.5900485244300668
1.58404834131901
1.5817982726523636
1.57929819635609
1.5786731772820215
1.5785481734672078
1.5799232154301586
1.5814232612079226
1.5841733451338236
1.5886734824671163
1.594798669392987
