1.3572914212469864
1.3687917722098455
1.3887923825800348
1.4116680806909392
1.437043855098117
1.4629196447645496
1.4864203619495224
1.5076710104678488
1.5232964873195594
1.5357968688009278
1.5465471968749047
1.5552974639118626
1.5627976928006837
1.5696729026154363
1.5771731315042574
1.584423352763451
1.5917985778374584
1.6002988372447888
1.6080490737632376
1.6162993255409406
1.626049623096408
1.6354249092074344
1.6443001800592059
1.6544254890591144
1.6645507980590228
1.6744260994293039
1.685051423688467
1.6953017365031893
1.7051770378734703
1.715552354503006
1.7249276406140324
1.7348029419843134
1.743678212836085
1.7528034913174841
1.7613037507248146
1.7690539872432631
1.776179204687643
1.7828044068727684
1.7884295785393842
1.794054750206
1.7979298684652243
1.8009299600207527
1.80355504013184
1.8046800744651632
1.8058051087984863
1.8044300668355358
1.8024300057985168
1.8006799523911254
1.7980548722800378
1.7926797082430495
1.787679555650502
1.7813043610950041
1.774679158909879
1.7668039185766167
1.7599287087618642
1.7515534531693473
1.7414281441694388
1.7333028962065493
1.7233025910214546
1.7138023010956145
1.7035519882808923
1.693426679280984
1.6825513473921934
1.6720510269478437
1.6624257332071901
1.6531754509109775
1.6431751457258827
1.634424878688925
1.6259246192815942
1.6176743675038912
1.6100491348002564
1.60304892117069
1.5969237342448195
1.5912985625782037
1.587298440504166
1.5834233222449416
1.5805482345042268
1.5787981810968352
1.5781731620227668
1.5785481734672078
1.5801732230597858
1.5825482955412458
1.5861734061708426
1.590423535874508
1.5956736960966826
1.6019238868373669
1.609424115726188
1.6171743522446362
1.6254246040223395
1.6334248481704154
1.6421751152073734
1.651050386059145
1.6588006225775933
1.6665508590960418
1.6725510422070986
1.6793012482070377
1.683926389355144
1.6881765190588092
1.6901765800958282
1.6909266029847103
1.6898015686513872
1.6880515152439954
1.684676412244026
1.6793012482070377
1.673551072725608
1.6665508590960418
1.6583006073183386
1.6491753288369395
1.6401750541703544
1.6302997528000733
1.6196744285409101
1.609049104281747
1.5990487990966522
1.5882984710226753
1.5790481887264625
1.5689228797265542
1.559172582171087
1.5494222846156194
1.5390469679860834
1.5247965330973237
1.5096710715048678
1.4921705374309517
1.4736699728385265
1.454169377727592
1.434668782616657
1.418043275246437
1.4041678518021181
1.4005427411725213
1.4086679891354106
1.4321687063203834
1.4712949003570666
1.528671651356548
1.6036739402447586
1.6951767326883755
1.8013049714651936
1.9170585039826655
2.029061922055727
2.1254398632770775
2.1964420300912506
2.2351932126834924
2.242068422498245
2.2028172246467483
2.126814905240028
2.0240617694631795
1.9070581987975708
1.786554521317179
1.6725510422070986
1.5704229255043185
1.4859203466902677
1.4225434125797296
1.3819171727652821
1.35979149754326
1.3547913449507127
1.3619165623950926
1.378042054506058
1.3986676839503158
1.4242934659871211
1.449669240394299
1.4740449842829677
1.4969206823938719
1.5150462355418564
1.5307967162083804
1.540922025208289
1.5510473342081972
1.5589225745414594
1.5664228034302805
1.5741730399487288
1.5805482345042268
1.5882984710226753
1.5957986999114964
1.6039239478743859
1.61254921109653
1.6210494705038605
1.6297997375408186
1.6394250312814722
1.649050325022126
1.6601756645405439
1.6694259468367565
1.6796762596514787
1.6901765800958282
1.7004268929105502
1.710427198095645
1.7201774956511124
1.7300527970213935
1.7386780602435379
1.7481783501693777
1.7561785943174535
1.7653038727988526
1.7729291055024872
1.7800543229468673
1.7859295022431105
1.7914296700949126
1.7961798150578325
1.7993049104281746
1.8026800134281442
1.80355504013184
1.8050550859096042
1.805555101168859
1.8036800439466536
1.8023050019837032
1.7991799066133611
1.7954297921689504
1.789679616687521
1.7846794640949737
1.778179265724662
1.7709290444654684
1.7633038117618336
1.7559285866878263
1.7479283425397505
1.737803033539842
1.727927732169561
1.7188024536881619
1.708052125614185
1.698926847132786
1.6880515152439954
1.6769261757255778
1.666800866725669
1.6570505691702018
1.6479252906888027
1.6390500198370312
1.6299247413556321
1.62204950102237
1.6139242530594806
1.607049043244728
1.5997988219855341
1.5936736350596639
1.5896735129856259
1.5851733756523332
1.5825482955412458
1.5794232001709037
1.5786731772820215
1.5791731925412764
1.57929819635609
1.580923245948668
1.5842983489486373
1.5881734672078616
1.5929236121707817
1.5992988067262794
1.6059240089114046
1.613424237800226
1.62204950102237
1.630424756614887
1.638299996948149
1.6463002410962249
1.6546754966887418
1.6626757408368176
1.6694259468367565
1.6764261604663229
1.6818013245033114
1.6858014465773492
1.689051545762505
1.6909266029847103
1.6908015991698966
1.689426557206946
1.6856764427625355
1.6820513321329387
1.6758011413922544
1.6698009582811977
1.6621757255775629
1.653425458540605
1.6445501876888333
1.635174901577807
1.625174596392712
1.61492428357799
1.6046739707632678
1.5945486617633595
1.583298318430128
1.5736730246894741
1.5639227271340068
1.553922421948912
1.5435471053193763
1.5315467390972626
1.5174213080233163
1.5006707968382824
1.482295236060671
1.4636696676534318
1.4442940763573107
1.4257935117648854
1.4101680349131749
1.401417767876217
1.4026678060243538
1.4186682943205053
1.4500442518387402
1.4984207281716362
1.5652977690969574
1.6489253212073123
1.747678334910123
1.86055677968688
1.976310312204352
2.0811885128330334
2.165691091647084
2.220567766350291
2.2435684682760093
2.227192968535417
2.16794116031373
2.076563371684927
1.9650599688711203
1.845181310464797
1.7260526749473555
1.6176743675038912
1.5244215216528825
1.450919278542436
1.3976676534318064
1.3686667683950315
1.3562913907284768
1.3569164098025452
1.3686667683950315
1.3877923520615254
1.4112930692464982
1.4372938627277445
1.4626696371349224
1.4869203772087771
1.5074210028382216
1.523796502578814
1.5361718802453688
1.5466722006897184
1.5550474562822352
1.5621726737266153
1.5706729331339457
1.5774231391338847
1.5841733451338236
1.5912985625782037
1.5999238258003479
1.6077990661336101
1.6175493636890774
1.6254246040223395
1.6352999053926207
1.6443001800592059
1.6548005005035553
1.6644257942442091
1.6743010956144901
1.685051423688467
1.6953017365031893
1.7045520187994019
1.7154273506881925
1.725052644428846
1.734302926725059
1.7441782280953397
1.7529284951322976
1.7610537430951874
1.7689289834284494
1.7763042085024567
1.782929410687582
1.788929593798639
1.7931797235023041
1.797554857020783
1.800804956205939
1.8030550248725852
1.8045550706503495
1.8044300668355358
1.8046800744651632
1.8036800439466536
1.8003049409466843
1.7971798455763421
1.7926797082430495
1.7871795403912474
1.7813043610950041
1.7745541550950652
1.7669289223914304
1.7596787011322368
1.7514284493545336
1.7423031708731347
1.733052888576922
1.7238026062807095
1.713177282021546
1.7034269844660788
1.6931766716513565
1.6834263740958892
1.6728010498367258
1.662925748466445
1.6529254432813503
1.6435501571703237
1.634424878688925
1.6266746421704763
1.6181743827631458
1.6099241309854426
1.6027989135410627
1.596798730430006
1.5911735587633902
1.5870484328745385
1.5831733146153144
1.5807982421338542
1.5786731772820215
1.5784231696523943
1.5791731925412764
1.5799232154301586
1.5825482955412458
1.5857983947264016
1.589923520615253
1.596298715170751
1.6020488906521806
1.6092991119113744
1.6167993408001955
1.625174596392712
1.634299874874111
1.6421751152073734
1.6504253669850764
1.658550614947966
1.666050843836787
1.673676076540422
1.6789262367625966
1.6838013855403302
1.6875514999847407
1.6901765800958282
1.691051606799524
1.690301583910642
1.6873014923551135
1.6851764275032808
1.679551255836665
1.6738010803552354
1.6661758476516009
1.658550614947966
1.6493003326517535
1.6405500656147955
1.6309247718741418
1.6199244361705374
1.6096741233558154
1.5997988219855341
1.5889234900967437
1.5785481734672078
1.569422894985809
1.5600476088747826
1.5497972960600603
1.5381719412823878
1.5244215216528825
1.5101710867641225
1.493295571764275
1.4746700033570361
1.454169377727592
1.435918820764794
1.418043275246437
1.4051678823206275
1.4002927335428939
1.4079179662465284
1.4309186681722466
1.469919858394116
1.5250465407269511
1.599548814355907
1.690301583910642
1.7951797845393231
1.9110583208716088
2.0236867580187385
2.121314737388226
2.193691946165349
2.233818170720542
2.2428184453871274
2.206067323831904
2.1318150578325756
2.029561937314982
1.913308389538255
1.7928047120578632
1.6774261909848323
1.5751730704672384
1.4896704611346783
1.425543504135258
1.382417188024537
1.3610415356913967
1.3545413373210853
1.361416547135838
1.376792016357921
1.3976676534318064
1.4229184240241708
1.4482941984313487
1.4736699728385265
1.496045655690176
1.5149212317270424
1.528546647541734
1.5407970213934752
1.5505473189489425
1.5576725363933226
1.5665478072450942
1.5736730246894741
1.5801732230597858
1.5875484481337934
1.5957986999114964
1.6035489364299447
1.6126742149113438
1.6211744743186742
1.6299247413556321
1.6393000274666587
1.649050325022126
1.658550614947966
1.668800927762688
1.6796762596514787
1.689426557206946
1.700176885280923
1.710052186651204
1.7205525070955536
1.7295527817621388
1.7383030487990967
1.7473033234656818
1.7560535905026398
1.7654288766136663
1.772179082613605
1.7793043000579851
1.7864295175023652
1.7915546739097263
1.7951797845393231
1.7994299142429884
1.8021799981688895
1.8033050325022126
1.804805078279977
1.8056801049836726
1.80355504013184
1.801554979094821
1.7991799066133611
1.7954297921689504
1.7904296395764032
1.7848044679097874
1.778679280983917
1.771804071169164
1.7640538346507157
1.7559285866878263
1.7475533310953093
1.738553056428724
1.7286777550584431
1.718427442243721
1.7085521408734399
1.6983018280587177
1.6881765190588092
1.6778012024292734
1.6678008972441787
1.658550614947966
1.6493003326517535
1.639550035096286
1.6306747642445143
1.6217994933927427
1.613799249244667
1.6069240394299142
1.5999238258003479
1.5937986388744774
1.588423474837489
1.5847983642078922
1.5824232917264323
1.5794232001709037
1.5786731772820215
1.5784231696523943
1.5790481887264625
1.580923245948668
1.58404834131901
1.588048463393048
1.5931736198004092
1.5994238105410932
1.6051739860225227
1.6127992187261575
1.6206744590594195
1.6299247413556321
1.637549974059267
1.645925229651784
1.6548005005035553
1.6619257179479354
1.6685509201330608
1.6759261452070682
1.6811763054292428
1.6858014465773492
1.6889265419476913
1.6908015991698966
1.6900515762810144
1.6898015686513872
1.6861764580217904
1.6820513321329387
1.6765511642811366
1.6699259620960112
1.6621757255775629
1.6544254890591144
1.645050202948088
1.6356749168370617
1.625299600207526
1.6147992797631765
1.605048982207709
1.5945486617633595
1.5839233375041963
1.5744230475783563
1.5640477309488205
1.5549224524674214
1.544422132023072
1.5326717734305857
1.5181713309121982
1.5025458540604877
1.4841702932828762
1.465169713431196
1.4449190954313793
1.4269185460982088
1.4116680806909392
1.4012927640614032
1.4024177983947264
1.4169182409131138
1.4479191869869077
1.4954206366161078
1.559922605059969
1.6424251228370008
1.740178106021302
1.8523065279091768
1.9676850489822078
2.0750633259071627
2.1605659352397226
2.2178176824243905
2.2426934415723134
2.229568041016877
2.1734413281655325
2.084188604388562
1.973560228278451
1.8534315622425002
1.7351779534287546
1.6255496078371532
1.5312967314676351
1.4554194158757288
1.401792779320658
1.3701668141727958
1.3557913754692221
1.357041413617359
1.3679167455061494
1.3861673024689474
1.409793023468734
1.4351687978759118
1.460794579912717
1.484545304727317
1.5057959532456433
1.5225464644306772
1.5350468459120459
1.5459221778008363
1.5545474410229805
1.5620476699118016
1.5692978911709952
1.5764231086153753
1.5839233375041963
1.5911735587633902
1.599548814355907
1.6080490737632376
1.6159243140964994
1.6250495925778985
1.634299874874111
1.6434251533555102
1.6535504623554185
1.6645507980590228
1.6739260841700492
1.6836763817255165
1.6941767021698662
1.7043020111697744
1.7143023163548692
1.724302621539964
1.7341779229102452
1.742553178502762
1.7519284646137883
1.7596787011322368
1.7681789605395672
1.775804193243202
1.7824293954283272
1.7885545823541977
1.7935547349467453
1.7978048646504103
1.8005549485763115
1.8029300210577714
1.8038050477614673
1.8056801049836726
1.8049300820947904
1.8030550248725852
1.8014299752800074
1.797554857020783
1.7930547196874904
1.7881795709097568
1.7824293954283272
1.775429181798761
1.7680539567247535
1.7601787163914915
1.752053468428602
1.742553178502762
1.7340529190954315
1.7244276253547777
1.7143023163548692
1.7054270455030978
1.6941767021698662
1.6836763817255165
1.673176061281167
1.6630507522812585
1.6536754661702324
1.6445501876888333
1.6354249092074344
1.627299661244545
1.6184243903927733
1.6106741538743248
1.6034239326151312
1.597173741874447
1.5915485702078311
1.5870484328745385
1.5835483260597554
1.5807982421338542
1.5787981810968352
1.5784231696523943
1.578923184911649
1.5799232154301586
1.582048280281991
1.5854233832819604
1.5897985168004394
1.594673665578173
1.6016738792077396
1.6086740928373058
1.6162993255409406
1.624924588763085
1.633174840540788
1.6413000885036775
1.649425336466567
1.6583006073183386
1.6650508133182775
1.6724260383922849
1.6781762138737144
1.6828013550218206
1.687051484725486
1.6896765648365732
1.6908015991698966
1.6904265877254554
1.6886765343180639
1.6851764275032808
1.6798012634662924
1.6743010956144901
1.6663008514664144
1.6590506302072208
1.6503003631702629
1.6413000885036775
1.63154979094821
1.6216744895779291
1.6106741538743248
1.601173863948485
1.590298532059694
1.5799232154301586
1.570172917874691
1.5600476088747826
1.55079732657857
1.539671987060152
1.5269215979491562
1.511921140171514
1.4949206213568529
1.4764200567644277
1.4570444654683066
1.4372938627277445
1.4199183324686422
1.4066679280983916
1.4006677449873348
1.4064179204687641
1.4276685689870905
1.4649197058015686
1.518296334727012
1.5910485549485762
1.6803012787255471
1.7838044373912778
1.899057954649495
2.012811426129948
2.111814447462386
2.1879417706839197
2.231193090609455
2.2441934873500777
2.2125675222022156
2.141440351573229
2.0423123264259773
1.9260587786492507
1.8060551164281138
1.6901765800958282
1.5869234290597247
1.4984207281716362
1.4312936796166877
1.387542344431898
1.3627915890987885
1.355416364024781
1.35979149754326
1.37404193243202
1.3949175695059055
1.4194183172093875
1.4451691030610065
1.4704198736533707
1.4934205755790888
1.5129211706900234
1.5277966246528518
1.5391719718008974
1.5501723075045015
1.557797540208136
1.56504776146733
1.5729230018005922
1.57929819635609
1.5866734214300973
1.594673665578173
1.6029239173558765
1.610549150059511
1.6199244361705374
1.6289247108371228
1.6380499893185219
1.647050263985107
1.6573005767998292
1.6681759086886196
1.677926206244087
1.6886765343180639
1.6983018280587177
1.708052125614185
1.7179274269844662
1.728302743614002
1.737428022095401
1.7465533005767997
1.755553575243385
1.7636788232062746
1.7715540635395368
1.778554277169103
1.784929471724601
1.7904296395764032
1.7953047883541369
1.7993049104281746
1.801554979094821
1.8034300363170261
1.8046800744651632
1.8056801049836726
1.8040550553910948
1.8019299905392623
1.8001799371318705
1.796054811243019
1.790929654835658
1.785679494613483
1.7794293038727989
1.771804071169164
1.76555388042848
1.7566786095767084
1.7486783654286326
1.739303079317606
1.7298027893917662
1.7205525070955536
1.7098021790215767
1.699676870021668
1.6895515610217597
1.6791762443922238
1.669300943021943
1.6599256569109164
1.6498003479110082
1.640675069429609
1.6317997985778374
1.623299539170507
1.6157993102816859
1.6079240699484236
1.6007988525040437
1.5945486617633595
1.5897985168004394
1.585298379467147
1.582048280281991
1.5801732230597858
1.5786731772820215
1.5785481734672078
1.5790481887264625
1.580923245948668
1.583298318430128
1.587298440504166
1.5916735740226449
1.5977987609485154
1.6045489669484543
1.6116741843928344
1.6196744285409101
1.6282996917630543
1.6361749320963164
1.6448001953184606
1.6531754509109775
1.660925687429426
1.6683009125034334
1.6746761070589313
1.680676290169988
1.685051423688467
1.6884265266884364
1.6904265877254554
1.6905515915402693
1.6896765648365732
1.6873014923551135
1.6831763664662618
1.6778012024292734
1.6709259926145208
1.6639257789849544
1.6550505081331828
1.6458002258369702
1.6372999664296397
1.627299661244545
1.6164243293557543
1.6059240089114046
1.5959237037263099
1.586048402356029
1.574923062837611
1.5656727805413984
1.5562974944303722
1.5457971739860226
1.5346718344676047
1.5207964110232857
1.5035458845789973
1.485795342875454
1.4676697897274698
1.4482941984313487
1.4294186223944823
1.4130431226538895
1.4021677907650991
1.4015427716910305
1.4141681569872129
1.4425440229499193
1.487420392468032
1.5501723075045015
1.6301747489852596
1.7254276558732873
1.8356810205389569
1.9515595568712425
2.0604378795739615
2.1505656300546283
2.211942503128147
2.240943388164922
2.2344431897946104
2.1829416180913723
2.0978140202032534
1.9899357280190435
1.8706820886867885
1.7513034455397198
1.639550035096286
1.5426720786156805
1.4641696829126867
1.4075429548020875
1.3731669057283242
1.3574164250618
1.3556663716544084
1.3655416730246894
1.38354222235786
1.4072929471724602
1.4316686910611285
1.458044495986816
1.4816702169866023
1.5035458845789973
1.5206714072084722
1.5337968077639088
1.5441721243934445
1.55317239906003
1.5604226203192237
1.5687978759117405
1.5754230780968657
1.5825482955412458
1.5901735282448806
1.5984237800225838
1.6067990356151007
1.61492428357799
1.6242995696890163
1.6334248481704154
1.6435501571703237
1.6521754203924681
1.6631757560960723
1.6721760307626576
1.6825513473921934
1.6929266640217293
1.702926969206824
1.7136772972808008
1.7231775872066408
1.7329278847621081
1.7415531479842525
1.7510534379100926
1.7593036896877956
1.7674289376506853
1.7751791741691336
1.7824293954283272
1.7883045747245705
1.7934297311319314
1.7971798455763421
1.8005549485763115
1.8034300363170261
1.8041800592059083
1.8050550859096042
1.8046800744651632
1.8033050325022126
1.801554979094821
1.7979298684652243
1.7936797387615588
1.7883045747245705
1.7826794030579547
1.776179204687643
1.7684289681691947
1.76080373546556
1.7521784722434155
1.7448032471694084
1.7348029419843134
1.7253026520584733
1.715177343058565
1.7051770378734703
1.695426740318003
1.6848014160588396
1.6744260994293039
1.6644257942442091
1.6548005005035553
1.645050202948088
1.6365499435407576
1.6275496688741722
1.6194244209112827
1.6112991729483932
1.6039239478743859
1.5976737571337016
1.591923581652272
1.5871734366893522
1.5841733451338236
1.580923245948668
1.5790481887264625
1.5785481734672078
1.5785481734672078
1.580048219244972
1.582048280281991
1.5851733756523332
1.5890484939115572
1.5941736503189183
1.6009238563188575
1.6082990813928648
1.6156743064668722
1.6246745811334575
1.6326748252815333
1.6398000427259134
1.649425336466567
1.6574255806146427
1.664925809503464
1.6720510269478437
1.677551194799646
1.683051362651448
1.686676473281045
1.6893015533921325
1.6911766106143375
1.6909266029847103
1.6886765343180639
1.6854264351329082
1.6803012787255471
1.6746761070589313
1.6681759086886196
1.6591756340220343
1.6515504013183995
1.6418001037629322
1.6319248023926511
1.6215494857631152
1.6109241615039522
1.601173863948485
1.590798547318949
1.5802982268745993
1.5709229407635732
1.5607976317636647
1.5510473342081972
1.540046998504593
1.5272966093935971
1.5121711478011413
1.4952956328012939
1.4776700949125645
1.4577944883571887
1.438293893246254
1.4204183477278969
1.4067929319132053
1.4004177373577074
1.4064179204687641
1.4270435499130223
1.4634196600238045
1.5174213080233163
1.5894235053559984
1.6778012024292734
1.7815543687246316
1.8963078707235939
2.010311349833674
2.109689382610553
2.187441755424665
2.2305680715353864
2.2440684835352642
2.2125675222022156
2.1429403973509933
2.0434373607593006
1.9281838435010834
1.807930173650319
1.6911766106143375
1.5870484328745385
1.4994207586901458
1.4317936948759424
1.3871673329874568
1.36216657002472
1.3549163487655262
1.3599165013580736
1.3741669362468338
1.395042573320719
1.420043336283456
1.445794122135075
1.4705448774681846
1.4934205755790888
1.51279616687521
1.5279216284676658
1.5397969908749656
1.5491722769859921
1.5584225592822047
1.56504776146733
1.5724229865413375
1.5791731925412764
1.5865484176152838
1.594298654133732
1.6027989135410627
1.6106741538743248
1.6196744285409101
1.62917471846675
1.638299996948149
1.647425275429548
1.6574255806146427
1.6686759239478743
1.6778012024292734
1.6881765190588092
1.6990518509475998
1.7085521408734399
1.7180524307992797
1.7286777550584431
1.7375530259102145
1.7459282815027315
1.7550535599841306
1.763928830835902
1.7709290444654684
1.778554277169103
1.7854294869838556
1.7906796472060307
1.794429761650441
1.7989298989837337
1.8019299905392623
1.8034300363170261
1.8041800592059083
1.8049300820947904
1.803930051576281
1.8018049867244483
1.8000549333170568
1.7973048493911556
1.7914296700949126
1.785679494613483
1.7796793115024263
1.7730541093173011
1.7645538499099704
1.7566786095767084
1.7488033692434461
1.739303079317606
1.7304278084658344
1.7198024842066715
1.710427198095645
1.6994268623920408
1.6904265877254554
1.6791762443922238
1.669300943021943
1.6584256111331521
1.6495503402813807
1.64105008087405
1.6317997985778374
1.6221745048371838
1.6147992797631765
1.607424054689169
1.6009238563188575
1.5945486617633595
1.5896735129856259
1.5851733756523332
1.5825482955412458
1.5797982116153446
1.5791731925412764
1.5771731315042574
1.580923245948668
1.5815482650227364
1.5835483260597554
1.5871734366893522
1.592298593096713
1.5981737723929563
1.6051739860225227
1.6115491805780204
1.6199244361705374
1.6281746879482406
1.6365499435407576
1.645050202948088
1.653800469985046
1.6613006988738672
1.668800927762688
1.6741760917996766
1.6809262977996156
1.6854264351329082
1.6881765190588092
1.6904265877254554
1.6891765495773186
1.6898015686513872
1.687051484725486
1.6828013550218206
1.6770511795403913
1.6706759849848933
1.6625507370220038
1.654550492873928
1.6461752372814111
1.6367999511703848
1.6242995696890163
1.6160493179113133
1.6066740318002868
1.5959237037263099
1.5849233680227057
1.5750480666524247
1.5660477919858395
1.5556724753563036
1.5456721701712088
1.5337968077639088
1.5196713766899625
1.5039208960234383
1.4859203466902677
1.4666697592089604
1.447294167912839
1.4280435804315317
1.4124181035798211
1.4021677907650991
1.401792779320658
1.4157932065797907
1.4440440687276832
1.4900454725791192
1.553547410504471
1.634299874874111
1.731427838984344
1.8418062074648274
1.958059755241554
2.065563035981323
2.154190740684225
2.2141925717947935
2.2399433576464127
2.2320681173131507
2.180191534165471
2.0933138828699605
1.9848105716116824
1.8648069093905455
1.7464282967619862
1.6352999053926207
1.5387969603564562
1.4610445875423446
1.405417889950255
1.3720418713950011
1.3565413983581043
1.356166386913663
1.3666667073580125
1.3841672414319286
1.4074179509872737
1.433043733024079
1.4589195226905116
1.4827952513199256
1.5042959074678794
1.5214214300973539
1.5344218268379772
1.5451721549119541
1.5542974333933532
1.5612976470229194
1.5692978911709952
1.5761731009857478
1.5831733146153144
1.590798547318949
1.5989237952818385
1.6072990508743554
1.6152992950224312
1.6246745811334575
1.6337998596148564
1.6433001495406965
1.6509253822443313
1.662925748466445
1.6728010498367258
1.6834263740958892
1.6933016754661703
1.704052003540147
1.7146773277993104
1.7238026062807095
1.733427900021363
1.7423031708731347
1.7526784875026704
1.7598037049470505
1.7684289681691947
1.7755541856135748
1.782554399243141
1.7888045899838252
1.7933047273171179
1.7978048646504103
1.800804956205939
1.8026800134281442
1.8043050630207222
1.804805078279977
1.8044300668355358
1.802805017242958
1.8019299905392623
1.7976798608355968
1.7939297463911863
1.7879295632801295
1.7824293954283272
1.7755541856135748
1.7684289681691947
1.7605537278359324
1.7523034760582294
1.7430531937620168
1.7340529190954315
1.7241776177251504
1.714427320169683
1.7045520187994019
1.6943017059846797
1.6838013855403302
1.673676076540422
1.6640507827997681
1.6544254890591144
1.6445501876888333
1.635549913022248
1.6277996765037996
1.616924344615009
1.6111741691335797
1.6037989440595721
1.5974237495040742
1.591923581652272
1.5875484481337934
1.5835483260597554
1.5807982421338542
1.57929819635609
1.5779231543931396
1.5787981810968352
1.5806732383190405
1.5821732840968048
1.5855483870967744
1.5894235053559984
1.5950486770226142
1.6024239020966218
1.6086740928373058
1.6162993255409406
1.6245495773186438
1.6312997833185827
1.6398000427259134
1.6500503555406356
1.6573005767998292
1.6651758171330913
1.6724260383922849
1.6778012024292734
1.6833013702810755
1.687051484725486
1.6891765495773186
1.6904265877254554
1.6906765953550829
1.6889265419476913
1.6849264198736535
1.6801762749107334
1.673551072725608
1.6666758629108556
1.6588006225775933
1.6504253669850764
1.6409250770592365
1.63154979094821
1.6214244819483017
1.6106741538743248
1.6005488448744163
1.5901735282448806
1.5794232001709037
1.5696729026154363
1.5604226203192237
1.5502973113193153
1.5391719718008974
1.526671590319529
1.510796105838191
1.4941705984679707
1.4755450300607318
1.4564194463942381
1.4367938474684896
1.4189183019501328
1.405792901394696
1.4002927335428939
1.406917935728019
1.4289186071352276
1.4667947630237739
1.522171452986236
1.5954236884670552
1.6856764427625355
1.7895546128727073
1.9049331339457383
2.018686605426191
2.1165645924253056
2.1908168584246344
2.2323181249427777
2.243443464461196
2.2090674153874326
2.136690206610309
2.035812128055666
1.919183568834498
1.7991799066133611
1.6838013855403302
1.5804232306894133
1.4940455946531572
1.4276685689870905
1.3850422681356243
1.361416547135838
1.3541663258766443
1.3602915128025146
1.3757919858394116
1.3971676381725515
1.421168370616779
1.4469191564683983
1.4721699270607624
1.4949206213568529
1.5141712088381603
1.5287966551713614
1.5405470137638477
1.5500473036896878
1.5581725516525773
1.5652977690969574
1.5731730094302194
1.5795482039857174
1.5871734366893522
1.5955486922818691
1.6020488906521806
1.611424176763207
1.6201744438001648
1.629674733726005
1.63867500839259
1.6480502945036166
1.6579255958738974
1.6683009125034334
1.6780512100589007
1.6888015381328776
1.699301858577227
1.7095521713919493
1.7191774651326028
1.7289277626880704
1.7384280526139104
1.7468033082064272
1.7560535905026398
1.7649288613544114
1.7715540635395368
1.7793043000579851
1.785679494613483
1.7905546433912167
1.7963048188726465
1.7991799066133611
1.801554979094821
1.803930051576281
1.8049300820947904
1.8049300820947904
1.8040550553910948
1.8021799981688895
1.7996799218726158
1.7954297921689504
1.7904296395764032
1.7848044679097874
1.778554277169103
1.771804071169164
1.7641788384655293
1.7560535905026398
1.7479283425397505
1.7381780449842832
1.729052766502884
1.7193024689474166
1.708802148503067
1.6986768395031586
1.689051545762505
1.6780512100589007
1.6678008972441787
1.658550614947966
1.6489253212073123
1.639550035096286
1.6309247718741418
1.6221745048371838
1.6147992797631765
1.6067990356151007
1.6005488448744163
1.5940486465041048
1.5894235053559984
1.585298379467147
1.5819232764671776
1.5795482039857174
1.5784231696523943
1.5785481734672078
1.5791731925412764
1.5811732535782954
1.58404834131901
1.5875484481337934
1.592423596911527
1.5985487838373975
1.606174016541032
1.6127992187261575
1.621299478133488
1.62917471846675
1.637549974059267
1.645925229651784
1.6546754966887418
1.6623007293923764
1.669300943021943
1.6759261452070682
1.6800512710959197
1.6855514389477217
1.6889265419476913
1.690301583910642
1.6909266029847103
1.6896765648365732
1.6865514694662314
1.6831763664662618
1.6765511642811366
1.6698009582811977
1.6625507370220038
1.6546754966887418
1.6454252143925292
1.6360499282815029
1.6257996154667806
1.6157993102816859
1.6047989745780817
1.5945486617633595
1.5846733603930783
1.5734230170598467
1.5647977538377027
1.5550474562822352
1.5452971587267679
1.5324217658009582
1.5187963499862667
1.5030458693197426
1.4844203009125034
1.4650447096163823
1.4459191259498887
1.4274185613574633
1.4112930692464982
1.401792779320658
1.4021677907650991
1.4166682332834866
1.4471691640980255
1.4940455946531572
1.557797540208136
1.6401750541703544
1.738553056428724
1.8498064516129031
1.9659349955748162
2.0723132419812615
2.1591908932767723
2.2170676595355086
2.2426934415723134
2.2306930753502
2.175941404461806
2.0869386883144627
1.9760603045747245
1.856181646168401
1.737803033539842
1.6282996917630543
1.532921781060213
1.4559194311349835
1.4026678060243538
1.3710418408764915
1.3560413830988496
1.3565413983581043
1.3675417340617084
1.3860422986541339
1.4090430005798518
1.4349187902462845
1.4602945646534624
1.4844203009125034
1.5056709494308298
1.521796441541795
1.5347968382824184
1.5454221625415814
1.5545474410229805
1.561922666096988
1.5686728720969267
1.5762981048005615
1.5830483108005005
1.5900485244300668
1.5992988067262794
1.6076740623187964
1.616549333170568
1.624924588763085
1.634299874874111
1.6434251533555102
1.6541754814294871
1.663300759910886
1.6738010803552354
1.683926389355144
1.6950517288735618
1.7045520187994019
1.7145523239844966
1.7240526139103367
1.7335529038361768
1.7429281899472029
1.7521784722434155
1.7606787316507462
1.7686789757988222
1.775429181798761
1.782554399243141
1.7879295632801295
1.7930547196874904
1.7970548417615282
1.8009299600207527
1.8025550096133305
1.803930051576281
1.8053050935392316
1.8040550553910948
1.8021799981688895
1.8010549638355662
1.7976798608355968
1.7933047273171179
1.7879295632801295
1.782554399243141
1.7756791894283883
1.7685539719840082
1.7600537125766778
1.7516784569841608
1.7429281899472029
1.733427900021363
1.7244276253547777
1.7140523087252417
1.703676992095706
1.693801690725425
1.6836763817255165
1.6729260536515398
1.663300759910886
1.6539254737998597
1.6440501724295786
1.6350498977629933
1.6270496536149175
1.6182993865779596
1.6107991576891385
1.6036739402447586
1.5972987456892607
1.5912985625782037
1.5871734366893522
1.5830483108005005
1.580923245948668
1.578923184911649
1.578923184911649
1.5787981810968352
1.5794232001709037
1.5824232917264323
1.5855483870967744
1.5896735129856259
1.5955486922818691
1.6015488753929257
1.6087990966521197
1.616924344615009
1.6247995849482713
1.6330498367259743
1.6415500961333047
1.6496753440961944
1.658550614947966
1.6656758323923462
1.6723010345774711
1.6789262367625966
1.684301400799585
1.6873014923551135
1.6898015686513872
1.6909266029847103
1.690301583910642
1.689051545762505
1.6848014160588396
1.6800512710959197
1.673676076540422
1.666425855281228
1.6586756187627796
1.6500503555406356
1.6409250770592365
1.6312997833185827
1.6204244514297923
1.6102991424298836
1.5996738181707206
1.5895485091708121
1.579673207800531
1.569422894985809
1.5600476088747826
1.5499222998748743
1.5386719565416427
1.525796563615833
1.510796105838191
1.49379558702353
1.4744199957274087
1.456169438764611
1.4356688131351665
1.4182932828760644
1.4052928861354412
1.4004177373577074
1.4071679433576463
1.4296686300241095
1.4682948088015382
1.5240465102084415
1.5981737723929563
1.6885515305032504
1.7936797387615588
1.9084332407605211
2.021811700796533
2.119564683980834
2.19269191564684
2.233818170720542
2.2439434797204507
2.2073173619800412
2.1329400921658985
2.0324370250556965
1.9155584582049012
1.7950547807245094
1.6800512710959197
1.57692312387463
1.4910455030976288
1.4261685232093266
1.383167210913419
1.3619165623950926
1.3545413373210853
1.3607915280617695
1.3766670125431073
1.3977926572466202
1.4225434125797296
1.448919217505417
1.4740449842829677
1.496045655690176
1.5152962431714836
1.528171636097293
1.5399219946897795
1.5500473036896878
1.55792254402295
1.5655477767265848
1.5729230018005922
1.579673207800531
1.5874234443189794
1.594673665578173
1.6039239478743859
1.612174199652089
1.620924466689047
1.6295497299111912
1.6391750236518448
1.6483003021332439
1.6580505996887114
1.6689259315775018
1.6789262367625966
1.6893015533921325
1.6991768547624133
1.7096771752067628
1.7198024842066715
1.7299277932065797
1.7375530259102145
1.7468033082064272
1.756428601947081
1.7656788842432936
1.7729291055024872
1.7790542924283579
1.7860545060579243
1.7911796624652854
1.7950547807245094
1.7990549027985472
1.802805017242958
1.803180028687399
1.8041800592059083
1.8049300820947904
1.80355504013184
1.8020549943540758
1.799554918057802
1.7956797997985778
1.7905546433912167
1.7853044831690421
1.7784292733542895
1.7709290444654684
1.7640538346507157
1.7556785790581988
1.7475533310953093
1.7381780449842832
1.728302743614002
1.7194274727622303
1.7084271370586261
1.6986768395031586
1.6885515305032504
1.6778012024292734
1.6679259010589922
1.6586756187627796
1.6486753135776848
1.6389250160222175
1.6305497604297006
1.6225495162816248
1.614549272133549
1.6069240394299142
1.5996738181707206
1.5945486617633595
1.5891734977263712
1.5847983642078922
1.582048280281991
1.5797982116153446
1.5786731772820215
1.5785481734672078
1.578923184911649
1.5807982421338542
1.5837983336893826
1.5875484481337934
1.5925486007263405
1.5985487838373975
1.60542399365215
1.6126742149113438
1.6205494552446058
1.62917471846675
1.6377999816888944
1.6463002410962249
1.654550492873928
1.6623007293923764
1.6684259163182469
1.6758011413922544
1.6814263130588702
1.6860514542069764
1.6886765343180639
1.6904265877254554
1.6911766106143375
1.6893015533921325
1.6864264656514176
1.6824263435773796
1.6766761680959503
1.669300943021943
1.662800744651631
1.6543004852443006
1.645925229651784
1.635924924466689
1.6255496078371532
1.6164243293557543
1.6049239783928952
1.5945486617633595
1.58404834131901
1.5739230323191016
1.5645477462080752
1.5550474562822352
1.544422132023072
1.5324217658009582
1.5191713614307079
1.502420850245674
1.48429529709769
1.4650447096163823
1.4460441297647022
1.427543565172277
1.4114180730613117
1.4015427716910305
1.4021677907650991
1.4169182409131138
1.4471691640980255
1.496045655690176
1.5596725974303416
1.6420501113925596
1.740178106021302
1.8520565202795496
1.967560045167394
2.074938322092349
2.1605659352397226
2.2178176824243905
2.2425684377575
2.2300680562761315
2.1739413434247874
2.084438612018189
1.9738102359080785
1.8540565813165686
1.7355529648731955
1.6259246192815942
1.5312967314676351
1.4555444196905423
1.401417767876217
1.3700418103579821
1.3559163792840356
1.3565413983581043
1.3676667378765222
1.38591729483932
1.4099180272835474
1.4360438245796074
1.4606695760979034
1.4844203009125034
1.5061709646900845
1.52229645680105
1.5354218573564866
1.5456721701712088
1.5541724295785393
1.561922666096988
1.5686728720969267
1.5761731009857478
1.5841733451338236
1.5912985625782037
1.5994238105410932
1.6079240699484236
1.6160493179113133
1.6259246192815942
1.6345498825037386
1.6441751762443924
1.6536754661702324
1.6639257789849544
1.6743010956144901
1.6844264046143986
1.6941767021698662
1.7048020264290291
1.7145523239844966
1.7241776177251504
1.7339279152806177
1.743303201391644
1.7515534531693473
1.760428724021119
1.7685539719840082
1.775429181798761
1.7828044068727684
1.7886795861690117
1.7939297463911863
1.7978048646504103
1.8013049714651936
1.8029300210577714
1.8043050630207222
1.8050550859096042
1.8044300668355358
1.8030550248725852
1.8006799523911254
1.7976798608355968
1.7931797235023041
1.7883045747245705
1.7820543839838863
1.775804193243202
1.7673039338358714
1.7603037202063052
1.7518034607989748
1.7429281899472029
1.7335529038361768
1.724302621539964
1.7141773125400557
1.703676992095706
1.6936766869106112
1.6833013702810755
1.6729260536515398
1.663300759910886
1.6535504623554185
1.6441751762443924
1.6349248939481797
1.6266746421704763
1.6180493789483323
1.6110491653187657
1.6035489364299447
1.597173741874447
1.5917985778374584
1.5870484328745385
1.5839233375041963
1.5810482497634815
1.5787981810968352
1.5787981810968352
1.5791731925412764
1.5801732230597858
1.5825482955412458
1.5856733909115879
1.5894235053559984
1.5952986846522417
1.6017988830225531
1.609049104281747
1.616549333170568
1.6244245735038303
1.6329248329111608
1.6411750846888638
1.6499253517258217
1.6580505996887114
1.666425855281228
1.6724260383922849
1.678676229132969
1.6841763969847714
1.6874264961699272
1.689426557206946
1.6905515915402693
1.6900515762810144
1.6885515305032504
1.6848014160588396
1.6801762749107334
1.673676076540422
1.6663008514664144
1.6591756340220343
1.6496753440961944
1.640300057985168
1.631674794763024
1.6210494705038605
1.610549150059511
1.6000488296151616
1.5897985168004394
1.5790481887264625
1.5690478835413677
1.559797601245155
1.5497972960600603
1.5386719565416427
1.525796563615833
1.5106711020233772
1.4934205755790888
1.4747950071718496
1.4555444196905423
1.4352938016907255
1.4185432905056918
1.4055428937650685
1.4005427411725213
1.4076679586169012
1.4302936490981781
1.4687948240607929
1.5247965330973237
1.5985487838373975
1.689051545762505
1.7941797540208135
1.9096832789086582
2.022561723685415
2.12043971068453
2.193066927091281
2.2336931669057285
2.2428184453871274
2.205817316202277
2.133190099795526
2.031687002166814
1.914433423871578
1.7938047425763726
1.678676229132969
1.5760480971709343
1.4906704916531877
1.4259185155796992
1.3832922147282327
1.3610415356913967
1.3546663411358988
1.3611665395062105
1.3766670125431073
1.3976676534318064
1.4221684011352886
1.4479191869869077
1.4736699728385265
1.495670644245735
1.515796258430738
1.5290466628009889
1.5405470137638477
1.5506723227637564
1.5587975707266457
1.5655477767265848
1.5729230018005922
1.5805482345042268
1.587298440504166
1.5957986999114964
1.6037989440595721
1.6124242072817165
1.620924466689047
1.6299247413556321
1.6393000274666587
1.6488003173924985
1.658550614947966
1.6689259315775018
1.6800512710959197
1.6895515610217597
1.699676870021668
1.7099271828363902
1.7201774956511124
1.7289277626880704
1.7383030487990967
1.748053346354564
1.7563035981322672
1.7644288460951567
1.77267909787286
1.7796793115024263
1.78692953276162
1.7914296700949126
1.7959298074282053
1.7991799066133611
1.8016799829096348
1.8038050477614673
1.805180089724418
1.804805078279977
1.8040550553910948
1.8018049867244483
1.7994299142429884
1.7951797845393231
1.7908046510208442
1.7846794640949737
1.7789292886135442
1.7716790673543503
1.7641788384655293
1.7559285866878263
1.7474283272804958
1.7375530259102145
1.7293027741325113
1.7193024689474166
1.709177159947508
1.6985518356883451
1.6880515152439954
1.6781762138737144
1.6675508896145512
1.657800592059084
1.6489253212073123
1.6391750236518448
1.6305497604297006
1.6221745048371838
1.614549272133549
1.6072990508743554
1.5996738181707206
1.5944236579485458
1.5886734824671163
1.5850483718375195
1.58167326883755
1.5797982116153446
1.5784231696523943
1.5786731772820215
1.5790481887264625
1.5801732230597858
1.5841733451338236
1.588423474837489
1.5926736045411543
1.5990487990966522
1.6052989898373364
1.6129242225409712
1.620924466689047
1.62917471846675
1.6377999816888944
1.6464252449110386
1.654550492873928
1.6624257332071901
1.6686759239478743
1.6761761528366956
1.6813013092440567
1.6854264351329082
1.6886765343180639
1.6908015991698966
1.6909266029847103
1.6893015533921325
1.686301461836604
1.6821763359477524
1.6761761528366956
1.6694259468367565
1.662800744651631
1.6541754814294871
1.6455502182073427
1.635924924466689
1.6255496078371532
1.6151742912076175
1.605048982207709
1.5945486617633595
1.5831733146153144
1.5740480361339153
1.5645477462080752
1.5549224524674214
1.5446721396526994
1.5322967619861447
1.5184213385418257
1.5019208349864193
1.48429529709769
1.465169713431196
1.445419110690634
1.4266685384685813
1.4111680654316843
1.401792779320658
1.4022927945799126
1.417168248542741
1.4471691640980255
1.4950456251716666
1.5600476088747826
1.6421751152073734
1.7404281136509292
1.8513064973906674
1.9673100375377666
2.0745633106479078
2.1608159428693505
2.2173176671651356
2.2429434492019413
2.2301930600909454
2.1741913510544144
2.084563615833003
1.9740602435377057
1.8546816003906368
1.7364279915768914
1.6259246192815942
1.5311717276528216
1.4551694082461013
1.4020427869502854
1.3697918027283549
1.3562913907284768
1.3565413983581043
1.3675417340617084
1.3860422986541339
1.4095430158391065
1.4352938016907255
1.4606695760979034
1.4847953123569444
1.5057959532456433
1.522171452986236
1.5354218573564866
1.5459221778008363
1.5544224372081668
1.5621726737266153
1.5695478988006226
1.5766731162450025
1.5841733451338236
1.5910485549485762
1.5994238105410932
1.6079240699484236
1.6161743217261269
1.625299600207526
1.6340498672444839
1.6438001647999512
1.6533004547257912
1.6640507827997681
1.6733010650959808
1.6840513931699574
1.6950517288735618
1.7048020264290291
1.7140523087252417
1.7241776177251504
1.7339279152806177
1.7430531937620168
1.7516784569841608
1.7605537278359324
1.7685539719840082
1.775804193243202
1.782929410687582
1.7885545823541977
1.7934297311319314
1.7970548417615282
1.8010549638355662
1.8033050325022126
1.804805078279977
1.8046800744651632
1.8043050630207222
1.803180028687399
1.8009299600207527
1.797554857020783
1.7939297463911863
1.7883045747245705
1.7821793877986998
1.7751791741691336
1.7681789605395672
1.7601787163914915
1.7525534836878567
1.7429281899472029
1.7336779076509903
1.7244276253547777
1.7139273049104282
1.704052003540147
1.6936766869106112
1.6835513779107028
1.673176061281167
1.663300759910886
1.653800469985046
1.6443001800592059
1.6350498977629933
1.6265496383556628
1.6195494247260964
1.610549150059511
1.6036739402447586
1.5972987456892607
1.5911735587633902
1.5876734519486069
1.5834233222449416
1.5804232306894133
1.578923184911649
1.5784231696523943
1.578923184911649
1.5799232154301586
1.582048280281991
1.5857983947264016
1.590298532059694
1.5954236884670552
1.6014238715781122
1.6082990813928648
1.616549333170568
1.624924588763085
1.6327998290963468
1.64105008087405
1.6500503555406356
1.657800592059084
1.6659258400219734
1.6729260536515398
1.6785512253181556
1.683926389355144
1.6873014923551135
1.6896765648365732
1.691051606799524
1.690301583910642
1.6880515152439954
1.6854264351329082
1.6800512710959197
1.6739260841700492
1.6663008514664144
1.6588006225775933
1.6496753440961944
1.6405500656147955
1.6314247871333964
1.6210494705038605
1.6106741538743248
1.5999238258003479
1.5897985168004394
1.5791731925412764
1.5696729026154363
1.5596725974303416
1.5497972960600603
1.53892196417127
1.525796563615833
1.5106711020233772
1.4934205755790888
1.4751700186162908
1.455669423505356
1.436293832209235
1.418043275246437
1.405792901394696
1.4009177526169623
1.4072929471724602
1.4300436414685507
1.4687948240607929
1.5245465254676962
1.5976737571337016
1.688301522873623
1.7934297311319314
1.908933256019776
2.0220617084261607
2.119439680166021
2.1928169194616536
2.233193151646474
2.2425684377575
2.207692373424482
2.134815149388104
2.031812005981628
1.915308450575274
1.7950547807245094
1.6796762596514787
1.57692312387463
1.490920499282815
1.4256685079500717
1.3834172185430464
1.3610415356913967
1.35504135258034
1.3606665242469558
1.3759169896542252
1.3984176763206884
1.4221684011352886
1.448169194616535
1.4725449385052034
1.4954206366161078
1.5150462355418564
1.5291716666158026
1.5407970213934752
1.55079732657857
1.5585475630970183
1.565422772911771
1.5724229865413375
1.5804232306894133
1.5875484481337934
1.595173680837428
1.6036739402447586
1.6120491958372754
1.6207994628742333
1.6299247413556321
1.6398000427259134
1.6485503097628713
1.658925626392407
1.6689259315775018
1.6790512405774103
1.6899265724662007
1.700176885280923
1.710052186651204
1.719552476577044
1.7291777703176978
1.7388030640583514
1.7475533310953093
1.7561785943174535
1.7645538499099704
1.772304086428419
1.7794293038727989
1.785679494613483
1.7910546586504716
1.7959298074282053
1.7994299142429884
1.8024300057985168
1.803180028687399
1.8054300973540451
1.804805078279977
1.8045550706503495
1.8024300057985168
1.7993049104281746
1.7953047883541369
1.7901796319467758
1.7846794640949737
1.7788042847987304
1.7715540635395368
1.763928830835902
1.7559285866878263
1.7471783196508683
1.7379280373546557
1.7293027741325113
1.7190524613177893
1.7090521561326946
1.6983018280587177
1.6885515305032504
1.677551194799646
1.6675508896145512
1.6583006073183386
1.6486753135776848
1.6394250312814722
1.6301747489852596
1.6224245124668113
1.614174260689108
1.6064240241706595
1.5999238258003479
1.595173680837428
1.5891734977263712
1.5847983642078922
1.582048280281991
1.5795482039857174
1.5786731772820215
1.5785481734672078
1.5799232154301586
1.580923245948668
1.5845483565782648
1.5881734672078616
1.5926736045411543
1.5985487838373975
1.6056740012817774
1.6127992187261575
1.6214244819483017
1.6297997375408186
1.637549974059267
1.6460502334665976
1.6550505081331828
1.6626757408368176
1.6690509353923155
1.6758011413922544
1.6816763206884975
1.6853014313180945
1.6891765495773186
1.6906765953550829
1.6908015991698966
1.6896765648365732
1.6860514542069764
1.6825513473921934
1.6763011566515091
1.6698009582811977
1.6624257332071901
1.6540504776146734
1.6449251991332745
1.6354249092074344
1.6255496078371532
1.6152992950224312
1.6046739707632678
1.5945486617633595
1.5834233222449416
1.5735480208746606
1.5640477309488205
1.5549224524674214
1.5442971282082585
1.5321717581713308
1.5180463270973845
1.5015458235419783
1.4837952818384352
1.465169713431196
1.4446690878017519
1.4265435346537676
1.4102930387279886
1.401042756431776
1.4024177983947264
1.418043275246437
1.4485442060609761
1.4964206671346172
1.561922666096988
1.644675191503647
1.7431781975768303
1.855056611835078
1.9713101596118046
2.0766883754997405
2.162440992461928
2.2188177129429
2.2433184606463823
2.2284430066835537
2.171566270943327
2.0814385204626604
1.9705601367229226
1.8505564745017853
1.7320528580584125
1.622924527726066
1.528546647541734
1.4535443586535233
1.4006677449873348
1.3691667836542862
1.356166386913663
1.3567914059877317
1.3681667531357768
1.3869173253578295
1.4107930539872433
1.435918820764794
1.4617946104312267
1.4856703390606403
1.5060459608752708
1.5230464796899321
1.5351718497268594
1.5459221778008363
1.5549224524674214
1.562297677541429
1.569422894985809
1.5764231086153753
1.5839233375041963
1.5912985625782037
1.5992988067262794
1.6079240699484236
1.6167993408001955
1.6254246040223395
1.6347998901333658
1.6445501876888333
1.6539254737998597
1.6640507827997681
1.6734260689107945
1.6849264198736535
1.6946767174291208
1.704927030243843
1.7149273354289376
1.7245526291695914
1.7339279152806177
1.7434282052064578
1.7523034760582294
1.760428724021119
1.7688039796136357
1.7764292123172705
1.7818043763542588
1.7885545823541977
1.7938047425763726
1.7978048646504103
1.8010549638355662
1.8034300363170261
1.8044300668355358
1.8049300820947904
1.8043050630207222
1.8026800134281442
1.8005549485763115
1.7974298532059694
1.7928047120578632
1.7873045442060609
1.7819293801690725
1.775429181798761
1.7671789300210579
1.7600537125766778
1.7509284340952787
1.742553178502762
1.733052888576922
1.723927610095523
1.7139273049104282
1.7034269844660788
1.6929266640217293
1.6829263588366346
1.6729260536515398
1.6630507522812585
1.6536754661702324
1.6441751762443924
1.6345498825037386
1.6266746421704763
1.6181743827631458
1.61017413861507
1.602673909726249
1.5969237342448195
1.5912985625782037
1.5867984252449112
1.5830483108005005
1.5807982421338542
1.5797982116153446
1.5782981658375803
1.578923184911649
1.5799232154301586
1.5824232917264323
1.5856733909115879
1.5900485244300668
1.5950486770226142
1.6022988982818078
1.609424115726188
1.616549333170568
1.6247995849482713
1.6337998596148564
1.6421751152073734
1.6505503707998903
1.6583006073183386
1.666050843836787
1.6724260383922849
1.678676229132969
1.683926389355144
1.6874264961699272
1.6900515762810144
1.6909266029847103
1.6899265724662007
1.6875514999847407
1.684676412244026
1.6800512710959197
1.6729260536515398
1.6663008514664144
1.6579255958738974
1.6495503402813807
1.639550035096286
1.6302997528000733
1.6204244514297923
1.609799127170629
1.599548814355907
1.5890484939115572
1.5780481582079533
1.5682978606524856
1.5596725974303416
1.5496722922452468
1.5381719412823878
1.5255465559862058
1.5099210791344952
1.4931705679494613
1.4740449842829677
1.4546693929868466
1.435043794061098
1.4182932828760644
1.4047928708761863
1.4006677449873348
1.408542985320597
1.4310436719870603
1.4706698812829981
1.5275466170232246
1.602673909726249
1.693426679280984
1.7994299142429884
1.914933439130833
2.027186864833521
2.124189825128941
2.1956920072023682
2.2345681936094244
2.2423184301278725
2.2041922666096987
2.128439954832606
2.025186803796503
1.908558244575335
1.7885545823541977
1.6739260841700492
1.5726729941709647
1.4876704000976593
1.4234184392834255
1.3821671803949096
1.360541520432142
1.35504135258034
1.3615415509506514
1.377292031617176
1.3989176915799433
1.4230434278389843
1.4495442365794855
1.473919980468154
1.4970456862086856
1.5156712546159246
1.5297966856898708
1.5407970213934752
1.5505473189489425
1.559047578356273
1.566172795800653
1.5729230018005922
1.5802982268745993
1.5877984557634206
1.5961737113559373
1.6039239478743859
1.6124242072817165
1.6214244819483017
1.6294247260963775
1.6405500656147955
1.6489253212073123
1.6594256416516617
1.6694259468367565
1.6796762596514787
1.690301583910642
1.700176885280923
1.710427198095645
1.719927488021485
1.7289277626880704
1.7388030640583514
1.7481783501693777
1.7570536210211494
1.7651788689840389
1.7730541093173011
1.7793043000579851
1.7861795098727378
1.79167967772454
1.7958048036133916
1.7994299142429884
1.8019299905392623
1.8036800439466536
1.8049300820947904
1.805180089724418
1.8036800439466536
1.8018049867244483
1.7989298989837337
1.7951797845393231
1.7906796472060307
1.7841794488357188
1.7788042847987304
1.771429059724723
1.7631788079470199
1.7554285714285716
1.7473033234656818
1.7379280373546557
1.7284277474288157
1.7189274575029754
1.7086771446882534
1.698176824243904
1.6878015076143682
1.677926206244087
1.66717587817011
1.6579255958738974
1.6485503097628713
1.6389250160222175
1.630424756614887
1.6224245124668113
1.6139242530594806
1.6069240394299142
1.6000488296151616
1.5944236579485458
1.5890484939115572
1.5849233680227057
1.58167326883755
1.5797982116153446
1.5785481734672078
1.5785481734672078
1.5795482039857174
1.5810482497634815
1.5845483565782648
1.588048463393048
1.5925486007263405
1.598798791467025
1.605048982207709
1.6127992187261575
1.620924466689047
1.6295497299111912
1.637549974059267
1.6460502334665976
1.654550492873928
1.6623007293923764
1.669175939207129
1.6760511490218817
1.6810513016144293
1.685926450392163
1.6889265419476913
1.6906765953550829
1.691426618243965
1.6893015533921325
1.6874264961699272
1.6823013397625661
1.6765511642811366
1.6699259620960112
1.6625507370220038
1.6536754661702324
1.6451752067629017
1.635549913022248
1.6255496078371532
1.6154242988372447
1.6046739707632678
1.5944236579485458
1.5839233375041963
1.5740480361339153
1.5636727195043794
1.554797448652608
1.544047120578631
1.5320467543565173
1.517796319467757
1.502045838801233
1.4831702627643666
1.4647947019867549
1.445794122135075
1.4264185308389539
1.4104180425428021
1.4020427869502854
1.40254280220954
1.4175432599871822
1.447794183172094
1.4961706595049897
1.5616726584673606
1.6441751762443924
1.7429281899472029
1.8548066042054507
1.9704351329081087
2.0769383831293684
2.1628160039063693
2.218317697683645
2.2430684530167544
2.228693014313181
2.172066286202582
2.081688528092288
1.9700601214636677
1.8503064668721578
1.7318028504287852
1.6230495315408795
1.5297966856898708
1.4530443433942688
1.4004177373577074
1.3691667836542862
1.3564163945432905
1.3562913907284768
1.3681667531357768
1.3867923215430158
1.4099180272835474
1.4356688131351665
1.462044618060854
1.4855453352458265
1.5062959685048982
1.5229214758751182
1.5360468764305553
1.54604718161565
1.5552974639118626
1.5631727042451247
1.5696729026154363
1.5767981200598165
1.5842983489486373
1.5914235663930174
1.5994238105410932
1.6076740623187964
1.6171743522446362
1.625674611651967
1.6347998901333658
1.643925168614765
1.6540504776146734
1.6640507827997681
1.6743010956144901
1.6845514084292124
1.6950517288735618
1.7055520493179113
1.7148023316141239
1.7248026367992186
1.7344279305398724
1.744553239539781
1.752053468428602
1.7606787316507462
1.7686789757988222
1.7764292123172705
1.7828044068727684
1.788929593798639
1.7936797387615588
1.7979298684652243
1.8005549485763115
1.803180028687399
1.8043050630207222
1.8050550859096042
1.8040550553910948
1.8030550248725852
1.800804956205939
1.7968048341319012
1.7933047273171179
1.7881795709097568
1.7814293649098176
1.775429181798761
1.7676789452803126
1.7594286935026096
1.7510534379100926
1.741678151799066
1.7331778923917356
1.7238026062807095
1.7136772972808008
1.7035519882808923
1.6930516678365428
1.682676351207007
1.6726760460219123
1.6623007293923764
1.653425458540605
1.6434251533555102
1.634424878688925
1.6265496383556628
1.6180493789483323
1.6107991576891385
1.60304892117069
1.5969237342448195
1.5915485702078311
1.5867984252449112
1.5835483260597554
1.580048219244972
1.5794232001709037
1.5781731620227668
1.5786731772820215
1.5802982268745993
1.5819232764671776
1.586048402356029
1.5897985168004394
1.5955486922818691
1.6022988982818078
1.6100491348002564
1.6167993408001955
1.624924588763085
1.6339248634296701
1.641925107577746
1.6503003631702629
1.658925626392407
1.6666758629108556
1.6724260383922849
1.6794262520218513
1.6844264046143986
1.6876765037995543
1.6896765648365732
1.6909266029847103
1.6900515762810144
1.6881765190588092
1.6844264046143986
1.6796762596514787
1.673551072725608
1.666050843836787
1.658550614947966
1.6498003479110082
1.6401750541703544
1.6306747642445143
1.6206744590594195
1.6092991119113744
1.5997988219855341
1.5895485091708121
1.578923184911649
1.5690478835413677
1.5589225745414594
1.5489222693563647
1.538046937467574
1.525796563615833
1.5101710867641225
1.4927955565050204
1.4741699880977814
1.4554194158757288
1.4357938169499802
1.4177932676168097
1.4047928708761863
1.4001677297280801
1.4081679738761559
1.430668660542619
1.4696698507644885
1.5264215826899015
1.6009238563188575
1.6916766258735922
1.7971798455763421
1.9125583666493728
2.0260618305001987
2.1228147831659903
2.194316965239418
2.2340681783501695
2.2425684377575
2.2050672933133946
2.1303150120548113
2.028186895352031
1.9120583513901181
1.7911796624652854
1.6761761528366956
1.5744230475783563
1.4886704306161689
1.4242934659871211
1.382292184209723
1.3610415356913967
1.3545413373210853
1.3609165318765832
1.376792016357921
1.397417645802179
1.423543443098239
1.4491692251350443
1.4731699575792718
1.4967956785790582
1.514796227912229
1.5295466780602436
1.5411720328379164
1.5509223303933837
1.5589225745414594
1.5656727805413984
1.5731730094302194
1.5805482345042268
1.5875484481337934
1.5956736960966826
1.6036739402447586
1.6119241920224616
1.6207994628742333
1.6297997375408186
1.639925046540727
1.6491753288369395
1.658925626392407
1.669300943021943
1.6790512405774103
1.689051545762505
1.6995518662068545
1.7105522019104589
1.7198024842066715
1.729427777947325
1.7390530716879788
1.748053346354564
1.7569286172063356
1.7649288613544114
1.7720540787987915
1.7794293038727989
1.785679494613483
1.7918046815393536
1.7956797997985778
1.7993049104281746
1.8023050019837032
1.8034300363170261
1.804805078279977
1.8044300668355358
1.80355504013184
1.8018049867244483
1.7989298989837337
1.7953047883541369
1.7901796319467758
1.7846794640949737
1.7783042695394757
1.7715540635395368
1.7638038270210883
1.755553575243385
1.7469283120212409
1.7375530259102145
1.7286777550584431
1.7191774651326028
1.709177159947508
1.6984268318735312
1.6889265419476913
1.6784262215033416
1.668050904873806
1.6584256111331521
1.6481752983184301
1.6389250160222175
1.6305497604297006
1.6222995086519973
1.614549272133549
1.6069240394299142
1.6002988372447888
1.5945486617633595
1.5891734977263712
1.5851733756523332
1.5819232764671776
1.5801732230597858
1.5782981658375803
1.5785481734672078
1.579673207800531
1.5802982268745993
1.5842983489486373
1.587923459578234
1.5925486007263405
1.598673787652211
1.60542399365215
1.6124242072817165
1.6204244514297923
1.6286747032074953
1.6377999816888944
1.6460502334665976
1.6544254890591144
1.6624257332071901
1.6690509353923155
1.6754261299478135
1.6810513016144293
1.686301461836604
1.6886765343180639
1.690301583910642
1.6906765953550829
1.6891765495773186
1.6864264656514176
1.6828013550218206
1.6770511795403913
1.670050965910825
1.662800744651631
1.6540504776146734
1.6454252143925292
1.6360499282815029
1.6254246040223395
1.6159243140964994
1.60542399365215
1.594673665578173
1.5845483565782648
1.5737980285042878
1.5645477462080752
1.5550474562822352
1.544422132023072
1.5326717734305857
1.5185463423566392
1.5025458540604877
1.484545304727317
1.4657947325052645
1.4460441297647022
1.427543565172277
1.4116680806909392
1.401417767876217
1.4021677907650991
1.416418225653859
1.4466691488387708
1.4934205755790888
1.558297555467391
1.639925046540727
1.7371780144657736
1.8490564287240212
1.9646849574266794
2.0729382610553304
2.1589408856471453
2.2170676595355086
2.2424434339426864
2.231193090609455
2.176191412091433
2.0869386883144627
1.9768103274636066
1.857056672872097
1.7383030487990967
1.6282996917630543
1.5332967925046541
1.4572944730979338
1.4027928098391673
1.3697918027283549
1.3564163945432905
1.3564163945432905
1.3671667226172672
1.3860422986541339
1.4090430005798518
1.434668782616657
1.4595445417645803
1.484545304727317
1.5056709494308298
1.521796441541795
1.5347968382824184
1.5455471663563953
1.553922421948912
1.5624226813562427
1.5687978759117405
1.5760480971709343
1.5837983336893826
1.5911735587633902
1.5989237952818385
1.607049043244728
1.6161743217261269
1.625174596392712
1.6340498672444839
1.6435501571703237
1.653425458540605
1.6631757560960723
1.6740510879848627
1.6835513779107028
1.6940516983550522
1.7046770226142156
1.7140523087252417
1.724302621539964
1.7339279152806177
1.743303201391644
1.7514284493545336
1.7603037202063052
1.7689289834284494
1.7759291970580158
1.7824293954283272
1.7885545823541977
1.7934297311319314
1.7976798608355968
1.8009299600207527
1.803180028687399
1.8044300668355358
1.8054300973540451
1.8046800744651632
1.8030550248725852
1.800429944761498
1.7978048646504103
1.7934297311319314
1.7884295785393842
1.7830544145023959
1.7755541856135748
1.7681789605395672
1.7605537278359324
1.7515534531693473
1.7431781975768303
1.7338029114658042
1.7244276253547777
1.7146773277993104
1.7046770226142156
1.693801690725425
1.683926389355144
1.673176061281167
1.6630507522812585
1.6536754661702324
1.6453002105777155
1.6352999053926207
1.6270496536149175
1.6190494094668417
1.6110491653187657
1.6042989593188268
1.5977987609485154
1.5917985778374584
1.5870484328745385
1.583298318430128
1.5807982421338542
1.5791731925412764
1.5781731620227668
1.5787981810968352
1.5811732535782954
1.58167326883755
1.5851733756523332
1.5905485396893215
1.5952986846522417
1.6016738792077396
1.6085490890224923
1.6157993102816859
1.6242995696890163
1.6327998290963468
1.6413000885036775
1.6499253517258217
1.6571755729850153
1.6654258247627187
1.6720510269478437
1.6776761986144597
1.6831763664662618
1.687051484725486
1.6891765495773186
1.6908015991698966
1.6904265877254554
1.689051545762505
1.6848014160588396
1.6803012787255471
1.6743010956144901
1.6669258705404828
1.658925626392407
1.6504253669850764
1.6411750846888638
1.6317997985778374
1.6215494857631152
1.6115491805780204
1.60067384868923
1.590423535874508
1.5801732230597858
1.5700479140598773
1.5605476241340372
1.5509223303933837
1.5391719718008974
1.526171575060274
1.5121711478011413
1.4946706137272256
1.4765450605792412
1.4567944578386791
1.4376688741721853
1.419668324839015
1.4066679280983916
1.4004177373577074
1.4066679280983916
1.427543565172277
1.4650447096163823
1.5191713614307079
1.5914235663930174
1.680676290169988
1.7848044679097874
1.8998079775383772
2.013186437574389
2.112564470351268
2.1883167821283607
2.2313180944242683
2.2443184911648917
2.21169249549852
2.141065340128788
2.0408122806482134
1.92568376720481
1.8049300820947904
1.6896765648365732
1.5851733756523332
1.4981707205420087
1.4307936643574328
1.3867923215430158
1.3622915738395336
1.3546663411358988
1.3599165013580736
1.3747919553209023
1.3952925809503465
1.4195433210242012
1.4461691335795162
1.4707948850978119
1.49379558702353
1.5132961821344646
1.528546647541734
1.5399219946897795
1.5496722922452468
1.557797540208136
1.5651727652821437
1.57217297891171
1.5799232154301586
1.586048402356029
1.5941736503189183
1.6022988982818078
1.6112991729483932
1.6192994170964692
1.6290497146519365
1.638299996948149
1.6478002868739892
1.6575505844294565
1.6681759086886196
1.677926206244087
1.6879265114291817
1.6984268318735312
1.709177159947508
1.7185524460585346
1.7281777397991884
1.7379280373546557
1.7469283120212409
1.7554285714285716
1.763928830835902
1.7719290749839778
1.778679280983917
1.7846794640949737
1.7913046662800989
1.7954297921689504
1.79880489516892
1.8020549943540758
1.8038050477614673
1.8049300820947904
1.8049300820947904
1.8038050477614673
1.8019299905392623
1.7994299142429884
1.796054811243019
1.7911796624652854
1.7855544907986696
1.7800543229468673
1.772304086428419
1.7645538499099704
1.7565536057618945
1.7486783654286326
1.73942808313242
1.7299277932065797
1.7205525070955536
1.7096771752067628
1.7000518814661092
1.689426557206946
1.6794262520218513
1.668800927762688
1.6594256416516617
1.6501753593554491
1.64105008087405
1.6320498062074649
1.6231745353556932
1.6159243140964994
1.6080490737632376
1.6007988525040437
1.5952986846522417
1.5896735129856259
1.5849233680227057
1.582048280281991
1.5799232154301586
1.57929819635609
1.5785481734672078
1.5786731772820215
1.5806732383190405
1.5831733146153144
1.5875484481337934
1.5920485854670858
1.5976737571337016
1.6044239631336406
1.6119241920224616
1.6195494247260964
1.6281746879482406
1.6365499435407576
1.645050202948088
1.6529254432813503
1.6611756950590533
1.6685509201330608
1.6745511032441176
1.6805512863551746
1.685051423688467
1.6881765190588092
1.6901765800958282
1.6908015991698966
1.6893015533921325
1.6868014770958586
1.6833013702810755
1.6776761986144597
1.6710509964293345
1.6638007751701407
1.6563005462813196
1.6465502487258523
1.6371749626148258
1.6277996765037996
1.616924344615009
1.6065490279854733
1.5959237037263099
1.586048402356029
1.5756730857264931
1.5659227881710258
1.556672505874813
1.54604718161565
1.5341718192083498
1.520296395764031
1.5052959379863888
1.4871703848384046
1.4689198278756064
1.448919217505417
1.4294186223944823
1.412918118839076
1.40254280220954
1.4012927640614032
1.4137931455427717
1.441418988616596
1.4861703543198952
1.5476722312082278
1.6277996765037996
1.7234275948362683
1.8330559404278695
1.9485594653157141
2.0583128147221292
2.1478155461287267
2.210567461165197
2.2403183690908537
2.2360682393871887
2.1858167058320874
2.101064119388409
1.9934358348338268
1.874932218390454
1.7550535599841306
1.6433001495406965
1.5461721854304635
1.4667947630237739
1.4090430005798518
1.3739169286172064
1.3576664326914274
1.3557913754692221
1.364916653950621
1.3829172032837918
1.4052928861354412
1.4305436567278056
1.4564194463942381
1.480295175023652
1.5019208349864193
1.5195463728751488
1.5339218115787225
1.5439221167638173
1.5530473952452162
1.5620476699118016
1.5679228492080448
1.5751730704672384
1.5824232917264323
1.5906735435041353
1.5981737723929563
1.606174016541032
1.61492428357799
1.6236745506149481
1.6327998290963468
1.6423001190221869
1.6519254127628407
1.6618007141331217
1.6718010193182167
1.6824263435773796
1.6924266487624744
1.7030519730216378
1.7133022858363598
1.7224275643177587
1.7324278695028534
1.74180315561388
1.7508034302804651
1.7590536820581684
1.7668039185766167
1.7744291512802515
1.7810543534653769
1.7881795709097568
1.792429700613422
1.7966798303170874
1.8003049409466843
1.8025550096133305
1.8043050630207222
1.8045550706503495
1.8045550706503495
1.8038050477614673
1.8014299752800074
1.7976798608355968
1.7943047578356275
1.7893046052430799
1.7834294259468366
1.777054231391339
1.7700540177617725
1.7614287545396283
1.7538035218359938
1.7450532547990356
1.7356779686880093
1.7255526596881008
1.716427381206702
1.7064270760216071
1.695801751762444
1.6854264351329082
1.6754261299478135
1.665300820947905
1.6553005157628102
1.6454252143925292
1.6372999664296397
1.6281746879482406
1.6201744438001648
1.6120491958372754
1.605048982207709
1.5985487838373975
1.5929236121707817
1.5876734519486069
1.5841733451338236
1.5817982726523636
1.580048219244972
1.5782981658375803
1.5787981810968352
1.5797982116153446
1.5819232764671776
1.5850483718375195
1.5889234900967437
1.594798669392987
1.6001738334299753
1.6071740470595417
1.6152992950224312
1.6230495315408795
1.6319248023926511
1.640300057985168
1.6489253212073123
1.6563005462813196
1.6640507827997681
1.6710509964293345
1.6770511795403913
1.6821763359477524
1.686676473281045
1.6891765495773186
1.6905515915402693
1.6905515915402693
1.6891765495773186
1.6854264351329082
1.6813013092440567
1.6753011261329998
1.6675508896145512
1.6604256721701711
1.651800408948027
1.6421751152073734
1.6327998290963468
1.6231745353556932
1.61254921109653
1.6024239020966218
1.5915485702078311
1.5817982726523636
1.5720479750968963
1.5615476546525469
1.5522973723563342
1.5412970366527299
1.5287966551713614
1.5146712240974152
1.4975457014679403
1.4795451521347698
1.4602945646534624
1.4406689657277139
1.4222934049501021
1.4079179662465284
1.4009177526169623
1.4044178594317454
1.4227934202093568
1.4577944883571887
1.5097960753196813
1.5785481734672078
1.6651758171330913
1.7664289071321757
1.880057374797815
1.9946858729819636
2.0973140049439984
2.176816431165502
2.2264429456465344
2.2443184911648917
2.219942747276223
2.155065767387921
2.0598128604998935
1.945434369945372
1.8253057039094212
1.7083021332438124
1.601173863948485
1.5111711172826319
1.4401689504684592
1.3922924893948179
1.3651666615802482
1.355416364024781
1.358166447950682
1.3717918637653737
1.3915424665059357
1.4154181951353497
1.4411689809869686
1.4666697592089604
1.4899204687643055
1.5096710715048678
1.526171575060274
1.5377969298379466
1.5480472426526688
1.5565475020599995
1.5640477309488205
1.5712979522080142
1.5781731620227668
1.585298379467147
1.5934236274300364
1.6005488448744163
1.6096741233558154
1.618924405652028
1.628049684133427
1.6369249549851985
1.6460502334665976
1.6555505233924375
1.6658008362071597
1.6764261604663229
1.686676473281045
1.6966767784661398
1.707677114169744
1.7173024079103976
1.7269277016510514
1.7361779839472642
1.7454282662434768
1.7536785180211798
1.7621787774285103
1.7705540330210272
1.7771792352061526
1.7844294564653462
1.7895546128727073
1.7958048036133916
1.7986798913541064
1.8013049714651936
1.8036800439466536
1.8043050630207222
1.8045550706503495
1.80355504013184
1.8024300057985168
1.8001799371318705
1.7965548265022737
1.792429700613422
1.7870545365764336
1.7810543534653769
1.7739291360209968
1.7665539109469892
1.7583036591692862
1.749678395947142
1.740553117465743
1.7313028351695303
1.721552537614063
1.7118022400585957
1.7020519425031282
1.6915516220587787
1.6811763054292428
1.6709259926145208
1.6604256721701711
1.651800408948027
1.641925107577746
1.633174840540788
1.6244245735038303
1.6161743217261269
1.6092991119113744
1.6020488906521806
1.5959237037263099
1.590423535874508
1.586048402356029
1.5831733146153144
1.5807982421338542
1.5787981810968352
1.5785481734672078
1.5790481887264625
1.5804232306894133
1.5830483108005005
1.5866734214300973
1.5915485702078311
1.596798730430006
1.6035489364299447
1.6107991576891385
1.6180493789483323
1.6262996307260353
1.635549913022248
1.6438001647999512
1.652550431836909
1.6594256416516617
1.6675508896145512
1.673551072725608
1.6794262520218513
1.684301400799585
1.6880515152439954
1.6900515762810144
1.6909266029847103
1.6899265724662007
1.6876765037995543
1.6838013855403302
1.6784262215033416
1.6724260383922849
1.6651758171330913
1.6563005462813196
1.6471752677999205
1.6384250007629628
1.6289247108371228
1.618924405652028
1.6080490737632376
1.5980487685781428
1.5875484481337934
1.5771731315042574
1.567047822504349
1.55792254402295
1.5477972350230413
1.5360468764305553
1.5234214911343729
1.507546006653035
1.489295449690237
1.4710448927274393
1.451294289986877
1.4335437482833338
1.4150431836909085
1.403417828913236
1.401417767876217
1.4112930692464982
1.4365438398388624
1.4791701406903288
1.5387969603564562
1.6162993255409406
1.7101771904660177
1.818180486465041
1.9336840113528857
2.0450624103518784
2.1378152409436324
2.2039422589800712
2.237693288979766
2.2393183385723443
2.1946919766838584
2.113689504684591
2.007936277352214
1.8900576799829099
1.7700540177617725
1.6574255806146427
1.5574225287636951
1.475920041505173
1.4156682027649772
1.377167027802362
1.3589164708395642
1.355416364024781
1.3636666158024844
1.3801671193578906
1.4016677755058444
1.4276685689870905
1.453669362468337
1.478295113986633
1.499670766319773
1.5181713309121982
1.531671742912076
1.5425470748008667
1.5522973723563342
1.56029761650441
1.5675478377636038
1.5741730399487288
1.581298257393109
1.5895485091708121
1.5965487228003785
1.605048982207709
1.6140492568742943
1.6236745506149481
1.6314247871333964
1.6413000885036775
1.6509253822443313
1.6608006836146123
1.671176000244148
1.6805512863551746
1.691051606799524
1.7020519425031282
1.7119272438734092
1.7218025452436905
1.7316778466139713
1.7403031098361157
1.7489283730582599
1.758803674428541
1.7661788995025482
1.7735541245765558
1.7804293343913085
1.7866795251319927
1.7923046967986085
1.7966798303170874
1.8000549333170568
1.8026800134281442
1.8044300668355358
1.804805078279977
1.804805078279977
1.803930051576281
1.8013049714651936
1.798429883724479
1.7945547654652547
1.7895546128727073
1.7838044373912778
1.7771792352061526
1.7710540482802821
1.7626787926877652
1.7541785332804345
1.7450532547990356
1.7351779534287546
1.7269277016510514
1.7170524002807703
1.7066770836512346
1.6965517746513261
1.6875514999847407
1.6761761528366956
1.6658008362071597
1.655425519577624
1.6466752525406658
1.6377999816888944
1.6289247108371228
1.6205494552446058
1.6122992034669026
1.6056740012817774
1.5989237952818385
1.5931736198004092
1.5885484786523028
1.5841733451338236
1.580923245948668
1.5795482039857174
1.5782981658375803
1.5785481734672078
1.5795482039857174
1.5819232764671776
1.5855483870967744
1.5889234900967437
1.5931736198004092
1.5996738181707206
1.606174016541032
1.6142992645039216
1.622924527726066
1.6301747489852596
1.639550035096286
1.6479252906888027
1.6556755272072514
1.6635507675405132
1.671301004058962
1.6768011719107638
1.6821763359477524
1.686301461836604
1.6886765343180639
1.6906765953550829
1.690301583910642
1.6888015381328776
1.6858014465773492
1.681551316873684
1.675676137577441
1.6679259010589922
1.6608006836146123
1.6519254127628407
1.6433001495406965
1.633549851985229
1.6234245429853207
1.6131742301705987
1.6027989135410627
1.5931736198004092
1.5825482955412458
1.5717979674672689
1.562297677541429
1.55317239906003
1.5419220557267983
1.5294216742454299
1.5154212469862973
1.4984207281716362
1.4807951902829066
1.4616696066164128
1.4416689962462232
1.423543443098239
1.4084179815057831
1.4005427411725213
1.4046678670613728
1.4219183935056612
1.456044434949797
1.5062959685048982
1.5757980895413068
1.660925687429426
1.7618037659840693
1.875682241279336
1.990560747093112
2.0939389019440293
2.175566393017365
2.22494289986877
2.2445684987945187
2.2213177892391736
2.157440839869381
2.0628129520554213
1.9493094882045963
1.8290558183538315
1.7118022400585957
1.6047989745780817
1.513546189764092
1.4420440076906644
1.3931675160985137
1.3654166692098757
1.35504135258034
1.3579164403210546
1.3715418561357462
1.3911674550614948
1.414793176061281
1.440293954283273
1.4656697286904508
1.489420453505051
1.510796105838191
1.5259215674306468
1.5375469222083193
1.5477972350230413
1.5565475020599995
1.5636727195043794
1.5706729331339457
1.5784231696523943
1.5850483718375195
1.5929236121707817
1.6007988525040437
1.6096741233558154
1.6180493789483323
1.6275496688741722
1.6367999511703848
1.6461752372814111
1.6556755272072514
1.666425855281228
1.6763011566515091
1.687051484725486
1.6961767632068852
1.7066770836512346
1.7168023926511429
1.727052705465865
1.7359279763176367
1.7451782586138493
1.7536785180211798
1.761928769798883
1.7703040253914
1.7775542466505936
1.783679433576464
1.7894296090578936
1.7945547654652547
1.7985548875392925
1.8010549638355662
1.8036800439466536
1.8040550553910948
1.805180089724418
1.8041800592059083
1.8029300210577714
1.7996799218726158
1.7966798303170874
1.7921796929837945
1.7866795251319927
1.780679342020936
1.7739291360209968
1.7671789300210579
1.7589286782433546
1.7499284035767695
1.74180315561388
1.7318028504287852
1.7220525528733177
1.712427259132664
1.7020519425031282
1.6916766258735922
1.6810513016144293
1.671176000244148
1.6608006836146123
1.6515504013183995
1.6420501113925596
1.6330498367259743
1.6244245735038303
1.616924344615009
1.6089241004669332
1.6022988982818078
1.5960487075411238
1.590798547318949
1.5857983947264016
1.5827983031708732
1.5801732230597858
1.5785481734672078
1.5779231543931396
1.5799232154301586
1.5797982116153446
1.5836733298745689
1.5869234290597247
1.5915485702078311
1.5964237189855648
1.6035489364299447
1.6106741538743248
1.618549394207587
1.6265496383556628
1.6350498977629933
1.6436751609851377
1.651425397503586
1.6606756797997986
1.6678008972441787
1.673551072725608
1.6793012482070377
1.6841763969847714
1.6875514999847407
1.6904265877254554
1.6909266029847103
1.6899265724662007
1.6874264961699272
1.684301400799585
1.678676229132969
1.6730510574663533
1.6645507980590228
1.6564255500961331
1.6478002868739892
1.6385500045777766
1.62917471846675
1.6186743980224005
1.6085490890224923
1.5977987609485154
1.5874234443189794
1.5772981353190711
1.5669228186895352
1.5574225287636951
1.5490472731711782
1.5362968840601827
1.5225464644306772
1.5074210028382216
1.4899204687643055
1.4714199041718803
1.4515442976165045
1.4324187139500106
1.4155431989501632
1.4032928250984222
1.4006677449873348
1.4107930539872433
1.4360438245796074
1.4791701406903288
1.5390469679860834
1.6155493026520584
1.710052186651204
1.8176804712057864
1.9325589770195624
2.044312387462996
2.1376902371288184
2.204442274239326
2.237693288979766
2.2388183233130894
2.1944419690542314
2.114189519943846
2.008686300241096
1.8904326914273508
1.7700540177617725
1.6573005767998292
1.5580475478377636
1.475045014801477
1.4150431836909085
1.377667043061617
1.3589164708395642
1.3549163487655262
1.363791619617298
1.380042115543077
1.4024177983947264
1.4269185460982088
1.4530443433942688
1.4780451063570055
1.5005457930234687
1.5175463118381298
1.532546769615772
1.5430470900601214
1.552672383800775
1.559922605059969
1.5675478377636038
1.5740480361339153
1.5814232612079226
1.5891734977263712
1.5961737113559373
1.6045489669484543
1.613799249244667
1.6222995086519973
1.632299813837092
1.6409250770592365
1.6509253822443313
1.660925687429426
1.6709259926145208
1.6816763206884975
1.6911766106143375
1.701301919614246
1.7119272438734092
1.7216775414288765
1.731427838984344
1.7406781212805567
1.749678395947142
1.7574286324655906
1.7660538956877345
1.7735541245765558
1.780679342020936
1.7868045289468062
1.7921796929837945
1.7970548417615282
1.7999299295022433
1.8026800134281442
1.8040550553910948
1.8050550859096042
1.8043050630207222
1.8034300363170261
1.8013049714651936
1.798429883724479
1.7950547807245094
1.789679616687521
1.7838044373912778
1.7769292275765252
1.7701790215765862
1.7625537888729514
1.754053529465621
1.7455532700582903
1.7366779992065189
1.7266776940214241
1.7170524002807703
1.7070520950956756
1.6968017822809534
1.686676473281045
1.6766761680959503
1.666050843836787
1.6561755424665061
1.6466752525406658
1.6377999816888944
1.6286747032074953
1.6207994628742333
1.6136742454298534
1.6056740012817774
1.598798791467025
1.5932986236152227
1.5885484786523028
1.5845483565782648
1.58167326883755
1.579673207800531
1.5797982116153446
1.5784231696523943
1.579673207800531
1.582048280281991
1.5851733756523332
1.5889234900967437
1.5940486465041048
1.6002988372447888
1.6067990356151007
1.6146742759483628
1.6226745200964385
1.6306747642445143
1.6394250312814722
1.6480502945036166
1.6564255500961331
1.6639257789849544
1.6710509964293345
1.6766761680959503
1.6820513321329387
1.685926450392163
1.6895515610217597
1.6904265877254554
1.6901765800958282
1.6895515610217597
1.685926450392163
1.6811763054292428
1.6754261299478135
1.6679259010589922
1.6604256721701711
1.6523004242072816
1.6425501266518143
1.6337998596148564
1.6239245582445754
1.6136742454298534
1.603173924985504
1.592298593096713
1.5822982879116183
1.5722979827265235
1.5625476851710562
1.5530473952452162
1.542047059541612
1.5292966704306161
1.5149212317270424
1.4986707358012636
1.4804201788384654
1.460794579912717
1.4415439924314097
1.4230434278389843
1.4082929776909696
1.401042756431776
1.404542863246559
1.4220433973204747
1.456044434949797
1.5079210180974763
1.5767981200598165
1.6630507522812585
1.764803857539598
1.8783073213904233
1.9929358195745719
2.0958139591662346
2.175816400646992
2.2258179265724665
2.2441934873500777
2.220692770165105
2.1559407940916167
2.0598128604998935
1.9466844080935088
1.8259307229834896
1.7083021332438124
1.6014238715781122
1.5117961363567003
1.4404189580980864
1.3920424817651906
1.3652916653950622
1.3547913449507127
1.3580414441358686
1.3719168675801874
1.3917924741355632
1.4151681875057223
1.4415439924314097
1.4662947477645192
1.4899204687643055
1.5099210791344952
1.5262965788750877
1.5379219336527605
1.5477972350230413
1.556672505874813
1.5639227271340068
1.5710479445783867
1.578923184911649
1.585298379467147
1.5925486007263405
1.6012988677632984
1.6100491348002564
1.6181743827631458
1.6277996765037996
1.636674947355571
1.645925229651784
1.6563005462813196
1.6654258247627187
1.675676137577441
1.6875514999847407
1.6968017822809534
1.7073021027253028
1.7173024079103976
1.727052705465865
1.7364279915768914
1.7455532700582903
1.7541785332804345
1.7620537736136967
1.7704290292062137
1.7784292733542895
1.7839294412060915
1.7901796319467758
1.7950547807245094
1.7980548722800378
1.8011799676503801
1.80355504013184
1.804805078279977
1.804805078279977
1.8040550553910948
1.8020549943540758
1.7998049256874293
1.79642982268746
1.792054689168981
1.7868045289468062
1.7803043305764947
1.7736791283913693
1.766303903317362
1.7580536515396588
1.7490533768730736
1.7408031250953704
1.7313028351695303
1.721552537614063
1.7119272438734092
1.7020519425031282
1.6911766106143375
1.6810513016144293
1.6706759849848933
1.6601756645405439
1.6508003784295175
1.6413000885036775
1.6326748252815333
1.624049562059389
1.616549333170568
1.6084240852076785
1.6019238868373669
1.5957986999114964
1.590798547318949
1.5857983947264016
1.5822982879116183
1.5799232154301586
1.5787981810968352
1.5784231696523943
1.57929819635609
1.5805482345042268
1.5834233222449416
1.5865484176152838
1.5914235663930174
1.596673726615192
