1.6591756340220343
1.6600506607257304
1.6599256569109164
1.660550675984985
1.6595506454664755
1.6604256721701711
1.6599256569109164
1.660550675984985
1.6596756492812892
1.6608006836146123
1.6608006836146123
1.6611756950590533
1.660550675984985
1.6606756797997986
1.6600506607257304
1.660550675984985
1.659800653096103
1.6599256569109164
1.6601756645405439
1.6596756492812892
1.6594256416516617
1.659800653096103
1.6595506454664755
1.6583006073183386
1.6576755882442702
1.6574255806146427
1.6580505996887114
1.6566755577257606
1.6564255500961331
1.6561755424665061
1.6561755424665061
1.6556755272072514
1.6559255348368787
1.6549255043183693
1.6539254737998597
1.6539254737998597
1.6531754509109775
1.653425458540605
1.653800469985046
1.6544254890591144
1.6531754509109775
1.6530504470961638
1.653425458540605
1.6528004394665363
1.6529254432813503
1.6523004242072816
1.6520504165776544
1.6516754051332134
1.6513003936887722
1.6516754051332134
1.651050386059145
1.6503003631702629
1.6508003784295175
1.6498003479110082
1.6491753288369395
1.6485503097628713
1.6480502945036166
1.6468002563554796
1.6473002716147345
1.6463002410962249
1.6468002563554796
1.6465502487258523
1.647425275429548
1.6478002868739892
1.6493003326517535
1.6501753593554491
1.6520504165776544
1.6544254890591144
1.6570505691702018
1.6626757408368176
1.6641757866145819
1.6683009125034334
1.6724260383922849
1.6763011566515091
1.6805512863551746
1.683051362651448
1.6853014313180945
1.6861764580217904
1.687051484725486
1.6885515305032504
1.6856764427625355
1.6844264046143986
1.6816763206884975
1.6780512100589007
1.6741760917996766
1.6698009582811977
1.6656758323923462
1.6614257026886807
1.6579255958738974
1.6543004852443006
1.651050386059145
1.6489253212073123
1.6478002868739892
1.6460502334665976
1.645050202948088
1.6458002258369702
1.6435501571703237
1.6433001495406965
1.6434251533555102
1.6448001953184606
1.6431751457258827
1.6458002258369702
1.6468002563554796
1.6483003021332439
1.6486753135776848
1.6509253822443313
1.6495503402813807
1.651050386059145
1.6506753746147038
1.651425397503586
1.6515504013183995
1.6524254280220954
1.6524254280220954
1.652550431836909
1.6526754356517228
1.6516754051332134
1.6528004394665363
1.6528004394665363
1.6531754509109775
1.6530504470961638
1.6529254432813503
1.6539254737998597
1.653800469985046
1.6536754661702324
1.6535504623554185
1.6528004394665363
1.6539254737998597
1.6544254890591144
1.6541754814294871
1.6539254737998597
1.6549255043183693
1.6555505233924375
1.6553005157628102
1.655800531022065
1.6563005462813196
1.6568005615405743
1.656925565355388
1.656925565355388
1.6568005615405743
1.6568005615405743
1.6581756035035249
1.658550614947966
1.6580505996887114
1.6594256416516617
1.658550614947966
1.6596756492812892
1.660550675984985
1.6603006683553576
1.6604256721701711
1.6601756645405439
1.6601756645405439
1.6604256721701711
1.6620507217627492
1.6623007293923764
1.6626757408368176
1.6621757255775629
1.662925748466445
1.663300759910886
1.6630507522812585
1.6634257637256997
1.6644257942442091
1.6641757866145819
1.664925809503464
1.6651758171330913
1.6654258247627187
1.6650508133182775
1.66480080568865
1.666050843836787
1.6656758323923462
1.6659258400219734
1.6658008362071597
1.666425855281228
1.6665508590960418
1.666425855281228
1.666800866725669
1.6670508743552965
1.6658008362071597
1.666050843836787
1.6663008514664144
1.6654258247627187
1.665300820947905
1.6663008514664144
1.6656758323923462
1.665300820947905
1.6658008362071597
1.6650508133182775
1.6650508133182775
1.6643007904293954
1.6640507827997681
1.662800744651631
1.663300759910886
1.662800744651631
1.662925748466445
1.6624257332071901
1.662800744651631
1.6625507370220038
1.6616757103183082
1.6614257026886807
1.6606756797997986
1.6596756492812892
1.6595506454664755
1.6600506607257304
1.6594256416516617
1.6588006225775933
1.6586756187627796
1.6581756035035249
1.6584256111331521
1.6573005767998292
1.6574255806146427
1.6568005615405743
1.6561755424665061
1.6559255348368787
1.6566755577257606
1.655800531022065
1.6566755577257606
1.655800531022065
1.6555505233924375
1.6546754966887418
1.6546754966887418
1.6541754814294871
1.6535504623554185
1.6540504776146734
1.6541754814294871
1.6536754661702324
1.6529254432813503
1.6535504623554185
1.6524254280220954
1.6521754203924681
1.6524254280220954
1.6526754356517228
1.6523004242072816
1.651425397503586
1.6520504165776544
1.6524254280220954
1.6524254280220954
1.652550431836909
1.6521754203924681
1.6521754203924681
1.6523004242072816
1.651425397503586
1.6519254127628407
1.6516754051332134
1.651800408948027
1.6519254127628407
1.6520504165776544
1.651800408948027
1.6521754203924681
1.6519254127628407
1.6515504013183995
1.6515504013183995
1.651425397503586
1.6516754051332134
1.6515504013183995
1.6516754051332134
1.6516754051332134
1.6521754203924681
1.6520504165776544
1.651800408948027
1.6521754203924681
1.6516754051332134
1.651425397503586
1.6509253822443313
1.651800408948027
1.651050386059145
1.6511753898739585
1.651800408948027
1.6520504165776544
1.6516754051332134
1.6524254280220954
1.651800408948027
1.6515504013183995
1.6515504013183995
1.6516754051332134
1.6519254127628407
1.6516754051332134
1.6520504165776544
1.6524254280220954
1.6524254280220954
1.6524254280220954
1.6523004242072816
1.6523004242072816
1.6515504013183995
1.6521754203924681
1.6524254280220954
1.6529254432813503
1.6529254432813503
1.653800469985046
1.6536754661702324
1.6540504776146734
1.6539254737998597
1.6539254737998597
1.6539254737998597
1.6544254890591144
1.6541754814294871
1.6548005005035553
1.655800531022065
1.656550553910947
1.6564255500961331
1.656925565355388
1.6568005615405743
1.6573005767998292
1.6574255806146427
1.6576755882442702
1.658550614947966
1.658550614947966
1.6593006378368482
1.6595506454664755
1.6603006683553576
1.6600506607257304
1.6599256569109164
1.6608006836146123
1.6604256721701711
1.6604256721701711
1.6608006836146123
1.6603006683553576
1.6611756950590533
1.6613006988738672
1.6611756950590533
1.6613006988738672
1.6603006683553576
1.6603006683553576
1.6601756645405439
1.659800653096103
1.6606756797997986
1.658925626392407
1.6588006225775933
1.6595506454664755
1.658925626392407
1.6586756187627796
1.6583006073183386
1.6575505844294565
1.656925565355388
1.6566755577257606
1.6559255348368787
1.6563005462813196
1.655425519577624
1.656925565355388
1.6560505386516924
1.6555505233924375
1.6550505081331828
1.6543004852443006
1.6536754661702324
1.6535504623554185
1.653425458540605
1.6540504776146734
1.653425458540605
1.6531754509109775
1.6530504470961638
1.6529254432813503
1.6536754661702324
1.6530504470961638
1.6523004242072816
1.6516754051332134
1.651800408948027
1.6515504013183995
1.6509253822443313
1.6504253669850764
1.6504253669850764
1.6501753593554491
1.6495503402813807
1.6488003173924985
1.6480502945036166
1.647425275429548
1.6464252449110386
1.645925229651784
1.6475502792443617
1.6465502487258523
1.647425275429548
1.6483003021332439
1.6488003173924985
1.6493003326517535
1.6515504013183995
1.6536754661702324
1.6566755577257606
1.6601756645405439
1.6636757713553272
1.6681759086886196
1.6724260383922849
1.6765511642811366
1.679551255836665
1.6835513779107028
1.6849264198736535
1.686301461836604
1.687051484725486
1.6871764885402998
1.685926450392163
1.684676412244026
1.6814263130588702
1.6783012176885281
1.6741760917996766
1.6699259620960112
1.6659258400219734
1.6616757103183082
1.657800592059084
1.6540504776146734
1.6526754356517228
1.6489253212073123
1.6469252601702933
1.6454252143925292
1.6445501876888333
1.6441751762443924
1.6434251533555102
1.6434251533555102
1.6435501571703237
1.6440501724295786
1.6448001953184606
1.645925229651784
1.6469252601702933
1.6481752983184301
1.6485503097628713
1.649425336466567
1.6499253517258217
1.6504253669850764
1.6506753746147038
1.6519254127628407
1.6516754051332134
1.6520504165776544
1.6520504165776544
1.652550431836909
1.6529254432813503
1.6531754509109775
1.6529254432813503
1.6526754356517228
1.652550431836909
1.653425458540605
1.6530504470961638
1.6530504470961638
1.653425458540605
1.6540504776146734
1.6543004852443006
1.6546754966887418
1.6541754814294871
1.6543004852443006
1.6540504776146734
1.6550505081331828
1.6551755119479965
1.6553005157628102
1.6551755119479965
1.6560505386516924
1.655800531022065
1.6560505386516924
1.6571755729850153
1.6563005462813196
1.6570505691702018
1.6568005615405743
1.6568005615405743
1.6570505691702018
1.6584256111331521
1.6588006225775933
1.6599256569109164
1.6599256569109164
1.660550675984985
1.6599256569109164
1.6600506607257304
1.6603006683553576
1.6614257026886807
1.6619257179479354
1.6616757103183082
1.6618007141331217
1.662925748466445
1.6626757408368176
1.6626757408368176
1.6634257637256997
1.6636757713553272
1.663300759910886
1.6643007904293954
1.6640507827997681
1.6641757866145819
1.6646758018738366
1.6656758323923462
1.6656758323923462
1.6651758171330913
1.6655508285775322
1.6659258400219734
1.6656758323923462
1.6659258400219734
1.665300820947905
1.666425855281228
1.666425855281228
1.666425855281228
1.6665508590960418
1.6665508590960418
1.6656758323923462
1.6661758476516009
1.6656758323923462
1.6656758323923462
1.6630507522812585
1.6654258247627187
1.6654258247627187
1.6651758171330913
1.664925809503464
1.6646758018738366
1.6639257789849544
1.6640507827997681
1.662925748466445
1.6634257637256997
1.6634257637256997
1.6638007751701407
1.6625507370220038
1.6623007293923764
1.6621757255775629
1.6613006988738672
1.660925687429426
1.660550675984985
1.6599256569109164
1.6600506607257304
1.6588006225775933
1.6593006378368482
1.6586756187627796
1.658925626392407
1.6581756035035249
1.6584256111331521
1.6568005615405743
1.6574255806146427
1.6568005615405743
1.6568005615405743
1.6560505386516924
1.655425519577624
1.6560505386516924
1.6556755272072514
1.656550553910947
1.654550492873928
1.6548005005035553
1.6543004852443006
1.654550492873928
1.653425458540605
1.6535504623554185
1.6539254737998597
1.653425458540605
1.653425458540605
1.6541754814294871
1.6530504470961638
1.6528004394665363
1.6526754356517228
1.652550431836909
1.6521754203924681
1.6524254280220954
1.6533004547257912
1.6519254127628407
1.6519254127628407
1.652550431836909
1.6524254280220954
1.6524254280220954
1.6520504165776544
1.651800408948027
1.6513003936887722
1.6516754051332134
1.6521754203924681
1.6519254127628407
1.6519254127628407
1.6511753898739585
1.6509253822443313
1.6519254127628407
1.6511753898739585
1.6519254127628407
1.651800408948027
1.6513003936887722
1.6513003936887722
1.6516754051332134
1.6516754051332134
1.6519254127628407
1.6515504013183995
1.651800408948027
1.6509253822443313
1.6511753898739585
1.651425397503586
1.651425397503586
1.651050386059145
1.6511753898739585
1.6515504013183995
1.6519254127628407
1.6519254127628407
1.651800408948027
1.6515504013183995
1.6519254127628407
1.651425397503586
1.651050386059145
1.6520504165776544
1.651050386059145
1.6519254127628407
1.6519254127628407
1.6521754203924681
1.652550431836909
1.6530504470961638
1.6523004242072816
1.652550431836909
1.6524254280220954
1.6529254432813503
1.6526754356517228
1.6529254432813503
1.6531754509109775
1.653800469985046
1.653800469985046
1.6541754814294871
1.6539254737998597
1.6539254737998597
1.6539254737998597
1.6546754966887418
1.6561755424665061
1.6553005157628102
1.6555505233924375
1.6566755577257606
1.6570505691702018
1.6571755729850153
1.6573005767998292
1.6574255806146427
1.6573005767998292
1.657800592059084
1.6590506302072208
1.6583006073183386
1.6586756187627796
1.6603006683553576
1.659800653096103
1.6603006683553576
1.6606756797997986
1.6604256721701711
1.6600506607257304
1.660925687429426
1.6608006836146123
1.6601756645405439
1.6613006988738672
1.6614257026886807
1.6614257026886807
1.6604256721701711
1.6606756797997986
1.6608006836146123
1.6603006683553576
1.6596756492812892
1.6591756340220343
1.6606756797997986
1.6596756492812892
1.6594256416516617
1.658925626392407
1.6586756187627796
1.6580505996887114
1.6579255958738974
1.6573005767998292
1.6566755577257606
1.6566755577257606
1.656925565355388
1.6561755424665061
1.6559255348368787
1.6560505386516924
1.6555505233924375
1.655800531022065
1.6543004852443006
1.6541754814294871
1.6536754661702324
1.653425458540605
1.6528004394665363
1.6535504623554185
1.6531754509109775
1.6528004394665363
1.6528004394665363
1.6516754051332134
1.652550431836909
1.6521754203924681
1.6515504013183995
1.6515504013183995
1.651800408948027
1.651050386059145
1.6505503707998903
1.6506753746147038
1.6499253517258217
1.6491753288369395
1.649050325022126
1.6481752983184301
1.6471752677999205
1.6460502334665976
1.647050263985107
1.6466752525406658
1.6461752372814111
1.6471752677999205
1.6476752830591754
1.647425275429548
1.649050325022126
1.6519254127628407
1.6544254890591144
1.6566755577257606
1.6603006683553576
1.6644257942442091
1.667675893429365
1.6723010345774711
1.6759261452070682
1.679551255836665
1.683051362651448
1.6858014465773492
1.6865514694662314
1.687051484725486
1.6874264961699272
1.685926450392163
1.6848014160588396
1.6816763206884975
1.6785512253181556
1.6750511185033723
1.6710509964293345
1.6665508590960418
1.6616757103183082
1.6580505996887114
1.654550492873928
1.6515504013183995
1.6489253212073123
1.647050263985107
1.6455502182073427
1.644675191503647
1.6436751609851377
1.6429251380962555
1.6434251533555102
1.6434251533555102
1.6441751762443924
1.644675191503647
1.6460502334665976
1.6466752525406658
1.6483003021332439
1.6485503097628713
1.6501753593554491
1.6501753593554491
1.6505503707998903
1.6501753593554491
1.6515504013183995
1.6513003936887722
1.6516754051332134
1.6524254280220954
1.6526754356517228
1.652550431836909
1.6529254432813503
1.653425458540605
1.6528004394665363
1.6528004394665363
1.6526754356517228
1.6535504623554185
1.6535504623554185
1.6533004547257912
1.6536754661702324
1.6540504776146734
1.6548005005035553
1.654550492873928
1.6546754966887418
1.6540504776146734
1.6544254890591144
1.6551755119479965
1.655425519577624
1.6550505081331828
1.6564255500961331
1.6563005462813196
1.6561755424665061
1.655800531022065
1.656550553910947
1.6568005615405743
1.6568005615405743
1.656925565355388
1.658550614947966
1.6579255958738974
1.659800653096103
1.6590506302072208
1.6595506454664755
1.658925626392407
1.659800653096103
1.6601756645405439
1.6599256569109164
1.6603006683553576
1.6613006988738672
1.6623007293923764
1.6620507217627492
1.662925748466445
1.6626757408368176
1.6624257332071901
1.663300759910886
1.6636757713553272
1.6631757560960723
1.6635507675405132
1.6638007751701407
1.664925809503464
1.6645507980590228
1.6658008362071597
1.6656758323923462
1.6658008362071597
1.666050843836787
1.666800866725669
1.6655508285775322
1.6661758476516009
1.666050843836787
1.6659258400219734
1.6661758476516009
1.667300881984924
1.6665508590960418
1.6666758629108556
1.6665508590960418
1.666425855281228
1.6654258247627187
1.6655508285775322
1.664925809503464
1.6645507980590228
1.6655508285775322
1.6654258247627187
1.6645507980590228
1.6645507980590228
1.6641757866145819
1.6641757866145819
1.6636757713553272
1.6635507675405132
1.6650508133182775
1.6620507217627492
1.6625507370220038
1.6624257332071901
1.6619257179479354
1.6615507065034945
1.6608006836146123
1.6608006836146123
1.6604256721701711
1.6590506302072208
1.658550614947966
1.6604256721701711
1.6586756187627796
1.6586756187627796
1.658925626392407
1.6580505996887114
1.6584256111331521
1.6576755882442702
1.6571755729850153
1.6564255500961331
1.6561755424665061
1.6564255500961331
1.655425519577624
1.655800531022065
1.6559255348368787
1.6551755119479965
1.6550505081331828
1.6546754966887418
1.654550492873928
1.6539254737998597
1.6543004852443006
1.653425458540605
1.653800469985046
1.6535504623554185
1.6539254737998597
1.6533004547257912
1.6528004394665363
1.6526754356517228
1.6526754356517228
1.6523004242072816
1.6520504165776544
1.6499253517258217
1.652550431836909
1.6521754203924681
1.6524254280220954
1.6520504165776544
1.6523004242072816
1.6521754203924681
1.6519254127628407
1.6519254127628407
1.6516754051332134
1.6519254127628407
1.6516754051332134
1.6516754051332134
1.6523004242072816
1.6520504165776544
1.6505503707998903
1.6519254127628407
1.651800408948027
1.6513003936887722
1.6511753898739585
1.652550431836909
1.6515504013183995
1.6519254127628407
1.651800408948027
1.6516754051332134
1.6509253822443313
1.6503003631702629
1.6516754051332134
1.6515504013183995
1.651050386059145
1.6515504013183995
1.6515504013183995
1.6516754051332134
1.6523004242072816
1.6520504165776544
1.651425397503586
1.652550431836909
1.651800408948027
1.6516754051332134
1.6520504165776544
1.651800408948027
1.6519254127628407
1.6523004242072816
1.6519254127628407
1.6526754356517228
1.652550431836909
1.6520504165776544
1.651800408948027
1.6528004394665363
1.6521754203924681
1.6521754203924681
1.6524254280220954
1.6533004547257912
1.6529254432813503
1.6543004852443006
1.6543004852443006
1.653800469985046
1.653425458540605
1.6540504776146734
1.6539254737998597
1.654550492873928
1.6550505081331828
1.6550505081331828
1.6556755272072514
1.6564255500961331
1.6563005462813196
1.6559255348368787
1.656925565355388
1.6573005767998292
1.656925565355388
1.657800592059084
1.6583006073183386
1.6594256416516617
1.658925626392407
1.6593006378368482
1.6600506607257304
1.6600506607257304
1.6590506302072208
1.6601756645405439
1.6603006683553576
1.6603006683553576
1.660925687429426
1.6604256721701711
1.6614257026886807
1.6611756950590533
1.6614257026886807
1.6606756797997986
1.6599256569109164
1.6610506912442398
1.660550675984985
1.6599256569109164
1.6595506454664755
1.6601756645405439
1.659800653096103
1.6588006225775933
1.6591756340220343
1.6590506302072208
1.6584256111331521
1.6575505844294565
1.6575505844294565
1.656550553910947
1.6564255500961331
1.6563005462813196
1.655800531022065
1.655800531022065
1.6564255500961331
1.655425519577624
1.6536754661702324
1.6543004852443006
1.653800469985046
1.6533004547257912
1.6536754661702324
1.6531754509109775
1.653425458540605
1.6531754509109775
1.6530504470961638
1.652550431836909
1.6519254127628407
1.6520504165776544
1.6523004242072816
1.6520504165776544
1.651050386059145
1.651425397503586
1.6515504013183995
1.6508003784295175
1.6500503555406356
1.6504253669850764
1.6489253212073123
1.6481752983184301
1.6480502945036166
1.6471752677999205
1.6469252601702933
1.6465502487258523
1.6463002410962249
1.6464252449110386
1.6469252601702933
1.6481752983184301
1.6489253212073123
1.6505503707998903
1.6516754051332134
1.6539254737998597
1.656550553910947
1.6596756492812892
1.663300759910886
1.667300881984924
1.6723010345774711
1.6761761528366956
1.679551255836665
1.682676351207007
1.6848014160588396
1.686676473281045
1.6869264809106725
1.6873014923551135
1.6873014923551135
1.6848014160588396
1.681926328318125
1.6790512405774103
1.6749261146885588
1.6703009735404524
1.6663008514664144
1.6623007293923764
1.6579255958738974
1.6546754966887418
1.6513003936887722
1.6491753288369395
1.6469252601702933
1.645925229651784
1.6445501876888333
1.6435501571703237
1.6434251533555102
1.6433001495406965
1.643050141911069
1.6445501876888333
1.6451752067629017
1.6456752220221567
1.6468002563554796
1.6480502945036166
1.6489253212073123
1.6491753288369395
1.649425336466567
1.6501753593554491
1.6508003784295175
1.651050386059145
1.6515504013183995
1.6524254280220954
1.6521754203924681
1.6529254432813503
1.6533004547257912
1.6524254280220954
1.6526754356517228
1.6528004394665363
1.6529254432813503
1.6528004394665363
1.6526754356517228
1.652550431836909
1.653425458540605
1.6540504776146734
1.6539254737998597
1.6539254737998597
1.6541754814294871
1.6543004852443006
1.6543004852443006
1.6541754814294871
1.654550492873928
1.6549255043183693
1.6551755119479965
1.655425519577624
1.6563005462813196
1.656550553910947
1.6574255806146427
1.6568005615405743
1.6570505691702018
1.656925565355388
1.6570505691702018
1.6571755729850153
1.6583006073183386
1.658550614947966
1.6593006378368482
1.6600506607257304
1.6591756340220343
1.659800653096103
1.6601756645405439
1.6606756797997986
1.6606756797997986
1.6620507217627492
1.6615507065034945
1.6619257179479354
1.6626757408368176
1.6625507370220038
1.662800744651631
1.6634257637256997
1.6634257637256997
1.6630507522812585
1.6636757713553272
1.6646758018738366
1.6643007904293954
1.6651758171330913
1.6656758323923462
1.666050843836787
1.6658008362071597
1.6658008362071597
1.6659258400219734
1.6656758323923462
1.6658008362071597
1.6659258400219734
1.6669258705404828
1.6659258400219734
1.666425855281228
1.6674258857997375
1.6669258705404828
1.666050843836787
1.6659258400219734
1.6656758323923462
1.6658008362071597
1.665300820947905
1.666800866725669
1.6655508285775322
1.665300820947905
1.6650508133182775
1.6646758018738366
1.664925809503464
1.6641757866145819
1.6638007751701407
1.6630507522812585
1.663300759910886
1.6619257179479354
1.6624257332071901
1.6623007293923764
1.662925748466445
1.6616757103183082
1.6601756645405439
1.660925687429426
1.660550675984985
1.6599256569109164
1.6601756645405439
1.659800653096103
1.659800653096103
1.658925626392407
1.6584256111331521
1.6584256111331521
1.657800592059084
1.6574255806146427
1.656925565355388
1.656550553910947
1.656550553910947
1.6566755577257606
1.6564255500961331
1.6555505233924375
1.6560505386516924
1.6549255043183693
1.6553005157628102
1.6544254890591144
1.6539254737998597
1.653800469985046
1.6536754661702324
1.653800469985046
1.6530504470961638
1.6528004394665363
1.6536754661702324
1.6533004547257912
1.6530504470961638
1.6528004394665363
1.6526754356517228
1.6521754203924681
1.6521754203924681
1.6524254280220954
1.6519254127628407
1.6515504013183995
1.6526754356517228
1.6529254432813503
1.6523004242072816
1.6521754203924681
1.6520504165776544
1.6515504013183995
1.6516754051332134
1.6515504013183995
1.6521754203924681
1.6516754051332134
1.6521754203924681
1.651800408948027
1.6519254127628407
1.6509253822443313
1.6516754051332134
1.651050386059145
1.6513003936887722
1.651425397503586
1.6521754203924681
1.6519254127628407
1.6516754051332134
1.651800408948027
1.6520504165776544
1.651050386059145
1.6516754051332134
1.6520504165776544
1.6515504013183995
1.6515504013183995
1.6523004242072816
1.6515504013183995
1.6513003936887722
1.651800408948027
1.6515504013183995
1.6520504165776544
1.6523004242072816
1.651800408948027
1.651800408948027
1.6523004242072816
1.6519254127628407
1.651800408948027
1.6521754203924681
1.6521754203924681
1.6524254280220954
1.6524254280220954
1.6521754203924681
1.6521754203924681
1.6523004242072816
1.6523004242072816
1.6528004394665363
1.6530504470961638
1.6533004547257912
1.6531754509109775
1.6541754814294871
1.653800469985046
1.6533004547257912
1.6536754661702324
1.6539254737998597
1.6549255043183693
1.6541754814294871
1.6541754814294871
1.6555505233924375
1.6559255348368787
1.6563005462813196
1.656550553910947
1.6568005615405743
1.6574255806146427
1.6576755882442702
1.6575505844294565
1.6579255958738974
1.658925626392407
1.6593006378368482
1.6593006378368482
1.6601756645405439
1.6599256569109164
1.6604256721701711
1.6600506607257304
1.6603006683553576
1.6600506607257304
1.6604256721701711
1.6610506912442398
1.6610506912442398
1.6606756797997986
1.6614257026886807
1.660925687429426
1.6604256721701711
1.6613006988738672
1.6606756797997986
1.6600506607257304
1.6595506454664755
1.659800653096103
1.6595506454664755
1.659800653096103
1.6595506454664755
1.6586756187627796
1.6579255958738974
1.657800592059084
1.6575505844294565
1.6566755577257606
1.6570505691702018
1.6560505386516924
1.6564255500961331
1.655800531022065
1.6560505386516924
1.655425519577624
1.6548005005035553
1.6548005005035553
1.654550492873928
1.6533004547257912
1.6529254432813503
1.6536754661702324
1.653425458540605
1.6529254432813503
1.6529254432813503
1.6531754509109775
1.6524254280220954
1.651800408948027
1.6526754356517228
1.651425397503586
1.651425397503586
1.651425397503586
1.6503003631702629
1.6513003936887722
1.6505503707998903
1.6501753593554491
1.6496753440961944
1.6488003173924985
1.6480502945036166
1.647425275429548
1.645925229651784
1.6461752372814111
1.6449251991332745
1.6466752525406658
1.6468002563554796
1.6476752830591754
1.6488003173924985
1.6500503555406356
1.6516754051332134
1.6540504776146734
1.6559255348368787
1.6590506302072208
1.6634257637256997
1.667300881984924
1.671176000244148
1.675676137577441
1.6789262367625966
1.6825513473921934
1.6845514084292124
1.686676473281045
1.6869264809106725
1.6879265114291817
1.687051484725486
1.685051423688467
1.6818013245033114
1.6793012482070377
1.6754261299478135
1.6714260078737755
1.6665508590960418
1.6626757408368176
1.657800592059084
1.6553005157628102
1.6529254432813503
1.6491753288369395
1.6476752830591754
1.6461752372814111
1.6445501876888333
1.6444251838740198
1.6431751457258827
1.6438001647999512
1.642675130466628
1.6448001953184606
1.6451752067629017
1.6460502334665976
1.6468002563554796
1.6480502945036166
1.6485503097628713
1.6488003173924985
1.6500503555406356
1.6505503707998903
1.6508003784295175
1.651050386059145
1.6523004242072816
1.6521754203924681
1.6524254280220954
1.6526754356517228
1.6529254432813503
1.6528004394665363
1.651800408948027
1.6528004394665363
1.6524254280220954
1.6530504470961638
1.653425458540605
1.6529254432813503
1.6543004852443006
1.6539254737998597
1.653800469985046
1.6540504776146734
1.6551755119479965
1.6539254737998597
1.654550492873928
1.6539254737998597
1.6548005005035553
1.6550505081331828
1.655425519577624
1.6556755272072514
1.6560505386516924
1.6563005462813196
1.6564255500961331
1.6563005462813196
1.656925565355388
1.656925565355388
1.6570505691702018
1.6591756340220343
1.6580505996887114
1.6583006073183386
1.659800653096103
1.6593006378368482
1.6590506302072208
1.6600506607257304
1.6600506607257304
1.6601756645405439
1.6615507065034945
1.6613006988738672
1.6620507217627492
1.6625507370220038
1.6625507370220038
1.6624257332071901
1.662800744651631
1.6638007751701407
1.6635507675405132
1.6635507675405132
1.6643007904293954
1.6641757866145819
1.6645507980590228
1.664925809503464
1.6651758171330913
1.6659258400219734
1.6654258247627187
1.666050843836787
1.6658008362071597
1.6656758323923462
1.6658008362071597
1.6661758476516009
1.6666758629108556
1.6666758629108556
1.6663008514664144
1.6659258400219734
1.6656758323923462
1.666050843836787
1.666050843836787
1.665300820947905
1.666050843836787
1.665300820947905
1.6656758323923462
1.6654258247627187
1.66480080568865
1.665300820947905
1.6643007904293954
1.6650508133182775
1.6639257789849544
1.6634257637256997
1.6631757560960723
1.6623007293923764
1.6626757408368176
1.662800744651631
1.6624257332071901
1.6621757255775629
1.6614257026886807
1.6596756492812892
1.6610506912442398
1.6603006683553576
1.659800653096103
1.6599256569109164
1.660550675984985
1.658925626392407
1.658925626392407
1.6590506302072208
1.6579255958738974
1.657800592059084
1.656925565355388
1.6571755729850153
1.6564255500961331
1.6560505386516924
1.655800531022065
1.6556755272072514
1.6553005157628102
1.6564255500961331
1.655800531022065
1.6551755119479965
1.6539254737998597
1.6541754814294871
1.6540504776146734
1.653425458540605
1.6535504623554185
1.6543004852443006
1.653425458540605
1.6536754661702324
1.653425458540605
1.6533004547257912
1.6521754203924681
1.6531754509109775
1.6520504165776544
1.6524254280220954
1.6528004394665363
1.6516754051332134
1.6524254280220954
1.6521754203924681
1.6528004394665363
1.6523004242072816
1.651800408948027
1.6516754051332134
1.651800408948027
1.6513003936887722
1.6515504013183995
1.6520504165776544
1.6519254127628407
1.651800408948027
1.6519254127628407
1.651425397503586
1.651800408948027
1.651800408948027
1.6516754051332134
1.6508003784295175
1.6519254127628407
1.6513003936887722
1.6515504013183995
1.6515504013183995
1.6520504165776544
1.6515504013183995
1.6515504013183995
1.6515504013183995
1.6515504013183995
1.6516754051332134
1.651425397503586
1.651425397503586
1.6519254127628407
1.6519254127628407
1.6519254127628407
1.6519254127628407
1.6520504165776544
1.6516754051332134
1.6515504013183995
1.6511753898739585
1.6516754051332134
1.6523004242072816
1.651800408948027
1.6523004242072816
1.6529254432813503
1.6523004242072816
1.6528004394665363
1.6523004242072816
1.6524254280220954
1.6519254127628407
1.6526754356517228
1.6528004394665363
1.6535504623554185
1.652550431836909
1.6529254432813503
1.6541754814294871
1.6540504776146734
1.653425458540605
1.6539254737998597
1.6539254737998597
1.6540504776146734
1.6543004852443006
1.6548005005035553
1.6553005157628102
1.6561755424665061
1.6560505386516924
1.656550553910947
1.655800531022065
1.6576755882442702
1.6575505844294565
1.6583006073183386
1.6579255958738974
1.6576755882442702
1.6588006225775933
1.658925626392407
1.6600506607257304
1.6604256721701711
1.6601756645405439
1.659800653096103
1.6603006683553576
1.6603006683553576
1.660550675984985
1.6613006988738672
1.6604256721701711
1.6611756950590533
1.6610506912442398
1.6613006988738672
1.6608006836146123
1.6606756797997986
1.659800653096103
1.6595506454664755
1.6599256569109164
1.6594256416516617
1.6594256416516617
1.6591756340220343
1.6593006378368482
1.6590506302072208
1.6584256111331521
1.6579255958738974
1.6574255806146427
1.656925565355388
1.656550553910947
1.6564255500961331
1.6551755119479965
1.655800531022065
1.6556755272072514
1.655425519577624
1.6555505233924375
1.6541754814294871
1.653800469985046
1.6539254737998597
1.6530504470961638
1.6539254737998597
1.6544254890591144
1.652550431836909
1.6531754509109775
1.6528004394665363
1.653425458540605
1.6511753898739585
1.6523004242072816
1.6520504165776544
1.6515504013183995
1.6515504013183995
1.6509253822443313
1.6505503707998903
1.6500503555406356
1.6503003631702629
1.6498003479110082
1.6489253212073123
1.6483003021332439
1.6476752830591754
1.6466752525406658
1.6466752525406658
1.647050263985107
1.6473002716147345
1.6469252601702933
1.6478002868739892
1.6485503097628713
1.6509253822443313
1.6515504013183995
1.6539254737998597
1.6566755577257606
1.6591756340220343
1.6644257942442091
1.6675508896145512
1.671676015503403
1.6753011261329998
1.6793012482070377
1.6829263588366346
1.6845514084292124
1.6864264656514176
1.6874264961699272
1.6878015076143682
1.687051484725486
1.6855514389477217
1.6824263435773796
1.679551255836665
1.675176122318186
1.6714260078737755
1.6670508743552965
1.6625507370220038
1.6584256111331521
1.6551755119479965
1.651800408948027
1.6496753440961944
1.6473002716147345
1.645925229651784
1.6440501724295786
1.6436751609851377
1.6431751457258827
1.6434251533555102
1.6434251533555102
1.6443001800592059
1.6449251991332745
1.6451752067629017
1.6466752525406658
1.6480502945036166
1.6489253212073123
1.6496753440961944
1.6501753593554491
1.6505503707998903
1.6505503707998903
1.6511753898739585
1.6515504013183995
1.6523004242072816
1.6519254127628407
1.6520504165776544
1.6526754356517228
1.6523004242072816
1.6521754203924681
1.6528004394665363
1.6529254432813503
1.6528004394665363
1.6529254432813503
1.6533004547257912
1.653425458540605
1.6539254737998597
1.6536754661702324
1.654550492873928
1.6539254737998597
1.6544254890591144
1.654550492873928
1.6543004852443006
1.6548005005035553
1.6551755119479965
1.6548005005035553
1.6563005462813196
1.6563005462813196
1.6563005462813196
1.6563005462813196
1.656550553910947
1.6570505691702018
1.6570505691702018
1.6576755882442702
1.6580505996887114
1.6581756035035249
1.6583006073183386
1.6591756340220343
1.6593006378368482
1.659800653096103
1.6599256569109164
1.660550675984985
1.6603006683553576
1.660925687429426
1.660925687429426
1.6614257026886807
1.6618007141331217
1.662925748466445
1.662800744651631
1.663300759910886
1.662925748466445
1.6636757713553272
1.6645507980590228
1.6643007904293954
1.664925809503464
1.6640507827997681
1.6645507980590228
1.6654258247627187
1.6655508285775322
1.665300820947905
1.6656758323923462
1.6658008362071597
1.6658008362071597
1.666050843836787
1.6669258705404828
1.6661758476516009
1.6665508590960418
1.6665508590960418
1.6670508743552965
1.6661758476516009
1.6666758629108556
1.6659258400219734
1.6659258400219734
1.6655508285775322
1.6656758323923462
1.6656758323923462
1.6650508133182775
1.665300820947905
1.6654258247627187
1.66480080568865
1.6645507980590228
1.6641757866145819
1.6644257942442091
1.6631757560960723
1.6631757560960723
1.6630507522812585
1.6624257332071901
1.6620507217627492
1.6626757408368176
1.6619257179479354
1.660925687429426
1.6606756797997986
1.6603006683553576
1.6595506454664755
1.6599256569109164
1.6593006378368482
1.659800653096103
1.6584256111331521
1.6586756187627796
1.6584256111331521
1.6576755882442702
1.6576755882442702
1.656925565355388
1.6563005462813196
1.655800531022065
1.6559255348368787
1.6555505233924375
1.655425519577624
1.6555505233924375
1.6550505081331828
1.6551755119479965
1.654550492873928
1.6541754814294871
1.653800469985046
1.6531754509109775
1.6535504623554185
1.6536754661702324
1.653425458540605
1.6531754509109775
1.6541754814294871
1.6529254432813503
1.6529254432813503
1.6526754356517228
1.651425397503586
1.6524254280220954
1.651425397503586
1.6528004394665363
1.651800408948027
1.6521754203924681
1.6530504470961638
1.651800408948027
1.6529254432813503
1.6521754203924681
1.651425397503586
1.651425397503586
1.651800408948027
1.6515504013183995
1.6516754051332134
1.6515504013183995
1.6520504165776544
1.6519254127628407
1.6519254127628407
1.6515504013183995
1.6516754051332134
1.6524254280220954
1.651425397503586
1.6513003936887722
1.6511753898739585
1.6515504013183995
1.6524254280220954
1.6519254127628407
1.6521754203924681
1.651050386059145
1.6515504013183995
1.6513003936887722
1.651425397503586
1.6509253822443313
1.6519254127628407
1.651800408948027
1.6524254280220954
1.6519254127628407
1.651800408948027
1.6509253822443313
1.651800408948027
1.6515504013183995
1.6515504013183995
1.6529254432813503
1.6516754051332134
1.6520504165776544
1.6520504165776544
1.6526754356517228
1.6526754356517228
1.6516754051332134
1.6529254432813503
1.6524254280220954
1.652550431836909
1.6529254432813503
1.6528004394665363
1.6533004547257912
1.6535504623554185
1.6536754661702324
1.6524254280220954
1.6539254737998597
1.6540504776146734
1.6541754814294871
1.6541754814294871
1.6550505081331828
1.6555505233924375
1.655425519577624
1.655425519577624
1.656925565355388
1.656925565355388
1.6573005767998292
1.6573005767998292
1.6576755882442702
1.6571755729850153
1.6581756035035249
1.6593006378368482
1.6588006225775933
1.6590506302072208
1.6600506607257304
1.6601756645405439
1.660925687429426
1.659800653096103
1.6601756645405439
1.6603006683553576
1.6606756797997986
1.660550675984985
1.6608006836146123
1.6615507065034945
1.6614257026886807
1.6615507065034945
1.6603006683553576
1.6606756797997986
1.6604256721701711
1.6595506454664755
1.659800653096103
1.6584256111331521
1.6594256416516617
1.6591756340220343
1.6591756340220343
1.6593006378368482
1.6579255958738974
1.6570505691702018
1.656925565355388
1.6571755729850153
1.6564255500961331
1.6553005157628102
1.6563005462813196
1.6561755424665061
1.655800531022065
1.6551755119479965
1.6543004852443006
1.6526754356517228
1.6541754814294871
1.6535504623554185
1.6533004547257912
1.6535504623554185
1.6553005157628102
1.6529254432813503
1.6531754509109775
1.6529254432813503
1.6519254127628407
1.6521754203924681
1.6523004242072816
1.6523004242072816
1.651425397503586
1.6531754509109775
1.6511753898739585
1.6505503707998903
1.6500503555406356
1.6501753593554491
1.6496753440961944
1.649050325022126
1.6483003021332439
1.6476752830591754
1.6468002563554796
1.6466752525406658
1.6458002258369702
1.6465502487258523
1.6466752525406658
1.6476752830591754
1.6486753135776848
1.6499253517258217
1.651425397503586
1.653800469985046
1.6561755424665061
1.6591756340220343
1.6623007293923764
1.66717587817011
1.6709259926145208
1.675551133762627
1.6793012482070377
1.6836763817255165
1.6848014160588396
1.686676473281045
1.6873014923551135
1.6874264961699272
1.6864264656514176
1.6848014160588396
1.6820513321329387
1.6793012482070377
1.675676137577441
1.6720510269478437
1.6655508285775322
1.6626757408368176
1.6588006225775933
1.6549255043183693
1.6516754051332134
1.6498003479110082
1.6469252601702933
1.6456752220221567
1.6445501876888333
1.6441751762443924
1.6444251838740198
1.6431751457258827
1.6434251533555102
1.643925168614765
1.6448001953184606
1.6458002258369702
1.6466752525406658
1.6478002868739892
1.6496753440961944
1.6493003326517535
1.6504253669850764
1.6503003631702629
1.6508003784295175
1.6508003784295175
1.6516754051332134
1.6521754203924681
1.6520504165776544
1.6526754356517228
1.6530504470961638
1.6526754356517228
1.6529254432813503
1.6529254432813503
1.6526754356517228
1.6526754356517228
1.652550431836909
1.652550431836909
1.6533004547257912
1.6539254737998597
1.6539254737998597
1.6540504776146734
1.6533004547257912
1.6544254890591144
1.6540504776146734
1.6544254890591144
1.654550492873928
1.6550505081331828
1.6553005157628102
1.6553005157628102
1.6560505386516924
1.6563005462813196
1.6571755729850153
1.6574255806146427
1.6568005615405743
1.656550553910947
1.6574255806146427
1.6576755882442702
1.6580505996887114
1.658550614947966
1.6593006378368482
1.6595506454664755
1.658925626392407
1.6594256416516617
1.6601756645405439
1.6603006683553576
1.660550675984985
1.6614257026886807
1.6618007141331217
1.6618007141331217
1.6625507370220038
1.6626757408368176
1.6634257637256997
1.6635507675405132
1.6635507675405132
1.6639257789849544
1.6638007751701407
1.6643007904293954
1.6650508133182775
1.6646758018738366
1.6654258247627187
1.6654258247627187
1.6651758171330913
1.6669258705404828
1.6656758323923462
1.6661758476516009
1.6655508285775322
1.666050843836787
1.666050843836787
1.6665508590960418
1.6669258705404828
1.667300881984924
1.6665508590960418
1.6661758476516009
1.666425855281228
1.6663008514664144
1.6655508285775322
1.6650508133182775
1.6659258400219734
1.6650508133182775
1.6651758171330913
1.6650508133182775
1.6656758323923462
1.6650508133182775
1.6638007751701407
1.6636757713553272
1.6634257637256997
1.662925748466445
1.6630507522812585
1.6631757560960723
1.6624257332071901
1.6620507217627492
1.6623007293923764
1.6615507065034945
1.6610506912442398
1.660550675984985
1.659800653096103
1.6596756492812892
1.6588006225775933
1.6584256111331521
1.658925626392407
1.6590506302072208
1.6588006225775933
1.6579255958738974
1.6574255806146427
1.6573005767998292
1.656925565355388
1.6564255500961331
1.6561755424665061
1.6555505233924375
1.655425519577624
1.6551755119479965
1.6553005157628102
1.6549255043183693
1.6549255043183693
1.6548005005035553
1.6541754814294871
1.6533004547257912
1.6540504776146734
1.6536754661702324
1.653425458540605
1.6539254737998597
1.6528004394665363
1.6533004547257912
1.6539254737998597
1.6526754356517228
1.6526754356517228
1.6524254280220954
1.6521754203924681
1.651800408948027
1.652550431836909
1.6521754203924681
1.6526754356517228
1.651800408948027
1.6519254127628407
1.6520504165776544
1.651800408948027
1.6515504013183995
1.6516754051332134
1.6516754051332134
1.6516754051332134
1.651800408948027
1.6521754203924681
1.6523004242072816
1.6519254127628407
1.6511753898739585
1.6515504013183995
1.651050386059145
1.6515504013183995
1.6520504165776544
1.6513003936887722
1.651800408948027
1.6519254127628407
1.6519254127628407
1.6521754203924681
1.6513003936887722
1.651425397503586
1.6513003936887722
1.651050386059145
1.6528004394665363
1.6524254280220954
1.6520504165776544
1.6523004242072816
1.651800408948027
1.6506753746147038
1.6528004394665363
1.651425397503586
1.6515504013183995
1.651425397503586
1.651425397503586
1.6515504013183995
1.6523004242072816
1.6526754356517228
1.6521754203924681
1.6526754356517228
1.6530504470961638
1.6524254280220954
1.6523004242072816
1.6521754203924681
1.6530504470961638
1.6530504470961638
1.6530504470961638
1.6529254432813503
1.6536754661702324
1.6541754814294871
1.6540504776146734
1.6539254737998597
1.6546754966887418
1.6543004852443006
1.6549255043183693
1.6553005157628102
1.655425519577624
1.6559255348368787
1.656550553910947
1.656925565355388
1.6561755424665061
1.6575505844294565
1.6575505844294565
1.6579255958738974
1.6584256111331521
1.657800592059084
1.6588006225775933
1.6596756492812892
1.6601756645405439
1.6601756645405439
1.659800653096103
1.6601756645405439
1.6603006683553576
1.6603006683553576
1.6603006683553576
1.6594256416516617
1.6611756950590533
1.6616757103183082
1.6613006988738672
1.6611756950590533
1.6620507217627492
1.6616757103183082
1.659800653096103
1.6601756645405439
1.6596756492812892
1.659800653096103
1.659800653096103
1.6593006378368482
1.6595506454664755
1.6590506302072208
1.6584256111331521
1.6584256111331521
1.6571755729850153
1.6570505691702018
1.6563005462813196
1.6561755424665061
1.656550553910947
1.6561755424665061
1.6560505386516924
1.6556755272072514
1.6556755272072514
1.6540504776146734
1.6541754814294871
1.6540504776146734
1.6536754661702324
1.653425458540605
1.6528004394665363
1.6530504470961638
1.6531754509109775
1.6530504470961638
1.652550431836909
1.6529254432813503
1.6524254280220954
1.6519254127628407
1.6516754051332134
1.6515504013183995
1.6513003936887722
1.651425397503586
1.6504253669850764
1.6500503555406356
1.6496753440961944
1.6478002868739892
1.6483003021332439
1.6476752830591754
1.6465502487258523
1.647050263985107
1.647050263985107
1.6463002410962249
1.6475502792443617
1.6476752830591754
1.6485503097628713
1.6500503555406356
1.6521754203924681
1.653800469985046
1.655425519577624
1.6590506302072208
1.662925748466445
1.6669258705404828
1.6709259926145208
1.6753011261329998
1.679551255836665
1.6823013397625661
1.6844264046143986
1.6865514694662314
1.6869264809106725
1.6874264961699272
1.687051484725486
1.6848014160588396
1.682676351207007
1.6791762443922238
1.6763011566515091
1.6719260231330302
1.6675508896145512
1.6630507522812585
1.6591756340220343
1.6551755119479965
1.6523004242072816
1.649425336466567
1.647425275429548
1.6456752220221567
1.6444251838740198
1.6436751609851377
1.6423001190221869
1.6428001342814416
1.6433001495406965
1.643050141911069
1.6445501876888333
1.645925229651784
1.6468002563554796
1.6478002868739892
1.6489253212073123
1.6489253212073123
1.6504253669850764
1.6505503707998903
1.6508003784295175
1.651050386059145
1.6511753898739585
1.651800408948027
1.6523004242072816
1.6524254280220954
1.6530504470961638
1.6529254432813503
1.6524254280220954
1.6523004242072816
1.6528004394665363
1.6526754356517228
1.6529254432813503
1.653425458540605
1.6535504623554185
1.653425458540605
1.653800469985046
1.6543004852443006
1.653800469985046
1.654550492873928
1.6546754966887418
1.653800469985046
1.6544254890591144
1.655425519577624
1.6553005157628102
1.655425519577624
1.655425519577624
1.6563005462813196
1.6570505691702018
1.656550553910947
1.6568005615405743
1.6568005615405743
1.6574255806146427
1.6574255806146427
1.6581756035035249
1.6584256111331521
1.6590506302072208
1.6591756340220343
1.6594256416516617
1.6599256569109164
1.6600506607257304
1.6604256721701711
1.6608006836146123
1.6610506912442398
1.6618007141331217
1.6619257179479354
1.6621757255775629
1.6630507522812585
1.6636757713553272
1.6624257332071901
1.6635507675405132
1.6640507827997681
1.6636757713553272
1.6646758018738366
1.6645507980590228
1.664925809503464
1.6650508133182775
1.6658008362071597
1.666050843836787
1.6651758171330913
1.6658008362071597
1.6656758323923462
1.6658008362071597
1.6661758476516009
1.666800866725669
1.6663008514664144
1.6663008514664144
1.6666758629108556
1.6665508590960418
1.6665508590960418
1.6659258400219734
1.6659258400219734
1.6658008362071597
1.6651758171330913
1.6654258247627187
1.6656758323923462
1.6650508133182775
1.665300820947905
1.664925809503464
1.6651758171330913
1.6641757866145819
1.6636757713553272
1.662925748466445
1.6631757560960723
1.662925748466445
1.6618007141331217
1.6621757255775629
1.6621757255775629
1.6618007141331217
1.6614257026886807
1.6606756797997986
1.6603006683553576
1.6596756492812892
1.659800653096103
1.6594256416516617
1.6594256416516617
1.6586756187627796
1.6588006225775933
1.6586756187627796
1.6581756035035249
1.6566755577257606
1.6571755729850153
1.6568005615405743
1.6564255500961331
1.6553005157628102
1.655800531022065
1.6555505233924375
1.6561755424665061
1.655425519577624
1.6553005157628102
1.6543004852443006
1.6544254890591144
1.6541754814294871
1.6541754814294871
1.6536754661702324
1.653800469985046
1.6535504623554185
1.6530504470961638
1.6533004547257912
1.6531754509109775
1.6521754203924681
1.6528004394665363
1.6526754356517228
1.6520504165776544
1.6521754203924681
1.6520504165776544
1.6523004242072816
1.6524254280220954
1.6524254280220954
1.6526754356517228
1.6516754051332134
1.6519254127628407
1.6516754051332134
1.6513003936887722
1.6528004394665363
1.6519254127628407
1.651800408948027
1.6516754051332134
1.6520504165776544
1.6516754051332134
1.651050386059145
1.651050386059145
1.6515504013183995
1.6524254280220954
1.6513003936887722
1.6520504165776544
1.6519254127628407
1.6516754051332134
1.6521754203924681
1.6521754203924681
1.6526754356517228
1.6516754051332134
1.651425397503586
1.6511753898739585
1.6511753898739585
1.651050386059145
1.6515504013183995
1.6521754203924681
1.6516754051332134
1.6519254127628407
1.6516754051332134
1.6515504013183995
1.6519254127628407
1.651050386059145
1.6513003936887722
1.6524254280220954
1.651425397503586
1.6519254127628407
1.6519254127628407
1.6524254280220954
1.6526754356517228
1.652550431836909
1.6526754356517228
1.6529254432813503
1.6521754203924681
1.6523004242072816
1.6529254432813503
1.6528004394665363
1.6529254432813503
1.6539254737998597
1.6535504623554185
1.6541754814294871
1.6536754661702324
1.6544254890591144
1.6541754814294871
1.6540504776146734
1.6550505081331828
1.6551755119479965
1.6559255348368787
1.6568005615405743
1.656550553910947
1.6564255500961331
1.6568005615405743
1.6571755729850153
1.6575505844294565
1.6581756035035249
1.6584256111331521
1.6595506454664755
1.6593006378368482
1.659800653096103
1.659800653096103
1.6595506454664755
1.6604256721701711
1.6601756645405439
1.660925687429426
1.6600506607257304
1.660925687429426
1.660925687429426
1.6610506912442398
1.660925687429426
1.6613006988738672
1.660550675984985
1.6603006683553576
1.6608006836146123
1.6604256721701711
1.6594256416516617
1.6600506607257304
1.659800653096103
1.6594256416516617
1.6590506302072208
1.6584256111331521
1.6590506302072208
1.6583006073183386
1.6574255806146427
1.6568005615405743
1.6568005615405743
1.6564255500961331
1.6564255500961331
1.6556755272072514
1.6555505233924375
1.6560505386516924
1.6548005005035553
1.6541754814294871
1.6543004852443006
1.6540504776146734
1.6536754661702324
1.653800469985046
1.6540504776146734
1.6535504623554185
1.653425458540605
1.6531754509109775
1.6528004394665363
1.652550431836909
1.6526754356517228
1.651425397503586
1.6506753746147038
1.651800408948027
1.6513003936887722
1.6504253669850764
1.6506753746147038
1.6505503707998903
1.6496753440961944
1.6485503097628713
1.6484253059480574
1.647425275429548
1.6468002563554796
1.6464252449110386
1.6469252601702933
1.6465502487258523
1.6463002410962249
1.6476752830591754
1.6479252906888027
1.6504253669850764
1.6505503707998903
1.6529254432813503
1.6556755272072514
1.6581756035035249
1.6618007141331217
1.666050843836787
1.6706759849848933
1.6750511185033723
1.6781762138737144
1.6820513321329387
1.6836763817255165
1.686301461836604
1.687051484725486
1.6879265114291817
1.687051484725486
1.6853014313180945
1.6831763664662618
1.6803012787255471
1.6764261604663229
1.6728010498367258
1.6683009125034334
1.6639257789849544
1.660550675984985
1.655800531022065
1.6528004394665363
1.6501753593554491
1.6479252906888027
1.645925229651784
1.645050202948088
1.6440501724295786
1.6436751609851377
1.643050141911069
1.6434251533555102
1.6444251838740198
1.6448001953184606
1.6455502182073427
1.647050263985107
1.647425275429548
1.6486753135776848
1.6496753440961944
1.6505503707998903
1.6505503707998903
1.6503003631702629
1.6505503707998903
1.6511753898739585
1.6519254127628407
1.652550431836909
1.6524254280220954
1.6528004394665363
1.6528004394665363
1.6531754509109775
1.6528004394665363
1.6528004394665363
1.6531754509109775
1.6524254280220954
1.6535504623554185
1.6550505081331828
1.6535504623554185
1.6536754661702324
1.6541754814294871
1.653800469985046
1.6541754814294871
1.6543004852443006
1.6540504776146734
1.6541754814294871
1.6551755119479965
1.654550492873928
1.655425519577624
1.6560505386516924
1.6560505386516924
1.6568005615405743
1.656550553910947
1.6568005615405743
1.6571755729850153
1.6571755729850153
1.6583006073183386
1.657800592059084
1.6583006073183386
1.6588006225775933
1.6595506454664755
1.6600506607257304
1.659800653096103
1.659800653096103
1.6606756797997986
1.6608006836146123
1.660925687429426
1.6615507065034945
1.6619257179479354
1.6620507217627492
1.6625507370220038
1.662925748466445
1.6630507522812585
1.6634257637256997
1.6636757713553272
1.6636757713553272
1.6643007904293954
1.6645507980590228
1.66480080568865
1.6650508133182775
1.6659258400219734
1.6656758323923462
1.6656758323923462
1.6651758171330913
1.6658008362071597
1.6658008362071597
1.666050843836787
1.666050843836787
1.6661758476516009
1.6665508590960418
1.6666758629108556
1.6665508590960418
1.6663008514664144
1.6656758323923462
1.666050843836787
1.6655508285775322
1.6651758171330913
1.6650508133182775
1.6654258247627187
1.6651758171330913
1.6654258247627187
1.66480080568865
1.6645507980590228
1.6650508133182775
1.6640507827997681
1.6636757713553272
1.662800744651631
1.6624257332071901
1.6626757408368176
1.6630507522812585
1.6620507217627492
1.6623007293923764
1.6615507065034945
1.660925687429426
1.6606756797997986
1.660925687429426
1.6593006378368482
1.6595506454664755
1.6588006225775933
1.6590506302072208
1.6588006225775933
1.6586756187627796
1.6581756035035249
1.657800592059084
1.6573005767998292
1.6560505386516924
1.6564255500961331
1.6563005462813196
1.6563005462813196
1.655800531022065
1.6555505233924375
1.6560505386516924
1.6556755272072514
1.6541754814294871
1.654550492873928
1.6539254737998597
1.6531754509109775
1.653425458540605
1.6541754814294871
1.653800469985046
1.653800469985046
1.6530504470961638
1.6531754509109775
1.6526754356517228
1.6521754203924681
1.6528004394665363
1.6523004242072816
1.6524254280220954
1.6524254280220954
1.6531754509109775
1.6523004242072816
1.6520504165776544
1.6519254127628407
1.6523004242072816
1.6519254127628407
1.651800408948027
1.6515504013183995
1.6511753898739585
1.6515504013183995
1.6521754203924681
1.6515504013183995
1.6529254432813503
1.6523004242072816
1.651800408948027
1.6520504165776544
1.6516754051332134
1.6516754051332134
1.651425397503586
1.6509253822443313
1.651425397503586
1.651425397503586
1.6519254127628407
1.652550431836909
1.6516754051332134
1.6520504165776544
1.6519254127628407
1.6509253822443313
1.651425397503586
1.6516754051332134
1.6524254280220954
1.6516754051332134
1.6520504165776544
1.6519254127628407
1.6519254127628407
1.6521754203924681
1.6519254127628407
1.652550431836909
1.651050386059145
1.6519254127628407
1.6515504013183995
1.6520504165776544
1.6521754203924681
1.652550431836909
1.652550431836909
1.6523004242072816
1.6520504165776544
1.6520504165776544
1.6524254280220954
1.652550431836909
1.6529254432813503
1.6528004394665363
1.6533004547257912
1.653800469985046
1.6533004547257912
1.6539254737998597
1.653425458540605
1.6544254890591144
1.6540504776146734
1.6543004852443006
1.6550505081331828
1.6550505081331828
1.655800531022065
1.6563005462813196
1.6566755577257606
1.6564255500961331
1.6571755729850153
1.6570505691702018
1.6576755882442702
1.6574255806146427
1.6581756035035249
1.6583006073183386
1.6593006378368482
1.6596756492812892
1.659800653096103
1.6594256416516617
1.660925687429426
1.6606756797997986
1.660550675984985
1.659800653096103
1.6599256569109164
1.6604256721701711
1.6611756950590533
1.6608006836146123
1.6611756950590533
1.6610506912442398
1.6610506912442398
1.6601756645405439
1.6599256569109164
1.6600506607257304
1.6595506454664755
1.6599256569109164
1.6594256416516617
1.6593006378368482
1.6591756340220343
1.6591756340220343
1.6579255958738974
1.657800592059084
1.6570505691702018
1.656550553910947
1.6563005462813196
1.6563005462813196
1.6560505386516924
1.655800531022065
1.6550505081331828
1.6551755119479965
1.6549255043183693
1.6546754966887418
1.653425458540605
1.6543004852443006
1.6531754509109775
1.6531754509109775
1.6530504470961638
1.6528004394665363
1.6533004547257912
1.6524254280220954
1.6529254432813503
1.6526754356517228
1.6523004242072816
1.6520504165776544
1.651050386059145
1.6509253822443313
1.6503003631702629
1.6508003784295175
1.6509253822443313
1.6503003631702629
1.6489253212073123
1.6481752983184301
1.6475502792443617
1.6471752677999205
1.6466752525406658
1.645925229651784
1.6473002716147345
1.6466752525406658
1.6471752677999205
1.6480502945036166
1.6503003631702629
1.651050386059145
1.6529254432813503
1.6551755119479965
1.657800592059084
1.6611756950590533
1.664925809503464
1.669300943021943
1.673176061281167
1.6778012024292734
1.6810513016144293
1.6840513931699574
1.685926450392163
1.6873014923551135
1.6873014923551135
1.6871764885402998
1.6854264351329082
1.6834263740958892
1.6801762749107334
1.6773011871700187
1.673551072725608
1.6694259468367565
1.664925809503464
1.6604256721701711
1.655800531022065
1.6531754509109775
1.6520504165776544
1.6489253212073123
1.6463002410962249
1.645050202948088
1.6444251838740198
1.6440501724295786
1.6435501571703237
1.6440501724295786
1.6436751609851377
1.6443001800592059
1.6453002105777155
1.645925229651784
1.6473002716147345
1.6484253059480574
1.6498003479110082
1.6500503555406356
1.6499253517258217
1.6505503707998903
1.6519254127628407
1.6511753898739585
1.6516754051332134
1.6523004242072816
1.6523004242072816
1.652550431836909
1.6530504470961638
1.652550431836909
1.6529254432813503
1.652550431836909
1.6526754356517228
1.6530504470961638
1.6531754509109775
1.652550431836909
1.6536754661702324
1.6540504776146734
1.654550492873928
1.6541754814294871
1.6533004547257912
1.654550492873928
1.6544254890591144
1.6543004852443006
1.6548005005035553
1.6553005157628102
1.6556755272072514
1.6555505233924375
1.6563005462813196
1.6559255348368787
1.6559255348368787
1.656925565355388
1.6570505691702018
1.6568005615405743
1.6576755882442702
1.657800592059084
1.6584256111331521
1.6586756187627796
1.6590506302072208
1.6594256416516617
1.660550675984985
1.6610506912442398
1.6610506912442398
1.6603006683553576
1.6614257026886807
1.6613006988738672
1.660925687429426
1.6621757255775629
1.662925748466445
1.662925748466445
1.662925748466445
1.6631757560960723
1.6638007751701407
1.6639257789849544
1.6641757866145819
1.6636757713553272
1.6646758018738366
1.6650508133182775
1.6655508285775322
1.666050843836787
1.6656758323923462
1.664925809503464
1.6659258400219734
1.6659258400219734
1.6658008362071597
1.666425855281228
1.6665508590960418
1.6663008514664144
1.666050843836787
1.66717587817011
1.6665508590960418
1.6665508590960418
1.6659258400219734
1.6659258400219734
1.6651758171330913
1.6663008514664144
1.6650508133182775
1.665300820947905
1.6655508285775322
1.665300820947905
1.6644257942442091
1.6641757866145819
1.6638007751701407
1.663300759910886
1.6634257637256997
1.662800744651631
1.6630507522812585
1.6623007293923764
1.6623007293923764
1.6624257332071901
1.6615507065034945
1.6613006988738672
1.6608006836146123
1.6600506607257304
1.659800653096103
1.6594256416516617
1.659800653096103
1.6588006225775933
1.6583006073183386
1.6584256111331521
1.6583006073183386
1.657800592059084
1.656925565355388
1.656925565355388
1.6560505386516924
1.6561755424665061
1.656925565355388
1.6550505081331828
1.6556755272072514
1.6556755272072514
1.6549255043183693
1.654550492873928
1.6540504776146734
1.6550505081331828
1.653425458540605
1.6533004547257912
1.6533004547257912
1.6544254890591144
1.6544254890591144
1.6536754661702324
1.6531754509109775
1.6533004547257912
1.6523004242072816
1.6529254432813503
1.652550431836909
1.6519254127628407
1.6533004547257912
1.6519254127628407
1.6523004242072816
1.6523004242072816
1.652550431836909
1.6520504165776544
1.651425397503586
1.6521754203924681
1.6511753898739585
1.6516754051332134
1.6516754051332134
1.6515504013183995
1.6519254127628407
1.6515504013183995
1.6523004242072816
1.651800408948027
1.6520504165776544
1.6515504013183995
1.6519254127628407
1.6513003936887722
1.6516754051332134
1.6515504013183995
1.6513003936887722
1.6516754051332134
1.6523004242072816
1.6515504013183995
1.6521754203924681
1.6519254127628407
1.6516754051332134
1.6511753898739585
1.651425397503586
1.6511753898739585
1.6516754051332134
1.651800408948027
1.651800408948027
1.651800408948027
1.6515504013183995
1.6521754203924681
1.6513003936887722
1.6515504013183995
1.6521754203924681
1.6520504165776544
1.6530504470961638
1.6523004242072816
1.652550431836909
1.6530504470961638
1.651800408948027
1.6515504013183995
1.6526754356517228
1.6526754356517228
1.6524254280220954
1.6531754509109775
1.653800469985046
1.6531754509109775
1.6535504623554185
1.6536754661702324
1.6533004547257912
1.6536754661702324
1.6540504776146734
1.6539254737998597
1.6544254890591144
1.6550505081331828
1.654550492873928
1.6556755272072514
1.6561755424665061
1.6568005615405743
1.656925565355388
1.6560505386516924
1.6574255806146427
1.6575505844294565
1.6574255806146427
1.6581756035035249
1.659800653096103
1.6590506302072208
1.6593006378368482
1.6601756645405439
1.6600506607257304
1.6603006683553576
1.6604256721701711
1.6601756645405439
1.6600506607257304
1.6606756797997986
1.6604256721701711
1.6608006836146123
1.6608006836146123
1.6611756950590533
1.6611756950590533
1.6606756797997986
1.6606756797997986
1.660550675984985
1.6601756645405439
1.659800653096103
1.6590506302072208
1.6599256569109164
1.6591756340220343
1.6595506454664755
1.6586756187627796
1.6581756035035249
1.6573005767998292
1.656925565355388
1.6568005615405743
1.656550553910947
1.6560505386516924
1.655800531022065
1.6556755272072514
1.6556755272072514
1.6550505081331828
1.6543004852443006
1.6541754814294871
1.6539254737998597
1.653800469985046
1.6530504470961638
1.6530504470961638
1.6530504470961638
1.6529254432813503
1.6526754356517228
1.6531754509109775
1.6529254432813503
1.6524254280220954
1.6520504165776544
1.651800408948027
1.651425397503586
1.6515504013183995
1.6513003936887722
1.6508003784295175
1.6501753593554491
1.6501753593554491
1.6496753440961944
1.649050325022126
1.6483003021332439
1.6473002716147345
1.6461752372814111
1.6465502487258523
1.6465502487258523
1.6464252449110386
1.6473002716147345
1.6481752983184301
1.6489253212073123
1.6509253822443313
1.6521754203924681
1.6549255043183693
1.6573005767998292
1.6608006836146123
1.6654258247627187
1.6684259163182469
1.6729260536515398
1.6764261604663229
1.6803012787255471
1.6828013550218206
1.685051423688467
1.6869264809106725
1.6873014923551135
1.6878015076143682
1.685926450392163
1.684676412244026
1.6811763054292428
1.6778012024292734
1.6745511032441176
1.6704259773552659
1.6654258247627187
1.6614257026886807
1.6571755729850153
1.6531754509109775
1.6505503707998903
1.6480502945036166
1.6463002410962249
1.6453002105777155
1.644675191503647
1.643050141911069
1.6449251991332745
1.6434251533555102
1.643925168614765
1.6444251838740198
1.6449251991332745
1.6466752525406658
1.6471752677999205
1.6479252906888027
1.6491753288369395
1.6503003631702629
1.6498003479110082
1.6504253669850764
1.6511753898739585
1.6508003784295175
1.651800408948027
1.6516754051332134
1.6524254280220954
1.6524254280220954
1.6524254280220954
1.6526754356517228
1.6523004242072816
1.6529254432813503
1.6531754509109775
1.6526754356517228
1.6533004547257912
1.653425458540605
1.6535504623554185
1.6536754661702324
1.6539254737998597
1.6539254737998597
1.6536754661702324
1.6549255043183693
1.6543004852443006
1.6543004852443006
1.6553005157628102
1.6546754966887418
1.655425519577624
1.6556755272072514
1.656550553910947
1.656550553910947
1.6564255500961331
1.656925565355388
1.6570505691702018
1.6568005615405743
1.6568005615405743
1.6573005767998292
1.6579255958738974
1.6581756035035249
1.6591756340220343
1.6596756492812892
1.659800653096103
1.6603006683553576
1.6600506607257304
1.6616757103183082
1.660925687429426
1.6615507065034945
1.6619257179479354
1.6620507217627492
1.6620507217627492
1.6630507522812585
1.6626757408368176
1.6635507675405132
1.6636757713553272
1.6639257789849544
1.6641757866145819
1.6646758018738366
1.6643007904293954
1.664925809503464
1.6656758323923462
1.666050843836787
1.6658008362071597
1.6655508285775322
1.6658008362071597
1.6658008362071597
1.6656758323923462
1.666050843836787
1.6666758629108556
1.6659258400219734
1.6661758476516009
1.6665508590960418
1.6665508590960418
1.66717587817011
1.6661758476516009
1.666050843836787
1.6654258247627187
1.66480080568865
1.6669258705404828
1.6650508133182775
1.6651758171330913
1.6650508133182775
1.6651758171330913
1.6634257637256997
1.6639257789849544
1.6636757713553272
1.6634257637256997
1.6626757408368176
1.6625507370220038
1.6619257179479354
1.662925748466445
1.6620507217627492
1.6620507217627492
1.6624257332071901
1.660550675984985
1.660550675984985
1.6600506607257304
1.6594256416516617
1.6595506454664755
1.6590506302072208
1.6588006225775933
1.658550614947966
1.658550614947966
1.6579255958738974
1.6574255806146427
1.6570505691702018
1.6566755577257606
1.6560505386516924
1.6560505386516924
1.655425519577624
1.6551755119479965
1.6556755272072514
1.6550505081331828
1.6549255043183693
1.6544254890591144
1.6543004852443006
1.6539254737998597
1.6529254432813503
1.6535504623554185
1.653800469985046
1.6535504623554185
1.653425458540605
1.6535504623554185
1.6531754509109775
1.6529254432813503
1.6528004394665363
1.652550431836909
1.6521754203924681
1.6520504165776544
1.6529254432813503
1.6521754203924681
1.6523004242072816
1.6526754356517228
1.6520504165776544
1.651800408948027
1.6520504165776544
1.6519254127628407
1.6516754051332134
1.6523004242072816
1.6496753440961944
1.6515504013183995
1.6516754051332134
1.6520504165776544
1.6519254127628407
1.6535504623554185
1.6521754203924681
1.6515504013183995
1.6511753898739585
1.651800408948027
1.649050325022126
1.6508003784295175
1.6520504165776544
1.651800408948027
1.6520504165776544
1.6519254127628407
1.651425397503586
1.6516754051332134
1.6515504013183995
1.6513003936887722
1.6516754051332134
1.651425397503586
1.6515504013183995
1.6521754203924681
1.6519254127628407
1.6519254127628407
1.6524254280220954
1.6516754051332134
1.6516754051332134
1.651425397503586
1.6530504470961638
1.6530504470961638
1.651800408948027
1.6516754051332134
1.652550431836909
1.6526754356517228
1.6535504623554185
1.6523004242072816
1.6528004394665363
1.6523004242072816
1.6524254280220954
1.6523004242072816
1.653800469985046
1.6530504470961638
1.6544254890591144
1.653800469985046
1.653800469985046
1.6540504776146734
1.6541754814294871
1.6541754814294871
1.654550492873928
1.6555505233924375
1.6556755272072514
1.6555505233924375
1.6564255500961331
1.6568005615405743
1.6566755577257606
1.6571755729850153
1.6575505844294565
1.6575505844294565
1.6584256111331521
1.658925626392407
1.6590506302072208
1.6591756340220343
1.6601756645405439
1.6603006683553576
1.6601756645405439
1.6608006836146123
1.6608006836146123
1.6600506607257304
1.6606756797997986
1.6611756950590533
1.6611756950590533
1.660925687429426
1.6610506912442398
1.660925687429426
1.6608006836146123
1.660925687429426
1.660550675984985
1.659800653096103
1.6601756645405439
1.6594256416516617
1.6600506607257304
1.6595506454664755
1.6590506302072208
1.6590506302072208
1.6588006225775933
1.6573005767998292
1.6574255806146427
1.6571755729850153
1.656925565355388
1.655800531022065
1.6564255500961331
1.6559255348368787
1.6553005157628102
1.6553005157628102
1.655425519577624
1.6549255043183693
1.6541754814294871
1.6539254737998597
1.6530504470961638
1.6529254432813503
1.6531754509109775
1.6530504470961638
1.6528004394665363
1.653425458540605
1.6526754356517228
1.651800408948027
1.6521754203924681
1.6521754203924681
1.6516754051332134
1.6511753898739585
1.6516754051332134
1.6505503707998903
1.6506753746147038
1.6501753593554491
1.6498003479110082
1.6486753135776848
1.6480502945036166
1.6476752830591754
1.6465502487258523
1.6464252449110386
1.6469252601702933
1.6461752372814111
1.6465502487258523
1.6475502792443617
1.649050325022126
1.6503003631702629
1.651425397503586
1.6541754814294871
1.656925565355388
1.6595506454664755
1.6635507675405132
1.668800927762688
1.6718010193182167
1.6759261452070682
1.6790512405774103
1.6833013702810755
1.6858014465773492
1.6868014770958586
1.687051484725486
1.6873014923551135
1.6856764427625355
1.6853014313180945
1.6816763206884975
1.6785512253181556
1.6748011108737448
1.6701759697256386
1.6663008514664144
1.6620507217627492
1.6584256111331521
1.6549255043183693
1.6509253822443313
1.649050325022126
1.6469252601702933
1.645925229651784
1.6444251838740198
1.6440501724295786
1.6431751457258827
1.6434251533555102
1.6434251533555102
1.643925168614765
1.6448001953184606
1.6460502334665976
1.647050263985107
1.6479252906888027
1.649050325022126
1.6498003479110082
1.6493003326517535
1.6506753746147038
1.651050386059145
1.651050386059145
1.651050386059145
1.6521754203924681
1.6523004242072816
1.6524254280220954
1.6528004394665363
1.6528004394665363
1.6528004394665363
1.6528004394665363
1.6528004394665363
1.6526754356517228
1.653425458540605
1.653425458540605
1.653425458540605
1.6536754661702324
1.6541754814294871
1.6543004852443006
1.6544254890591144
1.654550492873928
1.6541754814294871
1.6541754814294871
1.6543004852443006
1.6548005005035553
1.6553005157628102
1.6556755272072514
1.6563005462813196
1.6560505386516924
1.6566755577257606
1.6571755729850153
1.656925565355388
1.6570505691702018
1.6571755729850153
1.657800592059084
1.6573005767998292
1.6586756187627796
1.658925626392407
1.6600506607257304
1.6599256569109164
1.6603006683553576
1.6601756645405439
1.660550675984985
1.6606756797997986
1.6611756950590533
1.6613006988738672
1.6620507217627492
1.6620507217627492
1.662925748466445
1.6630507522812585
1.663300759910886
1.6638007751701407
1.6639257789849544
1.6641757866145819
1.6644257942442091
1.66480080568865
1.6651758171330913
1.6651758171330913
1.6663008514664144
1.666050843836787
1.666800866725669
1.6659258400219734
1.6655508285775322
1.6661758476516009
1.6665508590960418
1.6659258400219734
1.666050843836787
1.6663008514664144
1.6665508590960418
1.6666758629108556
1.666050843836787
1.6654258247627187
1.666050843836787
1.6654258247627187
1.6651758171330913
1.6656758323923462
1.664925809503464
1.664925809503464
1.665300820947905
1.66480080568865
1.6645507980590228
1.6644257942442091
1.6640507827997681
1.6631757560960723
1.6631757560960723
1.6625507370220038
1.6621757255775629
1.6621757255775629
1.6620507217627492
1.6620507217627492
1.6616757103183082
1.6603006683553576
1.6601756645405439
1.6600506607257304
1.659800653096103
1.6600506607257304
1.6586756187627796
1.6588006225775933
1.6581756035035249
1.6588006225775933
1.6583006073183386
1.656550553910947
1.6570505691702018
1.6564255500961331
1.6570505691702018
1.655800531022065
1.655800531022065
1.6556755272072514
1.6551755119479965
1.6555505233924375
1.6553005157628102
1.6544254890591144
1.6541754814294871
1.6541754814294871
1.6539254737998597
1.6535504623554185
1.653425458540605
1.6530504470961638
1.653425458540605
1.653425458540605
1.6529254432813503
1.6526754356517228
1.6524254280220954
1.652550431836909
1.6521754203924681
1.6521754203924681
1.6528004394665363
1.651800408948027
1.6521754203924681
1.652550431836909
1.6520504165776544
1.6521754203924681
1.6519254127628407
1.6520504165776544
1.651425397503586
1.6516754051332134
1.651425397503586
1.6519254127628407
1.651425397503586
1.6519254127628407
1.6519254127628407
1.6521754203924681
1.6516754051332134
1.6516754051332134
1.6513003936887722
1.6516754051332134
1.6520504165776544
1.652550431836909
1.6516754051332134
1.6515504013183995
1.6520504165776544
1.651425397503586
1.651800408948027
1.6519254127628407
1.6513003936887722
1.6513003936887722
1.6515504013183995
1.6519254127628407
1.651425397503586
1.651800408948027
1.6521754203924681
1.652550431836909
1.6516754051332134
1.6520504165776544
1.651050386059145
1.6523004242072816
1.651800408948027
1.6523004242072816
1.6521754203924681
1.6524254280220954
1.6523004242072816
1.6528004394665363
1.6533004547257912
1.6524254280220954
1.6520504165776544
1.6521754203924681
1.6528004394665363
1.652550431836909
1.6529254432813503
1.6529254432813503
1.6540504776146734
1.6536754661702324
1.6559255348368787
1.6541754814294871
1.6541754814294871
1.6543004852443006
1.6551755119479965
1.6544254890591144
1.6551755119479965
1.6556755272072514
1.6564255500961331
1.6566755577257606
1.6573005767998292
1.6579255958738974
1.6575505844294565
1.6573005767998292
1.6586756187627796
1.658550614947966
1.6581756035035249
1.658925626392407
1.6600506607257304
1.6606756797997986
1.6601756645405439
1.660550675984985
1.6608006836146123
1.660550675984985
1.6604256721701711
1.6615507065034945
1.6604256721701711
1.6610506912442398
1.660925687429426
1.6615507065034945
1.6604256721701711
1.6606756797997986
1.6603006683553576
1.6600506607257304
1.659800653096103
1.6591756340220343
1.659800653096103
1.6593006378368482
1.658925626392407
1.6586756187627796
1.6583006073183386
1.6581756035035249
1.6574255806146427
1.6575505844294565
1.6563005462813196
1.6564255500961331
1.655800531022065
1.655800531022065
1.6550505081331828
1.6553005157628102
1.6551755119479965
1.6546754966887418
1.6540504776146734
1.6541754814294871
1.6533004547257912
1.653800469985046
1.6533004547257912
1.6536754661702324
1.6529254432813503
1.653425458540605
1.6531754509109775
1.6528004394665363
1.6519254127628407
1.6519254127628407
1.651800408948027
1.651050386059145
1.6511753898739585
1.6505503707998903
1.6509253822443313
1.6500503555406356
1.6498003479110082
1.6486753135776848
1.6480502945036166
1.6476752830591754
1.6466752525406658
1.6458002258369702
1.6461752372814111
1.645925229651784
1.6465502487258523
1.6473002716147345
1.6489253212073123
1.6498003479110082
1.6521754203924681
1.6539254737998597
1.6561755424665061
1.6588006225775933
1.662800744651631
1.666800866725669
1.6714260078737755
1.675676137577441
1.6793012482070377
1.6825513473921934
1.6848014160588396
1.6869264809106725
1.6876765037995543
1.6875514999847407
1.686301461836604
1.6845514084292124
1.681926328318125
1.6790512405774103
1.6753011261329998
1.671176000244148
1.6669258705404828
1.6630507522812585
1.658550614947966
1.6553005157628102
1.6516754051332134
1.649425336466567
1.6473002716147345
1.6455502182073427
1.6445501876888333
1.643925168614765
1.6433001495406965
1.6429251380962555
1.6436751609851377
1.643925168614765
1.6443001800592059
1.645925229651784
1.6469252601702933
1.6478002868739892
1.6491753288369395
1.6493003326517535
1.6504253669850764
1.6504253669850764
1.651050386059145
1.6511753898739585
1.651425397503586
1.6520504165776544
1.6528004394665363
1.6521754203924681
1.6524254280220954
1.652550431836909
1.6524254280220954
1.6524254280220954
1.6524254280220954
1.6528004394665363
1.6526754356517228
1.6528004394665363
1.6531754509109775
1.6535504623554185
1.6541754814294871
1.6541754814294871
1.654550492873928
1.6539254737998597
1.6548005005035553
1.6544254890591144
1.6556755272072514
1.6544254890591144
1.655800531022065
1.655425519577624
1.655800531022065
1.6570505691702018
1.6564255500961331
1.656550553910947
1.656925565355388
1.6571755729850153
1.6570505691702018
1.6575505844294565
1.6579255958738974
1.6580505996887114
1.6584256111331521
1.6595506454664755
1.659800653096103
1.660550675984985
1.6603006683553576
1.6606756797997986
1.6611756950590533
1.660925687429426
1.6639257789849544
1.6623007293923764
1.6620507217627492
1.6631757560960723
1.6634257637256997
1.6631757560960723
1.6643007904293954
1.6635507675405132
1.6643007904293954
1.6643007904293954
1.6655508285775322
1.6646758018738366
1.6645507980590228
1.6656758323923462
1.6658008362071597
1.6658008362071597
1.6666758629108556
1.666050843836787
1.6661758476516009
1.6658008362071597
1.6656758323923462
1.6659258400219734
1.666425855281228
1.6661758476516009
1.6663008514664144
1.6670508743552965
1.6670508743552965
1.6661758476516009
1.6658008362071597
1.6656758323923462
1.66480080568865
1.6656758323923462
1.6651758171330913
1.6650508133182775
1.6651758171330913
1.6645507980590228
1.6635507675405132
1.6643007904293954
1.6641757866145819
1.6626757408368176
1.6631757560960723
1.6621757255775629
1.6624257332071901
1.6620507217627492
1.6620507217627492
1.6618007141331217
1.6606756797997986
1.6614257026886807
1.6601756645405439
1.6594256416516617
1.659800653096103
1.6593006378368482
1.6588006225775933
1.6584256111331521
1.658925626392407
1.6576755882442702
1.6575505844294565
1.6573005767998292
1.656550553910947
1.6564255500961331
1.6556755272072514
1.6560505386516924
1.6559255348368787
1.6550505081331828
1.6555505233924375
1.6548005005035553
1.6546754966887418
1.653800469985046
1.6544254890591144
1.653800469985046
1.6536754661702324
1.653800469985046
1.652550431836909
1.653425458540605
1.6535504623554185
1.6535504623554185
1.6530504470961638
1.6526754356517228
1.6524254280220954
1.6524254280220954
1.6520504165776544
1.6526754356517228
1.6529254432813503
1.6521754203924681
1.6524254280220954
1.652550431836909
1.6520504165776544
1.6519254127628407
1.651800408948027
1.651800408948027
1.6513003936887722
1.6511753898739585
1.6509253822443313
1.651800408948027
1.6516754051332134
1.6520504165776544
1.6521754203924681
1.6516754051332134
1.6519254127628407
1.6516754051332134
1.651050386059145
1.6515504013183995
1.6515504013183995
1.6516754051332134
1.6515504013183995
1.6521754203924681
1.651800408948027
1.651800408948027
1.651800408948027
1.6515504013183995
1.651425397503586
1.6513003936887722
1.6515504013183995
1.6513003936887722
1.6516754051332134
1.6520504165776544
1.6515504013183995
1.6516754051332134
1.6520504165776544
1.6519254127628407
1.651050386059145
1.651800408948027
1.6515504013183995
1.6511753898739585
1.6520504165776544
1.6523004242072816
1.6523004242072816
1.6523004242072816
1.6526754356517228
1.6528004394665363
1.6519254127628407
1.6524254280220954
1.6526754356517228
1.6535504623554185
1.6533004547257912
1.6541754814294871
1.6536754661702324
1.6543004852443006
1.6539254737998597
1.6544254890591144
1.6541754814294871
1.6546754966887418
1.6555505233924375
1.6560505386516924
1.6556755272072514
1.6561755424665061
1.6568005615405743
1.656550553910947
1.6580505996887114
1.6574255806146427
1.658550614947966
1.6576755882442702
1.658550614947966
1.658550614947966
1.6591756340220343
1.6595506454664755
1.659800653096103
1.6600506607257304
1.6591756340220343
1.6604256721701711
1.6604256721701711
1.660550675984985
1.6606756797997986
1.6614257026886807
1.6606756797997986
1.6608006836146123
1.6614257026886807
1.6614257026886807
1.6608006836146123
1.6604256721701711
1.6601756645405439
1.6604256721701711
1.6596756492812892
1.6588006225775933
1.6595506454664755
1.6590506302072208
1.6596756492812892
1.6588006225775933
1.6575505844294565
1.6575505844294565
1.6574255806146427
1.656550553910947
1.6560505386516924
1.656550553910947
1.655800531022065
1.6556755272072514
1.6556755272072514
1.655425519577624
1.6546754966887418
1.6543004852443006
1.653800469985046
1.6540504776146734
1.6535504623554185
1.6530504470961638
1.6535504623554185
1.6530504470961638
1.6530504470961638
1.6529254432813503
1.6524254280220954
1.6521754203924681
1.6519254127628407
1.6519254127628407
1.6513003936887722
1.6513003936887722
1.6499253517258217
1.6496753440961944
1.6499253517258217
1.6495503402813807
1.6491753288369395
1.6493003326517535
1.6479252906888027
1.6476752830591754
1.6465502487258523
1.6458002258369702
1.645925229651784
1.6466752525406658
1.6475502792443617
1.6483003021332439
1.6501753593554491
1.6513003936887722
1.6531754509109775
1.6559255348368787
1.6583006073183386
1.6618007141331217
1.6659258400219734
1.6704259773552659
1.6748011108737448
1.678676229132969
1.6816763206884975
1.684676412244026
1.6861764580217904
1.6871764885402998
1.6874264961699272
1.6868014770958586
1.6854264351329082
1.6825513473921934
1.679551255836665
1.6764261604663229
1.6724260383922849
1.6683009125034334
1.6638007751701407
1.6593006378368482
1.6563005462813196
1.6524254280220954
1.6493003326517535
1.6481752983184301
1.6453002105777155
1.6455502182073427
1.643925168614765
1.6433001495406965
1.6424251228370008
1.6438001647999512
1.6438001647999512
1.6443001800592059
1.6454252143925292
1.647425275429548
1.6476752830591754
1.6486753135776848
1.6493003326517535
1.6495503402813807
1.649425336466567
1.6506753746147038
1.651050386059145
1.6515504013183995
1.6520504165776544
1.6533004547257912
1.6523004242072816
1.6523004242072816
1.6530504470961638
1.6528004394665363
1.652550431836909
1.6529254432813503
1.6533004547257912
1.6533004547257912
1.6529254432813503
1.6530504470961638
1.6536754661702324
1.653800469985046
1.6541754814294871
1.6543004852443006
1.6546754966887418
1.6543004852443006
1.654550492873928
1.654550492873928
1.6555505233924375
1.6551755119479965
1.655800531022065
1.6553005157628102
1.6564255500961331
1.6559255348368787
1.6568005615405743
1.6568005615405743
1.6571755729850153
1.6570505691702018
1.6570505691702018
1.6580505996887114
1.6586756187627796
1.658925626392407
1.6596756492812892
1.6594256416516617
1.6594256416516617
1.6595506454664755
1.6610506912442398
1.6611756950590533
1.660550675984985
1.6618007141331217
1.6611756950590533
1.6620507217627492
1.662800744651631
1.6634257637256997
1.6631757560960723
1.662925748466445
1.663300759910886
1.6640507827997681
1.6643007904293954
1.6650508133182775
1.665300820947905
1.6651758171330913
1.6651758171330913
1.6661758476516009
1.6658008362071597
1.6659258400219734
1.6659258400219734
1.666425855281228
1.666425855281228
1.6663008514664144
1.6663008514664144
1.6665508590960418
1.666425855281228
1.6669258705404828
1.6661758476516009
1.666050843836787
