1.6553005157628102
1.6485503097628713
1.6428001342814416
1.6381749931333354
1.6350498977629933
1.6330498367259743
1.632299813837092
1.6330498367259743
1.6352999053926207
1.6384250007629628
1.6421751152073734
1.6468002563554796
1.6519254127628407
1.656550553910947
1.663300759910886
1.6681759086886196
1.6730510574663533
1.6783012176885281
1.6804262825403606
1.6829263588366346
1.683926389355144
1.6820513321329387
1.6801762749107334
1.6765511642811366
1.6706759849848933
1.6636757713553272
1.6555505233924375
1.6460502334665976
1.6361749320963164
1.625174596392712
1.6139242530594806
1.6022988982818078
1.5906735435041353
1.5779231543931396
1.565422772911771
1.5511723380230111
1.5377969298379466
1.522171452986236
1.5041709036530655
1.4831702627643666
1.4597945493942077
1.4355438093203527
1.4150431836909085
1.3982926725058749
1.3915424665059357
1.397417645802179
1.421668385876034
1.4676697897274698
1.5385469527268287
1.6299247413556321
1.741678151799066
1.8658069399090549
1.9940608539078952
2.107064302499466
2.1864417249061554
2.2240678731650747
2.216317636646626
2.158065858943449
2.057062776573992
1.9303089083529161
1.7963048188726465
1.666800866725669
1.5534224066896571
1.462044618060854
1.3956675923947877
1.3544163335062716
1.337290810876797
1.3410409253212072
1.3580414441358686
1.3841672414319286
1.4146681722464676
1.4455441145054475
1.4740449842829677
1.4985457319864497
1.5181713309121982
1.5341718192083498
1.5474222235786004
1.5589225745414594
1.567797845393231
1.5775481429486986
1.58642341380047
1.5959237037263099
1.6052989898373364
1.6157993102816859
1.6274246650593585
1.638299996948149
1.6493003326517535
1.6613006988738672
1.6725510422070986
1.6833013702810755
1.695426740318003
1.70617706839198
1.7168023926511429
1.7273027130954923
1.7366779992065189
1.7464282967619862
1.7543035370952484
1.7625537888729514
1.7686789757988222
1.7745541550950652
1.7793043000579851
1.7828044068727684
1.7846794640949737
1.786554521317179
1.7866795251319927
1.7851794793542284
1.7833044221320231
1.780179326761681
1.7753041779839474
1.7696790063173315
1.7633038117618336
1.7556785790581988
1.7470533158360546
1.7380530411694692
1.7298027893917662
1.7193024689474166
1.7101771904660177
1.700176885280923
1.6900515762810144
1.6809262977996156
1.671676015503403
1.6641757866145819
1.655800531022065
1.6489253212073123
1.6438001647999512
1.6394250312814722
1.635174901577807
1.633174840540788
1.6327998290963468
1.6334248481704154
1.635549913022248
1.638299996948149
1.6420501113925596
1.6463002410962249
1.6511753898739585
1.6560505386516924
1.6626757408368176
1.6681759086886196
1.6729260536515398
1.6773011871700187
1.679551255836665
1.6831763664662618
1.6835513779107028
1.6836763817255165
1.6810513016144293
1.675676137577441
1.6709259926145208
1.6636757713553272
1.6555505233924375
1.6460502334665976
1.636674947355571
1.6257996154667806
1.6140492568742943
1.6024239020966218
1.5901735282448806
1.5781731620227668
1.5665478072450942
1.5519223609118933
1.53892196417127
1.5231714835047456
1.5042959074678794
1.483045258949553
1.4612945951719718
1.4361688283944214
1.414918179876095
1.3985426801355023
1.3915424665059357
1.3967926267281106
1.420793359172338
1.4665447553941466
1.5347968382824184
1.627174657429731
1.7386780602435379
1.8623068330942716
1.9908107547227394
2.105314249092074
2.185191686758019
2.22356785790582
2.2169426557206946
2.1593158970915862
2.05868782616657
1.9333089999084445
1.7989298989837337
1.6694259468367565
1.554797448652608
1.463169652394177
1.3965426190984833
1.3551663563951537
1.3375408185064244
1.340415906247139
1.3577914365062411
1.3839172338023011
1.414043153172399
1.4446690878017519
1.4730449537644583
1.4984207281716362
1.5184213385418257
1.5344218268379772
1.5477972350230413
1.558672566911832
1.5684228644672995
1.5771731315042574
1.5861734061708426
1.5952986846522417
1.6051739860225227
1.6159243140964994
1.626049623096408
1.6377999816888944
1.6493003326517535
1.6610506912442398
1.6721760307626576
1.6838013855403302
1.6950517288735618
1.7058020569475387
1.716427381206702
1.7268026978362376
1.737428022095401
1.745678273873104
1.7549285561693166
1.7623037812433242
1.7689289834284494
1.7744291512802515
1.7791792962431716
1.7839294412060915
1.7846794640949737
1.7860545060579243
1.7868045289468062
1.7853044831690421
1.7830544145023959
1.7796793115024263
1.775429181798761
1.7700540177617725
1.7633038117618336
1.755553575243385
1.7470533158360546
1.7384280526139104
1.729427777947325
1.7194274727622303
1.710427198095645
1.7008019043549913
1.6898015686513872
1.681551316873684
1.671676015503403
1.6635507675405132
1.6559255348368787
1.6485503097628713
1.6433001495406965
1.6389250160222175
1.635174901577807
1.6339248634296701
1.6330498367259743
1.6330498367259743
1.6357999206518754
1.638299996948149
1.641925107577746
1.6465502487258523
1.651425397503586
1.6568005615405743
1.6626757408368176
1.6674258857997375
1.6733010650959808
1.6776761986144597
1.6805512863551746
1.683051362651448
1.6834263740958892
1.6835513779107028
1.6810513016144293
1.6766761680959503
1.6709259926145208
1.6636757713553272
1.655800531022065
1.6469252601702933
1.6361749320963164
1.6255496078371532
1.6144242683187355
1.6024239020966218
1.5909235511337627
1.5784231696523943
1.5659227881710258
1.5522973723563342
1.5395469832453383
1.5231714835047456
1.5054209418012026
1.4840452894680625
1.4612945951719718
1.4374188665425582
1.4151681875057223
1.3991676992095705
1.3916674703207497
1.3967926267281106
1.420043336283456
1.4652947172460096
1.5341718192083498
1.6254246040223395
1.7360529801324502
1.8596817529831844
1.9871856440931426
2.1026891689809872
2.1861917172765284
2.2234428540910063
2.2178176824243905
2.161440961943419
2.061937925351726
1.9368091067232276
1.8023050019837032
1.6714260078737755
1.5575475325785089
1.4646696981719414
1.3972926419873655
1.355416364024781
1.3376658223212379
1.3405409100619525
1.357041413617359
1.3829172032837918
1.4135431379131442
1.4444190801721244
1.4730449537644583
1.4979207129123815
1.518296334727012
1.5337968077639088
1.5471722159489731
1.5584225592822047
1.5679228492080448
1.5775481429486986
1.5861734061708426
1.5949236732078005
1.6047989745780817
1.6151742912076175
1.6259246192815942
1.6374249702444532
1.649050325022126
1.660550675984985
1.6733010650959808
1.6834263740958892
1.6946767174291208
1.7055520493179113
1.7160523697622607
1.7264276863917967
1.7363029877620777
1.7459282815027315
1.754428540910062
1.7624287850581377
1.7688039796136357
1.774304147465438
1.7794293038727989
1.7821793877986998
1.7848044679097874
1.7866795251319927
1.7861795098727378
1.7854294869838556
1.7838044373912778
1.7798043153172398
1.775804193243202
1.7704290292062137
1.763553819391461
1.755553575243385
1.7473033234656818
1.7388030640583514
1.7298027893917662
1.7208025147251809
1.710427198095645
1.7010519119846188
1.6911766106143375
1.6814263130588702
1.6723010345774711
1.6640507827997681
1.655425519577624
1.6491753288369395
1.6435501571703237
1.6391750236518448
1.6352999053926207
1.6334248481704154
1.6330498367259743
1.633174840540788
1.635549913022248
1.638299996948149
1.6418001037629322
1.6464252449110386
1.6506753746147038
1.6570505691702018
1.6624257332071901
1.6681759086886196
1.6721760307626576
1.6770511795403913
1.679926267281106
1.6825513473921934
1.6836763817255165
1.6828013550218206
1.6808012939848018
1.6763011566515091
1.6709259926145208
1.6640507827997681
1.6560505386516924
1.6468002563554796
1.6371749626148258
1.625674611651967
1.6151742912076175
1.603173924985504
1.5910485549485762
1.5790481887264625
1.5660477919858395
1.55317239906003
1.539671987060152
1.523796502578814
1.505170934171575
1.484545304727317
1.4619196142460402
1.4380438856166264
1.4166682332834866
1.3997927182836392
1.3915424665059357
1.3964176152836694
1.4197933286538287
1.4640446790978727
1.5311717276528216
1.6222995086519973
1.73230286568804
1.8555566270943329
1.9841855525376142
2.0989390545365767
2.1823165990173043
2.222817835016938
2.2188177129429
2.1643160496841336
2.065563035981323
1.9406842249824519
1.8064301278725547
1.6760511490218817
1.5612976470229194
1.4669197668385876
1.3984176763206884
1.356166386913663
1.3376658223212379
1.3395408795434431
1.3565413983581043
1.3825421918393506
1.4122930997650074
1.4431690420239875
1.4722949308755762
1.4971706900234993
1.5172963042085024
1.5332967925046541
1.5465471968749047
1.5580475478377636
1.5675478377636038
1.5772981353190711
1.5859233985412151
1.5944236579485458
1.6034239326151312
1.61492428357799
1.6259246192815942
1.6374249702444532
1.649050325022126
1.6604256721701711
1.6718010193182167
1.6835513779107028
1.6941767021698662
1.7053020416882838
1.7158023621326335
1.7264276863917967
1.7364279915768914
1.7455532700582903
1.7541785332804345
1.7620537736136967
1.768303964354381
1.774179143650624
1.7789292886135442
1.782554399243141
1.7846794640949737
1.7861795098727378
1.7861795098727378
1.7855544907986696
1.7834294259468366
1.780679342020936
1.7760542008728295
1.7703040253914
1.7633038117618336
1.7561785943174535
1.7478033387249368
1.7391780755027926
1.7299277932065797
1.7210525223548083
1.710802209540086
1.7010519119846188
1.691426618243965
1.6818013245033114
1.6725510422070986
1.6646758018738366
1.6555505233924375
1.6491753288369395
1.6433001495406965
1.638299996948149
1.6352999053926207
1.6334248481704154
1.6325498214667196
1.633674855800043
1.6350498977629933
1.6381749931333354
1.6415500961333047
1.6461752372814111
1.651425397503586
1.6576755882442702
1.6623007293923764
1.667675893429365
1.6721760307626576
1.6766761680959503
1.679926267281106
1.6833013702810755
1.6834263740958892
1.6833013702810755
1.6808012939848018
1.6768011719107638
1.671301004058962
1.6636757713553272
1.6559255348368787
1.6473002716147345
1.6371749626148258
1.6266746421704763
1.6147992797631765
1.6029239173558765
1.5914235663930174
1.5791731925412764
1.5664228034302805
1.5530473952452162
1.5399219946897795
1.523796502578814
1.5057959532456433
1.4849203161717581
1.4621696218756677
1.4379188818018127
1.416418225653859
1.399417706839198
1.3909174474318675
1.3960426038392286
1.4182932828760644
1.462419629505295
1.5300466933194983
1.6210494705038605
1.7309278237250891
1.8544315927610096
1.9825605029450364
2.0985640430921353
2.1820665913876764
2.223067842646565
2.219317728202155
2.1649410687582016
2.0668130741294592
1.9423092745750299
1.8080551774651326
1.6774261909848323
1.5621726737266153
1.4681698049867247
1.3997927182836392
1.3575414288766137
1.338040833765679
1.3397908871730704
1.3564163945432905
1.3819171727652821
1.4122930997650074
1.4425440229499193
1.471544907986694
1.4967956785790582
1.5169212927640614
1.5324217658009582
1.5466722006897184
1.5576725363933226
1.567797845393231
1.5775481429486986
1.5856733909115879
1.5945486617633595
1.6046739707632678
1.6154242988372447
1.625674611651967
1.6374249702444532
1.649425336466567
1.6606756797997986
1.6714260078737755
1.6829263588366346
1.6941767021698662
1.7055520493179113
1.7156773583178198
1.7260526749473555
1.735802972502823
1.7454282662434768
1.7536785180211798
1.761928769798883
1.7688039796136357
1.773804132206183
1.7789292886135442
1.7824293954283272
1.7843044526505327
1.7864295175023652
1.78692953276162
1.7855544907986696
1.7833044221320231
1.7808043458357494
1.7756791894283883
1.7700540177617725
1.7638038270210883
1.7565536057618945
1.7474283272804958
1.7395530869472335
1.7300527970213935
1.7208025147251809
1.7106772057252724
1.7011769157994323
1.6916766258735922
1.681926328318125
1.6726760460219123
1.6638007751701407
1.655425519577624
1.649425336466567
1.6438001647999512
1.6389250160222175
1.635174901577807
1.6332998443556017
1.633674855800043
1.6329248329111608
1.635174901577807
1.6374249702444532
1.6418001037629322
1.6460502334665976
1.651425397503586
1.6576755882442702
1.6618007141331217
1.667300881984924
1.6725510422070986
1.6768011719107638
1.6804262825403606
1.682676351207007
1.6835513779107028
1.6828013550218206
1.6803012787255471
1.6770511795403913
1.671301004058962
1.6646758018738366
1.656550553910947
1.6469252601702933
1.6377999816888944
1.6261746269112216
1.6147992797631765
1.6034239326151312
1.5916735740226449
1.5791731925412764
1.5672978301339764
1.553547410504471
1.5395469832453383
1.524171514023255
1.506420972319712
1.4861703543198952
1.4630446485793636
1.4385439008758814
1.4165432294686728
1.3997927182836392
1.3911674550614948
1.3960426038392286
1.4175432599871822
1.4615446028015993
1.5275466170232246
1.6182993865779596
1.7273027130954923
1.850681478316599
1.9795604113895078
2.0953139439069797
2.1800665303506577
2.2220678121280555
2.219942747276223
2.166941129795221
2.069688161870174
1.9456843775749992
1.812305307168798
1.6816763206884975
1.565797784356212
1.4707948850978119
1.401792779320658
1.3571664174321727
1.3376658223212379
1.3395408795434431
1.3557913754692221
1.3802921231727043
1.4116680806909392
1.4416689962462232
1.4705448774681846
1.4959206518753625
1.5161712698751793
1.5331717886898404
1.5470472121341592
1.5580475478377636
1.5676728415784174
1.5761731009857478
1.5850483718375195
1.5945486617633595
1.6042989593188268
1.6146742759483628
1.626424634540849
1.6369249549851985
1.6481752983184301
1.6599256569109164
1.6715510116885892
1.6823013397625661
1.6941767021698662
1.704927030243843
1.7153023468733786
1.7265526902066104
1.7359279763176367
1.7450532547990356
1.7536785180211798
1.7613037507248146
1.76792895290994
1.7739291360209968
1.778679280983917
1.7826794030579547
1.78455446028016
1.7861795098727378
1.7866795251319927
1.7859295022431105
1.7835544297616506
1.7804293343913085
1.7759291970580158
1.7703040253914
1.7638038270210883
1.756428601947081
1.748053346354564
1.739803094576861
1.731052827539903
1.7213025299844356
1.7109272133548998
1.7019269386883145
1.6916766258735922
1.681926328318125
1.6723010345774711
1.6643007904293954
1.6560505386516924
1.649050325022126
1.6438001647999512
1.6398000427259134
1.635549913022248
1.6334248481704154
1.6330498367259743
1.633174840540788
1.6347998901333658
1.63867500839259
1.64105008087405
1.6456752220221567
1.6515504013183995
1.6564255500961331
1.6620507217627492
1.667300881984924
1.6724260383922849
1.6765511642811366
1.6796762596514787
1.6821763359477524
1.6833013702810755
1.6833013702810755
1.6805512863551746
1.6769261757255778
1.6714260078737755
1.66480080568865
1.6566755577257606
1.6473002716147345
1.6369249549851985
1.6269246498001038
1.6154242988372447
1.6039239478743859
1.5920485854670858
1.5802982268745993
1.5667978148747217
1.55317239906003
1.539671987060152
1.5250465407269511
1.5074210028382216
1.4864203619495224
1.4634196600238045
1.4391689199499496
1.417168248542741
1.3999177220984527
1.3920424817651906
1.3955425885799737
1.4165432294686728
1.4592945341349528
1.525796563615833
1.6147992797631765
1.7241776177251504
1.8465563524277475
1.9751852778710288
2.09193884090701
2.1778164616840114
2.2214427930539875
2.22119278542436
2.1703162327951904
2.07393829157384
1.9499345072786645
1.815805413983581
1.685926450392163
1.5686728720969267
1.473544969023713
1.403417828913236
1.359041474654378
1.3386658528397473
1.3394158757286294
1.3546663411358988
1.380042115543077
1.4107930539872433
1.4412939848017823
1.4700448622089297
1.4957956480605488
1.516296273689993
1.5324217658009582
1.54604718161565
1.5575475325785089
1.567047822504349
1.5762981048005615
1.5851733756523332
1.5937986388744774
1.6032989288003174
1.614549272133549
1.625174596392712
1.6364249397259438
1.6478002868739892
1.6591756340220343
1.670800988799707
1.6821763359477524
1.6935516830957975
1.7048020264290291
1.714427320169683
1.7253026520584733
1.7356779686880093
1.7444282357249672
1.753178502761925
1.7614287545396283
1.7680539567247535
1.774179143650624
1.778679280983917
1.7824293954283272
1.7846794640949737
1.7866795251319927
1.786554521317179
1.785679494613483
1.7841794488357188
1.7799293191320538
1.7764292123172705
1.7705540330210272
1.763928830835902
1.7569286172063356
1.7488033692434461
1.7400531022064882
1.730677816095462
1.7211775261696218
1.7115522324289683
1.7019269386883145
1.6926766563921019
1.6820513321329387
1.6734260689107945
1.6655508285775322
1.6564255500961331
1.6496753440961944
1.6435501571703237
1.639550035096286
1.6354249092074344
1.6332998443556017
1.632299813837092
1.6334248481704154
1.6350498977629933
1.637549974059267
1.6413000885036775
1.6454252143925292
1.651050386059145
1.6561755424665061
1.6618007141331217
1.66717587817011
1.6721760307626576
1.6759261452070682
1.6800512710959197
1.6828013550218206
1.6834263740958892
1.6835513779107028
1.6809262977996156
1.6769261757255778
1.671676015503403
1.664925809503464
1.6571755729850153
1.6479252906888027
1.6380499893185219
1.6266746421704763
1.6160493179113133
1.6040489516891996
1.5925486007263405
1.5795482039857174
1.56742283394879
1.5544224372081668
1.5410470290231024
1.5260465712454605
1.5074210028382216
1.4864203619495224
1.4637946714682455
1.4400439466536454
1.4182932828760644
1.4004177373577074
1.3915424665059357
1.3957925962096012
1.4165432294686728
1.4577944883571887
1.523796502578814
1.6126742149113438
1.721552537614063
1.8441812799462873
1.9723101901303142
2.0894387646107364
2.175816400646992
2.22119278542436
2.22119278542436
2.1711912594988863
2.076063356425672
1.9533096102786338
1.8186805017242957
1.6874264961699272
1.5704229255043185
1.4751700186162908
1.4042928556169316
1.3592914822840054
1.3385408490249338
1.3390408642841882
1.3545413373210853
1.379667104098636
1.4104180425428021
1.4406689657277139
1.469919858394116
1.4949206213568529
1.5154212469862973
1.532546769615772
1.5461721854304635
1.557172521134068
1.5671728263191627
1.5764231086153753
1.5847983642078922
1.5941736503189183
1.6037989440595721
1.614549272133549
1.6259246192815942
1.63629993591113
1.6476752830591754
1.6590506302072208
1.6709259926145208
1.6821763359477524
1.6931766716513565
1.704927030243843
1.7148023316141239
1.7245526291695914
1.735302957243568
1.7443032319101537
1.753178502761925
1.761553758354442
1.7675539414654988
1.7736791283913693
1.7790542924283579
1.7826794030579547
1.7848044679097874
1.7861795098727378
1.7859295022431105
1.7860545060579243
1.7839294412060915
1.780179326761681
1.775804193243202
1.7700540177617725
1.763928830835902
1.7570536210211494
1.7493033845027008
1.740178106021302
1.730677816095462
1.721552537614063
1.7118022400585957
1.701676931058687
1.6923016449476609
1.682676351207007
1.6730510574663533
1.6650508133182775
1.6566755577257606
1.6506753746147038
1.6444251838740198
1.63867500839259
1.635174901577807
1.6334248481704154
1.633549851985229
1.6332998443556017
1.6350498977629933
1.6376749778740807
1.6409250770592365
1.645925229651784
1.651050386059145
1.656925565355388
1.6615507065034945
1.6669258705404828
1.6724260383922849
1.6760511490218817
1.6794262520218513
1.682676351207007
1.6836763817255165
1.6825513473921934
1.6809262977996156
1.6783012176885281
1.6720510269478437
1.6650508133182775
1.6574255806146427
1.6478002868739892
1.6381749931333354
1.6274246650593585
1.6167993408001955
1.6041739555040133
1.5925486007263405
1.5799232154301586
1.5672978301339764
1.5545474410229805
1.5412970366527299
1.5260465712454605
1.5082960295419172
1.4876704000976593
1.4649197058015686
1.441418988616596
1.418793298135319
1.401417767876217
1.3917924741355632
1.3947925656910916
1.4150431836909085
1.4559194311349835
1.5204213995788447
1.6084240852076785
1.7163023773918882
1.8379310892056033
1.9663100070192572
2.084438612018189
2.1734413281655325
2.2200677510910367
2.223192846461379
2.174441358684042
2.080938505203406
1.9593097933896908
1.8255557115390486
1.6945517136143071
1.5760480971709343
1.4799201635792107
1.4074179509872737
1.3611665395062105
1.3391658680990022
1.3385408490249338
1.3535413068025757
1.3779170506912441
1.407792962431715
1.4384188970610674
1.4679197973570972
1.4942956022827847
1.5141712088381603
1.5311717276528216
1.5451721549119541
1.5564224982451857
1.5664228034302805
1.5760480971709343
1.5842983489486373
1.5931736198004092
1.6029239173558765
1.613799249244667
1.6244245735038303
1.6354249092074344
1.647050263985107
1.6586756187627796
1.6703009735404524
1.6810513016144293
1.6928016602069156
1.7038019959105197
1.7146773277993104
1.7245526291695914
1.7348029419843134
1.743678212836085
1.753178502761925
1.7606787316507462
1.7671789300210579
1.7731791131321146
1.778554277169103
1.7821793877986998
1.7840544450209053
1.7861795098727378
1.7863045136875517
1.7858044984282968
1.783679433576464
1.7810543534653769
1.776554216132084
1.7704290292062137
1.7640538346507157
1.757553636280404
1.7489283730582599
1.7404281136509292
1.7316778466139713
1.721927549058504
1.712427259132664
1.7026769615771966
1.6928016602069156
1.6831763664662618
1.6739260841700492
1.6651758171330913
1.6574255806146427
1.6504253669850764
1.6448001953184606
1.639925046540727
1.6361749320963164
1.6339248634296701
1.6326748252815333
1.6326748252815333
1.6341748710592976
1.638299996948149
1.6404250617999818
1.6455502182073427
1.6505503707998903
1.655800531022065
1.6613006988738672
1.666800866725669
1.6720510269478437
1.6764261604663229
1.6796762596514787
1.6823013397625661
1.6836763817255165
1.6831763664662618
1.6814263130588702
1.6780512100589007
1.6724260383922849
1.665300820947905
1.6576755882442702
1.6484253059480574
1.6390500198370312
1.6281746879482406
1.6167993408001955
1.6052989898373364
1.5932986236152227
1.58167326883755
1.5682978606524856
1.5550474562822352
1.5419220557267983
1.5267965941343424
1.5089210486159856
1.4890454420606098
1.4660447401348917
1.4427940305795466
1.420043336283456
1.4016677755058444
1.391917477950377
1.3940425428022096
1.4130431226538895
1.4527943357646413
1.515921262245552
1.6025489059114353
1.7095521713919493
1.8308058717612232
1.9590597857600636
2.0786884365367597
2.1693162022766805
2.218442701498459
2.2236928617206337
2.1786914883877073
2.087563707388531
1.967185033722953
1.832930936613056
1.700926908169805
1.5827983031708732
1.4841702932828762
1.410543046357616
1.3626665852839748
1.3397908871730704
1.3381658375804926
1.3520412610248116
1.37641700491348
1.406542924283578
1.4376688741721853
1.4659197363200782
1.492920560319834
1.5136711935789056
1.530546708578753
1.5441721243934445
1.5556724753563036
1.5655477767265848
1.5750480666524247
1.5842983489486373
1.592798608355968
1.602673909726249
1.6129242225409712
1.624049562059389
1.635174901577807
1.6473002716147345
1.658550614947966
1.6695509506515702
1.6810513016144293
1.6915516220587787
1.702926969206824
1.7136772972808008
1.724302621539964
1.7346779381694999
1.7434282052064578
1.7521784722434155
1.7601787163914915
1.7671789300210579
1.7730541093173011
1.778179265724662
1.7823043916135137
1.7841794488357188
1.7858044984282968
1.7871795403912474
1.7859295022431105
1.7840544450209053
1.7814293649098176
1.776554216132084
1.7715540635395368
1.7649288613544114
1.7579286477248453
1.7498033997619558
1.7408031250953704
1.7325528733176672
1.7228025757621999
1.7135522934659873
1.7033019806512648
1.6935516830957975
1.6836763817255165
1.6740510879848627
1.6658008362071597
1.6579255958738974
1.6513003936887722
1.645050202948088
1.6400500503555409
1.6360499282815029
1.633674855800043
1.6332998443556017
1.6334248481704154
1.6349248939481797
1.6372999664296397
1.640675069429609
1.6451752067629017
1.6499253517258217
1.6560505386516924
1.6610506912442398
1.6661758476516009
1.6714260078737755
1.6759261452070682
1.6791762443922238
1.6821763359477524
1.6831763664662618
1.6835513779107028
1.6814263130588702
1.677926206244087
1.6725510422070986
1.6663008514664144
1.6583006073183386
1.6495503402813807
1.6393000274666587
1.6286747032074953
1.6174243598742637
1.60542399365215
1.594298654133732
1.5822982879116183
1.5691728873561817
1.5560474868007448
1.5431720938749351
1.5277966246528518
1.51042109439375
1.4900454725791192
1.4677947935422835
1.4440440687276832
1.421168370616779
1.4027928098391673
1.3924174932096316
1.3937925351725822
1.4116680806909392
1.449794244209113
1.5121711478011413
1.5970487380596332
1.7035519882808923
1.8234306466872157
1.9519345683156835
2.0719382305368206
2.1655660878322704
2.217192663350322
2.224567888424329
2.182441602832118
2.0933138828699605
1.9730602130191963
1.8400561540574358
1.7073021027253028
1.5870484328745385
1.4886704306161689
1.4139181493575854
1.364916653950621
1.3406659138767663
1.3376658223212379
1.3512912381359294
1.375166966765343
1.404542863246559
1.4357938169499802
1.4659197363200782
1.4915455183568835
1.5126711630603962
1.5295466780602436
1.5434221015045624
1.555172460097049
1.5651727652821437
1.574923062837611
1.5835483260597554
1.592298593096713
1.6021738944669943
1.61254921109653
1.6239245582445754
1.6345498825037386
1.6468002563554796
1.6581756035035249
1.6690509353923155
1.6805512863551746
1.6918016296884062
1.7026769615771966
1.7133022858363598
1.7236776024658955
1.734302926725059
1.7434282052064578
1.7519284646137883
1.7600537125766778
1.7669289223914304
1.7728041016876737
1.7780542619098483
1.7815543687246316
1.7848044679097874
1.7858044984282968
1.7868045289468062
1.786554521317179
1.7839294412060915
1.7808043458357494
1.777054231391339
1.7710540482802821
1.7650538651692254
1.7578036439100315
1.7495533921323283
1.741303140354625
1.7325528733176672
1.7229275795770134
1.7126772667622914
1.7033019806512648
1.6925516525772883
1.6834263740958892
1.6745511032441176
1.6661758476516009
1.6575505844294565
1.651050386059145
1.6443001800592059
1.6398000427259134
1.635924924466689
1.633674855800043
1.6326748252815333
1.6332998443556017
1.6341748710592976
1.6372999664296397
1.6408000732444226
1.6453002105777155
1.6505503707998903
1.6555505233924375
1.6608006836146123
1.6666758629108556
1.6718010193182167
1.6760511490218817
1.6798012634662924
1.6823013397625661
1.6835513779107028
1.6833013702810755
1.6814263130588702
1.6783012176885281
1.6725510422070986
1.6658008362071597
1.658550614947966
1.6485503097628713
1.6391750236518448
1.628424695577868
1.6175493636890774
1.6055489974669637
1.5940486465041048
1.5814232612079226
1.568547868282113
1.55554747154149
1.542047059541612
1.5276716208380383
1.5099210791344952
1.4895454573198645
1.4669197668385876
1.443294045838801
1.4205433515427108
1.4021677907650991
1.3925424970244453
1.3937925351725822
1.4122930997650074
1.4511692861720633
1.5142962126529742
1.6007988525040437
1.7070520950956756
1.8274307687612537
1.9564347056489761
2.0759383526108586
2.1678161564989162
2.218067690054018
2.2238178655354472
2.1796915189062167
2.0893137607959225
1.9690600909451583
1.8350560014648885
1.7030519730216378
1.5842983489486373
1.485795342875454
1.4116680806909392
1.3635416119876704
1.340415906247139
1.3381658375804926
1.3522912686544388
1.37641700491348
1.406542924283578
1.4365438398388624
1.4661697439497057
1.4921705374309517
1.513546189764092
1.5311717276528216
1.5439221167638173
1.5554224677266761
1.5655477767265848
1.5750480666524247
1.5841733451338236
1.5929236121707817
1.6017988830225531
1.6122992034669026
1.6237995544297616
1.635174901577807
1.6468002563554796
1.6583006073183386
1.6694259468367565
1.6813013092440567
1.6921766411328472
1.7031769768364513
1.7138023010956145
1.7244276253547777
1.7339279152806177
1.7441782280953397
1.752428479873043
1.760428724021119
1.7671789300210579
1.7724290902432325
1.7780542619098483
1.781679372539445
1.7840544450209053
1.7858044984282968
1.786554521317179
1.7860545060579243
1.7840544450209053
1.7809293496505632
1.7769292275765252
1.7710540482802821
1.7650538651692254
1.7579286477248453
1.749678395947142
1.7406781212805567
1.7318028504287852
1.7226775719473861
1.712802270577105
1.7030519730216378
1.693426679280984
1.6838013855403302
1.6739260841700492
1.6654258247627187
1.6573005767998292
1.6505503707998903
1.6445501876888333
1.6398000427259134
1.6360499282815029
1.634299874874111
1.632424817651906
1.6327998290963468
1.634424878688925
1.637549974059267
1.6405500656147955
1.6453002105777155
1.6505503707998903
1.6551755119479965
1.6615507065034945
1.6669258705404828
1.6718010193182167
1.6763011566515091
1.679926267281106
1.6821763359477524
1.684301400799585
1.6836763817255165
1.6809262977996156
1.6781762138737144
1.6729260536515398
1.6663008514664144
1.6579255958738974
1.6489253212073123
1.6393000274666587
1.6281746879482406
1.6166743369853815
1.6055489974669637
1.5939236426892909
1.581298257393109
1.5690478835413677
1.5556724753563036
1.542047059541612
1.5277966246528518
1.5096710715048678
1.4896704611346783
1.4666697592089604
1.4430440382091738
1.420043336283456
1.4019177831354717
1.3924174932096316
1.393917538987396
1.4122930997650074
1.452169316690573
1.5142962126529742
1.601048860133671
1.707677114169744
1.8294308297982727
1.956934720908231
2.07768840601825
2.168316171758171
2.218067690054018
2.2236928617206337
2.1796915189062167
2.0894387646107364
1.9679350566118352
1.8348059938352612
1.7024269539475692
1.5836733298745689
1.4847953123569444
1.4114180730613117
1.3631666005432295
1.3401658986175116
1.33841584521012
1.3517912533951841
1.3765420087282938
1.405417889950255
1.437043855098117
1.4660447401348917
1.492545548875393
1.513546189764092
1.5310467238380079
1.5445471358378857
1.555922482985931
1.5655477767265848
1.5750480666524247
1.5834233222449416
1.592798608355968
1.6027989135410627
1.6132992339854122
1.6239245582445754
1.6349248939481797
1.647050263985107
1.6579255958738974
1.6694259468367565
1.6808012939848018
1.6921766411328472
1.703676992095706
1.7136772972808008
1.7245526291695914
1.7344279305398724
1.7440532242805262
1.7521784722434155
1.760428724021119
1.7676789452803126
1.7729291055024872
1.7783042695394757
1.781679372539445
1.7844294564653462
1.7860545060579243
1.78692953276162
1.7860545060579243
1.7839294412060915
1.7813043610950041
1.776679219946898
1.7709290444654684
1.7649288613544114
1.7576786400952178
1.7495533921323283
1.740928128910184
1.73230286568804
1.7223025605029452
1.712802270577105
1.7034269844660788
1.6931766716513565
1.6840513931699574
1.6744260994293039
1.6659258400219734
1.6574255806146427
1.6511753898739585
1.6445501876888333
1.6394250312814722
1.6357999206518754
1.6337998596148564
1.6326748252815333
1.6326748252815333
1.6345498825037386
1.6370499588000123
1.6404250617999818
1.645050202948088
1.6506753746147038
1.6555505233924375
1.660925687429426
1.667300881984924
1.6723010345774711
1.6759261452070682
1.6798012634662924
1.6823013397625661
1.6836763817255165
1.6833013702810755
1.6816763206884975
1.6781762138737144
1.6724260383922849
1.6658008362071597
1.6576755882442702
1.6491753288369395
1.639550035096286
1.6285496993926818
1.6171743522446362
1.6051739860225227
1.5936736350596639
1.5811732535782954
1.5690478835413677
1.5557974791711173
1.542422070986053
1.5274216132084109
1.5096710715048678
1.489795464949492
1.4676697897274698
1.4429190343943603
1.4209183629871518
1.40254280220954
1.3924174932096316
1.3940425428022096
1.41204309213538
1.4507942747276223
1.5134211859492783
1.598798791467025
1.7048020264290291
1.8256807153538621
1.9544346446119572
2.074063295388653
2.166441114535966
2.2175676747947635
2.224692892239143
2.1818165837580494
2.09193884090701
1.9716851710562455
1.8379310892056033
1.7063020722067934
1.5865484176152838
1.4879204077272867
1.4131681264687033
1.364166631061739
1.340415906247139
1.337915829950865
1.3516662495803706
1.375666982024598
1.4050428785058138
1.4356688131351665
1.465169713431196
1.4920455336161382
1.51279616687521
1.530171697134312
1.5450471510971404
1.55554747154149
1.56504776146733
1.5744230475783563
1.583298318430128
1.592798608355968
1.6025489059114353
1.6122992034669026
1.6236745506149481
1.6350498977629933
1.6465502487258523
1.6583006073183386
1.6694259468367565
1.680676290169988
1.6918016296884062
1.7026769615771966
1.7134272896511735
1.724302621539964
1.734302926725059
1.7434282052064578
1.752428479873043
1.7603037202063052
1.7670539262062441
1.773429120761742
1.7778042542802208
1.781679372539445
1.7843044526505327
1.7859295022431105
1.7870545365764336
1.786554521317179
1.7838044373912778
1.7813043610950041
1.7771792352061526
1.771804071169164
1.7651788689840389
1.7580536515396588
1.750053407391583
1.741303140354625
1.7325528733176672
1.7229275795770134
1.7133022858363598
1.7035519882808923
1.6931766716513565
1.6840513931699574
1.6746761070589313
1.6659258400219734
1.657800592059084
1.651050386059145
1.6455502182073427
1.639550035096286
1.6361749320963164
1.6339248634296701
1.6329248329111608
1.633174840540788
1.634424878688925
1.637549974059267
1.6404250617999818
1.644675191503647
1.6506753746147038
1.6550505081331828
1.660925687429426
1.6666758629108556
1.6718010193182167
1.6758011413922544
1.6794262520218513
1.6821763359477524
1.6836763817255165
1.6834263740958892
1.681926328318125
1.6781762138737144
1.6728010498367258
1.6666758629108556
1.6583006073183386
1.6498003479110082
1.6393000274666587
1.6287997070223093
1.6179243751335184
1.6062990203558458
1.5945486617633595
1.58167326883755
1.5696729026154363
1.5564224982451857
1.5432970976897489
1.5282966399121067
1.5112961210974456
1.491295510727256
1.4679197973570972
1.4435440534684285
1.4210433668019655
1.4032928250984222
1.392667500839259
1.3935425275429547
1.4110430616168708
1.449294228949858
1.5105460982085634
1.5954236884670552
1.7004268929105502
1.820555558946501
1.9495594958342235
2.0708131962034972
2.163941038239692
2.217192663350322
2.224817896053957
2.1840666524246957
2.0953139439069797
1.9764353160191657
1.8430562456129642
1.7101771904660177
1.590798547318949
1.4895454573198645
1.414918179876095
1.3656666768395032
1.3409159215063937
1.3374158146916104
1.3509162266914885
1.374916959135716
1.4040428479873044
1.434668782616657
1.464419690542314
1.490920499282815
1.5126711630603962
1.5292966704306161
1.5435471053193763
1.555172460097049
1.5652977690969574
1.5740480361339153
1.583298318430128
1.592423596911527
1.6015488753929257
1.6120491958372754
1.6227995239112523
1.6345498825037386
1.6458002258369702
1.6571755729850153
1.6685509201330608
1.6796762596514787
1.6911766106143375
1.7026769615771966
1.712427259132664
1.7236776024658955
1.7336779076509903
1.7439282204657125
1.7519284646137883
1.7600537125766778
1.7669289223914304
1.773429120761742
1.7775542466505936
1.7813043610950041
1.7841794488357188
1.7868045289468062
1.7868045289468062
1.785679494613483
1.7840544450209053
1.7811793572801906
1.776679219946898
1.7719290749839778
1.76555388042848
1.7581786553544725
1.7499284035767695
1.7415531479842525
1.733052888576922
1.7231775872066408
1.7135522934659873
1.7039269997253335
1.6931766716513565
1.6840513931699574
1.6750511185033723
1.6665508590960418
1.6583006073183386
1.6513003936887722
1.6453002105777155
1.640300057985168
1.6360499282815029
1.6345498825037386
1.6325498214667196
1.6329248329111608
1.634424878688925
1.6370499588000123
1.6401750541703544
1.6456752220221567
1.6498003479110082
1.6550505081331828
1.660550675984985
1.6665508590960418
1.671176000244148
1.675551133762627
1.6791762443922238
1.6820513321329387
1.6831763664662618
1.683051362651448
1.6814263130588702
1.6776761986144597
1.6729260536515398
1.66717587817011
1.657800592059084
1.6496753440961944
1.639925046540727
1.62917471846675
1.6184243903927733
1.6066740318002868
1.5944236579485458
1.582923306985687
1.5697979064302499
1.556672505874813
1.5432970976897489
1.528546647541734
1.5114211249122593
1.4911705069124424
1.4691698355052338
1.4445440839869381
1.4220433973204747
1.4030428174687948
1.3927925046540726
1.3935425275429547
1.4099180272835474
1.447794183172094
1.5089210486159856
1.5930486159855952
1.697426801355022
1.8180554826502273
1.9464344004638814
2.067438093203528
2.161690969573046
2.216067629016999
2.224567888424329
2.185941709646901
2.0985640430921353
1.9796854152043213
1.8464313486129338
1.7136772972808008
1.5930486159855952
1.4922955412457657
1.4170432447279275
1.3667917111728265
1.3411659291360212
1.3371658070619832
1.3495411847285377
1.3744169438764613
1.403417828913236
1.4336687520981475
1.4642946867275002
1.4904204840235602
1.511546128727073
1.5289216589861752
1.5432970976897489
1.554797448652608
1.5645477462080752
1.5739230323191016
1.5830483108005005
1.5921735892818996
1.6017988830225531
1.6116741843928344
1.6230495315408795
1.6339248634296701
1.645925229651784
1.6568005615405743
1.6678008972441787
1.6793012482070377
1.6904265877254554
1.701676931058687
1.7126772667622914
1.7228025757621999
1.733427900021363
1.7426781823175757
1.7514284493545336
1.7596787011322368
1.7666789147618032
1.7728041016876737
1.7775542466505936
1.7818043763542588
1.7846794640949737
1.7863045136875517
1.7868045289468062
1.7859295022431105
1.78455446028016
1.7815543687246316
1.7776792504654073
1.772179082613605
1.7660538956877345
1.7585536667989135
1.7501784112063965
1.7423031708731347
1.7333028962065493
1.7236776024658955
1.714427320169683
1.704177007354961
1.6943017059846797
1.6849264198736535
1.6750511185033723
1.6663008514664144
1.6583006073183386
1.6513003936887722
1.6454252143925292
1.640300057985168
1.6364249397259438
1.6340498672444839
1.6329248329111608
1.6325498214667196
1.6340498672444839
1.6370499588000123
1.640675069429609
1.6451752067629017
1.649425336466567
1.6549255043183693
1.6604256721701711
1.6661758476516009
1.671176000244148
1.6760511490218817
1.6794262520218513
1.6813013092440567
1.6841763969847714
1.6831763664662618
1.6824263435773796
1.6781762138737144
1.673176061281167
1.6666758629108556
1.6588006225775933
1.6496753440961944
1.6398000427259134
1.6295497299111912
1.618549394207587
1.6071740470595417
1.5950486770226142
1.582923306985687
1.570172917874691
1.5572975249488816
1.5436721091341898
1.5290466628009889
1.5109211096530044
1.491795525986511
1.469544846949675
1.4449190954313793
1.423543443098239
1.403792840357677
1.3927925046540726
1.3936675313577687
1.4094180120242927
1.4462941373943297
1.5065459761345255
1.590423535874508
1.6945517136143071
1.814305368205817
1.9426842860194709
2.064688009277627
2.159690908536027
2.2150675984984893
2.2258179265724665
2.1871917477950378
2.1005641041291545
1.9816854762413403
1.849181432538835
1.7159273659474472
1.5961737113559373
1.4944206060975982
1.4182932828760644
1.3670417188024537
1.3414159367656484
1.3371658070619832
1.3497911923581651
1.3734169133579517
1.4027928098391673
1.4334187444685202
1.4632946562089908
1.4901704763939327
1.5114211249122593
1.528546647541734
1.5425470748008667
1.554797448652608
1.564297738578448
1.5736730246894741
1.582923306985687
1.5917985778374584
1.6012988677632984
1.6115491805780204
1.6224245124668113
1.6334248481704154
1.6449251991332745
1.656550553910947
1.6679259010589922
1.6793012482070377
1.691051606799524
1.701801934873501
1.7126772667622914
1.7229275795770134
1.7336779076509903
1.7429281899472029
1.7513034455397198
1.7598037049470505
1.765928891872921
1.7724290902432325
1.7779292580950348
1.7814293649098176
1.7838044373912778
1.7855544907986696
1.7868045289468062
1.7859295022431105
1.7841794488357188
1.7813043610950041
1.777054231391339
1.772304086428419
1.7656788842432936
1.7579286477248453
1.7509284340952787
1.7424281746879482
1.7333028962065493
1.7241776177251504
1.7136772972808008
1.7043020111697744
1.6940516983550522
1.684676412244026
1.675551133762627
1.6670508743552965
1.6584256111331521
1.6516754051332134
1.6451752067629017
1.6404250617999818
1.6364249397259438
1.6340498672444839
1.6326748252815333
1.6329248329111608
1.633674855800043
1.6367999511703848
1.6401750541703544
1.6440501724295786
1.6504253669850764
1.6553005157628102
1.6603006683553576
1.6663008514664144
1.6709259926145208
1.6754261299478135
1.6794262520218513
1.6818013245033114
1.6831763664662618
1.6840513931699574
1.6814263130588702
1.6781762138737144
1.6733010650959808
1.667675893429365
1.6586756187627796
1.6503003631702629
1.6405500656147955
1.6305497604297006
1.618924405652028
1.6072990508743554
1.595173680837428
1.5830483108005005
1.570547929319132
1.5572975249488816
1.544422132023072
1.5294216742454299
1.5125461592455824
1.492545548875393
1.4700448622089297
1.4460441297647022
1.423168431653798
1.4050428785058138
1.3935425275429547
1.3931675160985137
1.408542985320597
1.4444190801721244
1.5036708883938108
1.5867984252449112
1.6906765953550829
1.8100552385021516
1.9378091372417372
2.0604378795739615
2.1568158207953125
2.2134425489059115
2.225567918942839
2.189566820276498
2.1056892605365154
1.9879356669820247
1.8555566270943329
1.7221775566881314
1.601048860133671
1.4990457472457046
1.421293374431593
1.3692917874691002
1.342415967284158
1.3369157994323557
1.3490411694692832
1.3720418713950011
1.4009177526169623
1.4321687063203834
1.4619196142460402
1.488545426801355
1.5101710867641225
1.5277966246528518
1.5422970671712395
1.5544224372081668
1.5636727195043794
1.5732980132450332
1.5821732840968048
1.5910485549485762
1.6005488448744163
1.6109241615039522
1.6221745048371838
1.6329248329111608
1.644675191503647
1.6564255500961331
1.668050904873806
1.678676229132969
1.6901765800958282
1.7010519119846188
1.7116772362437818
1.7224275643177587
1.732677877132481
1.7423031708731347
1.7514284493545336
1.7590536820581684
1.7661788995025482
1.7719290749839778
1.777054231391339
1.781679372539445
1.7840544450209053
1.7860545060579243
1.7870545365764336
1.7859295022431105
1.7843044526505327
1.7819293801690725
1.7774292428357799
1.7720540787987915
1.7661788995025482
1.7590536820581684
1.7509284340952787
1.7428031861323894
1.7340529190954315
1.7246776329844051
1.7148023316141239
1.7050520340586566
1.6949267250587483
1.6856764427625355
1.6759261452070682
1.6679259010589922
1.6593006378368482
1.651800408948027
1.6458002258369702
1.6408000732444226
1.636674947355571
1.6341748710592976
1.633174840540788
1.6330498367259743
1.6340498672444839
1.6364249397259438
1.6393000274666587
1.6438001647999512
1.6495503402813807
1.6550505081331828
1.6611756950590533
1.666050843836787
1.671676015503403
1.675176122318186
1.6789262367625966
1.6821763359477524
1.6834263740958892
1.6833013702810755
1.682676351207007
1.6781762138737144
1.673676076540422
1.6674258857997375
1.6596756492812892
1.6504253669850764
1.6409250770592365
1.6309247718741418
1.6195494247260964
1.6082990813928648
1.5961737113559373
1.5835483260597554
1.57217297891171
1.5584225592822047
1.5451721549119541
1.530671712393567
1.513921201208533
1.4944206060975982
1.4716699118015075
1.448169194616535
1.4252934965056308
1.4056678975798824
1.3934175237281412
1.3925424970244453
1.4072929471724602
1.4415439924314097
1.4990457472457046
1.5802982268745993
1.6831763664662618
1.801554979094821
1.9293088778344067
2.052937650685141
2.1511906491286967
2.2110674764244513
2.226317941831721
2.193816949980163
2.111814447462386
1.9963109225745415
1.8643068941312906
1.730677816095462
1.6084240852076785
1.5056709494308298
1.4259185155796992
1.3719168675801874
1.3429159825434127
1.337290810876797
1.3477911313211464
1.3700418103579821
1.3991676992095705
1.4297936338389234
1.4599195532090212
1.4869203772087771
1.5092960600604266
1.52704660176397
1.5415470442823573
1.5534224066896571
1.5632977080599384
1.5726729941709647
1.5817982726523636
1.5915485702078311
1.6000488296151616
1.6099241309854426
1.6210494705038605
1.632424817651906
1.6441751762443924
1.655425519577624
1.666425855281228
1.6780512100589007
1.6895515610217597
1.700551896725364
1.7109272133548998
1.7224275643177587
1.7319278542435987
1.7415531479842525
1.7506784264656514
1.7589286782433546
1.765803888058107
1.771429059724723
1.7774292428357799
1.7799293191320538
1.7843044526505327
1.7859295022431105
1.786554521317179
1.7864295175023652
1.78455446028016
1.7819293801690725
1.7778042542802208
1.771804071169164
1.766303903317362
1.7603037202063052
1.7514284493545336
1.743303201391644
1.7341779229102452
1.7249276406140324
1.715177343058565
1.705677053132725
1.695426740318003
1.6854264351329082
1.6768011719107638
1.667675893429365
1.6601756645405439
1.6524254280220954
1.6456752220221567
1.6413000885036775
1.636674947355571
1.6339248634296701
1.6330498367259743
1.6329248329111608
1.634299874874111
1.6364249397259438
1.6394250312814722
1.6438001647999512
1.6491753288369395
1.6544254890591144
1.6596756492812892
1.6654258247627187
1.6705509811700798
1.675176122318186
1.678676229132969
1.681926328318125
1.6835513779107028
1.683926389355144
1.6821763359477524
1.6789262367625966
1.6738010803552354
1.66717587817011
1.6599256569109164
1.6515504013183995
1.6414250923184912
1.6309247718741418
1.6199244361705374
1.608174077578051
1.5970487380596332
1.5849233680227057
1.5717979674672689
1.5592975859859004
1.5455471663563953
1.530671712393567
1.514796227912229
1.4946706137272256
1.4725449385052034
1.4491692251350443
1.4252934965056308
1.4059179052095097
1.3940425428022096
1.3925424970244453
1.4066679280983916
1.4400439466536454
1.4971706900234993
1.5782981658375803
1.6805512863551746
1.7981798760948515
1.9264337900936919
2.0498125553147983
2.1504406262398144
2.2099424420911284
2.2269429609057894
2.1953169957579273
2.1145645313882873
1.9995610217596973
1.8678070009460739
1.7335529038361768
1.6111741691335797
1.5066709799493394
1.4266685384685813
1.372916898098697
1.3436660054322949
1.3369157994323557
1.3474161198767052
1.3697918027283549
1.3986676839503158
1.429543626209296
1.4595445417645803
1.4862953581347087
1.5096710715048678
1.526671590319529
1.5412970366527299
1.5530473952452162
1.5632977080599384
1.5726729941709647
1.5815482650227364
1.5911735587633902
1.6001738334299753
1.610549150059511
1.6207994628742333
1.632299813837092
1.643925168614765
1.6553005157628102
1.6669258705404828
1.6781762138737144
1.6893015533921325
1.699676870021668
1.711177220984527
1.7218025452436905
1.7318028504287852
1.7414281441694388
1.750428418836024
1.7586786706137274
1.7651788689840389
1.7719290749839778
1.777054231391339
1.780554338206122
1.7841794488357188
1.7855544907986696
1.7866795251319927
1.7863045136875517
1.7844294564653462
1.7819293801690725
1.7778042542802208
1.7728041016876737
1.7666789147618032
1.7594286935026096
1.7516784569841608
1.7434282052064578
1.7351779534287546
1.7251776482436598
1.7153023468733786
1.7059270607623525
1.6959267555772577
1.686301461836604
1.677176183355205
1.6679259010589922
1.6600506607257304
1.6528004394665363
1.6460502334665976
1.64105008087405
1.6367999511703848
1.634299874874111
1.6326748252815333
1.6329248329111608
1.6339248634296701
1.6370499588000123
1.639550035096286
1.6440501724295786
1.6488003173924985
1.6548005005035553
1.6596756492812892
1.6654258247627187
1.670050965910825
1.6749261146885588
1.678676229132969
1.6818013245033114
1.6831763664662618
1.6835513779107028
1.6824263435773796
1.6790512405774103
1.6741760917996766
1.668050904873806
1.6603006683553576
1.6515504013183995
1.6413000885036775
1.6314247871333964
1.6202994476149783
1.6092991119113744
1.5972987456892607
1.586048402356029
1.5726729941709647
1.5592975859859004
1.546422193060091
1.531671742912076
1.5149212317270424
1.495670644245735
1.4736699728385265
1.449669240394299
1.4270435499130223
1.4064179204687641
1.3941675466170234
1.391917477950377
1.405417889950255
1.4380438856166264
1.493295571764275
1.5731730094302194
1.6743010956144901
1.792054689168981
1.9194335764641255
2.043937376018555
2.144690450758385
2.2086924039429916
2.2269429609057894
2.197567064424574
2.119814691610462
2.0061862239448223
1.874932218390454
1.7408031250953704
1.6171743522446362
1.5117961363567003
1.4300436414685507
1.374916959135716
1.3449160435804315
1.3366657918027283
1.3465410931730095
1.368541764580218
1.397042634357738
1.4274185613574633
1.4575444807275613
1.485295327616199
1.5079210180974763
1.525796563615833
1.5407970213934752
1.5522973723563342
1.562297677541429
1.57217297891171
1.5811732535782954
1.589923520615253
1.6002988372447888
1.6102991424298836
1.6206744590594195
1.6320498062074649
1.6436751609851377
1.6546754966887418
1.6670508743552965
1.677551194799646
1.6888015381328776
1.699301858577227
1.7105522019104589
1.7209275185399944
1.7315528427991578
1.740928128910184
1.7506784264656514
1.758803674428541
1.7653038727988526
1.7716790673543503
1.776554216132084
1.7814293649098176
1.7838044373912778
1.7851794793542284
1.7866795251319927
1.7859295022431105
1.7848044679097874
1.7821793877986998
1.7784292733542895
1.7733041169469284
1.7666789147618032
1.7599287087618642
1.752053468428602
1.743803216650899
1.7351779534287546
1.7258026673177282
1.716427381206702
1.7066770836512346
1.6963017670216987
1.6868014770958586
1.6768011719107638
1.6683009125034334
1.659800653096103
1.6530504470961638
1.6465502487258523
1.641925107577746
1.6371749626148258
1.6350498977629933
1.6334248481704154
1.6326748252815333
1.6339248634296701
1.6361749320963164
1.6389250160222175
1.6438001647999512
1.6493003326517535
1.6536754661702324
1.6591756340220343
1.6654258247627187
1.6704259773552659
1.675176122318186
1.6784262215033416
1.6816763206884975
1.6833013702810755
1.6838013855403302
1.6823013397625661
1.6788012329477828
1.6744260994293039
1.667675893429365
1.6603006683553576
1.6516754051332134
1.6424251228370008
1.631674794763024
1.6206744590594195
1.6092991119113744
1.597173741874447
1.5859233985412151
1.5727979979857785
1.559922605059969
1.546422193060091
1.5315467390972626
1.5156712546159246
1.4957956480605488
1.4737949766533405
1.4502942594683677
1.4269185460982088
1.406542924283578
1.3942925504318369
1.3921674855800044
1.4050428785058138
1.437043855098117
1.493295571764275
1.572547990356151
1.6726760460219123
1.7901796319467758
1.9189335612048708
2.043187353129673
2.1444404431287576
2.2079423810541092
2.226817957090976
2.197567064424574
2.1203147068697166
2.006811243018891
1.8755572374645222
1.740928128910184
1.6179243751335184
1.5120461439863278
1.4305436567278056
1.375166966765343
1.344666035950804
1.3367907956175422
1.346791100802637
1.3681667531357768
1.3969176305429243
1.427168553727836
1.4572944730979338
1.4844203009125034
1.5077960142826623
1.5259215674306468
1.5405470137638477
1.5525473799859615
1.5627976928006837
1.5722979827265235
1.5811732535782954
1.5900485244300668
1.599548814355907
1.6100491348002564
1.6205494552446058
1.6312997833185827
1.6436751609851377
1.6549255043183693
1.6659258400219734
1.6780512100589007
1.6886765343180639
1.699676870021668
1.710427198095645
1.7221775566881314
1.7315528427991578
1.7410531327249978
1.7499284035767695
1.7581786553544725
1.76555388042848
1.771429059724723
1.7764292123172705
1.7804293343913085
1.7841794488357188
1.7859295022431105
1.7864295175023652
1.7861795098727378
1.7848044679097874
1.7824293954283272
1.7778042542802208
1.7728041016876737
1.7668039185766167
1.7603037202063052
1.7523034760582294
1.7435532090212715
1.7350529496139409
1.7256776635029145
1.7159273659474472
1.7068020874660481
1.6963017670216987
1.686676473281045
1.6773011871700187
1.6683009125034334
1.659800653096103
1.6526754356517228
1.6468002563554796
1.6411750846888638
1.6371749626148258
1.6345498825037386
1.6329248329111608
1.632299813837092
1.633549851985229
1.6364249397259438
1.6391750236518448
1.6441751762443924
1.6489253212073123
1.6543004852443006
1.6590506302072208
1.664925809503464
1.6705509811700798
1.6748011108737448
1.6788012329477828
1.6818013245033114
1.6829263588366346
1.683926389355144
1.6824263435773796
1.679551255836665
1.6741760917996766
1.6679259010589922
1.6603006683553576
1.6511753898739585
1.6415500961333047
1.6317997985778374
1.6205494552446058
1.609424115726188
1.5976737571337016
1.5857983947264016
1.572547990356151
1.559922605059969
1.5465471968749047
1.5317967467268898
1.5146712240974152
1.496045655690176
1.4744199957274087
1.4500442518387402
1.4266685384685813
1.4067929319132053
1.3944175542466506
1.391917477950377
1.4052928861354412
1.4375438703573717
1.4935455793939025
1.5729230018005922
1.673676076540422
1.7908046510208442
1.9186835535752433
2.0430623493148596
2.144815454573199
2.208067384868923
2.2265679494613484
2.198192083498642
2.1199396954252756
2.00643623157445
1.875307229834895
1.742178167058321
1.6172993560594502
1.5121711478011413
1.4310436719870603
1.3747919553209023
1.3444160283211768
1.3369157994323557
1.3464160893581958
1.3682917569505906
1.3967926267281106
1.4274185613574633
1.4579194921720025
1.4850453199865719
1.5074210028382216
1.525796563615833
1.5407970213934752
1.552672383800775
1.5629226966154972
1.5720479750968963
1.5811732535782954
1.5900485244300668
1.5992988067262794
1.6100491348002564
1.6206744590594195
1.6317997985778374
1.6433001495406965
1.654550492873928
1.6659258400219734
1.6770511795403913
1.6886765343180639
1.699676870021668
1.7109272133548998
1.7211775261696218
1.7311778313547166
1.740928128910184
1.7508034302804651
1.7585536667989135
1.7651788689840389
1.7716790673543503
1.7768042237617114
1.780179326761681
1.7835544297616506
1.7858044984282968
1.7866795251319927
1.7864295175023652
1.7846794640949737
1.7823043916135137
1.7780542619098483
1.7728041016876737
1.7669289223914304
1.7599287087618642
1.7519284646137883
1.7430531937620168
1.7346779381694999
1.7249276406140324
1.7154273506881925
1.7068020874660481
1.695801751762444
1.6861764580217904
1.6769261757255778
1.668050904873806
1.6601756645405439
1.6526754356517228
1.6463002410962249
1.6411750846888638
1.6370499588000123
1.6352999053926207
1.6325498214667196
1.632299813837092
1.6337998596148564
1.636674947355571
1.6396750389110997
1.6441751762443924
1.649050325022126
1.6541754814294871
1.6595506454664755
1.6651758171330913
1.669675954466384
1.6753011261329998
1.678676229132969
1.681551316873684
1.6831763664662618
1.6838013855403302
1.682676351207007
1.6793012482070377
1.673676076540422
1.6683009125034334
1.6604256721701711
1.651425397503586
1.6413000885036775
1.631674794763024
1.6206744590594195
1.609049104281747
1.596798730430006
1.5850483718375195
1.5722979827265235
1.5596725974303416
1.5456721701712088
1.5315467390972626
1.5149212317270424
1.495670644245735
1.4736699728385265
1.4499192480239265
1.4269185460982088
1.4070429395428328
1.3945425580614643
1.3920424817651906
1.4051678823206275
1.4377938779869992
1.492920560319834
1.572547990356151
1.6741760917996766
1.7904296395764032
1.9186835535752433
2.0426873378704187
2.144690450758385
2.2081923886837367
2.2273179723502308
2.198317087313456
2.12043971068453
2.006811243018891
1.8755572374645222
1.7414281441694388
1.6181743827631458
1.5126711630603962
1.4311686758018738
1.3754169743949705
1.3445410321359905
1.3365407879879148
1.346291085543382
1.3682917569505906
1.3965426190984833
1.427543565172277
1.4575444807275613
1.485420331431013
1.5074210028382216
1.5256715598010193
1.5406720175786617
1.5522973723563342
1.5627976928006837
1.5722979827265235
1.5814232612079226
1.589923520615253
1.5994238105410932
1.6099241309854426
1.6206744590594195
1.63154979094821
1.6433001495406965
1.654550492873928
1.6659258400219734
1.6774261909848323
1.6888015381328776
1.699801873836482
1.7106772057252724
1.721552537614063
1.731427838984344
1.7406781212805567
1.7499284035767695
1.757553636280404
1.7653038727988526
1.7711790520950956
1.776679219946898
1.7809293496505632
1.7841794488357188
1.7859295022431105
1.7863045136875517
1.7861795098727378
1.7843044526505327
1.782554399243141
1.7779292580950348
1.7730541093173011
1.7668039185766167
1.7600537125766778
1.752053468428602
1.7435532090212715
1.7349279457991271
1.7264276863917967
1.7156773583178198
1.7068020874660481
1.6961767632068852
1.6864264656514176
1.677176183355205
1.6684259163182469
1.6600506607257304
1.6526754356517228
1.6468002563554796
1.6414250923184912
1.6370499588000123
1.6345498825037386
1.6332998443556017
1.6329248329111608
1.6340498672444839
1.6365499435407576
1.639925046540727
1.6443001800592059
1.6484253059480574
1.6540504776146734
1.6593006378368482
1.66480080568865
1.6698009582811977
1.6744260994293039
1.6788012329477828
1.6816763206884975
1.6829263588366346
1.6836763817255165
1.6828013550218206
1.679551255836665
1.6745511032441176
1.6681759086886196
1.6604256721701711
1.651425397503586
1.6423001190221869
1.6320498062074649
1.6214244819483017
1.6092991119113744
1.5981737723929563
1.5855483870967744
1.5734230170598467
1.5604226203192237
1.5469222083193457
1.5320467543565173
1.516296273689993
1.4971706900234993
1.4745449995422222
1.4511692861720633
1.4284185918759726
1.4081679738761559
1.3945425580614643
1.3920424817651906
1.4046678670613728
1.4351687978759118
1.4901704763939327
1.5679228492080448
1.6679259010589922
1.7848044679097874
1.9115583361308635
2.0370621662038024
2.140190313425092
2.205817316202277
2.2276929837946717
2.2006921597949156
2.126439893795587
2.01356144901883
1.8829324625385297
1.7490533768730736
1.6244245735038303
1.517796319467757
1.4345437788018434
1.378042054506058
1.3459160740989409
1.3374158146916104
1.3459160740989409
1.3664166997283853
1.3949175695059055
1.4259185155796992
1.456044434949797
1.4839202856532487
1.506420972319712
1.52467152928251
1.5397969908749656
1.5516723532822658
1.561922666096988
1.5715479598376416
1.5806732383190405
1.5896735129856259
1.598673787652211
1.6095491195410014
1.6200494399853511
1.630799768059328
1.6428001342814416
1.6541754814294871
1.6654258247627187
1.6764261604663229
1.6878015076143682
1.698926847132786
1.7094271675771355
1.7208025147251809
1.730677816095462
1.7404281136509292
1.7495533921323283
1.757178624835963
1.7649288613544114
1.7709290444654684
1.7764292123172705
1.7804293343913085
1.783679433576464
1.7861795098727378
1.7864295175023652
1.786554521317179
1.7851794793542284
1.7823043916135137
1.778679280983917
1.773429120761742
1.7674289376506853
1.7605537278359324
1.752428479873043
1.7443032319101537
1.735302957243568
1.726302682576983
1.7159273659474472
1.7074271065401168
1.6969267860957673
1.6880515152439954
1.6778012024292734
1.6686759239478743
1.6603006683553576
1.653800469985046
1.6473002716147345
1.6413000885036775
1.6372999664296397
1.635174901577807
1.6329248329111608
1.6330498367259743
1.6332998443556017
1.635924924466689
1.638299996948149
1.6434251533555102
1.6484253059480574
1.653425458540605
1.658925626392407
1.664925809503464
1.6694259468367565
1.6744260994293039
1.679551255836665
1.6813013092440567
1.6831763664662618
1.6833013702810755
1.6824263435773796
1.6794262520218513
1.6749261146885588
1.6689259315775018
1.6614257026886807
1.6523004242072816
1.6431751457258827
1.6326748252815333
1.6215494857631152
1.61017413861507
1.5985487838373975
1.5866734214300973
1.5737980285042878
1.561172643208106
1.5481722464674825
1.533671803949095
1.5172963042085024
1.498045716727195
1.4755450300607318
1.452544328135014
1.4296686300241095
1.408917996765038
1.3949175695059055
1.3914174626911222
1.4030428174687948
1.4329187292092656
1.4861703543198952
1.5627976928006837
1.6616757103183082
1.7776792504654073
1.9031830805383465
2.0296869411297953
2.134565141758477
2.2030672322763754
2.2269429609057894
2.2041922666096987
2.130815027314066
2.02068666646321
1.890682699056978
1.7565536057618945
1.6309247718741418
1.5227964720603047
1.4384188970610674
1.380417126987518
1.347541123691519
1.336415784173101
1.344666035950804
1.3647916501358075
1.3931675160985137
1.423668446913053
1.4544193853572192
1.4820452284310435
1.505170934171575
1.52467152928251
1.539671987060152
1.5511723380230111
1.5614226508377331
1.5707979369487595
1.5799232154301586
1.5886734824671163
1.5980487685781428
1.6085490890224923
1.6196744285409101
1.630799768059328
1.6416750999481187
1.6529254432813503
1.66480080568865
1.6763011566515091
1.6871764885402998
1.6980518204290902
1.709177159947508
1.7204275032807397
1.7304278084658344
1.7400531022064882
1.7488033692434461
1.7570536210211494
1.7641788384655293
1.7704290292062137
1.7759291970580158
1.780179326761681
1.7833044221320231
1.7858044984282968
1.7864295175023652
1.7860545060579243
1.784929471724601
1.7823043916135137
1.778554277169103
1.774304147465438
1.768303964354381
1.7609287392803734
1.7528034913174841
1.7451782586138493
1.7363029877620777
1.7268026978362376
1.7173024079103976
1.708177129428999
1.6979268166142767
1.6881765190588092
1.6780512100589007
1.6694259468367565
1.660925687429426
1.6536754661702324
1.6476752830591754
1.6415500961333047
1.6377999816888944
1.6347998901333658
1.6327998290963468
1.6326748252815333
1.6334248481704154
1.635924924466689
1.6389250160222175
1.6429251380962555
1.6485503097628713
1.653800469985046
1.6586756187627796
1.6645507980590228
1.6689259315775018
1.6741760917996766
1.6776761986144597
1.6808012939848018
1.6831763664662618
1.6841763969847714
1.6828013550218206
1.6813013092440567
1.6750511185033723
1.669175939207129
1.6614257026886807
1.6528004394665363
1.643050141911069
1.6332998443556017
1.62204950102237
1.6111741691335797
1.5990487990966522
1.5874234443189794
1.5752980742820522
1.5624226813562427
1.5485472579119235
1.5351718497268594
1.5184213385418257
1.4991707510605183
1.4776700949125645
1.454044373912778
1.4304186529129916
1.410543046357616
1.3957925962096012
1.3920424817651906
1.4012927640614032
1.4312936796166877
1.4820452284310435
1.557797540208136
1.6550505081331828
1.7695540025025178
1.8976829126865444
2.02306173894467
2.1295649891659294
2.200067140720847
2.2264429456465344
2.2069423505356
2.136315195165868
2.0284369029816585
1.8985579393902403
1.7641788384655293
1.6384250007629628
1.5294216742454299
1.443419049653615
1.3829172032837918
1.348791161839656
1.3367907956175422
1.3436660054322949
1.3635416119876704
1.3914174626911222
1.4217933896908477
1.4527943357646413
1.4807951902829066
1.504045899838252
1.522671468245491
1.5381719412823878
1.5499222998748743
1.560672627948851
1.570172917874691
1.5790481887264625
1.5886734824671163
1.5972987456892607
1.6082990813928648
1.6181743827631458
1.6295497299111912
1.64105008087405
1.6520504165776544
1.6636757713553272
1.6760511490218817
1.686301461836604
1.6980518204290902
1.7093021637623218
1.7191774651326028
1.7296777855769523
1.739303079317606
1.748053346354564
1.756428601947081
1.7641788384655293
1.769804010132145
1.7755541856135748
1.7798043153172398
1.7835544297616506
1.7855544907986696
1.7859295022431105
1.786554521317179
1.7850544755394149
1.7828044068727684
1.7789292886135442
1.774304147465438
1.7681789605395672
1.7613037507248146
1.7538035218359938
1.745678273873104
1.7364279915768914
1.7278027283547472
1.7178024231696525
1.7083021332438124
1.6985518356883451
1.6888015381328776
1.6791762443922238
1.6701759697256386
1.6620507217627492
1.6544254890591144
1.6476752830591754
1.6416750999481187
1.6380499893185219
1.6347998901333658
1.6332998443556017
1.6319248023926511
1.633674855800043
1.635549913022248
1.638299996948149
1.643050141911069
1.6475502792443617
1.6533004547257912
1.6579255958738974
1.6640507827997681
1.6685509201330608
1.6738010803552354
1.6778012024292734
1.6809262977996156
1.683051362651448
1.6838013855403302
1.6829263588366346
1.680676290169988
1.675551133762627
1.6695509506515702
1.6630507522812585
1.653800469985046
1.6449251991332745
1.634299874874111
1.6236745506149481
1.6119241920224616
1.6004238410596028
1.5882984710226753
1.5757980895413068
1.5629226966154972
1.5497972960600603
1.5354218573564866
1.519796380504776
1.5009208044679097
1.4795451521347698
1.4557944273201697
1.4316686910611285
1.4119180883205664
1.3969176305429243
1.3916674703207497
1.4002927335428939
1.4266685384685813
1.4765450605792412
1.5505473189489425
1.6455502182073427
1.7593036896877956
1.8854325388348034
2.012436414685507
2.121314737388226
2.1959420148319957
2.226317941831721
2.2106924649800104
2.1444404431287576
2.0389372234260077
1.9104333017975401
1.7759291970580158
1.6484253059480574
1.5377969298379466
1.4504192632831812
1.387542344431898
1.3501662038026063
1.3367907956175422
1.342415967284158
1.362541581469161
1.3884173711355938
1.418793298135319
1.449794244209113
1.4786701254310741
1.502420850245674
1.5209214148380994
1.5367968993194372
1.548797265541551
1.559797601245155
1.5695478988006226
1.5786731772820215
1.587298440504166
1.5969237342448195
1.6071740470595417
1.6180493789483323
1.6287997070223093
1.6396750389110997
1.6513003936887722
1.6625507370220038
1.6744260994293039
1.6856764427625355
1.6966767784661398
1.7074271065401168
1.7186774498733484
1.7285527512436292
1.7383030487990967
1.7471783196508683
1.7566786095767084
1.7638038270210883
1.7694289986877043
1.7751791741691336
1.7799293191320538
1.7833044221320231
1.7853044831690421
1.7870545365764336
1.7871795403912474
1.7853044831690421
1.7830544145023959
1.7794293038727989
1.7748041627246927
1.7689289834284494
1.761553758354442
1.7543035370952484
1.7461782891323587
1.7376780297250283
1.7280527359843745
1.7186774498733484
1.7090521561326946
1.6991768547624133
1.6889265419476913
1.679551255836665
1.6706759849848933
1.6623007293923764
1.6551755119479965
1.6488003173924985
1.6425501266518143
1.637924985503708
1.6349248939481797
1.6332998443556017
1.632424817651906
1.6332998443556017
1.6352999053926207
1.6384250007629628
1.641925107577746
1.6469252601702933
1.6520504165776544
1.6576755882442702
1.6638007751701407
1.669175939207129
1.6738010803552354
1.6780512100589007
1.6808012939848018
1.6825513473921934
1.6836763817255165
1.6824263435773796
1.6801762749107334
1.6759261452070682
1.6701759697256386
1.6630507522812585
1.6546754966887418
1.6455502182073427
1.6349248939481797
1.6242995696890163
1.6131742301705987
1.601173863948485
1.5890484939115572
1.5777981505783258
1.5647977538377027
1.5505473189489425
1.537671926023133
1.5212964262825404
1.5029208655049286
1.481420209356975
1.45816949980163
1.433918759727775
1.412918118839076
1.3976676534318064
1.3912924588763085
1.3984176763206884
1.423668446913053
1.4709198889126254
1.5419220557267983
1.6361749320963164
1.7485533616138187
1.872932157353435
2.000936063722648
2.1128144779808955
2.1906918546098213
2.225192907498398
2.214317575609607
2.1528156987212745
2.0499375591296123
1.9233086947233498
1.7875545518356883
1.6599256569109164
1.5467972045045322
1.4570444654683066
1.3912924588763085
1.353166295358135
1.3369157994323557
1.34079091769158
1.35979149754326
1.386292306283761
1.416043214209418
1.4476691793572802
1.475920041505173
1.500420789208655
1.5192963652455214
1.5352968535416731
1.548797265541551
1.5589225745414594
1.5684228644672995
1.5779231543931396
1.5866734214300973
1.5960487075411238
1.6064240241706595
1.6167993408001955
1.6277996765037996
1.6389250160222175
1.6509253822443313
1.6615507065034945
1.6733010650959808
1.6845514084292124
1.6956767479476302
1.7068020874660481
1.7178024231696525
1.7280527359843745
1.7379280373546557
1.7466783043916136
1.755178563798944
1.762803796502579
1.7688039796136357
1.7753041779839474
1.7791792962431716
1.7828044068727684
1.7854294869838556
1.7866795251319927
1.7863045136875517
1.7853044831690421
1.782929410687582
1.7799293191320538
1.774679158909879
1.7693039948728904
1.762803796502579
1.7546785485396894
1.7473033234656818
1.7384280526139104
1.729427777947325
1.7200524918362987
1.7101771904660177
1.699676870021668
1.6893015533921325
1.6803012787255471
1.6718010193182167
1.662925748466445
1.6555505233924375
1.6489253212073123
1.643050141911069
1.6388000122074038
1.6356749168370617
1.6326748252815333
1.632424817651906
1.633174840540788
1.6350498977629933
1.6385500045777766
1.6421751152073734
1.6471752677999205
1.6520504165776544
1.656925565355388
1.6634257637256997
1.6686759239478743
1.6724260383922849
1.677176183355205
1.6804262825403606
1.6828013550218206
1.6835513779107028
1.6829263588366346
1.6809262977996156
1.6763011566515091
1.6709259926145208
1.663300759910886
1.6549255043183693
1.6463002410962249
1.635924924466689
1.6246745811334575
1.614174260689108
1.6022988982818078
1.590423535874508
1.5772981353190711
1.56504776146733
1.5519223609118933
1.538046937467574
1.5214214300973539
1.5045459150975067
1.483045258949553
1.4597945493942077
1.4367938474684896
1.4150431836909085
1.3985426801355023
1.3917924741355632
1.397417645802179
1.4205433515427108
1.4660447401348917
1.535671864986114
1.6274246650593585
1.7384280526139104
1.8624318369090855
1.9904357432782982
2.1041892147587515
2.1858167058320874
2.2240678731650747
2.2170676595355086
2.1599409161656546
2.0600628681295206
1.9341840266121404
1.7999299295022433
1.670800988799707
1.5561724906155583
1.4634196600238045
1.3965426190984833
1.3555413678395947
1.3375408185064244
1.3400408948026978
1.3571664174321727
1.383667226172674
1.4136681417279582
1.4445440839869381
1.4734199652088993
1.497670705282754
1.517921323282571
1.534546830652791
1.5470472121341592
1.5576725363933226
1.5680478530228583
1.5770481276894437
1.5856733909115879
1.5952986846522417
1.6055489974669637
1.6152992950224312
1.626424634540849
1.6376749778740807
1.6488003173924985
1.6606756797997986
1.6720510269478437
1.6831763664662618
1.6943017059846797
1.7051770378734703
1.7161773735770747
1.7269277016510514
1.7361779839472642
1.7459282815027315
1.7546785485396894
1.7618037659840693
1.7686789757988222
1.774179143650624
1.7795543076876126
1.7824293954283272
1.7848044679097874
1.7866795251319927
1.7863045136875517
1.785679494613483
1.7835544297616506
1.780679342020936
1.7755541856135748
1.7696790063173315
1.7630538041322064
1.7558035828730125
1.7481783501693777
1.7395530869472335
1.7300527970213935
1.7204275032807397
1.710802209540086
1.7006769005401776
1.6913016144291515
1.6816763206884975
1.6734260689107945
1.6639257789849544
1.6560505386516924
1.6496753440961944
1.6434251533555102
1.6390500198370312
1.6354249092074344
1.6332998443556017
1.6321748100222786
1.6334248481704154
1.6345498825037386
1.6374249702444532
1.6423001190221869
1.6465502487258523
1.6515504013183995
1.6568005615405743
1.6623007293923764
1.668050904873806
1.6721760307626576
1.6768011719107638
1.6800512710959197
1.6825513473921934
1.6833013702810755
1.6833013702810755
1.6813013092440567
1.6770511795403913
1.6714260078737755
1.6643007904293954
1.6560505386516924
1.647425275429548
1.6369249549851985
1.626049623096408
1.6146742759483628
1.603173924985504
1.590798547318949
1.5791731925412764
1.5665478072450942
1.5529223914304024
1.5399219946897795
1.524171514023255
1.5060459608752708
1.485295327616199
1.4616696066164128
1.4386689046906949
1.4169182409131138
1.4001677297280801
1.3917924741355632
1.3969176305429243
1.4182932828760644
1.4621696218756677
1.528171636097293
1.6184243903927733
1.7278027283547472
1.851181493575854
1.9799354228339487
2.0954389477217936
2.180191534165471
2.222317819757683
2.2198177434614093
2.1678161564989162
2.0704381847590563
1.9465594042786951
1.812305307168798
1.6818013245033114
1.5659227881710258
1.4711698965422528
1.401792779320658
1.3582914517654958
1.338040833765679
1.3391658680990022
1.3552913602099674
1.3807921384319588
1.410918057802057
1.4415439924314097
1.4712949003570666
1.4957956480605488
1.5161712698751793
1.5326717734305857
1.54604718161565
1.5572975249488816
1.5667978148747217
1.5755480819116796
1.5849233680227057
1.5949236732078005
1.6042989593188268
1.614549272133549
1.6247995849482713
1.63629993591113
1.6483003021332439
1.6594256416516617
1.671301004058962
1.6825513473921934
1.693426679280984
1.7043020111697744
1.715177343058565
1.7258026673177282
1.7355529648731955
1.7450532547990356
1.754053529465621
1.7614287545396283
1.767803949095126
1.774304147465438
1.7783042695394757
1.7819293801690725
1.7843044526505327
1.7863045136875517
1.7866795251319927
1.7861795098727378
1.7839294412060915
1.7804293343913085
1.776179204687643
1.7709290444654684
1.7638038270210883
1.756428601947081
1.7493033845027008
1.7406781212805567
1.7311778313547166
1.7218025452436905
1.712427259132664
1.702176946317942
1.6924266487624744
1.6824263435773796
1.673676076540422
1.6646758018738366
1.6571755729850153
1.6509253822443313
1.643925168614765
1.6396750389110997
1.6360499282815029
1.633549851985229
1.6327998290963468
1.6326748252815333
1.6346748863185523
1.6371749626148258
1.6411750846888638
1.6456752220221567
1.6506753746147038
1.6563005462813196
1.6619257179479354
1.667300881984924
1.6721760307626576
1.6759261452070682
1.679551255836665
1.6820513321329387
1.6833013702810755
1.6835513779107028
1.6811763054292428
1.677551194799646
1.6724260383922849
1.6654258247627187
1.6575505844294565
1.6480502945036166
1.638299996948149
1.6277996765037996
1.616924344615009
1.60542399365215
1.5937986388744774
1.5811732535782954
1.5684228644672995
1.555172460097049
1.5410470290231024
1.5264215826899015
1.5086710409863584
1.4886704306161689
1.4656697286904508
1.4421690115054782
1.4194183172093875
1.4019177831354717
1.3920424817651906
1.394667561876278
1.4131681264687033
1.4532943510238958
1.5164212775048067
1.6035489364299447
1.7098021790215767
1.83205590990936
1.9596848048341318
2.079313455610828
2.1699412213507494
2.219192724387341
2.2234428540910063
2.1785664845728934
2.0870636921292767
1.9661850032044437
1.8324309213538013
1.7010519119846188
1.5826732993560595
1.4840452894680625
1.410543046357616
1.3632916043580432
1.3396658833582569
1.337915829950865
1.3512912381359294
1.3766670125431073
1.4059179052095097
1.4367938474684896
1.4666697592089604
1.492545548875393
1.513546189764092
1.530546708578753
1.5441721243934445
1.5556724753563036
1.5656727805413984
1.5747980590227975
1.5837983336893826
1.592798608355968
1.602673909726249
1.6129242225409712
1.6237995544297616
1.6352999053926207
1.6465502487258523
1.657800592059084
1.6690509353923155
1.680676290169988
1.6923016449476609
1.7031769768364513
1.7135522934659873
1.7245526291695914
1.734302926725059
1.743303201391644
1.7526784875026704
1.7601787163914915
1.7669289223914304
1.7730541093173011
1.7778042542802208
1.7814293649098176
1.7851794793542284
1.7860545060579243
1.78692953276162
1.7860545060579243
1.784929471724601
1.7810543534653769
1.7771792352061526
1.7716790673543503
1.7650538651692254
1.7574286324655906
1.7498033997619558
1.7410531327249978
1.7339279152806177
1.7229275795770134
1.7138023010956145
1.7035519882808923
1.6933016754661703
1.683051362651448
1.6745511032441176
1.6659258400219734
1.6579255958738974
1.6508003784295175
1.644675191503647
1.640300057985168
1.635924924466689
1.6337998596148564
1.6327998290963468
1.6327998290963468
1.6346748863185523
1.6370499588000123
1.6404250617999818
1.645050202948088
1.6504253669850764
1.6555505233924375
1.6611756950590533
1.6663008514664144
1.6715510116885892
1.6753011261329998
1.679551255836665
1.6818013245033114
1.6835513779107028
1.6833013702810755
1.6825513473921934
1.6781762138737144
1.6730510574663533
1.6663008514664144
1.6581756035035249
1.6491753288369395
1.6396750389110997
1.6287997070223093
1.6184243903927733
1.6065490279854733
1.5950486770226142
1.582048280281991
1.5695478988006226
1.557172521134068
1.5431720938749351
1.528671651356548
1.5109211096530044
1.4910455030976288
1.468419812616352
1.4449190954313793
1.4221684011352886
1.4035428327280495
1.3925424970244453
1.3940425428022096
1.4107930539872433
1.4476691793572802
1.5081710257271035
1.5930486159855952
1.697801812799463
1.8184304940946685
1.9466844080935088
2.0671880855739007
2.161690969573046
2.2156926175725578
2.2253179113132115
2.184941679128391
2.0985640430921353
1.9805604419080174
1.8475563829462571
1.7145523239844966
1.594298654133732
1.493295571764275
1.417293252357555
1.3672917264320812
1.3406659138767663
1.337915829950865
1.3502912076174198
1.3735419171727652
1.4027928098391673
1.433918759727775
1.4632946562089908
1.4895454573198645
1.5111711172826319
1.5280466322824793
1.5431720938749351
1.5542974333933532
1.564297738578448
1.5739230323191016
1.5827983031708732
1.5914235663930174
1.6017988830225531
1.6120491958372754
1.623299539170507
1.6337998596148564
1.6454252143925292
1.656550553910947
1.668050904873806
1.6793012482070377
1.6904265877254554
1.701301919614246
1.712427259132664
1.7236776024658955
1.7328028809472946
1.7423031708731347
1.752053468428602
1.759178685872982
1.766303903317362
1.772304086428419
1.7775542466505936
1.7819293801690725
1.7843044526505327
1.7864295175023652
1.786554521317179
1.7859295022431105
1.7851794793542284
1.781679372539445
1.777054231391339
1.7719290749839778
1.765803888058107
1.7586786706137274
1.7509284340952787
1.7424281746879482
1.7341779229102452
1.7238026062807095
1.7146773277993104
1.7053020416882838
1.6944267097994934
1.685051423688467
1.6753011261329998
1.666800866725669
1.6591756340220343
1.651800408948027
1.645050202948088
1.640300057985168
1.636674947355571
1.633549851985229
1.6325498214667196
1.632424817651906
1.634299874874111
1.6361749320963164
1.640675069429609
1.643925168614765
1.649425336466567
1.6553005157628102
1.6599256569109164
1.6654258247627187
1.670800988799707
1.6750511185033723
1.6789262367625966
1.6816763206884975
1.683051362651448
1.6836763817255165
1.681926328318125
1.6785512253181556
1.673676076540422
1.6674258857997375
1.6593006378368482
1.6501753593554491
1.640675069429609
1.630424756614887
1.6191744132816552
1.6082990813928648
1.596673726615192
1.58404834131901
1.5714229560228279
1.558297555467391
1.544422132023072
1.528671651356548
1.5137961973937193
1.4935455793939025
1.4710448927274393
1.447794183172094
1.4246684774315623
1.4050428785058138
1.3935425275429547
1.3927925046540726
1.4074179509872737
1.4422940153202919
1.500420789208655
1.5822982879116183
1.6853014313180945
1.803930051576281
1.932683980834376
2.054687704092532
2.153065706350902
2.212067506942961
2.2265679494613484
2.1923169042023987
2.1104394054994353
1.9949358806115909
1.8616818140202034
1.729427777947325
1.6067990356151007
1.5032958769493698
1.4244184698019349
1.3711668446913052
1.3431659901730402
1.3369157994323557
1.3479161351359599
1.3705418256172368
1.3997927182836392
1.4302936490981781
1.4602945646534624
1.4871703848384046
1.5096710715048678
1.52704660176397
1.5419220557267983
1.5532974028748436
1.5635477156895659
1.5732980132450332
1.582048280281991
1.590423535874508
1.6005488448744163
1.6109241615039522
1.6216744895779291
1.6326748252815333
1.6444251838740198
1.655800531022065
1.6670508743552965
1.6784262215033416
1.6893015533921325
1.7004268929105502
1.7115522324289683
1.7221775566881314
1.7319278542435987
1.74180315561388
1.7508034302804651
1.7586786706137274
1.765928891872921
1.7713040559099094
1.7764292123172705
1.780679342020936
1.7841794488357188
1.7864295175023652
1.7861795098727378
1.7864295175023652
1.78455446028016
1.7818043763542588
1.7773042390209661
1.772179082613605
1.7666789147618032
1.759178685872982
1.7516784569841608
1.7434282052064578
1.734302926725059
1.7255526596881008
1.715552354503006
1.706052064577166
1.695801751762444
1.6856764427625355
1.6766761680959503
1.6674258857997375
1.6591756340220343
1.6520504165776544
1.6463002410962249
1.6409250770592365
1.6369249549851985
1.6337998596148564
1.6329248329111608
1.632424817651906
1.6340498672444839
1.63629993591113
1.6398000427259134
1.643925168614765
1.6491753288369395
1.6541754814294871
1.6599256569109164
1.666050843836787
1.6704259773552659
1.6745511032441176
1.679551255836665
1.6816763206884975
1.683051362651448
1.683051362651448
1.681926328318125
1.6790512405774103
1.6734260689107945
1.6678008972441787
1.659800653096103
1.6511753898739585
1.6414250923184912
1.6314247871333964
1.6200494399853511
1.6086740928373058
1.597173741874447
1.585298379467147
1.57217297891171
1.5587975707266457
1.546422193060091
1.5309217200231942
1.5144212164677877
1.4949206213568529
1.4724199346903897
1.448919217505417
1.4264185308389539
1.4061679128391371
1.3937925351725822
1.3921674855800044
1.405792901394696
1.4397939390240182
1.4964206671346172
1.5764231086153753
1.6780512100589007
1.796054811243019
1.9239337137974182
2.0478124942777796
2.1480655537583546
2.210317453535569
2.2269429609057894
2.1956920072023682
2.1165645924253056
2.0018110904263433
1.8698070619830929
1.7363029877620777
1.613424237800226
1.5090460524307994
1.4280435804315317
1.3737919248023926
1.3440410168767358
1.3371658070619832
1.346291085543382
1.3692917874691002
1.3976676534318064
1.4285435956907866
1.4586695150608844
1.485420331431013
1.5082960295419172
1.526671590319529
1.540922025208289
1.5529223914304024
1.563047700430311
1.5722979827265235
1.5814232612079226
1.5900485244300668
1.6001738334299753
1.6109241615039522
1.6207994628742333
1.632299813837092
1.643050141911069
1.6553005157628102
1.6658008362071597
1.6778012024292734
1.6885515305032504
1.699676870021668
1.710802209540086
1.7216775414288765
1.7320528580584125
1.740928128910184
1.7508034302804651
1.7585536667989135
1.7654288766136663
1.7709290444654684
1.7763042085024567
1.780554338206122
1.7838044373912778
1.7859295022431105
1.786554521317179
1.7861795098727378
1.7848044679097874
1.7821793877986998
1.778679280983917
1.77267909787286
1.7674289376506853
1.7599287087618642
1.7518034607989748
1.743678212836085
1.7341779229102452
1.725052644428846
1.7158023621326335
1.7059270607623525
1.6959267555772577
1.6864264656514176
1.6770511795403913
1.6683009125034334
1.659800653096103
1.6528004394665363
1.6460502334665976
1.6408000732444226
1.6370499588000123
1.6339248634296701
1.6327998290963468
1.6327998290963468
1.6341748710592976
1.63629993591113
1.639550035096286
1.643925168614765
1.6496753440961944
1.6540504776146734
1.6594256416516617
1.6651758171330913
1.6709259926145208
1.6749261146885588
1.6783012176885281
1.681551316873684
1.683051362651448
1.6829263588366346
1.683051362651448
1.6793012482070377
1.6741760917996766
1.6685509201330608
1.6603006683553576
1.6526754356517228
1.6420501113925596
1.6317997985778374
1.6202994476149783
1.609424115726188
1.5976737571337016
1.585298379467147
