1.6035489364299447
1.6027989135410627
1.6004238410596028
1.59829877620777
1.5965487228003785
1.595173680837428
1.5926736045411543
1.5921735892818996
1.5906735435041353
1.5897985168004394
1.588423474837489
1.5877984557634206
1.587298440504166
1.5859233985412151
1.5849233680227057
1.5839233375041963
1.582923306985687
1.5825482955412458
1.5815482650227364
1.5810482497634815
1.5806732383190405
1.5804232306894133
1.5797982116153446
1.5790481887264625
1.5784231696523943
1.5784231696523943
1.5780481582079533
1.5775481429486986
1.5772981353190711
1.57692312387463
1.5772981353190711
1.5771731315042574
1.5772981353190711
1.5767981200598165
1.5779231543931396
1.5772981353190711
1.5767981200598165
1.5760480971709343
1.5767981200598165
1.5767981200598165
1.5766731162450025
1.57692312387463
1.5770481276894437
1.5774231391338847
1.5767981200598165
1.5775481429486986
1.5772981353190711
1.57692312387463
1.5772981353190711
1.5779231543931396
1.5777981505783258
1.5772981353190711
1.5785481734672078
1.5786731772820215
1.5784231696523943
1.5795482039857174
1.5781731620227668
1.5780481582079533
1.5787981810968352
1.57929819635609
1.5801732230597858
1.5794232001709037
1.5801732230597858
1.5801732230597858
1.5807982421338542
1.5802982268745993
1.5804232306894133
1.580048219244972
1.5797982116153446
1.5807982421338542
1.581298257393109
1.5815482650227364
1.5817982726523636
1.5819232764671776
1.5822982879116183
1.5821732840968048
1.5822982879116183
1.5826732993560595
1.5821732840968048
1.5827983031708732
1.5824232917264323
1.5830483108005005
1.5834233222449416
1.58404834131901
1.5841733451338236
1.5839233375041963
1.584423352763451
1.5846733603930783
1.5849233680227057
1.5842983489486373
1.5850483718375195
1.5847983642078922
1.5854233832819604
1.5854233832819604
1.586048402356029
1.5857983947264016
1.58642341380047
1.5874234443189794
1.5859233985412151
1.5861734061708426
1.5867984252449112
1.5871734366893522
1.5874234443189794
1.5876734519486069
1.5874234443189794
1.588048463393048
1.587923459578234
1.5881734672078616
1.5876734519486069
1.5891734977263712
1.5886734824671163
1.58879848628193
1.5889234900967437
1.5891734977263712
1.590423535874508
1.589923520615253
1.5897985168004394
1.5906735435041353
1.5895485091708121
1.590298532059694
1.5909235511337627
1.5906735435041353
1.590798547318949
1.5911735587633902
1.5917985778374584
1.5916735740226449
1.5917985778374584
1.5914235663930174
1.5909235511337627
1.591923581652272
1.592423596911527
1.592423596911527
1.5925486007263405
1.5929236121707817
1.5932986236152227
1.5936736350596639
1.5935486312448501
1.5935486312448501
1.5934236274300364
1.5926736045411543
1.5932986236152227
1.5939236426892909
1.5941736503189183
1.5950486770226142
1.5950486770226142
1.595173680837428
1.5945486617633595
1.594298654133732
1.5949236732078005
1.595173680837428
1.594673665578173
1.5952986846522417
1.5959237037263099
1.596298715170751
1.596673726615192
1.596298715170751
1.5964237189855648
1.5965487228003785
1.596673726615192
1.5959237037263099
1.5970487380596332
1.5970487380596332
1.5976737571337016
1.5974237495040742
1.5977987609485154
1.5977987609485154
1.5979237647633289
1.5976737571337016
1.5979237647633289
1.5976737571337016
1.5979237647633289
1.59829877620777
1.5990487990966522
1.5992988067262794
1.599173802911466
1.5992988067262794
1.5994238105410932
1.5996738181707206
1.5994238105410932
1.5990487990966522
1.5994238105410932
1.5999238258003479
1.6002988372447888
1.6002988372447888
1.6001738334299753
1.6009238563188575
1.6009238563188575
1.6001738334299753
1.6015488753929257
1.6007988525040437
1.601048860133671
1.5992988067262794
1.6016738792077396
1.6021738944669943
1.6027989135410627
1.60304892117069
1.6029239173558765
1.603173924985504
1.6036739402447586
1.6039239478743859
1.6040489516891996
1.6051739860225227
1.605048982207709
1.6060490127262186
1.6069240394299142
1.6077990661336101
1.608174077578051
1.6087990966521197
1.6107991576891385
1.6115491805780204
1.612174199652089
1.613424237800226
1.6155493026520584
1.6171743522446362
1.6182993865779596
1.620924466689047
1.6224245124668113
1.6245495773186438
1.6259246192815942
1.6282996917630543
1.6301747489852596
1.6327998290963468
1.635174901577807
1.6381749931333354
1.6415500961333047
1.6455502182073427
1.6478002868739892
1.6505503707998903
1.654550492873928
1.657800592059084
1.6613006988738672
1.6655508285775322
1.670050965910825
1.6740510879848627
1.6780512100589007
1.6828013550218206
1.6874264961699272
1.6915516220587787
1.6963017670216987
1.7015519272438735
1.7065520798364209
1.7118022400585957
1.7169273964659566
1.7216775414288765
1.7269277016510514
1.7316778466139713
1.7366779992065189
1.741303140354625
1.7450532547990356
1.7494283883175148
1.7530534989471116
1.756428601947081
1.7593036896877956
1.7641788384655293
1.7661788995025482
1.7686789757988222
1.7716790673543503
1.7731791131321146
1.775804193243202
1.776179204687643
1.7768042237617114
1.7774292428357799
1.778179265724662
1.778679280983917
1.7778042542802208
1.7775542466505936
1.7768042237617114
1.775429181798761
1.7728041016876737
1.7710540482802821
1.7686789757988222
1.7661788995025482
1.7631788079470199
1.7598037049470505
1.756428601947081
1.7526784875026704
1.7489283730582599
1.7446782433545946
1.740928128910184
1.7359279763176367
1.7311778313547166
1.725927671132542
1.7209275185399944
1.7159273659474472
1.7114272286141545
1.7065520798364209
1.7023019501327556
1.6969267860957673
1.6919266335032197
1.6861764580217904
1.6824263435773796
1.6769261757255778
1.6721760307626576
1.6679259010589922
1.6640507827997681
1.6591756340220343
1.6556755272072514
1.651425397503586
1.6469252601702933
1.643050141911069
1.6396750389110997
1.6364249397259438
1.633174840540788
1.6299247413556321
1.6270496536149175
1.6245495773186438
1.62204950102237
1.6199244361705374
1.6175493636890774
1.6150492873928037
1.613424237800226
1.6116741843928344
1.6104241462446975
1.6089241004669332
1.607424054689169
1.6062990203558458
1.6049239783928952
1.6044239631336406
1.6035489364299447
1.6022988982818078
1.6017988830225531
1.6007988525040437
1.5997988219855341
1.5992988067262794
1.598798791467025
1.59829877620777
1.5975487533188881
1.5970487380596332
1.5960487075411238
1.5955486922818691
1.5939236426892909
1.5925486007263405
1.5905485396893215
1.5886734824671163
1.5869234290597247
1.583298318430128
1.5805482345042268
1.5764231086153753
1.5724229865413375
1.5671728263191627
1.5605476241340372
1.5550474562822352
1.546422193060091
1.5392969756157109
1.5324217658009582
1.5255465559862058
1.517796319467757
1.5117961363567003
1.5052959379863888
1.5002957853938415
1.4977957090975678
1.495670644245735
1.4959206518753625
1.4991707510605183
1.5061709646900845
1.5151712393566699
1.5287966551713614
1.5457971739860226
1.567047822504349
1.592423596911527
1.6224245124668113
1.6571755729850153
1.6959267555772577
1.739303079317606
1.7858044984282968
1.836431043427839
1.888307626575518
1.9418092593157752
1.9966859340189826
2.04918753624073
2.100814111758782
2.148565569017609
2.1911918698690758
2.227067964720603
2.256443861201819
2.276819483016449
2.289194860683004
2.28056959746086
2.2639440900906402
2.246443556016724
2.2225678273873104
2.1866917325357833
2.14519046601764
2.0969389934995575
2.044312387462996
1.9895607165746025
1.9314339426862392
1.8734321726126897
1.8164304330576495
1.7596787011322368
1.7063020722067934
1.6553005157628102
1.6086740928373058
1.5659227881710258
1.5284216437269205
1.4961706595049897
1.467544785912656
1.4447940916165654
1.4274185613574633
1.4142931608020264
1.4047928708761863
1.4001677297280801
1.399042695394757
1.4016677755058444
1.4066679280983916
1.414918179876095
1.4249184850611898
1.434293771172216
1.4460441297647022
1.4584195074312571
1.4697948545793025
1.4817952208014162
1.4931705679494613
1.5037958922086248
1.5137961973937193
1.522671468245491
1.5315467390972626
1.5384219489120152
1.5449221472823267
1.550422315134129
1.5544224372081668
1.55792254402295
1.5614226508377331
1.5636727195043794
1.5655477767265848
1.5684228644672995
1.5704229255043185
1.5716729636524553
1.5722979827265235
1.5730480056154057
1.5737980285042878
1.5751730704672384
1.5751730704672384
1.5759230933561206
1.5757980895413068
1.5766731162450025
1.5762981048005615
1.5771731315042574
1.5777981505783258
1.5786731772820215
1.5790481887264625
1.5791731925412764
1.580048219244972
1.5806732383190405
1.5810482497634815
1.58167326883755
1.5836733298745689
1.58404834131901
1.5851733756523332
1.5867984252449112
1.5877984557634206
1.5892985015411847
1.589923520615253
1.5914235663930174
1.5920485854670858
1.5931736198004092
1.594798669392987
1.5965487228003785
1.5981737723929563
1.6000488296151616
1.6015488753929257
1.60304892117069
1.6051739860225227
1.6071740470595417
1.6089241004669332
1.6104241462446975
1.6130492263557847
1.61492428357799
1.6175493636890774
1.6201744438001648
1.622924527726066
1.625174596392712
1.6270496536149175
1.630424756614887
1.6329248329111608
1.6357999206518754
1.6384250007629628
1.6420501113925596
1.6454252143925292
1.649050325022126
1.6524254280220954
1.6559255348368787
1.6595506454664755
1.6631757560960723
1.6669258705404828
1.6704259773552659
1.6740510879848627
1.677551194799646
1.6829263588366346
1.6873014923551135
1.6919266335032197
1.6959267555772577
1.6986768395031586
1.7045520187994019
1.7089271523178808
1.7136772972808008
1.7179274269844662
1.7228025757621999
1.7284277474288157
1.7324278695028534
1.7370530106509599
1.7420531632435072
1.7465533005767997
1.7509284340952787
1.7563035981322672
1.7605537278359324
1.7650538651692254
1.7701790215765862
1.7749291665395062
1.7796793115024263
1.7844294564653462
1.7885545823541977
1.7933047273171179
1.7974298532059694
1.8014299752800074
1.8053050935392316
1.8089302041688284
1.813805352946562
1.8175554673909728
1.8214305856501969
1.82493069246498
1.8290558183538315
1.831680898464919
1.8350560014648885
1.8374310739463484
1.840431165501877
1.8426812341685233
1.8455563219092381
1.8470563676870022
1.8498064516129031
1.8518065126499221
1.852681539353618
1.8545565965758233
1.8558066347239601
1.8560566423535876
1.8564316537980285
1.8569316690572832
1.8578066957609791
1.85818170720542
1.857431684316538
1.8571816766869107
1.8566816614276558
1.8555566270943329
1.8543065889461958
1.8534315622425002
1.8518065126499221
1.849556443983276
1.8474313791314432
1.8455563219092381
1.8434312570574054
1.8409311807611317
1.8390561235389262
1.8355560167241434
1.8321809137241738
1.828930814539018
1.8253057039094212
1.8218055970946379
1.8176804712057864
1.8146803796502577
1.8101802423169653
1.8061801202429273
1.8023050019837032
1.7973048493911556
1.792429700613422
1.7885545823541977
1.7838044373912778
1.778179265724662
1.773804132206183
1.7690539872432631
1.763553819391461
1.7601787163914915
1.7549285561693166
1.7495533921323283
1.7448032471694084
1.7396780907620473
1.734302926725059
1.729427777947325
1.7245526291695914
1.7200524918362987
1.7150523392437513
1.7101771904660177
1.7058020569475387
1.7014269234290598
1.6964267708365124
1.6913016144291515
1.6868014770958586
1.6821763359477524
1.677551194799646
1.6738010803552354
1.669175939207129
1.6655508285775322
1.6615507065034945
1.6583006073183386
1.6535504623554185
1.649425336466567
1.6461752372814111
1.642675130466628
1.63867500839259
1.6360499282815029
1.632424817651906
1.6295497299111912
1.6267996459852903
1.6242995696890163
1.6211744743186742
1.6184243903927733
1.6156743064668722
1.613424237800226
1.6104241462446975
1.6089241004669332
1.6069240394299142
1.6046739707632678
1.6024239020966218
1.6015488753929257
1.599173802911466
1.597173741874447
1.5959237037263099
1.5940486465041048
1.5925486007263405
1.5917985778374584
1.589923520615253
1.5890484939115572
1.587923459578234
1.588048463393048
1.5865484176152838
1.5855483870967744
1.5837983336893826
1.583298318430128
1.5821732840968048
1.5817982726523636
1.5807982421338542
1.5804232306894133
1.5802982268745993
1.580048219244972
1.5794232001709037
1.57929819635609
1.5780481582079533
1.5780481582079533
1.5786731772820215
1.5770481276894437
1.5771731315042574
1.5772981353190711
1.5772981353190711
1.5771731315042574
1.5772981353190711
1.5771731315042574
1.5766731162450025
1.5767981200598165
1.576548112430189
1.5761731009857478
1.5767981200598165
1.57692312387463
1.5767981200598165
1.5767981200598165
1.5772981353190711
1.5772981353190711
1.5776731467635121
1.5772981353190711
1.5774231391338847
1.5772981353190711
1.5772981353190711
1.5776731467635121
1.5775481429486986
1.5780481582079533
1.5780481582079533
1.5780481582079533
1.5790481887264625
1.5782981658375803
1.5787981810968352
1.5787981810968352
1.5786731772820215
1.578923184911649
1.57929819635609
1.579673207800531
1.5801732230597858
1.5795482039857174
1.580048219244972
1.5804232306894133
1.5801732230597858
1.5807982421338542
1.5806732383190405
1.5811732535782954
1.5815482650227364
1.5814232612079226
1.5822982879116183
1.5830483108005005
1.5819232764671776
1.5819232764671776
1.5822982879116183
1.582048280281991
1.5827983031708732
1.582923306985687
1.5834233222449416
1.5834233222449416
1.5836733298745689
1.5837983336893826
1.5842983489486373
1.5841733451338236
1.5839233375041963
1.584423352763451
1.5839233375041963
1.5849233680227057
1.5857983947264016
1.5855483870967744
1.5857983947264016
1.5870484328745385
1.5856733909115879
1.586048402356029
1.58642341380047
1.5859233985412151
1.5861734061708426
1.5869234290597247
1.587298440504166
1.588048463393048
1.5875484481337934
1.588048463393048
1.587923459578234
1.588423474837489
1.5881734672078616
1.588048463393048
1.5889234900967437
1.5885484786523028
1.5890484939115572
1.5890484939115572
1.58879848628193
1.5894235053559984
1.5894235053559984
1.5892985015411847
1.5900485244300668
1.5900485244300668
1.590298532059694
1.5901735282448806
1.5906735435041353
1.5905485396893215
1.5911735587633902
1.5917985778374584
1.5914235663930174
1.591923581652272
1.5912985625782037
1.5914235663930174
1.5915485702078311
1.5916735740226449
1.592298593096713
1.592798608355968
1.592798608355968
1.5929236121707817
1.5929236121707817
1.5930486159855952
1.5937986388744774
1.5932986236152227
1.5940486465041048
1.5931736198004092
1.5935486312448501
1.5935486312448501
1.5944236579485458
1.594673665578173
1.5949236732078005
1.5950486770226142
1.595173680837428
1.5955486922818691
1.5949236732078005
1.5949236732078005
1.5950486770226142
1.5952986846522417
1.5961737113559373
1.5959237037263099
1.596673726615192
1.596673726615192
1.5965487228003785
1.5964237189855648
1.5965487228003785
1.596798730430006
1.5970487380596332
1.596798730430006
1.5974237495040742
1.5969237342448195
1.5977987609485154
1.59829877620777
1.5977987609485154
1.5977987609485154
1.5980487685781428
1.5980487685781428
1.5981737723929563
1.59829877620777
1.598673787652211
1.59829877620777
1.5992988067262794
1.598798791467025
1.5990487990966522
1.599548814355907
1.599548814355907
1.599548814355907
1.6001738334299753
1.5997988219855341
1.6002988372447888
1.6005488448744163
1.6005488448744163
1.601048860133671
1.60067384868923
1.6012988677632984
1.601173863948485
1.6015488753929257
1.6016738792077396
1.6015488753929257
1.6025489059114353
1.602673909726249
1.6027989135410627
1.602673909726249
1.602673909726249
1.6037989440595721
1.6040489516891996
1.6042989593188268
1.6044239631336406
1.6055489974669637
1.6059240089114046
1.6065490279854733
1.6072990508743554
1.6085490890224923
1.6085490890224923
1.609799127170629
1.6111741691335797
1.6116741843928344
1.6124242072817165
1.6140492568742943
1.6160493179113133
1.6175493636890774
1.6197994323557239
1.6211744743186742
1.6231745353556932
1.6245495773186438
1.6275496688741722
1.62917471846675
1.6320498062074649
1.6345498825037386
1.6370499588000123
1.6396750389110997
1.642675130466628
1.6461752372814111
1.6500503555406356
1.6521754203924681
1.6561755424665061
1.6595506454664755
1.663300759910886
1.6675508896145512
1.6723010345774711
1.6760511490218817
1.6798012634662924
1.685051423688467
1.6899265724662007
1.6945517136143071
1.6994268623920408
1.7050520340586566
1.7095521713919493
1.7146773277993104
1.7191774651326028
1.7241776177251504
1.7289277626880704
1.7339279152806177
1.7384280526139104
1.7428031861323894
1.7469283120212409
1.751178441724906
1.7543035370952484
1.7583036591692862
1.7616787621692556
1.764803857539598
1.767803949095126
1.769804010132145
1.772179082613605
1.7739291360209968
1.775429181798761
1.7764292123172705
1.7776792504654073
1.7779292580950348
1.778554277169103
1.7783042695394757
1.7776792504654073
1.776554216132084
1.7763042085024567
1.7736791283913693
1.7716790673543503
1.7701790215765862
1.7669289223914304
1.763928830835902
1.7616787621692556
1.7579286477248453
1.754428540910062
1.7505534226508377
1.7473033234656818
1.7429281899472029
1.7380530411694692
1.7336779076509903
1.729052766502884
1.7236776024658955
1.7188024536881619
1.7143023163548692
1.708802148503067
1.7045520187994019
1.6995518662068545
1.6940516983550522
1.6889265419476913
1.6844264046143986
1.6798012634662924
1.6744260994293039
1.6701759697256386
1.6656758323923462
1.6613006988738672
1.657800592059084
1.653800469985046
1.6493003326517535
1.645050202948088
1.6415500961333047
1.6381749931333354
1.6341748710592976
1.6309247718741418
1.6286747032074953
1.626049623096408
1.623299539170507
1.6210494705038605
1.618549394207587
1.6164243293557543
1.6146742759483628
1.6122992034669026
1.6106741538743248
1.6091741080965607
1.6084240852076785
1.6067990356151007
1.60542399365215
1.6045489669484543
1.6035489364299447
1.60304892117069
1.6016738792077396
1.6007988525040437
1.6005488448744163
1.599173802911466
1.5992988067262794
1.59829877620777
1.5977987609485154
1.5974237495040742
1.5970487380596332
1.5959237037263099
1.594798669392987
1.5931736198004092
1.5914235663930174
1.5895485091708121
1.5875484481337934
1.5847983642078922
1.5819232764671776
1.5787981810968352
1.5746730552079835
1.5695478988006226
1.564297738578448
1.5572975249488816
1.550422315134129
1.5432970976897489
1.5357968688009278
1.528671651356548
1.5210464186529131
1.513921201208533
1.5089210486159856
1.503170873134556
1.4981707205420087
1.4962956633198035
1.4955456404309213
1.4975457014679403
1.5022958464308604
1.5106711020233772
1.5212964262825404
1.53654689168981
1.5557974791711173
1.578923184911649
1.6065490279854733
1.6381749931333354
1.675176122318186
1.7163023773918882
1.761928769798883
1.810305246131779
1.8623068330942716
1.9145584276863918
1.9693100985747856
2.023311746574297
2.07531333353679
2.1245648365733816
2.170691244239632
2.209692434461501
2.2428184453871274
2.2680692159794917
2.2845697195348977
2.2910699179052094
2.26869423505356
2.256693868831446
2.2349432050538653
2.2048172856837676
2.1670661336100348
2.122189764091922
2.0715632190923796
2.017936582537309
1.960434827723014
1.9028080690939053
1.844681295205542
1.788929593798639
1.733427900021363
1.6805512863551746
1.631674794763024
1.58642341380047
1.5465471968749047
1.5112961210974456
1.4811702017273476
1.455669423505356
1.4355438093203527
1.4199183324686422
1.4091680043946653
1.4020427869502854
1.3995427106540117
1.3997927182836392
1.4036678365428634
1.4112930692464982
1.4194183172093875
1.429918637653737
1.4405439619129004
1.452544328135014
1.464419690542314
1.4761700491348004
1.4876704000976593
1.4991707510605183
1.5089210486159856
1.5187963499862667
1.5280466322824793
1.5347968382824184
1.5419220557267983
1.5471722159489731
1.5534224066896571
1.5565475020599995
1.559922605059969
1.5629226966154972
1.5652977690969574
1.56742283394879
1.5691728873561817
1.5707979369487595
1.5719229712820828
1.5737980285042878
1.5741730399487288
1.57454805139317
1.574923062837611
1.5756730857264931
1.5756730857264931
1.5764231086153753
1.5760480971709343
1.5776731467635121
1.5775481429486986
1.5780481582079533
1.5787981810968352
1.5790481887264625
1.5791731925412764
1.5804232306894133
1.580923245948668
1.5814232612079226
1.5825482955412458
1.582923306985687
1.5845483565782648
1.586048402356029
1.587298440504166
1.5885484786523028
1.5897985168004394
1.5906735435041353
1.5916735740226449
1.5930486159855952
1.5939236426892909
1.5961737113559373
1.5972987456892607
1.5984237800225838
1.6009238563188575
1.6024239020966218
1.6041739555040133
1.6056740012817774
1.608174077578051
1.6095491195410014
1.6116741843928344
1.6142992645039216
1.6167993408001955
1.618549394207587
1.6217994933927427
1.6241745658742028
1.6261746269112216
1.6286747032074953
1.6312997833185827
1.634424878688925
1.637549974059267
1.6405500656147955
1.6448001953184606
1.647050263985107
1.651050386059145
1.6544254890591144
1.6580505996887114
1.6610506912442398
1.6650508133182775
1.668800927762688
1.6723010345774711
1.6765511642811366
1.6805512863551746
1.6849264198736535
1.6895515610217597
1.6939266945402387
1.6979268166142767
1.7026769615771966
1.706927091280862
1.711177220984527
1.7154273506881925
1.7208025147251809
1.7251776482436598
1.7300527970213935
1.7350529496139409
1.7400531022064882
1.7449282509842219
1.7493033845027008
1.7539285256508073
1.7586786706137274
1.7631788079470199
1.767803949095126
1.7725540940580462
1.7778042542802208
1.7823043916135137
1.7868045289468062
1.7911796624652854
1.7956797997985778
1.799554918057802
1.803930051576281
1.8075551622058779
1.811805291909543
1.8159304177983948
1.8195555284279916
1.8233056428724022
1.8268057496871855
1.830055848872341
1.8338059633167516
1.8361810357982116
1.8395561387981811
1.8414311960203864
1.8444312875759148
1.8465563524277475
1.8489314249092075
1.8505564745017853
1.8521815240943633
1.8538065736869411
1.8553066194647054
1.8559316385387736
1.8568066652424697
1.8568066652424697
1.8575566881313517
1.8578066957609791
1.8578066957609791
1.857431684316538
1.8566816614276558
1.856181646168401
1.8551816156498917
1.853556566057314
1.8524315317239908
1.850681478316599
1.84868141727958
1.8470563676870022
1.8450563066499832
1.8421812189092686
1.8396811426129949
1.8370560625019074
1.8335559556871244
1.8304308603167823
1.8273057649464401
1.8236806543168431
1.8198055360576189
1.815805413983581
1.81305533005768
1.809180211798456
1.803930051576281
1.7996799218726158
1.7954297921689504
1.7901796319467758
1.7854294869838556
1.7813043610950041
1.775804193243202
1.771429059724723
1.7666789147618032
1.7618037659840693
1.757553636280404
1.7521784722434155
1.747678334910123
1.7424281746879482
1.7370530106509599
1.73230286568804
1.7265526902066104
1.7221775566881314
1.7170524002807703
1.7121772515030367
1.7071770989104893
1.7033019806512648
1.6983018280587177
1.6933016754661703
1.6888015381328776
1.683926389355144
1.6793012482070377
1.6753011261329998
1.6709259926145208
1.6670508743552965
1.6630507522812585
1.6604256721701711
1.6556755272072514
1.6513003936887722
1.647425275429548
1.6441751762443924
1.640675069429609
1.6370499588000123
1.633549851985229
1.6314247871333964
1.6277996765037996
1.625299600207526
1.6222995086519973
1.6192994170964692
1.616924344615009
1.6144242683187355
1.6119241920224616
1.6099241309854426
1.6077990661336101
1.6052989898373364
1.6034239326151312
1.6015488753929257
1.6000488296151616
1.5984237800225838
1.596673726615192
1.5956736960966826
1.5934236274300364
1.5914235663930174
1.590798547318949
1.5892985015411847
1.5886734824671163
1.588048463393048
1.58642341380047
1.5857983947264016
1.5847983642078922
1.5837983336893826
1.5826732993560595
1.5821732840968048
1.581298257393109
1.5807982421338542
1.5806732383190405
1.5801732230597858
1.5802982268745993
1.57929819635609
1.5786731772820215
1.5785481734672078
1.5781731620227668
1.5775481429486986
1.5771731315042574
1.5775481429486986
1.5774231391338847
1.5770481276894437
1.5770481276894437
1.5772981353190711
1.5772981353190711
1.5767981200598165
1.5767981200598165
1.5762981048005615
1.5766731162450025
1.5767981200598165
1.57692312387463
1.57692312387463
1.5770481276894437
1.57692312387463
1.5772981353190711
1.5772981353190711
1.5775481429486986
1.5767981200598165
1.5772981353190711
1.5770481276894437
1.5775481429486986
1.5779231543931396
1.5782981658375803
1.5784231696523943
1.5790481887264625
1.5782981658375803
1.5787981810968352
1.5785481734672078
1.5787981810968352
1.578923184911649
1.5794232001709037
1.5802982268745993
1.5799232154301586
1.5804232306894133
1.5805482345042268
1.580048219244972
1.5805482345042268
1.5805482345042268
1.5804232306894133
1.5807982421338542
1.5810482497634815
1.5817982726523636
1.5817982726523636
1.5821732840968048
1.5817982726523636
1.582048280281991
1.5824232917264323
1.5826732993560595
1.5824232917264323
1.5821732840968048
1.582923306985687
1.5841733451338236
1.5836733298745689
1.58404834131901
1.5837983336893826
1.5842983489486373
1.5851733756523332
1.5854233832819604
1.584423352763451
1.584423352763451
1.5851733756523332
1.5842983489486373
1.5854233832819604
1.5859233985412151
1.5861734061708426
1.58642341380047
1.586048402356029
1.58642341380047
1.5861734061708426
1.5861734061708426
1.5866734214300973
1.5861734061708426
1.5870484328745385
1.5876734519486069
1.588048463393048
1.5881734672078616
1.5877984557634206
1.588423474837489
1.5886734824671163
1.588423474837489
1.5890484939115572
1.58879848628193
1.5894235053559984
1.5892985015411847
1.5900485244300668
1.5901735282448806
1.589923520615253
1.5896735129856259
1.590298532059694
1.5897985168004394
1.5901735282448806
1.5901735282448806
1.5909235511337627
1.5911735587633902
1.5914235663930174
1.5920485854670858
1.5916735740226449
1.5915485702078311
1.5917985778374584
1.5921735892818996
1.5921735892818996
1.5921735892818996
1.5925486007263405
1.5926736045411543
1.5931736198004092
1.5940486465041048
1.5937986388744774
1.5939236426892909
1.5936736350596639
1.5930486159855952
1.5939236426892909
1.5941736503189183
1.594298654133732
1.5944236579485458
1.5949236732078005
1.594673665578173
1.594673665578173
1.594798669392987
1.5950486770226142
1.5949236732078005
1.595173680837428
1.596298715170751
1.5961737113559373
1.5952986846522417
1.5964237189855648
1.5961737113559373
1.5965487228003785
1.596673726615192
1.5964237189855648
1.5964237189855648
1.596673726615192
1.5969237342448195
1.5974237495040742
1.5972987456892607
1.5979237647633289
1.5980487685781428
1.5977987609485154
1.5974237495040742
1.5981737723929563
1.5981737723929563
1.5980487685781428
1.5984237800225838
1.5994238105410932
1.5985487838373975
1.5989237952818385
1.5992988067262794
1.598673787652211
1.5992988067262794
1.5997988219855341
1.5996738181707206
1.5994238105410932
1.6001738334299753
1.6002988372447888
1.6004238410596028
1.6005488448744163
1.601048860133671
1.6012988677632984
1.6014238715781122
1.601173863948485
1.601173863948485
1.6015488753929257
1.6016738792077396
1.6021738944669943
1.6025489059114353
1.602673909726249
1.60304892117069
1.6032989288003174
1.6039239478743859
1.6032989288003174
1.6040489516891996
1.6041739555040133
1.6044239631336406
1.6057990050965911
1.6057990050965911
1.6064240241706595
1.6075490585039827
1.6092991119113744
1.6092991119113744
1.6102991424298836
1.611424176763207
1.61254921109653
1.613424237800226
1.6152992950224312
1.6171743522446362
1.6186743980224005
1.6201744438001648
1.6224245124668113
1.6245495773186438
1.6257996154667806
1.628424695577868
1.6305497604297006
1.633549851985229
1.63629993591113
1.639550035096286
1.6415500961333047
1.6451752067629017
1.6475502792443617
1.6513003936887722
1.6550505081331828
1.657800592059084
1.6616757103183082
1.6655508285775322
1.6706759849848933
1.6743010956144901
1.678676229132969
1.6829263588366346
1.6876765037995543
1.6924266487624744
1.697426801355022
1.7028019653920103
1.706927091280862
1.7121772515030367
1.7173024079103976
1.7221775566881314
1.7275527207251198
1.7320528580584125
1.7368030030213324
1.7423031708731347
1.7446782433545946
1.749678395947142
1.7534285103915526
1.757178624835963
1.7611787469100009
1.763553819391461
1.7669289223914304
1.7695540025025178
1.7719290749839778
1.7733041169469284
1.7751791741691336
1.776179204687643
1.7773042390209661
1.7775542466505936
1.7774292428357799
1.7775542466505936
1.7776792504654073
1.7774292428357799
1.7763042085024567
1.7749291665395062
1.7730541093173011
1.7706790368358412
1.7689289834284494
1.7651788689840389
1.7621787774285103
1.7593036896877956
1.755553575243385
1.7521784722434155
1.7490533768730736
1.7440532242805262
1.7396780907620473
1.735427961058382
1.7304278084658344
1.7254276558732873
1.7208025147251809
1.7159273659474472
1.7106772057252724
1.7059270607623525
1.7010519119846188
1.6965517746513261
1.6911766106143375
1.6864264656514176
1.681551316873684
1.6764261604663229
1.671176000244148
1.66717587817011
1.6634257637256997
1.6586756187627796
1.654550492873928
1.651050386059145
1.6469252601702933
1.6428001342814416
1.6385500045777766
1.635924924466689
1.632299813837092
1.62917471846675
1.6267996459852903
1.6245495773186438
1.621299478133488
1.6196744285409101
1.6171743522446362
1.61492428357799
1.6132992339854122
1.6115491805780204
1.6096741233558154
1.6082990813928648
1.6069240394299142
1.6060490127262186
1.6045489669484543
1.6047989745780817
1.603173924985504
1.6019238868373669
1.6004238410596028
1.6005488448744163
1.5999238258003479
1.599173802911466
1.598673787652211
1.5976737571337016
1.5974237495040742
1.596798730430006
1.5959237037263099
1.5955486922818691
1.5940486465041048
1.592298593096713
1.5906735435041353
1.5885484786523028
1.5866734214300973
1.583298318430128
1.5797982116153446
1.5764231086153753
1.5714229560228279
1.5659227881710258
1.5596725974303416
1.553547410504471
1.54604718161565
1.5382969450972015
1.5310467238380079
1.5250465407269511
1.5170462965788751
1.51042109439375
1.5047959227271341
1.5005457930234687
1.4972956938383128
1.4955456404309213
1.4965456709494307
1.5001707815790275
1.5065459761345255
1.5166712851344342
1.5304217047639395
1.5480472426526688
1.570172917874691
1.5961737113559373
1.627674672688986
1.6623007293923764
1.7020519425031282
1.7453032624286628
1.7926797082430495
1.8433062532425917
1.895932859279153
1.9500595110934782
2.0038111514633625
2.0574377880184334
2.1080643330179756
2.155440778832362
2.1968170415356916
2.2323181249427777
2.2601939756462293
2.2796945707571643
2.2923199560533463
2.2759444563127538
2.2614440137943665
2.243443464461196
2.2156926175725578
2.1809415570543536
2.1383152562028873
2.0890637531662954
2.036187139500107
1.9795604113895078
1.9221836603900266
1.864181890316477
1.8069301431318094
1.7510534379100926
1.6979268166142767
1.6475502792443617
1.601048860133671
1.5596725974303416
1.522171452986236
1.490545487838374
1.4636696676534318
1.4415439924314097
1.4247934812463758
1.4124181035798211
1.4035428327280495
1.4001677297280801
1.3992927030243845
1.4026678060243538
1.4080429700613422
1.416043214209418
1.4266685384685813
1.4367938474684896
1.447794183172094
1.460419568468276
1.4726699423200171
1.4839202856532487
1.4949206213568529
1.5060459608752708
1.5152962431714836
1.52467152928251
1.5332967925046541
1.539671987060152
1.5459221778008363
1.551547349467452
1.555172460097049
1.558672566911832
1.5625476851710562
1.564172734763634
1.5664228034302805
1.5689228797265542
1.570547929319132
1.5719229712820828
1.5730480056154057
1.5740480361339153
1.5751730704672384
1.5746730552079835
1.5756730857264931
1.5755480819116796
1.5759230933561206
1.5760480971709343
1.5772981353190711
1.5780481582079533
1.5776731467635121
1.5784231696523943
1.578923184911649
1.5790481887264625
1.5799232154301586
1.5806732383190405
1.5811732535782954
1.582048280281991
1.5831733146153144
1.5847983642078922
1.5857983947264016
1.5874234443189794
1.587298440504166
1.5890484939115572
1.5895485091708121
1.5914235663930174
1.5925486007263405
1.5940486465041048
1.5955486922818691
1.5969237342448195
1.5981737723929563
1.60067384868923
1.6021738944669943
1.6034239326151312
1.6056740012817774
1.6067990356151007
1.6092991119113744
1.6109241615039522
1.613424237800226
1.6151742912076175
1.6182993865779596
1.6207994628742333
1.6234245429853207
1.6259246192815942
1.6279246803186131
1.6309247718741418
1.6337998596148564
1.6365499435407576
1.639550035096286
1.6429251380962555
1.6465502487258523
1.6498003479110082
1.6535504623554185
1.6566755577257606
1.6604256721701711
1.6640507827997681
1.6669258705404828
1.6710509964293345
1.675676137577441
1.6794262520218513
1.683926389355144
1.6885515305032504
1.6930516678365428
1.6966767784661398
1.7014269234290598
1.7054270455030978
1.710802209540086
1.7148023316141239
1.7194274727622303
1.724302621539964
1.7296777855769523
1.733427900021363
1.7388030640583514
1.7431781975768303
1.7479283425397505
1.7529284951322976
1.7573036286507766
1.7618037659840693
1.7670539262062441
1.7713040559099094
1.7756791894283883
1.7811793572801906
1.7850544755394149
1.7901796319467758
1.7948047730948822
1.798429883724479
1.802805017242958
1.8064301278725547
1.8104302499465927
1.8145553758354442
1.8193055207983642
1.822180608539079
1.8260557267983033
1.830055848872341
1.8325559251686148
1.8354310129093294
1.838431104464858
1.8409311807611317
1.8435562608722191
1.8458063295388654
1.848306405835139
1.8501814630573443
1.8524315317239908
1.853556566057314
1.8549316080202642
1.8555566270943329
1.8568066652424697
1.8571816766869107
1.8571816766869107
1.8571816766869107
1.8576816919461654
1.8575566881313517
1.8575566881313517
1.8566816614276558
1.8555566270943329
1.8540565813165686
1.8529315469832455
1.8528065431684317
1.849181432538835
1.8473063753166297
1.8453063142796107
1.8425562303537095
1.840431165501877
1.838056093020417
1.8343059785760063
1.8310558793908505
1.8285558030945768
1.8244306772057253
1.820555558946501
1.8166804406872767
1.8133053376873074
1.809055207983642
1.804805078279977
1.8005549485763115
1.7965548265022737
1.7911796624652854
1.78692953276162
1.7820543839838863
1.7771792352061526
1.7725540940580462
1.7674289376506853
1.762803796502579
1.7579286477248453
1.7536785180211798
1.7483033539841915
1.7426781823175757
1.7379280373546557
1.733052888576922
1.7274277169103063
1.7233025910214546
1.7178024231696525
1.7138023010956145
1.7085521408734399
1.704927030243843
1.699801873836482
1.6946767174291208
1.6900515762810144
1.6853014313180945
1.6808012939848018
1.6758011413922544
1.673176061281167
1.6681759086886196
1.6641757866145819
1.6603006683553576
1.6566755577257606
1.6526754356517228
1.6485503097628713
1.6448001953184606
1.6414250923184912
1.637549974059267
1.6346748863185523
1.6317997985778374
1.6290497146519365
1.6255496078371532
1.6227995239112523
1.6204244514297923
1.6174243598742637
1.6146742759483628
1.6126742149113438
1.6096741233558154
1.6076740623187964
1.6049239783928952
1.6036739402447586
1.6020488906521806
1.6005488448744163
1.5985487838373975
1.596798730430006
1.595173680837428
1.5935486312448501
1.591923581652272
1.5911735587633902
1.5895485091708121
1.5885484786523028
1.5875484481337934
1.5867984252449112
1.586048402356029
1.5847983642078922
1.5841733451338236
1.5830483108005005
1.5822982879116183
1.58167326883755
1.58167326883755
1.5804232306894133
1.5801732230597858
1.5795482039857174
1.5794232001709037
1.5787981810968352
1.5785481734672078
1.5779231543931396
1.5775481429486986
1.5771731315042574
1.5777981505783258
1.5772981353190711
1.5777981505783258
1.5770481276894437
1.5774231391338847
1.5770481276894437
1.57692312387463
1.5767981200598165
1.576548112430189
1.5764231086153753
1.5755480819116796
1.5767981200598165
1.5771731315042574
1.5767981200598165
1.5771731315042574
1.5772981353190711
1.57692312387463
1.57692312387463
1.5775481429486986
1.5772981353190711
1.5774231391338847
1.5780481582079533
1.5780481582079533
1.5784231696523943
1.5794232001709037
1.57929819635609
1.5786731772820215
1.5784231696523943
1.5787981810968352
1.5786731772820215
1.578923184911649
1.57929819635609
1.579673207800531
1.5804232306894133
1.580048219244972
1.5802982268745993
1.5804232306894133
1.5810482497634815
1.580923245948668
1.5807982421338542
1.5802982268745993
1.5819232764671776
1.5817982726523636
1.580923245948668
1.5819232764671776
1.5815482650227364
1.5822982879116183
1.5819232764671776
1.5825482955412458
1.5827983031708732
1.5821732840968048
1.5830483108005005
1.5831733146153144
1.5837983336893826
1.58404834131901
1.5839233375041963
1.5842983489486373
1.5845483565782648
1.584423352763451
1.584423352763451
1.5846733603930783
1.585298379467147
1.5850483718375195
1.5856733909115879
1.5856733909115879
1.5859233985412151
1.58642341380047
1.5861734061708426
1.5865484176152838
1.58642341380047
1.5862984099856563
1.5874234443189794
1.5874234443189794
1.587298440504166
1.587923459578234
1.5882984710226753
1.5877984557634206
1.5877984557634206
1.588048463393048
1.5882984710226753
1.5890484939115572
1.5886734824671163
1.5889234900967437
1.5890484939115572
1.5895485091708121
1.589923520615253
1.590298532059694
1.5905485396893215
1.589923520615253
1.589923520615253
1.5900485244300668
1.590298532059694
1.5901735282448806
1.5917985778374584
1.5910485549485762
1.5911735587633902
1.5914235663930174
1.5914235663930174
1.5915485702078311
1.5915485702078311
1.5915485702078311
1.592298593096713
1.592423596911527
1.592423596911527
1.5926736045411543
1.5925486007263405
1.5934236274300364
1.5936736350596639
1.5934236274300364
1.5932986236152227
1.5931736198004092
1.5937986388744774
1.5936736350596639
1.5935486312448501
1.5949236732078005
1.5945486617633595
1.5954236884670552
1.594798669392987
1.5945486617633595
1.5950486770226142
1.5956736960966826
1.5944236579485458
1.5960487075411238
1.5964237189855648
1.5955486922818691
1.596298715170751
1.5960487075411238
1.596798730430006
1.596298715170751
1.596798730430006
1.5970487380596332
1.5970487380596332
1.5965487228003785
1.5977987609485154
1.5972987456892607
1.5977987609485154
1.5977987609485154
1.5980487685781428
1.5977987609485154
1.5976737571337016
1.5980487685781428
1.5981737723929563
1.5984237800225838
1.5989237952818385
1.598673787652211
1.598798791467025
1.5994238105410932
1.5994238105410932
1.5989237952818385
1.5994238105410932
1.6002988372447888
1.5994238105410932
1.5992988067262794
1.6000488296151616
1.5997988219855341
1.6005488448744163
1.6004238410596028
1.6009238563188575
1.6009238563188575
1.6012988677632984
1.6014238715781122
1.6015488753929257
1.6016738792077396
1.6019238868373669
1.6022988982818078
1.6022988982818078
1.6035489364299447
1.6037989440595721
1.6034239326151312
1.6036739402447586
1.6040489516891996
1.6042989593188268
1.6044239631336406
1.6046739707632678
1.606174016541032
1.607049043244728
1.607424054689169
1.609049104281747
1.609424115726188
1.6106741538743248
1.611799188207648
1.6122992034669026
1.6131742301705987
1.6151742912076175
1.616549333170568
1.6182993865779596
1.6205494552446058
1.6230495315408795
1.6242995696890163
1.626049623096408
1.6282996917630543
1.6305497604297006
1.6326748252815333
1.6354249092074344
1.6388000122074038
1.6415500961333047
1.6443001800592059
1.6483003021332439
1.651425397503586
1.6548005005035553
1.657800592059084
1.6615507065034945
1.6655508285775322
1.669300943021943
1.673551072725608
1.677551194799646
1.682676351207007
1.6880515152439954
1.6916766258735922
1.6971767937253945
1.7019269386883145
1.706927091280862
1.711177220984527
1.7166773888363294
1.7214275337992493
1.7265526902066104
1.7315528427991578
1.736552995391705
1.740928128910184
1.7450532547990356
1.749678395947142
1.7525534836878567
1.7565536057618945
1.7600537125766778
1.7629288003173924
1.7666789147618032
1.7689289834284494
1.771804071169164
1.773429120761742
1.7748041627246927
1.776179204687643
1.7771792352061526
1.7775542466505936
1.7780542619098483
1.7780542619098483
1.7775542466505936
1.7771792352061526
1.7760542008728295
1.7750541703543201
1.7733041169469284
1.7708040406506547
1.7686789757988222
1.7660538956877345
1.762803796502579
1.7599287087618642
1.7563035981322672
1.7525534836878567
1.7489283730582599
1.7444282357249672
1.7406781212805567
1.7360529801324502
1.7313028351695303
1.7261776787621694
1.7203024994659262
1.7165523850215156
1.7116772362437818
1.7059270607623525
1.701676931058687
1.6964267708365124
1.691051606799524
1.6868014770958586
1.6820513321329387
1.6768011719107638
1.6723010345774711
1.6665508590960418
1.6634257637256997
1.6590506302072208
1.6549255043183693
1.6515504013183995
1.6473002716147345
1.6434251533555102
1.6394250312814722
1.6364249397259438
1.6320498062074649
1.6299247413556321
1.627299661244545
1.6246745811334575
1.6219244972075564
1.6197994323557239
1.6175493636890774
1.6157993102816859
1.6135492416150394
1.6111741691335797
1.6096741233558154
1.6080490737632376
1.607049043244728
1.606174016541032
1.605048982207709
1.6041739555040133
1.60304892117069
1.602673909726249
1.6012988677632984
1.6009238563188575
1.5992988067262794
1.598673787652211
1.5981737723929563
1.59829877620777
1.5976737571337016
1.596673726615192
1.596298715170751
1.594673665578173
1.5939236426892909
1.592423596911527
1.5905485396893215
1.5889234900967437
1.58642341380047
1.5836733298745689
1.580048219244972
1.5762981048005615
1.5717979674672689
1.5666728110599077
1.5604226203192237
1.553922421948912
1.5466722006897184
1.53892196417127
1.5317967467268898
1.5245465254676962
1.5176713156529436
1.510796105838191
1.5052959379863888
1.5006707968382824
1.4967956785790582
1.496045655690176
1.4966706747642446
1.499670766319773
1.5062959685048982
1.5170462965788751
1.5296716818750573
1.546422193060091
1.568172856837672
1.5936736350596639
1.6237995544297616
1.6591756340220343
1.6984268318735312
1.7419281594286935
1.7885545823541977
1.8396811426129949
1.8914327219458602
1.9451843623157445
1.9998110293893248
2.0525626392406995
2.1033141880550557
2.1513156529435102
2.193441938535722
2.229443037202063
2.258568926053652
2.2781945249794
2.290444898831141
2.2786945402386545
2.2620690328684345
2.2454435254982146
2.219317728202155
2.1840666524246957
2.1420653706472974
2.0935638904995884
2.040562273018586
1.9855605945005645
1.927183812982574
1.8696820581682791
1.8116802880947296
1.7563035981322672
1.7024269539475692
1.6521754203924681
1.6060490127262186
1.563422711874752
1.526171575060274
1.4930455641346478
1.4661697439497057
1.443419049653615
1.4257935117648854
1.413293130283517
1.4051678823206275
1.3997927182836392
1.3992927030243845
1.4019177831354717
1.4080429700613422
1.4154181951353497
1.425168492690817
1.4352938016907255
1.4471691640980255
1.459169530320139
1.4711698965422528
1.4827952513199256
1.4940455946531572
1.505170934171575
1.514796227912229
1.5236714987640003
1.5321717581713308
1.5392969756157109
1.5455471663563953
1.550422315134129
1.5545474410229805
1.5587975707266457
1.5620476699118016
1.564297738578448
1.5666728110599077
1.568547868282113
1.5702979216895046
1.5712979522080142
1.5734230170598467
1.57454805139317
1.5747980590227975
1.5750480666524247
1.5754230780968657
1.5757980895413068
1.5759230933561206
1.5764231086153753
1.5770481276894437
1.5784231696523943
1.5782981658375803
1.5784231696523943
1.5790481887264625
1.57929819635609
1.579673207800531
1.5806732383190405
1.5811732535782954
1.5817982726523636
1.5830483108005005
1.5839233375041963
1.5854233832819604
1.5865484176152838
1.5882984710226753
1.5896735129856259
1.5905485396893215
1.5915485702078311
1.5926736045411543
1.5937986388744774
1.5949236732078005
1.5969237342448195
1.5981737723929563
1.6002988372447888
1.6021738944669943
1.60304892117069
1.6046739707632678
1.6069240394299142
1.6084240852076785
1.61017413861507
1.6130492263557847
1.6155493026520584
1.6174243598742637
1.6201744438001648
1.6236745506149481
1.6250495925778985
1.628049684133427
1.630424756614887
1.6339248634296701
1.635924924466689
1.6393000274666587
1.6428001342814416
1.6455502182073427
1.6495503402813807
1.6528004394665363
1.6568005615405743
1.6603006683553576
1.6635507675405132
1.66717587817011
1.670800988799707
1.6748011108737448
1.6788012329477828
1.6835513779107028
1.6878015076143682
1.6920516373180334
1.6968017822809534
1.700926908169805
1.7050520340586566
1.709177159947508
1.7141773125400557
1.718427442243721
1.7230525833918273
1.7285527512436292
1.733052888576922
1.7379280373546557
1.7430531937620168
1.747678334910123
1.7526784875026704
1.757178624835963
1.7614287545396283
1.7661788995025482
1.7708040406506547
1.7756791894283883
1.7804293343913085
1.7854294869838556
1.7898046205023346
1.7939297463911863
1.7980548722800378
1.8024300057985168
1.8059301126133
1.810305246131779
1.814305368205817
1.8184304940946685
1.8220556047242653
1.8259307229834896
1.829305825983459
1.8323059175389873
1.8354310129093294
1.838431104464858
1.8410561845759452
1.8429312417981507
1.8455563219092381
1.848306405835139
1.8500564592425306
1.8519315164647359
1.853556566057314
1.8546816003906368
1.8555566270943329
1.8566816614276558
1.857431684316538
1.8573066805017244
1.8575566881313517
1.8578066957609791
1.8571816766869107
1.8568066652424697
1.8569316690572832
1.8555566270943329
1.8549316080202642
1.853181554612873
1.852681539353618
1.8494314401684622
1.847181371501816
1.8454313180944242
1.8434312570574054
1.840431165501877
1.8378060853907896
1.8355560167241434
1.831680898464919
1.8290558183538315
1.8248056886501665
1.8211805780205697
1.817055452131718
1.813430341502121
1.809180211798456
1.8054300973540451
1.8011799676503801
1.7966798303170874
1.792054689168981
1.78692953276162
1.782929410687582
1.7779292580950348
1.772304086428419
1.7675539414654988
1.7630538041322064
1.7584286629841
1.7536785180211798
1.7486783654286326
1.743678212836085
1.7388030640583514
1.733052888576922
1.7285527512436292
1.7234275948362683
1.7193024689474166
1.7139273049104282
1.7093021637623218
1.704927030243843
1.7003018890957367
1.6950517288735618
1.6908015991698966
1.6858014465773492
1.6816763206884975
1.6768011719107638
1.6725510422070986
1.6690509353923155
1.6645507980590228
1.6606756797997986
1.656925565355388
1.6530504470961638
1.6489253212073123
1.6456752220221567
1.6416750999481187
1.638299996948149
1.6350498977629933
1.6320498062074649
1.6286747032074953
1.6259246192815942
1.6231745353556932
1.6211744743186742
1.6176743675038912
1.6150492873928037
1.6127992187261575
1.61017413861507
1.6080490737632376
1.6060490127262186
1.6041739555040133
1.6019238868373669
1.6001738334299753
1.5990487990966522
1.5974237495040742
1.5952986846522417
1.5944236579485458
1.592423596911527
1.590798547318949
1.5895485091708121
1.58879848628193
1.5875484481337934
1.5866734214300973
1.5861734061708426
1.5845483565782648
1.5842983489486373
1.5831733146153144
1.5822982879116183
1.581298257393109
1.580923245948668
1.580923245948668
1.5805482345042268
1.5802982268745993
1.5795482039857174
1.5787981810968352
1.5786731772820215
1.5781731620227668
1.5779231543931396
1.5774231391338847
1.5772981353190711
1.5771731315042574
1.5775481429486986
1.5770481276894437
1.5774231391338847
1.5770481276894437
1.5766731162450025
1.576548112430189
1.5764231086153753
1.5764231086153753
1.5766731162450025
1.57692312387463
1.57692312387463
1.5767981200598165
1.5771731315042574
1.5779231543931396
1.5772981353190711
1.57692312387463
1.5779231543931396
1.5770481276894437
1.5771731315042574
1.57692312387463
1.5770481276894437
1.5772981353190711
1.5786731772820215
1.5784231696523943
1.5782981658375803
1.57929819635609
1.5782981658375803
1.5782981658375803
1.5787981810968352
1.5791731925412764
1.57929819635609
1.5799232154301586
1.5801732230597858
1.5799232154301586
1.5799232154301586
1.5801732230597858
1.5805482345042268
1.5811732535782954
1.5802982268745993
1.5804232306894133
1.5810482497634815
1.5817982726523636
1.5810482497634815
1.5821732840968048
1.5821732840968048
1.5822982879116183
1.5822982879116183
1.5821732840968048
1.5825482955412458
1.5830483108005005
1.5834233222449416
1.5836733298745689
1.5830483108005005
1.58404834131901
1.5842983489486373
1.5841733451338236
1.5846733603930783
1.5842983489486373
1.5847983642078922
1.5842983489486373
1.5851733756523332
1.5855483870967744
1.5859233985412151
1.5862984099856563
1.5861734061708426
1.58642341380047
1.586048402356029
1.586048402356029
1.5856733909115879
1.5866734214300973
1.5867984252449112
1.5876734519486069
1.5876734519486069
1.588048463393048
1.588048463393048
1.588048463393048
1.588048463393048
1.5882984710226753
1.588048463393048
1.58879848628193
1.58879848628193
1.588423474837489
1.5892985015411847
1.5895485091708121
1.590423535874508
1.5895485091708121
1.5895485091708121
1.5900485244300668
1.589923520615253
1.590423535874508
1.5906735435041353
1.5915485702078311
1.5911735587633902
1.5915485702078311
1.592298593096713
1.5915485702078311
1.5920485854670858
1.592423596911527
1.592298593096713
1.5916735740226449
1.5916735740226449
1.5932986236152227
1.5925486007263405
1.5930486159855952
1.5934236274300364
1.5931736198004092
1.5932986236152227
1.5935486312448501
1.5930486159855952
1.5937986388744774
1.5937986388744774
1.5937986388744774
1.5944236579485458
1.594798669392987
1.5949236732078005
1.5952986846522417
1.5952986846522417
1.5949236732078005
1.5944236579485458
1.5950486770226142
1.5952986846522417
1.5955486922818691
1.5957986999114964
1.5961737113559373
1.5965487228003785
1.597173741874447
1.5970487380596332
1.596298715170751
1.5965487228003785
1.5965487228003785
1.5969237342448195
1.5972987456892607
1.597173741874447
1.5977987609485154
1.5977987609485154
1.5979237647633289
1.5979237647633289
1.5981737723929563
1.5981737723929563
1.5977987609485154
1.5981737723929563
1.59829877620777
1.598673787652211
1.598798791467025
1.5990487990966522
1.599548814355907
1.5994238105410932
1.5994238105410932
1.6000488296151616
1.5996738181707206
1.599173802911466
1.5997988219855341
1.5996738181707206
1.6004238410596028
1.6007988525040437
1.6009238563188575
1.6012988677632984
1.601173863948485
1.601173863948485
1.6016738792077396
1.6014238715781122
1.6021738944669943
1.6022988982818078
1.6029239173558765
1.602673909726249
1.6032989288003174
1.6042989593188268
1.6035489364299447
1.6039239478743859
1.6044239631336406
1.6046739707632678
1.6056740012817774
1.6060490127262186
1.6065490279854733
1.607049043244728
1.6087990966521197
1.6095491195410014
1.6102991424298836
1.611424176763207
1.6122992034669026
1.6132992339854122
1.6144242683187355
1.616549333170568
1.6180493789483323
1.6195494247260964
1.6219244972075564
1.6239245582445754
1.6255496078371532
1.6279246803186131
1.6301747489852596
1.6321748100222786
1.6352999053926207
1.6380499893185219
1.6401750541703544
1.6445501876888333
1.647425275429548
1.6509253822443313
1.6540504776146734
1.6576755882442702
1.6613006988738672
1.664925809503464
1.6690509353923155
1.673176061281167
1.6776761986144597
1.682676351207007
1.6868014770958586
1.6918016296884062
1.6965517746513261
1.7015519272438735
1.7065520798364209
1.7114272286141545
1.7161773735770747
1.7218025452436905
1.7264276863917967
1.7311778313547166
1.7360529801324502
1.7406781212805567
1.7451782586138493
1.7495533921323283
1.7525534836878567
1.7561785943174535
1.7594286935026096
1.7631788079470199
1.7671789300210579
1.7680539567247535
1.7710540482802821
1.7730541093173011
1.774679158909879
1.7763042085024567
1.7773042390209661
1.7776792504654073
1.7776792504654073
1.7775542466505936
1.7780542619098483
1.7771792352061526
1.7764292123172705
1.7751791741691336
1.7731791131321146
1.7713040559099094
1.7688039796136357
1.766303903317362
1.7626787926877652
1.7596787011322368
1.756803613391522
1.7526784875026704
1.7491783806878873
1.7454282662434768
1.740928128910184
1.7359279763176367
1.7325528733176672
1.7265526902066104
1.7220525528733177
1.7166773888363294
1.7118022400585957
1.707677114169744
1.7019269386883145
1.6968017822809534
1.6924266487624744
1.6875514999847407
1.6814263130588702
1.6774261909848323
1.6728010498367258
1.6683009125034334
1.6636757713553272
1.6591756340220343
1.6551755119479965
1.6516754051332134
1.6483003021332439
1.6434251533555102
1.6400500503555409
1.6364249397259438
1.6330498367259743
1.6297997375408186
1.6270496536149175
1.6241745658742028
1.6221745048371838
1.6194244209112827
1.6174243598742637
1.6161743217261269
1.613424237800226
1.611799188207648
1.6102991424298836
1.608174077578051
1.6071740470595417
1.6062990203558458
1.6052989898373364
1.6040489516891996
1.6035489364299447
1.6027989135410627
1.6012988677632984
1.6005488448744163
1.6000488296151616
1.598798791467025
1.5990487990966522
1.5989237952818385
1.5974237495040742
1.596798730430006
1.5964237189855648
1.5950486770226142
1.5940486465041048
1.5926736045411543
1.5915485702078311
1.588423474837489
1.5861734061708426
1.5836733298745689
1.580923245948668
1.5767981200598165
1.5722979827265235
1.5671728263191627
1.5614226508377331
1.5545474410229805
1.5476722312082278
1.540046998504593
1.5326717734305857
1.5252965483565784
1.5180463270973845
1.5114211249122593
1.5056709494308298
1.501170812097537
1.4974206976531268
1.496045655690176
1.4961706595049897
1.4997957701345868
1.5054209418012026
1.5154212469862973
1.528171636097293
1.5442971282082585
1.5656727805413984
1.5915485702078311
1.6215494857631152
1.655800531022065
1.6939266945402387
1.7371780144657736
1.7838044373912778
1.8338059633167516
1.885932554094058
1.9401842097231972
1.9940608539078952
2.0481875057222205
2.0995640736106447
2.1469405194250313
2.1896918240913115
2.227192968535417
2.255318826868496
2.277069490646077
2.2900698873867
2.280944608905301
2.2634440748313853
2.2474435865352334
2.2219428083132424
2.1876917630542927
2.1464405041657764
2.0983140354625083
2.0450624103518784
1.9900607318338572
1.9324339732047486
1.8750572222052675
1.8166804406872767
1.761553758354442
1.7066770836512346
1.6556755272072514
1.609799127170629
1.5667978148747217
1.5284216437269205
1.4957956480605488
1.4680448011719107
1.4447940916165654
1.4269185460982088
1.4144181646168401
1.405417889950255
1.4002927335428939
1.399042695394757
1.4015427716910305
1.4066679280983916
1.4144181646168401
1.4242934659871211
1.434668782616657
1.445794122135075
1.4582945036164434
1.4701698660237434
1.4820452284310435
1.4930455641346478
1.504045899838252
1.5137961973937193
1.5232964873195594
1.5307967162083804
1.5381719412823878
1.5447971434675132
1.5500473036896878
1.5549224524674214
1.5580475478377636
1.561922666096988
1.5647977538377027
1.5665478072450942
1.568172856837672
1.5702979216895046
1.5715479598376416
1.5724229865413375
1.5734230170598467
1.5742980437635425
1.5747980590227975
1.5755480819116796
1.5766731162450025
1.5762981048005615
1.5760480971709343
1.57692312387463
1.57692312387463
1.5786731772820215
1.5781731620227668
1.5794232001709037
1.5794232001709037
1.5797982116153446
1.5805482345042268
1.5814232612079226
1.58167326883755
1.5830483108005005
1.584423352763451
1.585298379467147
1.58642341380047
1.5875484481337934
1.5890484939115572
1.590423535874508
1.5911735587633902
1.5920485854670858
1.5935486312448501
1.5950486770226142
1.5965487228003785
1.5979237647633289
1.6000488296151616
1.6017988830225531
1.6039239478743859
1.60542399365215
1.6072990508743554
1.6089241004669332
1.6106741538743248
1.6130492263557847
1.61492428357799
1.6172993560594502
1.6201744438001648
1.6225495162816248
1.624924588763085
1.627674672688986
1.6299247413556321
1.6332998443556017
1.6364249397259438
1.6394250312814722
1.6423001190221869
1.645050202948088
1.649050325022126
1.652550431836909
1.6563005462813196
1.6590506302072208
1.6631757560960723
1.6670508743552965
1.6706759849848933
1.6746761070589313
1.6785512253181556
1.683051362651448
1.6873014923551135
1.6918016296884062
1.6965517746513261
1.7003018890957367
1.7046770226142156
1.710052186651204
1.7139273049104282
1.7183024384289072
1.7230525833918273
1.7280527359843745
1.7325528733176672
1.737428022095401
1.742553178502762
1.7473033234656818
1.7519284646137883
1.7566786095767084
1.7614287545396283
1.7656788842432936
1.7706790368358412
1.775429181798761
1.7799293191320538
1.7843044526505327
1.7888045899838252
1.794054750206
1.7980548722800378
1.8021799981688895
1.8063051240577412
1.809930234687338
1.814305368205817
1.8179304788354138
1.822180608539079
1.8254307077242347
1.8291808221686454
1.8318059022797326
1.8351810052797022
1.8376810815759759
1.8406811731315043
1.8430562456129642
1.8453063142796107
1.8479313943906979
1.8498064516129031
1.8516815088351086
1.8534315622425002
1.8546816003906368
1.8559316385387736
1.8556816309091464
1.8571816766869107
1.857431684316538
1.857431684316538
1.857431684316538
1.8580567033906066
1.8563066499832148
1.856181646168401
1.8560566423535876
1.8548066042054507
1.8534315622425002
1.8514315012054812
1.8498064516129031
1.8475563829462571
1.844806299020356
1.842806237983337
1.8405561693166905
1.8383061006500443
1.8356810205389569
1.8325559251686148
1.8286808069093905
1.8253057039094212
1.8211805780205697
1.8173054597613454
1.813430341502121
1.8096802270577106
1.8056801049836726
1.8010549638355662
1.7970548417615282
1.792429700613422
1.7870545365764336
1.782929410687582
1.778179265724662
1.7733041169469284
1.7685539719840082
1.763553819391461
1.7584286629841
1.7539285256508073
1.7490533768730736
1.743678212836085
1.7388030640583514
1.7338029114658042
1.7285527512436292
1.7236776024658955
1.7186774498733484
1.7140523087252417
1.7089271523178808
1.7043020111697744
1.700176885280923
1.6955517441328165
1.691426618243965
1.6865514694662314
1.681551316873684
1.6774261909848323
1.6729260536515398
1.6683009125034334
1.6646758018738366
1.6606756797997986
1.6566755577257606
1.653425458540605
1.6499253517258217
1.6454252143925292
1.6416750999481187
1.6381749931333354
1.6350498977629933
1.6321748100222786
1.6306747642445143
1.6261746269112216
1.623299539170507
1.620924466689047
1.6182993865779596
1.6159243140964994
1.6126742149113438
1.6104241462446975
1.6076740623187964
1.6059240089114046
1.6039239478743859
1.6021738944669943
1.6001738334299753
1.599173802911466
1.597173741874447
1.5950486770226142
1.5939236426892909
1.5926736045411543
1.5909235511337627
1.5897985168004394
1.5885484786523028
1.587923459578234
1.5870484328745385
1.5861734061708426
1.5854233832819604
1.58404834131901
1.5830483108005005
1.5826732993560595
1.5815482650227364
1.5799232154301586
1.5807982421338542
1.5807982421338542
1.57929819635609
1.5791731925412764
1.5782981658375803
1.5785481734672078
1.5782981658375803
1.5777981505783258
1.5770481276894437
1.5781731620227668
1.5771731315042574
1.5774231391338847
1.5772981353190711
1.5772981353190711
1.5772981353190711
1.57692312387463
1.5767981200598165
1.576548112430189
1.5772981353190711
1.5755480819116796
1.5761731009857478
1.5771731315042574
1.5767981200598165
1.5771731315042574
1.5771731315042574
1.5777981505783258
1.5766731162450025
1.5770481276894437
1.5770481276894437
1.5771731315042574
1.5784231696523943
1.5784231696523943
1.5781731620227668
1.5779231543931396
1.5780481582079533
1.5781731620227668
1.5781731620227668
1.5787981810968352
1.5785481734672078
1.5785481734672078
1.5787981810968352
1.5794232001709037
1.5799232154301586
1.5799232154301586
1.5807982421338542
1.5799232154301586
1.5799232154301586
1.5806732383190405
1.5807982421338542
1.580923245948668
1.580923245948668
1.5811732535782954
1.5817982726523636
1.5817982726523636
1.5821732840968048
1.5822982879116183
1.5824232917264323
1.5825482955412458
1.582923306985687
1.5824232917264323
1.5822982879116183
1.5831733146153144
1.58404834131901
1.58404834131901
1.5845483565782648
1.5846733603930783
1.5841733451338236
1.5841733451338236
1.5845483565782648
1.5850483718375195
1.5846733603930783
1.5851733756523332
1.585298379467147
1.5856733909115879
1.5861734061708426
1.58642341380047
1.5856733909115879
1.5857983947264016
1.5865484176152838
1.58642341380047
1.5867984252449112
1.58642341380047
1.5875484481337934
1.5875484481337934
1.587923459578234
1.587923459578234
1.5876734519486069
1.5876734519486069
1.5882984710226753
1.5881734672078616
1.5881734672078616
1.5889234900967437
1.5889234900967437
1.5894235053559984
1.5894235053559984
1.5897985168004394
1.5900485244300668
1.5901735282448806
1.590423535874508
1.590423535874508
1.5909235511337627
1.590423535874508
1.5910485549485762
1.5915485702078311
1.5912985625782037
1.5916735740226449
1.5915485702078311
1.5915485702078311
1.5914235663930174
1.592298593096713
1.5916735740226449
1.5912985625782037
1.592298593096713
1.5929236121707817
1.5926736045411543
1.5935486312448501
1.5932986236152227
1.5931736198004092
1.5935486312448501
1.5940486465041048
1.5934236274300364
1.5945486617633595
1.594298654133732
1.5941736503189183
1.5944236579485458
1.5950486770226142
1.5956736960966826
1.5950486770226142
1.5954236884670552
1.595173680837428
1.5954236884670552
1.5955486922818691
1.5959237037263099
1.597173741874447
1.596298715170751
1.596673726615192
1.5965487228003785
1.5970487380596332
1.596798730430006
1.5965487228003785
1.5970487380596332
1.5961737113559373
1.5970487380596332
1.5969237342448195
1.5975487533188881
1.5974237495040742
1.5979237647633289
1.59829877620777
1.5984237800225838
1.5984237800225838
1.5977987609485154
1.5984237800225838
1.59829877620777
1.599548814355907
1.598798791467025
1.5997988219855341
1.5996738181707206
1.5997988219855341
1.599173802911466
1.5992988067262794
1.5992988067262794
1.5997988219855341
1.6002988372447888
1.6005488448744163
1.6000488296151616
1.6005488448744163
1.6016738792077396
1.6015488753929257
1.6015488753929257
1.6012988677632984
1.6016738792077396
1.6007988525040437
1.6016738792077396
1.6020488906521806
1.6024239020966218
1.6029239173558765
1.6039239478743859
1.603173924985504
1.6040489516891996
1.6040489516891996
1.6044239631336406
1.6044239631336406
1.6052989898373364
1.6057990050965911
1.6067990356151007
1.607424054689169
1.6084240852076785
1.6100491348002564
1.6107991576891385
1.6106741538743248
1.6120491958372754
1.6132992339854122
1.6147992797631765
1.6172993560594502
1.6176743675038912
1.6196744285409101
1.6217994933927427
1.6237995544297616
1.626049623096408
1.6279246803186131
1.630049745170446
1.632299813837092
1.6349248939481797
1.638299996948149
1.6405500656147955
1.6440501724295786
1.6469252601702933
1.6506753746147038
1.6539254737998597
1.6570505691702018
1.6610506912442398
1.6651758171330913
1.6684259163182469
1.6728010498367258
1.6773011871700187
1.6818013245033114
1.6865514694662314
1.6919266335032197
1.6963017670216987
1.7015519272438735
1.7058020569475387
1.711177220984527
1.7158023621326335
1.7210525223548083
1.7264276863917967
1.731052827539903
1.735802972502823
1.740553117465743
1.7444282357249672
1.7486783654286326
1.7529284951322976
1.7565536057618945
1.7599287087618642
1.7630538041322064
1.7656788842432936
1.7694289986877043
1.7709290444654684
1.7733041169469284
1.7753041779839474
1.7759291970580158
1.7763042085024567
1.7780542619098483
1.7776792504654073
1.7776792504654073
1.7780542619098483
1.7775542466505936
1.7763042085024567
1.7750541703543201
1.774179143650624
1.771429059724723
1.7689289834284494
1.7661788995025482
1.7633038117618336
1.7599287087618642
1.756428601947081
1.7534285103915526
1.7490533768730736
1.7453032624286628
1.7411781365398113
1.7366779992065189
1.7319278542435987
1.727052705465865
1.7214275337992493
1.7163023773918882
1.7118022400585957
1.706927091280862
1.7030519730216378
1.6965517746513261
1.6924266487624744
1.6874264961699272
1.6818013245033114
1.6773011871700187
1.6730510574663533
1.667675893429365
1.6631757560960723
1.6596756492812892
1.6550505081331828
1.6511753898739585
1.6479252906888027
1.6438001647999512
1.6401750541703544
1.6370499588000123
1.633549851985229
1.6301747489852596
1.627299661244545
1.625174596392712
1.6226745200964385
1.6197994323557239
1.6179243751335184
1.6155493026520584
1.6131742301705987
1.6115491805780204
1.61017413861507
1.6084240852076785
1.607049043244728
1.6067990356151007
1.6049239783928952
1.6047989745780817
1.6037989440595721
1.602673909726249
1.6012988677632984
1.6016738792077396
1.5996738181707206
1.5992988067262794
1.5985487838373975
1.59829877620777
1.5975487533188881
1.5969237342448195
1.596298715170751
1.594798669392987
1.5937986388744774
1.591923581652272
1.5911735587633902
1.5892985015411847
1.5867984252449112
1.5841733451338236
1.5806732383190405
1.5764231086153753
1.5729230018005922
1.567797845393231
1.5612976470229194
1.5537974181340983
1.547547227393414
1.5405470137638477
1.5330467848750269
1.5252965483565784
1.5171713003936889
1.5116711325418866
1.505170934171575
1.501170812097537
1.4977957090975678
1.4952956328012939
1.4955456404309213
1.4986707358012636
1.5049209265419476
1.5144212164677877
1.5279216284676658
1.5436721091341898
1.56504776146733
1.590798547318949
1.6202994476149783
1.6544254890591144
1.6931766716513565
1.7359279763176367
1.7826794030579547
1.8325559251686148
1.8846825159459213
1.9380591448713644
1.9924358043153172
2.0463124485000153
2.0976890163884394
2.1461904965361494
2.189191808832057
2.2256929227576525
2.2551938230536823
2.2763194677571947
2.289569872127445
2.2824446546830655
2.2638190862758263
2.248068605609302
2.222442823572497
2.188941801202429
2.1475655384990997
2.1004391003143406
2.0469374675740837
1.9919357890560625
1.9334340037232582
1.8768072756126593
1.8193055207983642
1.7625537888729514
1.709177159947508
1.657800592059084
1.610549150059511
1.5675478377636038
1.5297966856898708
1.4967956785790582
1.4685448164311656
1.4461691335795162
1.4277935728019044
1.4144181646168401
1.405792901394696
1.4004177373577074
1.3987926877651295
1.401417767876217
1.4070429395428328
1.4144181646168401
1.4229184240241708
1.4335437482833338
1.4455441145054475
1.457669484542375
1.4701698660237434
1.481420209356975
1.4924205450605792
1.504045899838252
1.5136711935789056
1.5225464644306772
1.5312967314676351
1.538046937467574
1.544047120578631
1.550422315134129
1.5544224372081668
1.5581725516525773
1.56029761650441
1.5640477309488205
1.5667978148747217
1.567797845393231
1.5696729026154363
1.5724229865413375
1.5719229712820828
1.5737980285042878
1.5747980590227975
1.5750480666524247
1.5752980742820522
1.5764231086153753
1.5761731009857478
1.5767981200598165
1.5764231086153753
1.5766731162450025
1.5786731772820215
1.5780481582079533
1.578923184911649
1.5787981810968352
1.5795482039857174
1.5806732383190405
1.580923245948668
1.5824232917264323
1.5834233222449416
1.5841733451338236
1.5857983947264016
1.58642341380047
1.5877984557634206
1.5889234900967437
1.5900485244300668
1.5915485702078311
1.592423596911527
1.594298654133732
1.5949236732078005
1.5960487075411238
1.5992988067262794
1.5996738181707206
1.6021738944669943
1.6041739555040133
1.6051739860225227
1.6072990508743554
1.609049104281747
1.6106741538743248
1.6126742149113438
1.61492428357799
1.6184243903927733
1.6200494399853511
1.6230495315408795
1.6254246040223395
1.6282996917630543
1.6305497604297006
1.6329248329111608
1.6374249702444532
1.6391750236518448
1.6421751152073734
1.6460502334665976
1.6486753135776848
1.6523004242072816
1.6559255348368787
1.659800653096103
1.6626757408368176
1.6674258857997375
1.6714260078737755
1.6748011108737448
1.6790512405774103
1.682676351207007
1.6873014923551135
1.6913016144291515
1.6963017670216987
1.7014269234290598
1.7048020264290291
1.7093021637623218
1.7140523087252417
1.718427442243721
1.7229275795770134
1.7278027283547472
1.732677877132481
1.737428022095401
1.7426781823175757
1.7471783196508683
1.7510534379100926
1.7560535905026398
1.7614287545396283
1.7660538956877345
1.7703040253914
1.7753041779839474
1.7794293038727989
1.78455446028016
1.7888045899838252
1.7938047425763726
1.7976798608355968
1.8025550096133305
1.8061801202429273
1.8101802423169653
1.8136803491317484
1.8176804712057864
1.8215555894650106
1.8254307077242347
1.8288058107242042
1.8326809289834285
1.835306009094516
1.8369310586870937
1.840306161687063
1.8431812494277782
1.8450563066499832
1.8479313943906979
1.8503064668721578
1.85105648976104
1.853181554612873
1.8544315927610096
1.8555566270943329
1.856181646168401
1.857056672872097
1.857431684316538
1.857431684316538
1.8573066805017244
1.8573066805017244
1.857431684316538
1.856181646168401
1.8560566423535876
1.8548066042054507
1.852681539353618
1.8516815088351086
1.8499314554277169
1.8474313791314432
1.8453063142796107
1.8433062532425917
1.8401811578722496
1.8378060853907896
1.8355560167241434
1.8323059175389873
1.8284307992797633
1.8250556962797937
1.8215555894650106
1.8173054597613454
1.8139303567613758
1.8095552232428969
1.8050550859096042
1.8013049714651936
1.7976798608355968
1.7925547044282357
1.7885545823541977
1.7826794030579547
1.7780542619098483
1.7736791283913693
1.7685539719840082
1.763928830835902
1.759178685872982
1.7541785332804345
1.7493033845027008
1.7443032319101537
1.7389280678731651
1.7346779381694999
1.7288027588732566
1.723927610095523
1.7186774498733484
1.7141773125400557
1.7103021942808314
1.7048020264290291
1.700176885280923
1.695801751762444
1.6908015991698966
1.6869264809106725
1.6821763359477524
1.6765511642811366
1.6734260689107945
1.6685509201330608
1.66480080568865
1.6610506912442398
1.656925565355388
1.653425458540605
1.6493003326517535
1.6456752220221567
1.642675130466628
1.6389250160222175
1.6347998901333658
1.631674794763024
1.6294247260963775
1.6259246192815942
1.6234245429853207
1.6206744590594195
1.6176743675038912
1.6146742759483628
1.6129242225409712
1.610549150059511
1.6085490890224923
1.6060490127262186
1.6041739555040133
1.6025489059114353
1.6004238410596028
1.5989237952818385
1.5976737571337016
1.5961737113559373
1.5931736198004092
1.5925486007263405
1.590798547318949
1.589923520615253
1.5889234900967437
1.588048463393048
1.5869234290597247
1.5859233985412151
1.5851733756523332
1.5841733451338236
1.583298318430128
1.5825482955412458
1.58167326883755
1.5805482345042268
1.5805482345042268
1.5806732383190405
1.5795482039857174
1.5797982116153446
1.57929819635609
1.5786731772820215
1.5782981658375803
1.5780481582079533
1.5777981505783258
1.5771731315042574
1.5771731315042574
1.57692312387463
1.5771731315042574
1.5771731315042574
1.5771731315042574
1.5771731315042574
1.57692312387463
1.5764231086153753
1.576548112430189
1.576548112430189
1.5762981048005615
1.5766731162450025
1.5770481276894437
1.5761731009857478
1.5771731315042574
1.5770481276894437
1.5767981200598165
1.5774231391338847
1.5772981353190711
1.5775481429486986
1.5779231543931396
1.5777981505783258
1.5779231543931396
1.5784231696523943
1.5790481887264625
1.5787981810968352
1.5787981810968352
1.5785481734672078
1.5786731772820215
1.5786731772820215
1.57929819635609
1.5791731925412764
1.5795482039857174
1.5797982116153446
1.5806732383190405
1.5805482345042268
1.5801732230597858
1.5806732383190405
1.580923245948668
1.5802982268745993
1.580923245948668
1.5807982421338542
1.5815482650227364
1.5815482650227364
1.5817982726523636
1.5821732840968048
1.5821732840968048
1.5831733146153144
1.5826732993560595
1.5825482955412458
1.5819232764671776
1.5830483108005005
1.5834233222449416
1.5836733298745689
1.5847983642078922
1.5846733603930783
1.5846733603930783
1.5846733603930783
1.5842983489486373
1.5842983489486373
1.5842983489486373
1.5850483718375195
1.5856733909115879
1.5857983947264016
1.5857983947264016
1.586048402356029
1.5861734061708426
1.5866734214300973
1.5866734214300973
1.5866734214300973
1.5865484176152838
1.5874234443189794
1.58642341380047
1.5874234443189794
1.5876734519486069
1.5877984557634206
1.588048463393048
1.5882984710226753
1.5885484786523028
1.5885484786523028
1.5881734672078616
1.5889234900967437
1.5892985015411847
1.5891734977263712
1.5897985168004394
1.5895485091708121
1.590298532059694
1.589923520615253
1.590298532059694
1.590298532059694
1.590798547318949
1.5906735435041353
1.590798547318949
1.590798547318949
1.5914235663930174
1.5921735892818996
1.5916735740226449
1.5921735892818996
1.5916735740226449
1.5920485854670858
1.5920485854670858
1.5916735740226449
1.5925486007263405
1.592423596911527
1.5931736198004092
1.5926736045411543
1.5931736198004092
1.5930486159855952
1.5944236579485458
1.5936736350596639
1.5935486312448501
1.5940486465041048
1.5939236426892909
1.594798669392987
1.5940486465041048
1.595173680837428
1.594673665578173
1.5952986846522417
1.5952986846522417
1.595173680837428
1.5952986846522417
1.595173680837428
1.5950486770226142
1.5957986999114964
1.5959237037263099
1.5960487075411238
1.5965487228003785
1.5957986999114964
1.5965487228003785
1.5969237342448195
1.596798730430006
1.596673726615192
1.5969237342448195
1.597173741874447
1.5970487380596332
1.5975487533188881
1.5984237800225838
1.5980487685781428
1.5969237342448195
1.5980487685781428
1.5980487685781428
1.59829877620777
1.598673787652211
1.5979237647633289
1.5992988067262794
1.5992988067262794
1.5997988219855341
1.5999238258003479
1.599173802911466
1.5996738181707206
1.5999238258003479
1.599548814355907
1.599548814355907
1.60067384868923
1.601048860133671
1.6002988372447888
1.601173863948485
1.6012988677632984
1.6012988677632984
1.6017988830225531
1.601173863948485
1.6012988677632984
1.6020488906521806
1.6020488906521806
1.6029239173558765
1.6027989135410627
1.6032989288003174
1.603173924985504
1.6044239631336406
1.6037989440595721
1.6040489516891996
1.6042989593188268
1.6052989898373364
1.6057990050965911
1.607049043244728
1.6072990508743554
1.6089241004669332
1.6092991119113744
1.610549150059511
1.61017413861507
1.612174199652089
1.6136742454298534
1.61492428357799
1.616924344615009
1.6181743827631458
1.6205494552446058
1.6211744743186742
1.6236745506149481
1.6261746269112216
1.6282996917630543
1.630424756614887
1.6326748252815333
1.6346748863185523
1.6377999816888944
1.6413000885036775
1.6448001953184606
1.647425275429548
1.6505503707998903
1.6539254737998597
1.6566755577257606
1.6610506912442398
1.6650508133182775
1.6678008972441787
1.6728010498367258
1.677176183355205
1.6816763206884975
1.6865514694662314
1.6915516220587787
1.6960517593920712
1.7011769157994323
1.7058020569475387
1.7115522324289683
1.7154273506881925
1.7209275185399944
1.7261776787621694
1.7301778008362072
1.735302957243568
1.740178106021302
1.744553239539781
1.7485533616138187
1.7529284951322976
1.7565536057618945
1.7596787011322368
1.7629288003173924
1.766303903317362
1.7684289681691947
1.7709290444654684
1.773804132206183
1.7745541550950652
1.7763042085024567
1.7771792352061526
1.7773042390209661
1.7780542619098483
1.7775542466505936
1.7778042542802208
1.7764292123172705
1.776179204687643
1.7750541703543201
1.7740541398358105
1.771804071169164
1.769804010132145
1.7664289071321757
1.7643038422803432
1.7600537125766778
1.7569286172063356
1.7534285103915526
1.7494283883175148
1.7450532547990356
1.7411781365398113
1.736552995391705
1.7319278542435987
1.7274277169103063
1.7223025605029452
1.7166773888363294
1.7119272438734092
1.7078021179845577
1.702176946317942
1.6976768089846492
1.6930516678365428
1.6876765037995543
1.6828013550218206
1.677551194799646
1.673676076540422
1.6684259163182469
1.6641757866145819
1.6603006683553576
1.6559255348368787
1.6521754203924681
1.6481752983184301
1.6436751609851377
1.6398000427259134
1.6369249549851985
1.6334248481704154
1.630424756614887
1.6270496536149175
1.6245495773186438
1.6224245124668113
1.6199244361705374
1.6179243751335184
1.6159243140964994
1.613799249244667
1.6116741843928344
1.6102991424298836
1.6086740928373058
1.6072990508743554
1.606174016541032
1.60542399365215
1.6042989593188268
1.6035489364299447
1.602673909726249
1.6016738792077396
1.6000488296151616
1.6000488296151616
1.599173802911466
1.5985487838373975
1.5980487685781428
1.5972987456892607
1.5969237342448195
1.5961737113559373
1.5954236884670552
1.5941736503189183
1.592423596911527
1.5911735587633902
1.588423474837489
1.58642341380047
1.5837983336893826
1.5802982268745993
1.5775481429486986
1.5734230170598467
1.5676728415784174
1.5616726584673606
1.555172460097049
1.5482972502822963
1.5407970213934752
1.5327967772453994
1.5256715598010193
1.5186713461714532
1.5116711325418866
1.5056709494308298
1.5016708273567918
1.4971706900234993
1.4959206518753625
1.4961706595049897
1.4991707510605183
1.5050459303567616
1.5136711935789056
1.5260465712454605
1.544422132023072
1.5636727195043794
1.588423474837489
1.6181743827631458
1.652550431836909
1.691426618243965
1.7341779229102452
1.7800543229468673
1.8301808526871548
1.8818074282052064
1.9358090762047182
1.989435712759789
2.043937376018555
2.0955639515366067
2.1430654011658072
2.1869417401654103
2.2236928617206337
2.2544438001648
2.275569444868313
2.2889448530533767
2.2843197119052707
2.2641940977202673
2.2483186132389297
2.224317880794702
2.191066866054262
2.1501906186101873
2.1025641651661733
2.0503125705740533
1.993685842463454
1.9374341257972962
1.878057313760796
1.8211805780205697
1.7649288613544114
1.7114272286141545
1.6604256721701711
1.6132992339854122
1.5699229102450638
1.5311717276528216
1.497670705282754
1.4696698507644885
1.4465441450239571
1.4277935728019044
1.4151681875057223
1.405792901394696
1.4002927335428939
1.399042695394757
1.4016677755058444
1.4060429090243234
1.414043153172399
1.4234184392834255
1.4341687673574024
1.4450440992461928
1.4569194616534928
1.469919858394116
1.4812952055421613
1.491670522171697
1.5034208807641836
1.5134211859492783
1.522171452986236
1.5307967162083804
1.5385469527268287
1.5436721091341898
1.5492972808008056
1.5544224372081668
1.5576725363933226
1.5612976470229194
1.564172734763634
1.5664228034302805
1.5679228492080448
1.5697979064302499
1.5712979522080142
1.57217297891171
1.5735480208746606
1.5741730399487288
1.5751730704672384
1.5755480819116796
1.576548112430189
1.5764231086153753
1.5761731009857478
1.57692312387463
1.5772981353190711
1.5770481276894437
1.5782981658375803
1.5785481734672078
1.5799232154301586
1.579673207800531
1.5807982421338542
1.5814232612079226
1.5819232764671776
1.5826732993560595
1.5841733451338236
1.5856733909115879
1.5862984099856563
1.587298440504166
1.5882984710226753
1.5901735282448806
1.5916735740226449
1.5916735740226449
1.5936736350596639
1.594798669392987
1.596298715170751
1.5984237800225838
1.5996738181707206
1.6015488753929257
1.60304892117069
1.605048982207709
1.6066740318002868
1.6084240852076785
1.6107991576891385
1.6124242072817165
1.6144242683187355
1.6166743369853815
1.6199244361705374
1.6225495162816248
1.6255496078371532
1.627674672688986
1.631174779503769
1.6332998443556017
1.6361749320963164
1.639550035096286
