1.3632916043580432
1.3545413373210853
1.3589164708395642
1.3730419019135105
1.3936675313577687
1.417293252357555
1.443294045838801
1.468419812616352
1.4914205145420698
1.510796105838191
1.5262965788750877
1.5382969450972015
1.5486722617267374
1.5575475325785089
1.5645477462080752
1.5719229712820828
1.5791731925412764
1.5865484176152838
1.5935486312448501
1.6012988677632984
1.609799127170629
1.6181743827631458
1.6282996917630543
1.6361749320963164
1.6466752525406658
1.6568005615405743
1.66717587817011
1.677176183355205
1.6865514694662314
1.6983018280587177
1.7079271217993715
1.7170524002807703
1.7271777092806788
1.7360529801324502
1.7466783043916136
1.7548035523545031
1.7629288003173924
1.7710540482802821
1.7784292733542895
1.7831794183172094
1.7895546128727073
1.7951797845393231
1.7981798760948515
1.8016799829096348
1.8044300668355358
1.804805078279977
1.805180089724418
1.8044300668355358
1.8021799981688895
1.7991799066133611
1.7966798303170874
1.7915546739097263
1.7860545060579243
1.7800543229468673
1.772179082613605
1.765928891872921
1.7580536515396588
1.7498033997619558
1.7420531632435072
1.731052827539903
1.7211775261696218
1.711177220984527
1.7004268929105502
1.6905515915402693
1.6800512710959197
1.6710509964293345
1.6608006836146123
1.651425397503586
1.6414250923184912
1.6319248023926511
1.6234245429853207
1.6157993102816859
1.6079240699484236
1.6016738792077396
1.5955486922818691
1.5905485396893215
1.5861734061708426
1.5827983031708732
1.5807982421338542
1.5790481887264625
1.5786731772820215
1.5786731772820215
1.5801732230597858
1.582923306985687
1.5865484176152838
1.591923581652272
1.5972987456892607
1.6041739555040133
1.611424176763207
1.6192994170964692
1.6262996307260353
1.635924924466689
1.6438001647999512
1.6520504165776544
1.6601756645405439
1.668050904873806
1.6743010956144901
1.6804262825403606
1.6844264046143986
1.6893015533921325
1.691426618243965
1.6905515915402693
1.6895515610217597
1.6875514999847407
1.684301400799585
1.6788012329477828
1.6719260231330302
1.6644257942442091
1.656550553910947
1.6479252906888027
1.6380499893185219
1.6281746879482406
1.6174243598742637
1.6067990356151007
1.5965487228003785
1.58642341380047
1.57692312387463
1.567047822504349
1.5575475325785089
1.5471722159489731
1.5346718344676047
1.5215464339121678
1.5057959532456433
1.487795403912473
1.4697948545793025
1.450169255653554
1.4312936796166877
1.414793176061281
1.4030428174687948
1.4011677602465895
1.4126681112094486
1.4387939085055086
1.4817952208014162
1.542047059541612
1.6207994628742333
1.715177343058565
1.8244306772057253
1.940309213538011
2.0508125858333077
2.1425653859065523
2.208442396313364
2.2391933347575304
2.2366932584612567
2.19031684316538
2.1079393292031616
2.0016860866115302
1.883182470168157
1.7633038117618336
1.6506753746147038
1.5521723685415205
1.4711698965422528
1.4112930692464982
1.3754169743949705
1.3575414288766137
1.35504135258034
1.3624165776543475
1.3810421460615863
1.4040428479873044
1.429543626209296
1.454919400616474
1.479420148319956
1.5002957853938415
1.5186713461714532
1.5321717581713308
1.5434221015045624
1.5524223761711478
1.559797601245155
1.5679228492080448
1.5751730704672384
1.5822982879116183
1.5906735435041353
1.5972987456892607
1.6052989898373364
1.6139242530594806
1.6231745353556932
1.6329248329111608
1.64105008087405
1.651425397503586
1.6616757103183082
1.6723010345774711
1.6823013397625661
1.691426618243965
1.7023019501327556
1.712427259132664
1.7213025299844356
1.7309278237250891
1.7403031098361157
1.7503034150212105
1.7596787011322368
1.7676789452803126
1.7740541398358105
1.7810543534653769
1.7873045442060609
1.7926797082430495
1.7959298074282053
1.799554918057802
1.8029300210577714
1.804805078279977
1.8050550859096042
1.8054300973540451
1.80355504013184
1.8014299752800074
1.798429883724479
1.794429761650441
1.7890545976134526
1.7831794183172094
1.7775542466505936
1.7701790215765862
1.7623037812433242
1.7541785332804345
1.7453032624286628
1.7359279763176367
1.7268026978362376
1.7168023926511429
1.7059270607623525
1.6961767632068852
1.6848014160588396
1.6749261146885588
1.6655508285775322
1.6559255348368787
1.6465502487258523
1.6376749778740807
1.6282996917630543
1.6197994323557239
1.61254921109653
1.6047989745780817
1.599548814355907
1.5936736350596639
1.588423474837489
1.584423352763451
1.5817982726523636
1.57929819635609
1.5780481582079533
1.5785481734672078
1.5794232001709037
1.5811732535782954
1.5841733451338236
1.5885484786523028
1.5940486465041048
1.6005488448744163
1.6076740623187964
1.6144242683187355
1.622924527726066
1.6309247718741418
1.6394250312814722
1.647425275429548
1.656925565355388
1.6635507675405132
1.6710509964293345
1.677551194799646
1.683051362651448
1.6869264809106725
1.6889265419476913
1.6905515915402693
1.690301583910642
1.6889265419476913
1.6854264351329082
1.6805512863551746
1.6758011413922544
1.6689259315775018
1.6604256721701711
1.6520504165776544
1.6434251533555102
1.6330498367259743
1.623299539170507
1.6127992187261575
1.6019238868373669
1.5921735892818996
1.5817982726523636
1.5720479750968963
1.5632977080599384
1.5525473799859615
1.5411720328379164
1.528671651356548
1.5146712240974152
1.4974206976531268
1.4787951292458876
1.4595445417645803
1.4407939695425276
1.4227934202093568
1.4087929929502243
1.4011677602465895
1.4039178441724907
1.4220433973204747
1.4570444654683066
1.508421033356731
1.5782981658375803
1.6650508133182775
1.7660538956877345
1.8806823938718833
1.9953108920560318
2.0979390240180673
2.1780664693136385
2.2260679342020935
2.2445684987945187
2.2194427320169683
2.154190740684225
2.0580628070925013
1.9443093356120487
1.824555681020539
1.7073021027253028
1.6007988525040437
1.5111711172826319
1.4397939390240182
1.391917477950377
1.364166631061739
1.3544163335062716
1.3577914365062411
1.3716668599505601
1.3920424817651906
1.4159182103946044
1.4424190191351054
1.4674197820978425
1.4906704916531877
1.5099210791344952
1.5256715598010193
1.5375469222083193
1.5476722312082278
1.5564224982451857
1.5647977538377027
1.5712979522080142
1.578923184911649
1.5859233985412151
1.5937986388744774
1.601048860133671
1.6096741233558154
1.6179243751335184
1.627174657429731
1.6361749320963164
1.6465502487258523
1.656550553910947
1.667300881984924
1.6758011413922544
1.6874264961699272
1.6970517899105808
1.7073021027253028
1.7165523850215156
1.7268026978362376
1.7356779686880093
1.7458032776879178
1.7541785332804345
1.762803796502579
1.7706790368358412
1.7774292428357799
1.7838044373912778
1.7905546433912167
1.794054750206
1.798429883724479
1.8011799676503801
1.803930051576281
1.8050550859096042
1.8053050935392316
1.8049300820947904
1.80355504013184
1.8009299600207527
1.7963048188726465
1.7913046662800989
1.786554521317179
1.7800543229468673
1.7753041779839474
1.7664289071321757
1.758803674428541
1.750053407391583
1.7408031250953704
1.7316778466139713
1.7213025299844356
1.7114272286141545
1.701301919614246
1.6909266029847103
1.6825513473921934
1.670800988799707
1.6610506912442398
1.6519254127628407
1.6421751152073734
1.6319248023926511
1.6244245735038303
1.6162993255409406
1.6085490890224923
1.6017988830225531
1.596673726615192
1.590798547318949
1.58642341380047
1.583298318430128
1.5804232306894133
1.5785481734672078
1.5782981658375803
1.5785481734672078
1.580048219244972
1.5827983031708732
1.5866734214300973
1.5914235663930174
1.5969237342448195
1.6037989440595721
1.6109241615039522
1.6180493789483323
1.627174657429731
1.635174901577807
1.643050141911069
1.6524254280220954
1.6601756645405439
1.667675893429365
1.6738010803552354
1.6803012787255471
1.6848014160588396
1.6876765037995543
1.689426557206946
1.6909266029847103
1.6901765800958282
1.6874264961699272
1.6835513779107028
1.6781762138737144
1.671676015503403
1.6651758171330913
1.6568005615405743
1.6473002716147345
1.637924985503708
1.6289247108371228
1.6179243751335184
1.6079240699484236
1.5974237495040742
1.5877984557634206
1.5775481429486986
1.5676728415784174
1.5581725516525773
1.5477972350230413
1.5359218726157415
1.5229214758751182
1.5069209875789666
1.4890454420606098
1.4707948850978119
1.4526693319498276
1.4329187292092656
1.4154181951353497
1.4040428479873044
1.401042756431776
1.4115430768761255
1.435918820764794
1.4786701254310741
1.5371719107638784
1.6151742912076175
1.7086771446882534
1.8165554368724632
1.9324339732047486
2.0438123722037416
2.1378152409436324
2.2029422284615623
2.23781829279458
2.239443342387158
2.1950669881283
2.115314554277169
2.010311349833674
1.8923077486495559
1.7725540940580462
1.6593006378368482
1.559797601245155
1.4776700949125645
1.416043214209418
1.3774170354319895
1.3582914517654958
1.3546663411358988
1.3636666158024844
1.3799171117282631
1.4019177831354717
1.4270435499130223
1.4531693472090823
1.4757950376903592
1.4986707358012636
1.5170462965788751
1.530546708578753
1.5422970671712395
1.5512973418378246
1.5587975707266457
1.5672978301339764
1.5739230323191016
1.58167326883755
1.5874234443189794
1.596798730430006
1.6042989593188268
1.6130492263557847
1.6219244972075564
1.6282996917630543
1.6409250770592365
1.6506753746147038
1.6606756797997986
1.6705509811700798
1.6810513016144293
1.6915516220587787
1.7011769157994323
1.7110522171697136
1.7206775109103671
1.7309278237250891
1.7388030640583514
1.7491783806878873
1.7580536515396588
1.76555388042848
1.7735541245765558
1.780179326761681
1.7864295175023652
1.7918046815393536
1.7963048188726465
1.8000549333170568
1.803180028687399
1.8044300668355358
1.8056801049836726
1.8053050935392316
1.80355504013184
1.8014299752800074
1.7990549027985472
1.7946797692800684
1.7894296090578936
1.7839294412060915
1.7773042390209661
1.7710540482802821
1.7630538041322064
1.7550535599841306
1.7463032929471725
1.7376780297250283
1.7278027283547472
1.717552415540025
1.7079271217993715
1.6965517746513261
1.687051484725486
1.6770511795403913
1.666800866725669
1.656925565355388
1.6475502792443617
1.6389250160222175
1.62917471846675
1.6210494705038605
1.6129242225409712
1.6057990050965911
1.5997988219855341
1.5952986846522417
1.58879848628193
1.5850483718375195
1.5817982726523636
1.581298257393109
1.5799232154301586
1.5779231543931396
1.578923184911649
1.5811732535782954
1.5842983489486373
1.5877984557634206
1.5936736350596639
1.5997988219855341
1.6067990356151007
1.6139242530594806
1.6211744743186742
1.6295497299111912
1.6385500045777766
1.6465502487258523
1.655425519577624
1.6640507827997681
1.6704259773552659
1.6769261757255778
1.6821763359477524
1.6860514542069764
1.6888015381328776
1.6906765953550829
1.6909266029847103
1.6889265419476913
1.686301461836604
1.6814263130588702
1.6761761528366956
1.669300943021943
1.6623007293923764
1.6531754509109775
1.6438001647999512
1.6345498825037386
1.6244245735038303
1.613799249244667
1.6036739402447586
1.5936736350596639
1.582923306985687
1.5739230323191016
1.564172734763634
1.553922421948912
1.5437971129490036
1.5307967162083804
1.516296273689993
1.500045777764214
1.4820452284310435
1.4634196600238045
1.4441690725424972
1.425168492690817
1.4104180425428021
1.4011677602465895
1.4030428174687948
1.4179182714316232
1.4506692709128086
1.4992957548753318
1.566297799615467
1.6508003784295175
1.7498033997619558
1.8620568254646443
1.9784353770561847
2.0834385814996796
2.1670661336100348
2.220442762535478
2.2436934720908233
2.2261929380169074
2.166941129795221
2.075813348796045
1.9648099612414929
1.844306283761101
1.7264276863917967
1.6176743675038912
1.5240465102084415
1.4500442518387402
1.3981676686910611
1.3676667378765222
1.355416364024781
1.3567914059877317
1.368541764580218
1.3881673635059664
1.4116680806909392
1.4375438703573717
1.4626696371349224
1.485795342875454
1.5069209875789666
1.5230464796899321
1.5355468611713006
1.5462971892452775
1.55554747154149
1.5629226966154972
1.570172917874691
1.5775481429486986
1.58404834131901
1.5917985778374584
1.5997988219855341
1.6076740623187964
1.6167993408001955
1.6257996154667806
1.6346748863185523
1.6444251838740198
1.6544254890591144
1.6646758018738366
1.6748011108737448
1.6845514084292124
1.6948017212439344
1.7051770378734703
1.715177343058565
1.725052644428846
1.734552934354686
1.7441782280953397
1.7528034913174841
1.761553758354442
1.7693039948728904
1.7764292123172705
1.7824293954283272
1.7885545823541977
1.7933047273171179
1.7978048646504103
1.8006799523911254
1.8034300363170261
1.804805078279977
1.8054300973540451
1.804805078279977
1.8036800439466536
1.800429944761498
1.7973048493911556
1.7925547044282357
1.7878045594653156
1.7815543687246316
1.7756791894283883
1.7680539567247535
1.760428724021119
1.7515534531693473
1.7429281899472029
1.733427900021363
1.7236776024658955
1.7139273049104282
1.7031769768364513
1.6943017059846797
1.684301400799585
1.6730510574663533
1.6631757560960723
1.6539254737998597
1.6449251991332745
1.6341748710592976
1.626049623096408
1.6176743675038912
1.61017413861507
1.6034239326151312
1.596798730430006
1.5917985778374584
1.5871734366893522
1.584423352763451
1.5810482497634815
1.5790481887264625
1.5781731620227668
1.5784231696523943
1.5802982268745993
1.5821732840968048
1.5857983947264016
1.5901735282448806
1.5957986999114964
1.6027989135410627
1.6091741080965607
1.6159243140964994
1.6244245735038303
1.6330498367259743
1.6416750999481187
1.6499253517258217
1.6586756187627796
1.6659258400219734
1.6725510422070986
1.6788012329477828
1.6836763817255165
1.6874264961699272
1.6899265724662007
1.6905515915402693
1.6898015686513872
1.6878015076143682
1.6845514084292124
1.6801762749107334
1.6740510879848627
1.66717587817011
1.6593006378368482
1.6509253822443313
1.6408000732444226
1.630799768059328
1.6206744590594195
1.610549150059511
1.6001738334299753
1.5896735129856259
1.579673207800531
1.5700479140598773
1.559922605059969
1.5501723075045015
1.5392969756157109
1.5256715598010193
1.5106711020233772
1.493295571764275
1.4755450300607318
1.455669423505356
1.4371688589129308
1.419293313394574
1.4062929166539506
1.4002927335428939
1.4071679433576463
1.4281685842463454
1.4670447706534013
1.5219214453566088
1.595173680837428
1.685051423688467
1.790929654835658
1.9048081301309243
2.018686605426191
2.1168146000549335
2.1904418469801934
2.232193121127964
2.2429434492019413
2.208817407757805
2.136815210425123
2.0368121585741754
1.9203086031678214
1.800429944761498
1.6853014313180945
1.581298257393109
1.4949206213568529
1.4281685842463454
1.384417249061556
1.3610415356913967
1.3545413373210853
1.3606665242469558
1.375166966765343
1.3967926267281106
1.4210433668019655
1.4469191564683983
1.4717949156163215
1.4940455946531572
1.5131711783196509
1.528171636097293
1.5399219946897795
1.5494222846156194
1.5581725516525773
1.5656727805413984
1.5726729941709647
1.580048219244972
1.5870484328745385
1.5952986846522417
1.60304892117069
1.6110491653187657
1.6199244361705374
1.6287997070223093
1.6385500045777766
1.6485503097628713
1.6584256111331521
1.6689259315775018
1.6783012176885281
1.6885515305032504
1.6988018433179723
1.708802148503067
1.7185524460585346
1.728302743614002
1.737803033539842
1.7471783196508683
1.7566786095767084
1.7644288460951567
1.7720540787987915
1.7791792962431716
1.7855544907986696
1.7906796472060307
1.7949297769096957
1.7990549027985472
1.801554979094821
1.8043050630207222
1.8049300820947904
1.8053050935392316
1.804805078279977
1.8025550096133305
1.7994299142429884
1.7955547959837643
1.7910546586504716
1.7858044984282968
1.7794293038727989
1.7729291055024872
1.7649288613544114
1.757178624835963
1.7484283577990052
1.7388030640583514
1.7298027893917662
1.7196774803918575
1.710052186651204
1.6995518662068545
1.6891765495773186
1.6790512405774103
1.669175939207129
1.6594256416516617
1.6499253517258217
1.6404250617999818
1.6310497756889553
1.6227995239112523
1.6146742759483628
1.607424054689169
1.6007988525040437
1.595173680837428
1.5897985168004394
1.5859233985412151
1.582048280281991
1.5799232154301586
1.5781731620227668
1.5781731620227668
1.5786731772820215
1.5801732230597858
1.5831733146153144
1.5871734366893522
1.592423596911527
1.5980487685781428
1.605048982207709
1.6120491958372754
1.6196744285409101
1.6275496688741722
1.63629993591113
1.6445501876888333
1.653425458540605
1.6613006988738672
1.668800927762688
1.6749261146885588
1.6813013092440567
1.6856764427625355
1.6884265266884364
1.690301583910642
1.6905515915402693
1.6898015686513872
1.6874264961699272
1.6829263588366346
1.6780512100589007
1.671176000244148
1.6634257637256997
1.6553005157628102
1.6464252449110386
1.6370499588000123
1.6267996459852903
1.6162993255409406
1.6064240241706595
1.5956736960966826
1.5869234290597247
1.5759230933561206
1.5659227881710258
1.5561724906155583
1.54604718161565
1.5340468153935363
1.5200463881344035
1.504420911282693
1.486545365764336
1.467169774468215
1.4482941984313487
1.429918637653737
1.4134181340983307
1.4022927945799126
1.4012927640614032
1.4137931455427717
1.4416689962462232
1.4862953581347087
1.549547288430433
1.6294247260963775
1.7258026673177282
1.8354310129093294
1.9519345683156835
2.0605628833887755
2.14994061098056
2.211317484054079
2.2404433729056676
2.2340681783501695
2.18456666768395
2.0995640736106447
1.991685781426435
1.8724321420941803
1.7528034913174841
1.6414250923184912
1.544047120578631
1.4652947172460096
1.4080429700613422
1.372916898098697
1.3566664021729178
1.355416364024781
1.3655416730246894
1.3840422376171149
1.4061679128391371
1.431543687246315
1.4570444654683066
1.4812952055421613
1.5022958464308604
1.51992138431959
1.5331717886898404
1.5439221167638173
1.55317239906003
1.5612976470229194
1.568547868282113
1.5756730857264931
1.5830483108005005
1.590423535874508
1.5977987609485154
1.606174016541032
1.614174260689108
1.624049562059389
1.633549851985229
1.6429251380962555
1.6520504165776544
1.6624257332071901
1.6723010345774711
1.6824263435773796
1.6928016602069156
1.7028019653920103
1.712427259132664
1.7231775872066408
1.7331778923917356
1.7420531632435072
1.7509284340952787
1.759553697317423
1.7675539414654988
1.7748041627246927
1.7815543687246316
1.7874295480208746
1.7925547044282357
1.7969298379467147
1.800429944761498
1.8024300057985168
1.8045550706503495
1.8049300820947904
1.8058051087984863
1.8038050477614673
1.8011799676503801
1.797554857020783
1.7938047425763726
1.7885545823541977
1.7826794030579547
1.7773042390209661
1.7696790063173315
1.7616787621692556
1.7536785180211798
1.7446782433545946
1.735427961058382
1.7254276558732873
1.715552354503006
1.704927030243843
1.6953017365031893
1.6848014160588396
1.675176122318186
1.664925809503464
1.655800531022065
1.6460502334665976
1.6365499435407576
1.6277996765037996
1.6194244209112827
1.611424176763207
1.6044239631336406
1.5977987609485154
1.5931736198004092
1.587923459578234
1.5845483565782648
1.5815482650227364
1.57929819635609
1.5785481734672078
1.578923184911649
1.57929819635609
1.5805482345042268
1.5851733756523332
1.5891734977263712
1.5952986846522417
1.6017988830225531
1.607424054689169
1.6147992797631765
1.6227995239112523
1.6312997833185827
1.6396750389110997
1.6484253059480574
1.656925565355388
1.6644257942442091
1.6715510116885892
1.6784262215033416
1.6831763664662618
1.686676473281045
1.689051545762505
1.6905515915402693
1.6900515762810144
1.6881765190588092
1.6853014313180945
1.6808012939848018
1.675176122318186
1.6681759086886196
1.6601756645405439
1.6519254127628407
1.6420501113925596
1.6326748252815333
1.6224245124668113
1.6119241920224616
1.6016738792077396
1.5912985625782037
1.58167326883755
1.5709229407635732
1.561797662282174
1.5522973723563342
1.5410470290231024
1.5284216437269205
1.5130461745048374
1.4966706747642446
1.4784201178014467
1.4595445417645803
1.4404189580980864
1.4225434125797296
1.4074179509872737
1.4005427411725213
1.4046678670613728
1.4237934507278664
1.458794518875698
1.5111711172826319
1.5805482345042268
1.668800927762688
1.7706790368358412
1.8845575121311076
2.000436048463393
2.1016891384624774
2.179941526535844
2.227567979979858
2.2441934873500777
2.2173176671651356
2.1509406414990693
2.0551877193517867
1.941059236426893
1.8208055665761285
1.704177007354961
1.5979237647633289
1.5077960142826623
1.4375438703573717
1.3907924436170536
1.3639166234321116
1.3539163182470169
1.3587914670247507
1.3725418866542558
1.392667500839259
1.4169182409131138
1.4425440229499193
1.4676697897274698
1.4904204840235602
1.5102960905789362
1.526171575060274
1.5381719412823878
1.548797265541551
1.557797540208136
1.564297738578448
1.5716729636524553
1.578923184911649
1.5861734061708426
1.5929236121707817
1.601173863948485
1.6095491195410014
1.6182993865779596
1.6279246803186131
1.6367999511703848
1.6464252449110386
1.6568005615405743
1.6670508743552965
1.6759261452070682
1.6865514694662314
1.6970517899105808
1.706927091280862
1.7170524002807703
1.7271777092806788
1.7366779992065189
1.7458032776879178
1.754053529465621
1.7630538041322064
1.7706790368358412
1.7774292428357799
1.784929471724601
1.7898046205023346
1.7943047578356275
1.798429883724479
1.8016799829096348
1.8036800439466536
1.8049300820947904
1.8059301126133
1.8045550706503495
1.802805017242958
1.7998049256874293
1.7961798150578325
1.7913046662800989
1.786554521317179
1.7798043153172398
1.7735541245765558
1.766303903317362
1.7589286782433546
1.749678395947142
1.7404281136509292
1.7313028351695303
1.721552537614063
1.711177220984527
1.700926908169805
1.691051606799524
1.6810513016144293
1.6706759849848933
1.6615507065034945
1.6511753898739585
1.6418001037629322
1.6325498214667196
1.6242995696890163
1.6157993102816859
1.6082990813928648
1.6021738944669943
1.5959237037263099
1.5906735435041353
1.58642341380047
1.5831733146153144
1.5801732230597858
1.5787981810968352
1.5781731620227668
1.5785481734672078
1.5801732230597858
1.582923306985687
1.5866734214300973
1.5915485702078311
1.5970487380596332
1.6035489364299447
1.6107991576891385
1.618549394207587
1.6266746421704763
1.6350498977629933
1.6434251533555102
1.6530504470961638
1.6595506454664755
1.6674258857997375
1.6744260994293039
1.6803012787255471
1.6848014160588396
1.6880515152439954
1.6898015686513872
1.6906765953550829
1.689426557206946
1.6879265114291817
1.6838013855403302
1.6788012329477828
1.6724260383922849
1.6651758171330913
1.6570505691702018
1.6481752983184301
1.6385500045777766
1.6285496993926818
1.6179243751335184
1.6082990813928648
1.5976737571337016
1.5876734519486069
1.5771731315042574
1.5682978606524856
1.5576725363933226
1.5476722312082278
1.5354218573564866
1.5224214606158635
1.506795983764153
1.4902954802087467
1.4707948850978119
1.451294289986877
1.4325437177648244
1.4159182103946044
1.4032928250984222
1.4009177526169623
1.4107930539872433
1.435918820764794
1.4777950987273782
1.5375469222083193
1.61492428357799
1.7084271370586261
1.8164304330576495
1.9323089693899351
2.043187353129673
2.136440198980682
2.2029422284615623
2.2371932737205116
2.2393183385723443
2.1953169957579273
2.1149395428327282
2.0113113803521836
1.8928077639088106
1.7729291055024872
1.6596756492812892
1.5596725974303416
1.477920102542192
1.4161682180242319
1.3775420392468032
1.3584164555803095
1.3557913754692221
1.362541581469161
1.380417126987518
1.4020427869502854
1.427168553727836
1.4527943357646413
1.4766700643940551
1.4992957548753318
1.5170462965788751
1.5309217200231942
1.5421720633564255
1.5516723532822658
1.5605476241340372
1.5669228186895352
1.5744230475783563
1.581298257393109
1.5885484786523028
1.5965487228003785
1.6046739707632678
1.61254921109653
1.6216744895779291
1.6312997833185827
1.6409250770592365
1.6504253669850764
1.660925687429426
1.6703009735404524
1.680676290169988
1.6906765953550829
1.700926908169805
1.710427198095645
1.7201774956511124
1.7300527970213935
1.7399280983916745
1.7490533768730736
1.7578036439100315
1.765803888058107
1.7731791131321146
1.7803043305764947
1.7864295175023652
1.7918046815393536
1.7956797997985778
1.7998049256874293
1.8024300057985168
1.8040550553910948
1.805180089724418
1.8049300820947904
1.8036800439466536
1.8021799981688895
1.798429883724479
1.7945547654652547
1.7895546128727073
1.7843044526505327
1.778179265724662
1.7715540635395368
1.7634288155766473
1.7558035828730125
1.7464282967619862
1.737428022095401
1.7276777245399335
1.7176774193548388
1.7074271065401168
1.697301797540208
1.6873014923551135
1.6774261909848323
1.6674258857997375
1.6579255958738974
1.6478002868739892
1.6391750236518448
1.6294247260963775
1.6211744743186742
1.613424237800226
1.6057990050965911
1.5999238258003479
1.5937986388744774
1.5889234900967437
1.5847983642078922
1.5819232764671776
1.579673207800531
1.5785481734672078
1.5781731620227668
1.578923184911649
1.5811732535782954
1.5841733451338236
1.587923459578234
1.5931736198004092
1.5992988067262794
1.6056740012817774
1.613424237800226
1.6211744743186742
1.6295497299111912
1.638299996948149
1.6465502487258523
1.654550492873928
1.6625507370220038
1.6699259620960112
1.6768011719107638
1.6818013245033114
1.6856764427625355
1.6888015381328776
1.6904265877254554
1.690301583910642
1.6889265419476913
1.685926450392163
1.682676351207007
1.6763011566515091
1.6701759697256386
1.6626757408368176
1.6535504623554185
1.6448001953184606
1.6352999053926207
1.6246745811334575
1.6144242683187355
1.6047989745780817
1.5936736350596639
1.58404834131901
1.57454805139317
1.5644227423932615
1.554672444837794
1.5437971129490036
1.5315467390972626
1.5175463118381298
1.5010458082827236
1.4831702627643666
1.4641696829126867
1.4450440992461928
1.4266685384685813
1.410918057802057
1.401792779320658
1.4027928098391673
1.417168248542741
1.448169194616535
1.496045655690176
1.561172643208106
1.6448001953184606
1.743303201391644
1.855431623279519
1.9714351634266183
2.0773133945738094
2.162315988647115
2.218442701498459
2.2425684377575
2.228818018127995
2.172316293832209
2.082813562425611
1.971560167241432
1.8525565355388043
1.7341779229102452
1.6244245735038303
1.5299216895046848
1.4542943815424054
1.401042756431776
1.368916776024659
1.3552913602099674
1.3565413983581043
1.368541764580218
1.3871673329874568
1.4106680501724296
1.437043855098117
1.460794579912717
1.4849203161717581
1.5054209418012026
1.5219214453566088
1.5351718497268594
1.5451721549119541
1.5550474562822352
1.5624226813562427
1.5696729026154363
1.5772981353190711
1.5841733451338236
1.5912985625782037
1.5994238105410932
1.6075490585039827
1.6161743217261269
1.6250495925778985
1.6346748863185523
1.6440501724295786
1.6550505081331828
1.6644257942442091
1.6739260841700492
1.6838013855403302
1.6945517136143071
1.704177007354961
1.7141773125400557
1.724302621539964
1.734302926725059
1.7434282052064578
1.7525534836878567
1.76080373546556
1.7689289834284494
1.775804193243202
1.7824293954283272
1.7884295785393842
1.7929297158726767
1.7978048646504103
1.8009299600207527
1.8030550248725852
1.8058051087984863
1.8056801049836726
1.8046800744651632
1.8036800439466536
1.8006799523911254
1.7973048493911556
1.7925547044282357
1.7881795709097568
1.7820543839838863
1.775804193243202
1.7684289681691947
1.7606787316507462
1.7521784722434155
1.7429281899472029
1.733052888576922
1.7245526291695914
1.7138023010956145
1.7038019959105197
1.6939266945402387
1.6834263740958892
1.6733010650959808
1.6641757866145819
1.6539254737998597
1.6443001800592059
1.634424878688925
1.6265496383556628
1.6179243751335184
1.6100491348002564
1.6034239326151312
1.5974237495040742
1.5915485702078311
1.587298440504166
1.58404834131901
1.5810482497634815
1.578923184911649
1.5782981658375803
1.5782981658375803
1.5795482039857174
1.5824232917264323
1.5850483718375195
1.5905485396893215
1.5960487075411238
1.6021738944669943
1.6084240852076785
1.6167993408001955
1.6244245735038303
1.6326748252815333
1.6411750846888638
1.649050325022126
1.658550614947966
1.665300820947905
1.6721760307626576
1.6789262367625966
1.6835513779107028
1.6871764885402998
1.689426557206946
1.6906765953550829
1.6900515762810144
1.6881765190588092
1.6851764275032808
1.6800512710959197
1.6745511032441176
1.6669258705404828
1.658925626392407
1.6501753593554491
1.64105008087405
1.6309247718741418
1.6204244514297923
1.6109241615039522
1.6001738334299753
1.5900485244300668
1.5799232154301586
1.5704229255043185
1.56029761650441
1.5505473189489425
1.53892196417127
1.5262965788750877
1.5106711020233772
1.4941705984679707
1.4756700338755455
1.4562944425794244
1.4375438703573717
1.4197933286538287
1.4060429090243234
1.4004177373577074
1.4071679433576463
1.4277935728019044
1.4649197058015686
1.5201713919492172
1.5931736198004092
1.6824263435773796
1.7871795403912474
1.902558061464278
2.0158115176854765
2.1146895352031008
2.189066805017243
2.2315681020538958
2.2431934568315683
2.2106924649800104
2.1391902829065828
2.039187231055635
1.9238087099826044
1.80355504013184
1.6881765190588092
1.5845483565782648
1.4967956785790582
1.4294186223944823
1.3854172795800654
1.3615415509506514
1.3544163335062716
1.360541520432142
1.3746669515060885
1.3951675771355327
1.4209183629871518
1.4460441297647022
1.4710448927274393
1.4934205755790888
1.5129211706900234
1.5275466170232246
1.5399219946897795
1.5492972808008056
1.557797540208136
1.5651727652821437
1.5730480056154057
1.5797982116153446
1.5865484176152838
1.594298654133732
1.6021738944669943
1.6102991424298836
1.6197994323557239
1.629299722281564
1.638299996948149
1.6483003021332439
1.6580505996887114
1.6679259010589922
1.677551194799646
1.6880515152439954
1.6986768395031586
1.7079271217993715
1.717552415540025
1.7286777550584431
1.7376780297250283
1.7468033082064272
1.7559285866878263
1.7640538346507157
1.7716790673543503
1.778554277169103
1.7853044831690421
1.790054628131962
1.7948047730948822
1.7983048799096653
1.801554979094821
1.803930051576281
1.8053050935392316
1.8063051240577412
1.8044300668355358
1.8018049867244483
1.7994299142429884
1.7958048036133916
1.7911796624652854
1.7855544907986696
1.7798043153172398
1.7724290902432325
1.7653038727988526
1.757178624835963
1.7485533616138187
1.7390530716879788
1.7296777855769523
1.719927488021485
1.7093021637623218
1.699676870021668
1.6899265724662007
1.6803012787255471
1.6695509506515702
1.6599256569109164
1.6501753593554491
1.640675069429609
1.6314247871333964
1.622924527726066
1.6150492873928037
1.6079240699484236
1.6009238563188575
1.5950486770226142
1.590298532059694
1.5857983947264016
1.5822982879116183
1.5801732230597858
1.5784231696523943
1.5779231543931396
1.5787981810968352
1.5810482497634815
1.5826732993560595
1.5877984557634206
1.5920485854670858
1.59829877620777
1.6042989593188268
1.612174199652089
1.6202994476149783
1.628049684133427
1.6360499282815029
1.6443001800592059
1.653425458540605
1.660925687429426
1.6685509201330608
1.6753011261329998
1.6808012939848018
1.6851764275032808
1.6885515305032504
1.690301583910642
1.6905515915402693
1.6893015533921325
1.686676473281045
1.683051362651448
1.6778012024292734
1.6715510116885892
1.6639257789849544
1.656550553910947
1.647050263985107
1.6369249549851985
1.6265496383556628
1.6170493484298227
1.6069240394299142
1.5959237037263099
1.5857983947264016
1.5761731009857478
1.5667978148747217
1.5565475020599995
1.5459221778008363
1.5342968230231637
1.5201713919492172
1.5041709036530655
1.4864203619495224
1.468419812616352
1.4485442060609761
1.429918637653737
1.4136681417279582
1.4022927945799126
1.4015427716910305
1.4136681417279582
1.441043977172155
1.485420331431013
1.5477972350230413
1.628049684133427
1.7238026062807095
1.8330559404278695
1.9506845301675466
2.0583128147221292
2.1480655537583546
2.210567461165197
2.2401933652760397
2.23544322031312
2.1853166905728325
2.100939115573595
1.9934358348338268
1.8750572222052675
1.7556785790581988
1.6438001647999512
1.5462971892452775
1.466419751579333
1.408917996765038
1.3731669057283242
1.3564163945432905
1.356166386913663
1.36454164250618
1.3825421918393506
1.4060429090243234
1.4310436719870603
1.4565444502090519
1.4807951902829066
1.5017958311716058
1.5192963652455214
1.5324217658009582
1.5447971434675132
1.5530473952452162
1.5605476241340372
1.568547868282113
1.5751730704672384
1.5824232917264323
1.5897985168004394
1.5975487533188881
1.6057990050965911
1.6147992797631765
1.6230495315408795
1.6327998290963468
1.6420501113925596
1.6520504165776544
1.6626757408368176
1.6724260383922849
1.6824263435773796
1.6924266487624744
1.7023019501327556
1.712427259132664
1.7225525681325726
1.7329278847621081
1.741678151799066
1.7503034150212105
1.7594286935026096
1.7671789300210579
1.7745541550950652
1.7814293649098176
1.7873045442060609
1.7921796929837945
1.7974298532059694
1.800429944761498
1.8030550248725852
1.8045550706503495
1.8050550859096042
1.8046800744651632
1.8033050325022126
1.8010549638355662
1.7983048799096653
1.7935547349467453
1.7888045899838252
1.7841794488357188
1.7771792352061526
1.769929013946959
1.7624287850581377
1.7541785332804345
1.7450532547990356
1.7360529801324502
1.7258026673177282
1.7156773583178198
1.7059270607623525
1.695426740318003
1.6856764427625355
1.6754261299478135
1.666050843836787
1.655800531022065
1.6463002410962249
1.6369249549851985
1.6281746879482406
1.6196744285409101
1.612174199652089
1.6046739707632678
1.5990487990966522
1.5930486159855952
1.5882984710226753
1.5847983642078922
1.5815482650227364
1.5790481887264625
1.5782981658375803
1.5780481582079533
1.5786731772820215
1.5815482650227364
1.584423352763451
1.5897985168004394
1.594298654133732
1.6014238715781122
1.607049043244728
1.6147992797631765
1.6226745200964385
1.630799768059328
1.6391750236518448
1.6475502792443617
1.6561755424665061
1.6636757713553272
1.6710509964293345
1.6778012024292734
1.6824263435773796
1.6864264656514176
1.6889265419476913
1.6909266029847103
1.6900515762810144
1.6885515305032504
1.6860514542069764
1.6813013092440567
1.675551133762627
1.6686759239478743
1.6608006836146123
1.6524254280220954
1.6429251380962555
1.6332998443556017
1.6227995239112523
1.61254921109653
1.6027989135410627
1.592798608355968
1.5821732840968048
1.5724229865413375
1.5624226813562427
1.5519223609118933
1.5417970519119846
1.5290466628009889
1.5141712088381603
1.4981707205420087
1.4796701559495833
1.460794579912717
1.441418988616596
1.423668446913053
1.4091680043946653
1.4006677449873348
1.4040428479873044
1.4219183935056612
1.4552944120609148
1.5065459761345255
1.5751730704672384
1.6610506912442398
1.7623037812433242
1.876057252723777
1.9908107547227394
2.0936888943144014
2.1746913663136693
2.225067903683584
2.2438184759056368
2.2219428083132424
2.158565874202704
2.0643129978331856
1.9508095339823603
1.8318059022797326
1.7139273049104282
1.6064240241706595
1.5150462355418564
1.443294045838801
1.3936675313577687
1.3651666615802482
1.3547913449507127
1.3579164403210546
1.3710418408764915
1.3909174474318675
1.4144181646168401
1.4406689657277139
1.465544724875637
1.4889204382457961
1.508796044801172
1.5240465102084415
1.5374219183935056
1.5477972350230413
1.5560474868007448
1.5632977080599384
1.5711729483932007
1.5782981658375803
1.5850483718375195
1.592298593096713
1.6004238410596028
1.6085490890224923
1.6174243598742637
1.6267996459852903
1.6364249397259438
1.6455502182073427
1.655800531022065
1.666050843836787
1.6758011413922544
1.685926450392163
1.6959267555772577
1.7058020569475387
1.7158023621326335
1.7260526749473555
1.7356779686880093
1.7449282509842219
1.7535535142063663
1.7623037812433242
1.7704290292062137
1.7778042542802208
1.7834294259468366
1.7898046205023346
1.794054750206
1.7979298684652243
1.8009299600207527
1.8041800592059083
1.805555101168859
1.8054300973540451
1.8046800744651632
1.8026800134281442
1.8006799523911254
1.7965548265022737
1.7918046815393536
1.7873045442060609
1.7813043610950041
1.7740541398358105
1.7671789300210579
1.7596787011322368
1.7506784264656514
1.7415531479842525
1.732677877132481
1.7221775566881314
1.7123022553178504
1.7023019501327556
1.6919266335032197
1.681926328318125
1.6723010345774711
1.6623007293923764
1.6523004242072816
1.6433001495406965
1.633674855800043
1.6247995849482713
1.616924344615009
1.609424115726188
1.60304892117069
1.5965487228003785
1.5909235511337627
1.5870484328745385
1.5826732993560595
1.5805482345042268
1.5782981658375803
1.5780481582079533
1.5780481582079533
1.5799232154301586
1.5826732993560595
1.5865484176152838
1.590798547318949
1.5969237342448195
1.602673909726249
1.609799127170629
1.6177993713187049
1.6257996154667806
1.6340498672444839
1.6428001342814416
1.651050386059145
1.6590506302072208
1.6666758629108556
1.673676076540422
1.6796762596514787
1.684301400799585
1.6874264961699272
1.6900515762810144
1.6906765953550829
1.6899265724662007
1.6875514999847407
1.6844264046143986
1.6793012482070377
1.673676076540422
1.666050843836787
1.6584256111331521
1.6489253212073123
1.6393000274666587
1.6289247108371228
1.6196744285409101
1.6091741080965607
1.5994238105410932
1.5886734824671163
1.57929819635609
1.5690478835413677
1.559047578356273
1.548797265541551
1.5366718955046237
1.523796502578814
1.5085460371715445
1.4914205145420698
1.4730449537644583
1.4535443586535233
1.4345437788018434
1.417168248542741
1.404542863246559
1.4007927488021485
1.4091680043946653
1.4325437177648244
1.4727949461348309
1.5307967162083804
1.6065490279854733
1.6986768395031586
1.8053050935392316
1.9218086489455857
2.0330620441297644
2.1290649739066745
2.198567094943083
2.2353182164983063
2.2406933805352947
2.2005671559801017
2.1238148136845
2.0209366740928374
1.9048081301309243
1.7840544450209053
1.669675954466384
1.567797845393231
1.4840452894680625
1.420793359172338
1.3797921079134496
1.3599165013580736
1.3547913449507127
1.3627915890987885
1.3786670735801263
1.4001677297280801
1.4249184850611898
1.450919278542436
1.4747950071718496
1.497670705282754
1.5154212469862973
1.530171697134312
1.5422970671712395
1.5505473189489425
1.5592975859859004
1.567047822504349
1.5732980132450332
1.5807982421338542
1.5876734519486069
1.5955486922818691
1.6037989440595721
1.6115491805780204
1.6211744743186742
1.6306747642445143
1.640300057985168
1.6501753593554491
1.6603006683553576
1.6699259620960112
1.6798012634662924
1.6900515762810144
1.7000518814661092
1.710427198095645
1.7198024842066715
1.730302804651021
1.7396780907620473
1.7486783654286326
1.7576786400952178
1.76555388042848
1.7735541245765558
1.7799293191320538
1.7861795098727378
1.7913046662800989
1.7959298074282053
1.7999299295022433
1.8030550248725852
1.8043050630207222
1.8053050935392316
1.8044300668355358
1.8036800439466536
1.8016799829096348
1.7986798913541064
1.7953047883541369
1.790054628131962
1.784929471724601
1.778179265724662
1.771429059724723
1.7641788384655293
1.7556785790581988
1.7463032929471725
1.7381780449842832
1.7280527359843745
1.7185524460585346
1.708052125614185
1.697801812799463
1.6876765037995543
1.6776761986144597
1.6678008972441787
1.6580505996887114
1.6476752830591754
1.63867500839259
1.6299247413556321
1.6210494705038605
1.6135492416150394
1.6059240089114046
1.6000488296151616
1.5939236426892909
1.5890484939115572
1.5851733756523332
1.5821732840968048
1.5801732230597858
1.5782981658375803
1.5781731620227668
1.5784231696523943
1.5819232764671776
1.5841733451338236
1.5881734672078616
1.592798608355968
1.598673787652211
1.6056740012817774
1.613799249244667
1.620924466689047
1.62917471846675
1.6374249702444532
1.6469252601702933
1.6540504776146734
1.6620507217627492
1.6698009582811977
1.6766761680959503
1.681551316873684
1.6858014465773492
1.6889265419476913
1.6901765800958282
1.6904265877254554
1.6888015381328776
1.6868014770958586
1.6820513321329387
1.6768011719107638
1.6703009735404524
1.6623007293923764
1.6541754814294871
1.6448001953184606
1.635924924466689
1.6242995696890163
1.6146742759483628
1.6044239631336406
1.594673665578173
1.5841733451338236
1.57454805139317
1.5647977538377027
1.5542974333933532
1.5435471053193763
1.5317967467268898
1.5169212927640614
1.5009208044679097
1.4829202551347391
1.4642946867275002
1.4446690878017519
1.427168553727836
1.410543046357616
1.4015427716910305
1.4026678060243538
1.4179182714316232
1.4485442060609761
1.4969206823938719
1.5627976928006837
1.6458002258369702
1.7450532547990356
1.8575566881313517
1.9730602130191963
2.0786884365367597
2.164441053498947
2.219317728202155
2.242193426313059
2.2284430066835537
2.170691244239632
2.079938474684896
1.969560106204413
1.8499314554277169
1.7315528427991578
1.62204950102237
1.5277966246528518
1.452919339579455
1.3992927030243845
1.3681667531357768
1.3555413678395947
1.3572914212469864
1.3681667531357768
1.3871673329874568
1.4107930539872433
1.436293832209235
1.4619196142460402
1.485295327616199
1.5065459761345255
1.522171452986236
1.5351718497268594
1.5466722006897184
1.554797448652608
1.5626726889858698
1.5695478988006226
1.5772981353190711
1.5835483260597554
1.5910485549485762
1.599173802911466
1.6080490737632376
1.616549333170568
1.6255496078371532
1.6347998901333658
1.6443001800592059
1.6550505081331828
1.6643007904293954
1.6743010956144901
1.6848014160588396
1.6949267250587483
1.704177007354961
1.7148023316141239
1.7249276406140324
1.7346779381694999
1.743678212836085
1.7528034913174841
1.761928769798883
1.7690539872432631
1.7763042085024567
1.782554399243141
1.7879295632801295
1.7933047273171179
1.7974298532059694
1.8009299600207527
1.8036800439466536
1.8050550859096042
1.8049300820947904
1.805180089724418
1.802805017242958
1.800804956205939
1.7979298684652243
1.7929297158726767
1.7878045594653156
1.7818043763542588
1.7753041779839474
1.7681789605395672
1.7605537278359324
1.752053468428602
1.7429281899472029
1.733052888576922
1.723552598651082
1.7133022858363598
1.7035519882808923
1.6939266945402387
1.683051362651448
1.6729260536515398
1.6630507522812585
1.653425458540605
1.6434251533555102
1.6352999053926207
1.6259246192815942
1.6176743675038912
1.6102991424298836
1.6039239478743859
1.5977987609485154
1.5914235663930174
1.5875484481337934
1.5836733298745689
1.5806732383190405
1.5790481887264625
1.5785481734672078
1.5774231391338847
1.5797982116153446
1.5817982726523636
1.5857983947264016
1.5905485396893215
1.5960487075411238
1.6027989135410627
1.609424115726188
1.6166743369853815
1.6244245735038303
1.6330498367259743
1.6414250923184912
1.6498003479110082
1.6579255958738974
1.666050843836787
1.673176061281167
1.6784262215033416
1.6834263740958892
1.6873014923551135
1.6899265724662007
1.6906765953550829
1.6899265724662007
1.688301522873623
1.6853014313180945
1.6798012634662924
1.6744260994293039
1.66717587817011
1.6588006225775933
1.6498003479110082
1.640675069429609
1.630049745170446
1.6200494399853511
1.6102991424298836
1.6001738334299753
1.5896735129856259
1.5794232001709037
1.5700479140598773
1.56029761650441
1.5501723075045015
1.53892196417127
1.5255465559862058
1.5101710867641225
1.4940455946531572
1.4755450300607318
1.456044434949797
1.4365438398388624
1.419668324839015
1.4056678975798824
1.4004177373577074
1.4074179509872737
1.4292936185796687
1.4667947630237739
1.52229645680105
1.5960487075411238
1.6864264656514176
1.7910546586504716
1.9066831873531296
2.0193116245002596
2.117439619129002
2.1906918546098213
2.232193121127964
2.2424434339426864
2.2086924039429916
2.1360651875362406
2.03493710135197
1.9199335917233802
1.799554918057802
1.6841763969847714
1.5805482345042268
1.4939205908383435
1.4274185613574633
1.3839172338023011
1.3610415356913967
1.3540413220618306
1.3606665242469558
1.375666982024598
1.3967926267281106
1.421293374431593
1.4471691640980255
1.471544907986694
1.4944206060975982
1.5131711783196509
1.5282966399121067
1.5399219946897795
1.5499222998748743
1.5584225592822047
1.5655477767265848
1.5727979979857785
1.5799232154301586
1.5865484176152838
1.5944236579485458
1.6027989135410627
1.6109241615039522
1.6204244514297923
1.6294247260963775
1.6385500045777766
1.6483003021332439
1.6584256111331521
1.6683009125034334
1.6788012329477828
1.6886765343180639
1.6986768395031586
1.708052125614185
1.7185524460585346
1.7285527512436292
1.7379280373546557
1.7469283120212409
1.7558035828730125
1.7644288460951567
1.7719290749839778
1.7779292580950348
1.784929471724601
1.7904296395764032
1.7949297769096957
1.7991799066133611
1.8019299905392623
1.8038050477614673
1.805555101168859
1.8058051087984863
1.8044300668355358
1.8019299905392623
1.7991799066133611
1.7949297769096957
1.7908046510208442
1.7850544755394149
1.7791792962431716
1.7725540940580462
1.7654288766136663
1.7569286172063356
1.7486783654286326
1.7395530869472335
1.7299277932065797
1.7194274727622303
1.7094271675771355
1.6995518662068545
1.6898015686513872
1.6794262520218513
1.6694259468367565
1.6593006378368482
1.6496753440961944
1.640300057985168
1.6309247718741418
1.6222995086519973
1.614549272133549
1.6071740470595417
1.6015488753929257
1.5952986846522417
1.5896735129856259
1.5866734214300973
1.5825482955412458
1.5799232154301586
1.5785481734672078
1.5785481734672078
1.5794232001709037
1.5799232154301586
1.5835483260597554
1.5870484328745385
1.5920485854670858
1.5985487838373975
1.6045489669484543
1.6115491805780204
1.6192994170964692
1.6279246803186131
1.6357999206518754
1.6448001953184606
1.6530504470961638
1.6614257026886807
1.6686759239478743
1.6758011413922544
1.6809262977996156
1.684676412244026
1.6884265266884364
1.6901765800958282
1.6901765800958282
1.6898015686513872
1.6868014770958586
1.683051362651448
1.677551194799646
1.6721760307626576
1.6639257789849544
1.6556755272072514
1.6466752525406658
1.6367999511703848
1.6267996459852903
1.6167993408001955
1.6066740318002868
1.5964237189855648
1.5861734061708426
1.5761731009857478
1.5664228034302805
1.5565475020599995
1.5462971892452775
1.5346718344676047
1.5207964110232857
1.5042959074678794
1.4869203772087771
1.4680448011719107
1.4491692251350443
1.4301686452833644
1.4146681722464676
1.4024177983947264
1.4015427716910305
1.4130431226538895
1.440293954283273
1.4847953123569444
1.5465471968749047
1.6267996459852903
1.7223025605029452
1.8323059175389873
1.9479344462416457
2.056937772759179
2.147440534684286
2.210067445905942
2.2399433576464127
2.2355682241279338
2.1860667134617144
2.1021891537217323
1.993810846278268
1.8758072450941496
1.7565536057618945
1.6438001647999512
1.5462971892452775
1.467169774468215
1.4099180272835474
1.3736669209875791
1.3567914059877317
1.3556663716544084
1.3646666463209938
1.3827921994689778
1.4055428937650685
1.4307936643574328
1.4566694540238656
1.4809201940977201
1.5017958311716058
1.5192963652455214
1.5331717886898404
1.5441721243934445
1.55317239906003
1.5607976317636647
1.5691728873561817
1.5755480819116796
1.5824232917264323
1.5895485091708121
1.5972987456892607
1.60542399365215
1.6144242683187355
1.6237995544297616
1.6337998596148564
1.6421751152073734
1.6521754203924681
1.6621757255775629
1.6720510269478437
1.6825513473921934
1.6928016602069156
1.702176946317942
1.712802270577105
1.7228025757621999
1.7320528580584125
1.7410531327249978
1.7505534226508377
1.759553697317423
1.7676789452803126
1.7748041627246927
1.7813043610950041
1.786554521317179
1.7918046815393536
1.7965548265022737
1.8000549333170568
1.8029300210577714
1.8046800744651632
1.8058051087984863
1.8049300820947904
1.8038050477614673
1.8013049714651936
1.7978048646504103
1.7938047425763726
1.790054628131962
1.7830544145023959
1.7768042237617114
1.769804010132145
1.7621787774285103
1.7538035218359938
1.7444282357249672
1.735302957243568
1.7255526596881008
1.7159273659474472
1.7051770378734703
1.6953017365031893
1.685051423688467
1.675176122318186
1.6656758323923462
1.655425519577624
1.6458002258369702
1.6367999511703848
1.628049684133427
1.6191744132816552
1.6116741843928344
1.6045489669484543
1.5985487838373975
1.592798608355968
1.588423474837489
1.5842983489486373
1.5807982421338542
1.57929819635609
1.5780481582079533
1.5780481582079533
1.578923184911649
1.5819232764671776
1.5851733756523332
1.5892985015411847
1.5945486617633595
1.6007988525040437
1.6077990661336101
1.61492428357799
1.623299539170507
1.6310497756889553
1.6393000274666587
1.6486753135776848
1.6564255500961331
1.6643007904293954
1.6724260383922849
1.677551194799646
1.6825513473921934
1.6865514694662314
1.689051545762505
1.690301583910642
1.6900515762810144
1.688301522873623
1.6853014313180945
1.6808012939848018
1.675676137577441
1.6686759239478743
1.6608006836146123
1.6523004242072816
1.6424251228370008
1.6329248329111608
1.6222995086519973
1.6124242072817165
1.6025489059114353
1.5921735892818996
1.5814232612079226
1.5720479750968963
1.5620476699118016
1.5517973570970793
1.541672048097171
1.528671651356548
1.5140462050233467
1.4974206976531268
1.479045136875515
1.460044557023835
1.4409189733573413
1.4232934354686118
1.4082929776909696
1.4004177373577074
1.4046678670613728
1.4227934202093568
1.4565444502090519
1.5082960295419172
1.5780481582079533
1.6641757866145819
1.7660538956877345
1.879682363353374
1.9944358653523362
2.097189001129185
2.176691427350688
2.2258179265724665
2.2439434797204507
2.220317758720664
2.155440778832362
2.0605628833887755
1.9470594195379498
1.826930753501999
1.7096771752067628
1.60304892117069
1.51279616687521
1.441043977172155
1.3920424817651906
1.3646666463209938
1.3547913449507127
1.3579164403210546
1.3711668446913052
1.3914174626911222
1.4154181951353497
1.4405439619129004
1.4662947477645192
1.4891704458754236
1.5094210638752406
1.52467152928251
1.5370469069490644
1.547547227393414
1.5562974944303722
1.563797723319193
1.5714229560228279
1.5782981658375803
1.585298379467147
1.592798608355968
1.6005488448744163
1.6086740928373058
1.6181743827631458
1.6269246498001038
1.636674947355571
1.6466752525406658
1.6561755424665061
1.6659258400219734
1.6766761680959503
1.6860514542069764
1.6964267708365124
1.7058020569475387
1.7161773735770747
1.7264276863917967
1.735802972502823
1.7451782586138493
1.754428540910062
1.7624287850581377
1.7696790063173315
1.7774292428357799
1.7834294259468366
1.7893046052430799
1.7946797692800684
1.7985548875392925
1.8016799829096348
1.8038050477614673
1.804805078279977
1.8054300973540451
1.8045550706503495
1.8025550096133305
1.7999299295022433
1.7956797997985778
1.7918046815393536
1.787679555650502
1.7820543839838863
1.7740541398358105
1.7670539262062441
1.7594286935026096
1.7501784112063965
1.7408031250953704
1.7321778618732262
1.7223025605029452
1.7119272438734092
1.702176946317942
1.691051606799524
1.6818013245033114
1.671676015503403
1.6624257332071901
1.6520504165776544
1.6421751152073734
1.6332998443556017
1.6242995696890163
1.6162993255409406
1.6076740623187964
1.6017988830225531
1.5960487075411238
1.5914235663930174
1.5870484328745385
1.5834233222449416
1.580048219244972
1.5786731772820215
1.5784231696523943
1.5784231696523943
1.5801732230597858
1.5817982726523636
1.5866734214300973
1.5912985625782037
1.597173741874447
1.60304892117069
1.6107991576891385
1.6176743675038912
1.6255496078371532
1.6341748710592976
1.6428001342814416
1.651800408948027
1.6595506454664755
1.66717587817011
1.6739260841700492
1.6798012634662924
1.6841763969847714
1.6876765037995543
1.6900515762810144
1.6909266029847103
1.6896765648365732
1.6875514999847407
1.6838013855403302
1.6790512405774103
1.6726760460219123
1.665300820947905
1.6575505844294565
1.6484253059480574
1.6389250160222175
1.6287997070223093
1.6187994018372145
1.6084240852076785
1.5977987609485154
1.588423474837489
1.5781731620227668
1.5679228492080448
1.5585475630970183
1.5486722617267374
1.5370469069490644
1.5231714835047456
1.5080460219122898
1.4911705069124424
1.4734199652088993
1.454169377727592
1.4347937864314706
1.4170432447279275
1.4047928708761863
1.4005427411725213
1.4095430158391065
1.4331687368388928
1.4741699880977814
1.5326717734305857
1.6084240852076785
1.700551896725364
1.8076801660206916
1.923558702352977
2.034812097537156
2.1295649891659294
2.1990671102023374
2.2360682393871887
2.2403183690908537
2.201317178868984
2.1231897946104312
2.019061616870632
1.9016830347605824
1.7820543839838863
1.6678008972441787
1.5671728263191627
1.483420270393994
1.4194183172093875
1.379292092654195
1.3595414899136324
1.3555413678395947
1.3622915738395336
1.3779170506912441
1.4004177373577074
1.425543504135258
1.4507942747276223
1.4756700338755455
1.4977957090975678
1.515796258430738
1.530546708578753
1.5414220404675436
1.5514223456526384
1.5595475936155279
1.56742283394879
1.5735480208746606
1.5801732230597858
1.5876734519486069
1.5955486922818691
1.6037989440595721
1.61254921109653
1.6215494857631152
1.6302997528000733
1.6401750541703544
1.6500503555406356
1.659800653096103
1.6704259773552659
1.679926267281106
1.6901765800958282
1.700176885280923
1.7105522019104589
1.7203024994659262
1.730302804651021
1.7396780907620473
1.7489283730582599
1.757553636280404
1.76555388042848
1.7736791283913693
1.7798043153172398
1.7858044984282968
1.7911796624652854
1.7953047883541369
1.7991799066133611
1.8023050019837032
1.8041800592059083
1.8053050935392316
1.8050550859096042
1.8029300210577714
1.8019299905392623
1.79880489516892
1.7948047730948822
1.7899296243171485
1.7846794640949737
1.778679280983917
1.7713040559099094
1.7645538499099704
1.7563035981322672
1.7471783196508683
1.7380530411694692
1.7278027283547472
1.7176774193548388
1.7083021332438124
1.698176824243904
1.6885515305032504
1.678676229132969
1.6679259010589922
1.6581756035035249
1.6481752983184301
1.6391750236518448
1.630049745170446
1.621299478133488
1.613424237800226
1.6067990356151007
1.5992988067262794
1.5939236426892909
1.589923520615253
1.5854233832819604
1.5824232917264323
1.5797982116153446
1.5785481734672078
1.5775481429486986
1.5786731772820215
1.5814232612079226
1.5846733603930783
1.587923459578234
1.5935486312448501
1.599173802911466
1.6056740012817774
1.6130492263557847
1.6210494705038605
1.629299722281564
1.637549974059267
1.6456752220221567
1.653800469985046
1.662800744651631
1.6698009582811977
1.6766761680959503
1.6814263130588702
1.6856764427625355
1.6885515305032504
1.690301583910642
1.6904265877254554
1.6891765495773186
1.6869264809106725
1.6821763359477524
1.6768011719107638
1.6705509811700798
1.6631757560960723
1.6550505081331828
1.6445501876888333
1.6354249092074344
1.6250495925778985
1.6151742912076175
1.6045489669484543
1.594673665578173
1.5841733451338236
1.5744230475783563
1.56504776146733
1.5541724295785393
1.544422132023072
1.5321717581713308
1.5175463118381298
1.5017958311716058
1.4839202856532487
1.4649197058015686
1.4455441145054475
1.4277935728019044
1.4114180730613117
1.4019177831354717
1.40254280220954
1.416418225653859
1.4466691488387708
1.4941705984679707
1.559797601245155
1.6425501266518143
1.7400531022064882
1.8519315164647359
1.9673100375377666
2.0746883144627217
2.1601909237952817
2.2179426862392044
2.242068422498245
2.229568041016877
2.174816370128483
2.0858136539811394
1.9754352855006563
1.8560566423535876
1.7369280068361461
1.6287997070223093
1.532546769615772
1.4562944425794244
1.401792779320658
1.3697918027283549
1.3559163792840356
1.3556663716544084
1.3676667378765222
1.3861673024689474
1.4094180120242927
1.4352938016907255
1.4609195837275306
1.484670308542131
1.5054209418012026
1.5211714224677266
1.5347968382824184
1.546422193060091
1.5545474410229805
1.5621726737266153
1.570547929319132
1.57692312387463
1.582923306985687
1.5911735587633902
1.5984237800225838
1.6069240394299142
1.6157993102816859
1.6254246040223395
1.6345498825037386
1.6438001647999512
1.6536754661702324
1.6634257637256997
1.6738010803552354
1.683926389355144
1.6940516983550522
1.704052003540147
1.7138023010956145
1.723552598651082
1.7333028962065493
1.7431781975768303
1.7530534989471116
1.76080373546556
1.767803949095126
1.7760542008728295
1.7823043916135137
1.7878045594653156
1.7930547196874904
1.7965548265022737
1.8018049867244483
1.8033050325022126
1.8049300820947904
1.8053050935392316
1.8050550859096042
1.8036800439466536
1.800804956205939
1.7970548417615282
1.7934297311319314
1.7874295480208746
1.7823043916135137
1.776179204687643
1.7684289681691947
1.7611787469100009
1.7521784722434155
1.743303201391644
1.734302926725059
1.724302621539964
1.7139273049104282
1.7038019959105197
1.6961767632068852
1.684301400799585
1.6741760917996766
1.6639257789849544
1.6541754814294871
1.6440501724295786
1.6357999206518754
1.6267996459852903
1.6181743827631458
1.6102991424298836
1.6034239326151312
1.5970487380596332
1.592298593096713
1.5875484481337934
1.58404834131901
1.5811732535782954
1.5797982116153446
1.5780481582079533
1.5782981658375803
1.579673207800531
1.582048280281991
1.586048402356029
1.5897985168004394
1.5956736960966826
1.6019238868373669
1.6082990813928648
1.6161743217261269
1.6241745658742028
1.6319248023926511
1.6408000732444226
1.6501753593554491
1.6575505844294565
1.665300820947905
1.6726760460219123
1.6789262367625966
1.683051362651448
1.687051484725486
1.6895515610217597
1.6904265877254554
1.690301583910642
1.6876765037995543
1.684676412244026
1.679926267281106
1.6743010956144901
1.6681759086886196
1.6596756492812892
1.6511753898739585
1.6414250923184912
1.631174779503769
1.6214244819483017
1.6111741691335797
1.6004238410596028
1.590423535874508
1.5811732535782954
1.5709229407635732
1.5615476546525469
1.5510473342081972
1.5399219946897795
1.5267965941343424
1.5116711325418866
1.4957956480605488
1.4751700186162908
1.4577944883571887
1.4385439008758814
1.4206683553575243
1.4062929166539506
1.4009177526169623
1.4066679280983916
1.4266685384685813
1.4639196752830592
1.5172963042085024
1.590423535874508
1.6781762138737144
1.782554399243141
1.8975579088717307
2.0111863765373696
2.1119394512771996
2.1871917477950378
2.231193090609455
2.2433184606463823
2.212067506942961
2.1431904049806207
2.043687368388928
1.9283088473158971
1.80830518509476
1.6921766411328472
1.5870484328745385
1.4992957548753318
1.4320437025055697
1.3864173100985748
1.3619165623950926
1.3551663563951537
1.3599165013580736
1.3741669362468338
1.3952925809503465
1.4197933286538287
1.4455441145054475
1.469919858394116
1.4927955565050204
1.511921140171514
1.5264215826899015
1.5391719718008974
1.5489222693563647
1.5576725363933226
1.56504776146733
1.5720479750968963
1.5801732230597858
1.5862984099856563
1.594298654133732
1.6021738944669943
1.6102991424298836
1.6195494247260964
1.628424695577868
1.6385500045777766
1.6480502945036166
1.6579255958738974
1.667300881984924
1.6773011871700187
1.6881765190588092
1.697801812799463
1.7075521103549303
1.7174274117252115
1.7286777550584431
1.7375530259102145
1.7470533158360546
1.7556785790581988
1.7634288155766473
1.7713040559099094
1.7790542924283579
1.7844294564653462
1.7894296090578936
1.7951797845393231
1.79880489516892
1.8019299905392623
1.803930051576281
1.8049300820947904
1.805555101168859
1.8045550706503495
1.8021799981688895
1.7993049104281746
1.7958048036133916
1.7906796472060307
1.7859295022431105
1.7799293191320538
1.7730541093173011
1.765928891872921
1.757553636280404
1.7488033692434461
1.7400531022064882
1.7296777855769523
1.7201774956511124
1.710802209540086
1.699676870021668
1.690301583910642
1.6800512710959197
1.670050965910825
1.6600506607257304
1.6504253669850764
1.640300057985168
1.6319248023926511
1.622924527726066
1.61492428357799
1.607049043244728
1.6007988525040437
1.595173680837428
1.5910485549485762
1.5856733909115879
1.5827983031708732
1.5801732230597858
1.5784231696523943
1.5780481582079533
1.5785481734672078
1.5804232306894133
1.5837983336893826
1.5874234443189794
1.592423596911527
1.5977987609485154
1.6039239478743859
1.6115491805780204
1.6190494094668417
1.6274246650593585
1.635549913022248
1.6440501724295786
1.6530504470961638
1.6608006836146123
1.6684259163182469
1.6754261299478135
1.680676290169988
1.6844264046143986
1.6881765190588092
1.6900515762810144
1.690301583910642
1.6895515610217597
1.6871764885402998
1.6834263740958892
1.6785512253181556
1.6720510269478437
1.664925809503464
1.6560505386516924
1.6468002563554796
1.6370499588000123
1.6270496536149175
1.6171743522446362
1.6056740012817774
1.5964237189855648
1.5867984252449112
1.5762981048005615
1.5666728110599077
1.556797509689627
1.5466722006897184
1.5344218268379772
1.5211714224677266
1.504420911282693
1.4880454115421002
1.4691698355052338
1.449669240394299
1.4317936948759424
1.4144181646168401
1.4030428174687948
1.4015427716910305
1.4125431073946348
1.4397939390240182
1.4832952665791803
1.544047120578631
1.6224245124668113
1.7189274575029754
1.8285558030945768
1.9440593279824212
2.053187658314768
2.1439404278695027
2.2086924039429916
2.239443342387158
2.2361932432020017
2.1883167821283607
2.105064241462447
1.9988109988708151
1.8803073824274423
1.7611787469100009
1.6484253059480574
1.5491722769859921
1.4692948393200476
1.4107930539872433
1.3742919400616473
1.3585414593951233
1.3569164098025452
1.3646666463209938
1.3817921689504684
1.4047928708761863
1.4291686147648548
1.4550444044312876
1.4797951597643972
1.5009208044679097
1.5184213385418257
1.5319217505417035
1.5432970976897489
1.552797387615589
1.5607976317636647
1.5686728720969267
1.574923062837611
1.58167326883755
1.5897985168004394
1.5969237342448195
1.6049239783928952
1.614174260689108
1.6224245124668113
1.6321748100222786
1.641925107577746
1.6521754203924681
1.6615507065034945
1.6720510269478437
1.6818013245033114
1.6920516373180334
1.701801934873501
1.7116772362437818
1.7224275643177587
1.731427838984344
1.741303140354625
1.750428418836024
1.7589286782433546
1.7670539262062441
1.7739291360209968
1.7811793572801906
1.7870545365764336
1.7923046967986085
1.7961798150578325
1.8010549638355662
1.802805017242958
1.804805078279977
1.8050550859096042
1.804805078279977
1.803180028687399
1.801554979094821
1.7980548722800378
1.794054750206
1.788929593798639
1.7844294564653462
1.7771792352061526
1.7704290292062137
1.7626787926877652
1.7528034913174841
1.745678273873104
1.735802972502823
1.7260526749473555
1.7161773735770747
1.705677053132725
1.6951767326883755
1.6856764427625355
1.6758011413922544
1.6661758476516009
1.6555505233924375
1.6466752525406658
1.6369249549851985
1.6282996917630543
1.6200494399853511
1.612174199652089
1.6046739707632678
1.598798791467025
1.5929236121707817
1.588423474837489
1.5847983642078922
1.5826732993560595
1.57929819635609
1.5784231696523943
1.5777981505783258
1.57929819635609
1.58167326883755
1.5846733603930783
1.58879848628193
1.594798669392987
1.6001738334299753
1.6076740623187964
1.6147992797631765
1.6225495162816248
1.630799768059328
1.6393000274666587
1.6481752983184301
1.6561755424665061
1.6641757866145819
1.6715510116885892
1.677551194799646
1.6829263588366346
1.685926450392163
1.6889265419476913
1.6904265877254554
1.6909266029847103
1.688301522873623
1.6856764427625355
1.6813013092440567
1.675676137577441
1.6684259163182469
1.6610506912442398
1.6521754203924681
1.6429251380962555
1.6329248329111608
1.6231745353556932
1.6130492263557847
1.6017988830225531
1.592298593096713
1.5824232917264323
1.57217297891171
1.5625476851710562
1.5532974028748436
1.541672048097171
1.5287966551713614
1.5145462202826014
1.4981707205420087
1.4795451521347698
1.4597945493942077
1.4415439924314097
1.4240434583574937
1.4081679738761559
1.4005427411725213
1.4042928556169316
1.4221684011352886
1.4559194311349835
1.5077960142826623
1.5762981048005615
1.6634257637256997
1.7650538651692254
1.8789323404644918
1.993810846278268
2.097063997314371
2.1765664235358746
2.2260679342020935
2.243443464461196
2.220567766350291
2.1565658131656846
2.0609378948332164
1.9475594347972045
1.8274307687612537
1.7101771904660177
1.6035489364299447
1.5121711478011413
1.4412939848017823
1.391917477950377
1.3650416577654347
1.35504135258034
1.3585414593951233
1.3724168828394423
1.3914174626911222
1.4156682027649772
1.4406689657277139
1.466419751579333
1.489795464949492
1.5092960600604266
1.5247965330973237
1.5390469679860834
1.5485472579119235
1.5564224982451857
1.5640477309488205
1.5711729483932007
1.5782981658375803
1.584423352763451
1.592798608355968
1.6005488448744163
1.6085490890224923
1.6182993865779596
1.6259246192815942
1.6365499435407576
1.6463002410962249
1.655800531022065
1.6659258400219734
1.6760511490218817
1.686676473281045
1.6964267708365124
1.70617706839198
1.7169273964659566
1.7269277016510514
1.735802972502823
1.7451782586138493
1.754428540910062
1.7625537888729514
1.771429059724723
1.7775542466505936
1.7834294259468366
1.7891796014282664
1.794429761650441
1.7980548722800378
1.8010549638355662
1.8034300363170261
1.8050550859096042
1.8053050935392316
1.8045550706503495
1.8025550096133305
1.8001799371318705
1.7959298074282053
1.792054689168981
1.7873045442060609
1.7810543534653769
1.774304147465438
1.7676789452803126
1.7586786706137274
1.750053407391583
1.7415531479842525
1.7316778466139713
1.721927549058504
1.7116772362437818
1.702176946317942
1.6918016296884062
1.681551316873684
1.6719260231330302
1.6615507065034945
1.6513003936887722
1.641925107577746
1.633174840540788
1.6242995696890163
1.6164243293557543
1.6095491195410014
1.6027989135410627
1.596673726615192
1.5909235511337627
1.5869234290597247
1.5830483108005005
1.5799232154301586
1.5787981810968352
1.5777981505783258
1.5781731620227668
1.580048219244972
1.5825482955412458
1.5865484176152838
1.5912985625782037
1.597173741874447
1.6032989288003174
1.6096741233558154
1.6180493789483323
1.6262996307260353
1.634299874874111
1.642675130466628
1.6516754051332134
1.6595506454664755
1.6670508743552965
1.6743010956144901
1.6804262825403606
1.684676412244026
1.6878015076143682
1.6898015686513872
1.6904265877254554
1.6899265724662007
1.687051484725486
1.684301400799585
1.6785512253181556
1.6729260536515398
1.665300820947905
1.6570505691702018
1.6483003021332439
1.6385500045777766
1.6289247108371228
1.618924405652028
1.6082990813928648
1.59829877620777
1.5876734519486069
1.5780481582079533
1.568172856837672
1.5575475325785089
1.5485472579119235
1.53654689168981
1.5225464644306772
1.507546006653035
1.4902954802087467
1.4709198889126254
1.452544328135014
1.4336687520981475
1.4169182409131138
1.4041678518021181
1.4006677449873348
1.4100430310983612
1.4336687520981475
1.475045014801477
1.533671803949095
1.610549150059511
1.7031769768364513
1.8109302652058474
1.9263087862788781
2.0373121738334303
2.1316900540177617
2.2006921597949156
2.2363182470168157
2.2400683614612262
2.198567094943083
2.1208147221289715
2.0165615405743584
1.899057954649495
1.7793043000579851
1.6655508285775322
1.5645477462080752
1.4807951902829066
1.4185432905056918
1.37879207739494
1.3586664632099368
1.3535413068025757
1.3624165776543475
1.3786670735801263
1.4009177526169623
1.4260435193945127
1.451794305246132
1.4757950376903592
1.498045716727195
1.515796258430738
1.5311717276528216
1.5425470748008667
1.5514223456526384
1.5601726126895963
1.5672978301339764
1.5741730399487288
1.5810482497634815
1.588423474837489
1.5957986999114964
1.6040489516891996
1.61254921109653
1.6207994628742333
1.6301747489852596
1.6404250617999818
1.6508003784295175
1.6599256569109164
1.6709259926145208
1.6794262520218513
1.6909266029847103
1.699801873836482
1.7105522019104589
1.7214275337992493
1.7309278237250891
1.739803094576861
1.7485533616138187
1.7579286477248453
1.7653038727988526
1.7730541093173011
1.7799293191320538
1.7859295022431105
1.7913046662800989
1.7956797997985778
1.8006799523911254
1.8025550096133305
1.8045550706503495
1.805555101168859
1.8058051087984863
1.803930051576281
1.8016799829096348
1.7985548875392925
1.7945547654652547
1.7901796319467758
1.78455446028016
1.778179265724662
1.7713040559099094
1.7640538346507157
1.755178563798944
1.7461782891323587
1.7370530106509599
1.7275527207251198
1.7176774193548388
1.7086771446882534
1.6970517899105808
1.6876765037995543
1.6778012024292734
1.667300881984924
1.6574255806146427
1.6480502945036166
1.6380499893185219
1.6301747489852596
1.6204244514297923
1.6130492263557847
1.6055489974669637
1.5996738181707206
1.5939236426892909
1.5891734977263712
1.5850483718375195
1.5814232612079226
1.5794232001709037
1.5780481582079533
1.5781731620227668
1.5791731925412764
1.5811732535782954
1.58404834131901
1.5881734672078616
1.5941736503189183
1.599548814355907
1.6060490127262186
1.6132992339854122
1.620924466689047
1.6290497146519365
1.637549974059267
1.647050263985107
1.655800531022065
1.6631757560960723
1.6703009735404524
1.6769261757255778
1.6824263435773796
1.6854264351329082
1.6888015381328776
1.6901765800958282
1.6905515915402693
1.6891765495773186
1.6869264809106725
1.6818013245033114
1.6765511642811366
1.6698009582811977
1.6619257179479354
1.6533004547257912
1.6444251838740198
1.6341748710592976
1.6247995849482713
1.6139242530594806
1.602673909726249
1.5937986388744774
1.5835483260597554
1.5740480361339153
1.5639227271340068
1.554672444837794
1.5437971129490036
1.5309217200231942
1.5164212775048067
1.5009208044679097
1.4817952208014162
1.4632946562089908
1.4441690725424972
1.4260435193945127
1.4106680501724296
1.4011677602465895
1.4027928098391673
1.4185432905056918
1.450544267097995
1.499670766319773
1.566297799615467
1.6501753593554491
1.7499284035767695
1.8628068483535265
1.9780603656117435
2.08243855098117
2.1670661336100348
2.221067781609546
2.2433184606463823
2.2264429456465344
2.16656611835078
2.075563341166417
1.9636849269081698
1.8438062685018464
1.7256776635029145
1.616924344615009
1.5231714835047456
1.4499192480239265
1.3972926419873655
1.3671667226172672
1.3557913754692221
1.3582914517654958
1.3696667989135412
1.388667378765221
1.4116680806909392
1.4379188818018127
1.4636696676534318
1.4864203619495224
1.506795983764153
1.5231714835047456
1.5357968688009278
1.5462971892452775
1.55554747154149
1.5631727042451247
1.5709229407635732
1.5772981353190711
1.584423352763451
1.5914235663930174
1.5996738181707206
1.6077990661336101
1.6164243293557543
1.625174596392712
1.6352999053926207
1.6448001953184606
1.655425519577624
1.66480080568865
1.6748011108737448
1.6849264198736535
1.6950517288735618
1.7050520340586566
1.7149273354289376
1.724302621539964
1.7344279305398724
1.7440532242805262
1.7534285103915526
1.7616787621692556
1.7688039796136357
1.776679219946898
1.7830544145023959
1.7886795861690117
1.7935547349467453
1.7981798760948515
1.8013049714651936
1.8033050325022126
1.805180089724418
1.8053050935392316
1.8050550859096042
1.803180028687399
1.8011799676503801
1.7963048188726465
1.7928047120578632
1.7870545365764336
1.7819293801690725
1.7753041779839474
1.768303964354381
1.7603037202063052
1.7514284493545336
1.7426781823175757
1.7325528733176672
1.7230525833918273
1.7130522782067326
1.7035519882808923
1.6925516525772883
1.683051362651448
1.6730510574663533
1.6631757560960723
1.6520504165776544
1.6438001647999512
1.634299874874111
1.625299600207526
1.6175493636890774
1.610549150059511
1.6037989440595721
1.5970487380596332
1.5915485702078311
1.5874234443189794
1.5831733146153144
1.5815482650227364
1.5790481887264625
1.5782981658375803
1.5779231543931396
1.5791731925412764
1.5826732993560595
1.586048402356029
1.590298532059694
1.5964237189855648
1.602673909726249
1.6091741080965607
1.616924344615009
1.626049623096408
1.633549851985229
1.6424251228370008
1.651050386059145
1.658925626392407
1.666425855281228
1.6733010650959808
1.679551255836665
1.683926389355144
1.6874264961699272
1.6898015686513872
1.6904265877254554
1.6900515762810144
1.6885515305032504
1.6840513931699574
1.679551255836665
1.673676076540422
1.6665508590960418
1.658550614947966
1.649050325022126
1.6396750389110997
1.6295497299111912
1.6194244209112827
1.6102991424298836
1.5994238105410932
1.5894235053559984
1.5787981810968352
1.5687978759117405
1.5581725516525773
1.5491722769859921
1.538046937467574
1.524171514023255
1.5094210638752406
1.490545487838374
1.4751700186162908
1.4546693929868466
1.4354188055055392
1.4181682790612506
1.4046678670613728
1.4007927488021485
1.4084179815057831
1.4311686758018738
1.4711698965422528
1.5275466170232246
1.6037989440595721
1.6943017059846797
1.8009299600207527
1.9170585039826655
2.0291869258705404
2.1250648518326365
2.1963170262764367
2.2340681783501695
2.241818414868618
2.201442182683798
2.1281899472029786
2.025811822870571
1.9088082522049623
1.7890545976134526
1.673551072725608
1.5699229102450638
1.4870453810235909
1.4227934202093568
1.3811671498764
1.3604165166173285
1.3552913602099674
1.361416547135838
1.377167027802362
1.3996677144688254
1.423668446913053
1.4485442060609761
1.4740449842829677
1.4964206671346172
1.5149212317270424
1.5296716818750573
1.5414220404675436
1.5500473036896878
1.5587975707266457
1.5664228034302805
1.5734230170598467
1.5799232154301586
1.5875484481337934
1.595173680837428
1.6029239173558765
1.6120491958372754
1.6224245124668113
1.6301747489852596
1.6393000274666587
1.649425336466567
1.6590506302072208
1.6685509201330608
1.6796762596514787
1.689426557206946
1.6995518662068545
1.7096771752067628
1.7193024689474166
1.7296777855769523
1.7391780755027926
1.7483033539841915
1.756803613391522
1.765928891872921
1.771429059724723
1.7794293038727989
1.7863045136875517
1.790929654835658
1.7953047883541369
1.7998049256874293
1.8021799981688895
1.8044300668355358
1.8049300820947904
1.803930051576281
1.8030550248725852
1.8020549943540758
1.79880489516892
1.7945547654652547
1.7926797082430495
1.78455446028016
1.778679280983917
1.772179082613605
1.7643038422803432
1.7563035981322672
1.7474283272804958
1.738553056428724
1.7286777550584431
1.7185524460585346
1.7093021637623218
1.6979268166142767
1.6881765190588092
1.6785512253181556
1.6684259163182469
1.6596756492812892
1.6493003326517535
1.639550035096286
1.630424756614887
1.6217994933927427
1.6139242530594806
1.6089241004669332
1.6009238563188575
1.594298654133732
1.5901735282448806
1.5847983642078922
1.5831733146153144
1.580048219244972
1.5784231696523943
1.5779231543931396
1.578923184911649
1.581298257393109
1.5839233375041963
1.5881734672078616
1.5929236121707817
1.5989237952818385
1.6040489516891996
1.6129242225409712
1.6202994476149783
1.6274246650593585
1.6372999664296397
1.6454252143925292
1.6533004547257912
1.6618007141331217
1.6695509506515702
1.6759261452070682
1.6820513321329387
1.6864264656514176
1.6880515152439954
1.6901765800958282
1.6904265877254554
1.6889265419476913
1.6873014923551135
1.6820513321329387
1.6773011871700187
1.670050965910825
1.6631757560960723
1.655425519577624
1.6451752067629017
1.6354249092074344
1.625674611651967
1.6154242988372447
1.6049239783928952
1.594798669392987
1.5846733603930783
1.5744230475783563
1.5644227423932615
1.5557974791711173
1.5446721396526994
1.5321717581713308
1.517921323282571
1.5017958311716058
1.4841702932828762
1.465544724875637
1.445419110690634
1.427543565172277
1.4115430768761255
1.4016677755058444
1.4022927945799126
1.4165432294686728
1.4460441297647022
1.4927955565050204
1.558672566911832
1.6401750541703544
1.7386780602435379
1.8505564745017853
1.9666850184636984
2.0729382610553304
2.1593158970915862
2.21644264046144
2.242068422498245
2.2299430524613175
2.174941373943297
2.0870636921292767
1.975935300759911
1.8564316537980285
1.7371780144657736
1.6274246650593585
1.5324217658009582
1.456169438764611
1.4019177831354717
1.3696667989135412
1.3557913754692221
1.3567914059877317
1.3672917264320812
1.386292306283761
1.4094180120242927
1.435043794061098
1.4602945646534624
1.4839202856532487
1.5049209265419476
1.5214214300973539
1.5346718344676047
1.5456721701712088
1.554672444837794
1.5625476851710562
1.569422894985809
1.5757980895413068
1.5834233222449416
1.5910485549485762
1.5980487685781428
1.6067990356151007
1.6162993255409406
1.6250495925778985
1.634424878688925
1.643925168614765
1.653425458540605
1.6638007751701407
1.6739260841700492
1.683926389355144
1.6941767021698662
1.7039269997253335
1.7139273049104282
1.7240526139103367
1.7339279152806177
1.7428031861323894
1.7523034760582294
1.7609287392803734
1.7686789757988222
1.7756791894283883
1.7819293801690725
1.7878045594653156
1.7934297311319314
1.7974298532059694
1.800804956205939
1.80355504013184
1.8054300973540451
1.8053050935392316
1.8045550706503495
1.802805017242958
1.8006799523911254
1.7970548417615282
1.7929297158726767
1.7881795709097568
1.7823043916135137
1.7755541856135748
1.7688039796136357
1.76080373546556
1.752428479873043
1.7424281746879482
1.7339279152806177
1.7244276253547777
1.7138023010956145
1.7039269997253335
1.6941767021698662
1.6834263740958892
1.6743010956144901
1.6638007751701407
1.6539254737998597
1.6444251838740198
1.6350498977629933
1.6262996307260353
1.6180493789483323
1.611424176763207
1.6039239478743859
1.5976737571337016
1.5926736045411543
1.5874234443189794
1.5839233375041963
1.5814232612079226
1.5790481887264625
1.5787981810968352
1.5782981658375803
1.580048219244972
1.5831733146153144
1.5854233832819604
1.590298532059694
1.5959237037263099
1.6019238868373669
1.6080490737632376
1.6161743217261269
1.6242995696890163
1.632424817651906
1.64105008087405
1.651425397503586
1.6583006073183386
1.6658008362071597
1.673176061281167
1.6784262215033416
1.6838013855403302
1.6871764885402998
1.6893015533921325
1.6906765953550829
1.6899265724662007
1.6881765190588092
1.6851764275032808
1.6801762749107334
1.6741760917996766
1.667300881984924
1.658925626392407
1.6505503707998903
1.640675069429609
1.630424756614887
1.6211744743186742
1.6107991576891385
1.60067384868923
1.590298532059694
1.5805482345042268
1.5700479140598773
1.559922605059969
1.5505473189489425
1.5390469679860834
1.5255465559862058
1.510796105838191
1.4947956175420394
1.4765450605792412
1.4565444502090519
1.4377938779869992
1.4199183324686422
1.4055428937650685
1.4000427259132666
1.406917935728019
1.4276685689870905
1.465169713431196
1.520296395764031
1.5935486312448501
1.6828013550218206
1.7870545365764336
1.9023080538346506
2.0158115176854765
2.1144395275734733
2.189191808832057
2.231193090609455
2.243443464461196
2.210317453535569
2.1395652943510237
2.038812219611194
1.9233086947233498
1.8026800134281442
1.687051484725486
1.583298318430128
1.496045655690176
1.4290436109500413
1.385167271950438
1.3619165623950926
1.3549163487655262
1.3602915128025146
1.3750419629505295
1.3962926114688559
1.420793359172338
1.4466691488387708
1.4710448927274393
1.4941705984679707
1.5124211554307687
1.5279216284676658
1.539671987060152
1.5494222846156194
1.558297555467391
1.5655477767265848
1.5726729941709647
1.579673207800531
1.58642341380047
1.5944236579485458
1.6020488906521806
1.6106741538743248
1.6200494399853511
1.629299722281564
1.6384250007629628
1.6486753135776848
1.6584256111331521
1.667675893429365
1.6781762138737144
1.6885515305032504
1.6983018280587177
1.7086771446882534
1.7194274727622303
1.7286777550584431
1.7384280526139104
1.7473033234656818
1.7561785943174535
1.763928830835902
1.771804071169164
1.778679280983917
1.7848044679097874
1.7904296395764032
1.7951797845393231
1.7990549027985472
1.8021799981688895
1.8038050477614673
1.8050550859096042
1.8049300820947904
1.803930051576281
1.8023050019837032
1.7994299142429884
1.7950547807245094
1.7911796624652854
1.7860545060579243
1.7796793115024263
1.773429120761742
1.76555388042848
1.7569286172063356
1.748053346354564
1.739303079317606
1.7295527817621388
1.719552476577044
1.7101771904660177
1.699676870021668
1.6899265724662007
1.679551255836665
1.669675954466384
1.6595506454664755
1.6499253517258217
1.6405500656147955
1.6312997833185827
1.6222995086519973
1.6142992645039216
1.607424054689169
1.6007988525040437
1.5950486770226142
1.590423535874508
1.5856733909115879
1.582048280281991
1.5799232154301586
1.5781731620227668
1.5776731467635121
1.5790481887264625
1.5807982421338542
1.5831733146153144
1.5871734366893522
1.5925486007263405
1.59829877620777
1.6041739555040133
1.6119241920224616
