1.401417767876217
1.3985426801355023
1.4016677755058444
1.4087929929502243
1.419293313394574
1.4324187139500106
1.4470441602832118
1.4622946256904814
1.4771700796533098
1.492545548875393
1.506420972319712
1.5191713614307079
1.5312967314676351
1.5422970671712395
1.5490472731711782
1.55554747154149
1.561047639393292
1.5655477767265848
1.5691728873561817
1.57217297891171
1.5746730552079835
1.5759230933561206
1.5779231543931396
1.57929819635609
1.580923245948668
1.582048280281991
1.5825482955412458
1.5849233680227057
1.5857983947264016
1.5869234290597247
1.5881734672078616
1.5894235053559984
1.5910485549485762
1.5926736045411543
1.594798669392987
1.596673726615192
1.598673787652211
1.601048860133671
1.6032989288003174
1.605048982207709
1.607424054689169
1.61017413861507
1.6127992187261575
1.6160493179113133
1.6186743980224005
1.6224245124668113
1.6255496078371532
1.6297997375408186
1.6326748252815333
1.635924924466689
1.6400500503555409
1.6440501724295786
1.6473002716147345
1.652550431836909
1.6573005767998292
1.6614257026886807
1.666425855281228
1.6718010193182167
1.677551194799646
1.681926328318125
1.6874264961699272
1.6930516678365428
1.6983018280587177
1.704177007354961
1.7098021790215767
1.7163023773918882
1.7220525528733177
1.7285527512436292
1.7349279457991271
1.7403031098361157
1.745678273873104
1.7523034760582294
1.7579286477248453
1.7638038270210883
1.7693039948728904
1.7756791894283883
1.7811793572801906
1.7870545365764336
1.7919296853541673
1.7971798455763421
1.8021799981688895
1.807180150761437
1.811805291909543
1.8160554216132085
1.820555558946501
1.8248056886501665
1.828930814539018
1.833305948057497
1.8361810357982116
1.8396811426129949
1.842306222724082
1.8450563066499832
1.8476813867610706
1.8489314249092075
1.8514315012054812
1.8528065431684317
1.8540565813165686
1.8558066347239601
1.8563066499832148
1.8558066347239601
1.8555566270943329
1.8555566270943329
1.8545565965758233
1.8529315469832455
1.851181493575854
1.8494314401684622
1.8473063753166297
1.8441812799462873
1.8420562150944548
1.8379310892056033
1.8339309671315653
1.8301808526871548
1.8258057191686758
1.8208055665761285
1.8165554368724632
1.811805291909543
1.8066801355021822
1.8014299752800074
1.79642982268746
1.7904296395764032
1.7841794488357188
1.778679280983917
1.7725540940580462
1.7664289071321757
1.7605537278359324
1.7548035523545031
1.7481783501693777
1.7415531479842525
1.7360529801324502
1.7299277932065797
1.7231775872066408
1.717552415540025
1.7109272133548998
1.704927030243843
1.6985518356883451
1.6928016602069156
1.6865514694662314
1.6814263130588702
1.675676137577441
1.6703009735404524
1.6650508133182775
1.658550614947966
1.6536754661702324
1.649050325022126
1.643050141911069
1.6384250007629628
1.6339248634296701
1.6294247260963775
1.6250495925778985
1.6207994628742333
1.6167993408001955
1.6126742149113438
1.6087990966521197
1.60542399365215
1.6015488753929257
1.5984237800225838
1.5955486922818691
1.592798608355968
1.5897985168004394
1.5881734672078616
1.5851733756523332
1.5825482955412458
1.5802982268745993
1.5785481734672078
1.5764231086153753
1.5746730552079835
1.5727979979857785
1.5715479598376416
1.5700479140598773
1.5690478835413677
1.5672978301339764
1.5666728110599077
1.5652977690969574
1.5639227271340068
1.5627976928006837
1.562297677541429
1.5616726584673606
1.561172643208106
1.559797601245155
1.5596725974303416
1.5592975859859004
1.558672566911832
1.5575475325785089
1.5572975249488816
1.5561724906155583
1.553547410504471
1.553922421948912
1.5536724143192846
1.5536724143192846
1.553547410504471
1.553922421948912
1.5536724143192846
1.5544224372081668
1.5534224066896571
1.5537974181340983
1.553922421948912
1.554672444837794
1.5537974181340983
1.5540474257637258
1.554797448652608
1.5549224524674214
1.555172460097049
1.554797448652608
1.555172460097049
1.5557974791711173
1.5552974639118626
1.5556724753563036
1.5569225135044404
1.5562974944303722
1.5565475020599995
1.5572975249488816
1.5572975249488816
1.556797509689627
1.5575475325785089
1.5575475325785089
1.5581725516525773
1.558297555467391
1.5580475478377636
1.5589225745414594
1.5589225745414594
1.5601726126895963
1.5595475936155279
1.5604226203192237
1.559922605059969
1.5601726126895963
1.5601726126895963
1.56029761650441
1.561047639393292
1.5607976317636647
1.5616726584673606
1.5620476699118016
1.5620476699118016
1.5616726584673606
1.5620476699118016
1.562297677541429
1.5621726737266153
1.5626726889858698
1.5635477156895659
1.563422711874752
1.5640477309488205
1.5646727500228887
1.5646727500228887
1.5649227576525162
1.5649227576525162
1.5656727805413984
1.5656727805413984
1.565797784356212
1.5669228186895352
1.567047822504349
1.56742283394879
1.5682978606524856
1.569422894985809
1.5699229102450638
1.5712979522080142
1.5709229407635732
1.572547990356151
1.5726729941709647
1.5734230170598467
1.574923062837611
1.5761731009857478
1.5771731315042574
1.5799232154301586
1.581298257393109
1.5822982879116183
1.5850483718375195
1.5870484328745385
1.5896735129856259
1.592298593096713
1.5952986846522417
1.598798791467025
1.6017988830225531
1.6060490127262186
1.6096741233558154
1.613424237800226
1.6176743675038912
1.62204950102237
1.6267996459852903
1.6321748100222786
1.637549974059267
1.643050141911069
1.6480502945036166
1.653425458540605
1.659800653096103
1.6665508590960418
1.6728010498367258
1.6785512253181556
1.6848014160588396
1.6908015991698966
1.697301797540208
1.7034269844660788
1.7089271523178808
1.715552354503006
1.721552537614063
1.7253026520584733
1.7304278084658344
1.7344279305398724
1.7384280526139104
1.7414281441694388
1.7448032471694084
1.747678334910123
1.749678395947142
1.7519284646137883
1.7530534989471116
1.7533035065767388
1.7530534989471116
1.753178502761925
1.7519284646137883
1.7503034150212105
1.7486783654286326
1.7464282967619862
1.7429281899472029
1.7395530869472335
1.7355529648731955
1.7311778313547166
1.7254276558732873
1.7209275185399944
1.7153023468733786
1.7098021790215767
1.703676992095706
1.6976768089846492
1.6920516373180334
1.6858014465773492
1.6794262520218513
1.6739260841700492
1.6675508896145512
1.6618007141331217
1.6555505233924375
1.6500503555406356
1.6436751609851377
1.63867500839259
1.6340498672444839
1.6287997070223093
1.6239245582445754
1.6191744132816552
1.6154242988372447
1.6110491653187657
1.607424054689169
1.6027989135410627
1.5996738181707206
1.5965487228003785
1.594298654133732
1.5912985625782037
1.5891734977263712
1.5871734366893522
1.584423352763451
1.5830483108005005
1.5814232612079226
1.5795482039857174
1.5775481429486986
1.5759230933561206
1.5731730094302194
1.570547929319132
1.5676728415784174
1.5645477462080752
1.5595475936155279
1.5549224524674214
1.54842225409711
1.5415470442823573
1.532921781060213
1.523796502578814
1.5154212469862973
1.5050459303567616
1.4959206518753625
1.487295388653218
1.4801701712088382
1.474294991912595
1.4706698812829981
1.469919858394116
1.4736699728385265
1.481045197912534
1.495670644245735
1.513546189764092
1.5382969450972015
1.5706729331339457
1.6092991119113744
1.6535504623554185
1.7053020416882838
1.7631788079470199
1.8258057191686758
1.8923077486495559
1.9603098239082004
2.0288119144260994
2.0954389477217936
2.15469075594348
2.2074423657948543
2.2481936094241157
2.276944486831263
2.2911949217200234
2.2908199102755824
2.277069490646077
2.24969365520188
2.2090674153874326
2.158065858943449
2.0978140202032534
2.0288119144260994
1.9554346751304668
1.8803073824274423
1.8073051545762506
1.737303018280587
1.673551072725608
1.614174260689108
1.562297677541429
1.5174213080233163
1.4792951445051423
1.4490442213202308
1.4265435346537676
1.4102930387279886
1.4015427716910305
1.3991676992095705
1.4012927640614032
1.4081679738761559
1.4185432905056918
1.4312936796166877
1.4460441297647022
1.4612945951719718
1.4760450453199865
1.490920499282815
1.5056709494308298
1.518296334727012
1.5299216895046848
1.540046998504593
1.5477972350230413
1.55554747154149
1.560672627948851
1.5652977690969574
1.5695478988006226
1.5719229712820828
1.5740480361339153
1.5762981048005615
1.5774231391338847
1.5795482039857174
1.5802982268745993
1.5824232917264323
1.5826732993560595
1.5846733603930783
1.5856733909115879
1.5870484328745385
1.5876734519486069
1.5894235053559984
1.590798547318949
1.5926736045411543
1.5941736503189183
1.596298715170751
1.59829877620777
1.6007988525040437
1.60304892117069
1.60542399365215
1.6076740623187964
1.609799127170629
1.6127992187261575
1.6156743064668722
1.6191744132816552
1.6214244819483017
1.6259246192815942
1.629299722281564
1.6321748100222786
1.6360499282815029
1.6400500503555409
1.6438001647999512
1.6475502792443617
1.6524254280220954
1.6576755882442702
1.6621757255775629
1.6659258400219734
1.6709259926145208
1.6765511642811366
1.681926328318125
1.6878015076143682
1.6924266487624744
1.6983018280587177
1.703676992095706
1.710052186651204
1.7159273659474472
1.7220525528733177
1.7278027283547472
1.7341779229102452
1.7399280983916745
1.7458032776879178
1.7521784722434155
1.757553636280404
1.763928830835902
1.7695540025025178
1.775429181798761
1.7810543534653769
1.786554521317179
1.7925547044282357
1.7973048493911556
1.8018049867244483
1.807180150761437
1.8121803033539843
1.8159304177983948
1.8210555742057557
1.8251807000946074
1.8291808221686454
1.8334309518723106
1.8365560472426528
1.8398061464278084
1.8420562150944548
1.8449313028351695
1.8469313638721885
1.8493064363536484
1.8508064821314127
1.853181554612873
1.8544315927610096
1.8548066042054507
1.8555566270943329
1.8565566576128423
1.8553066194647054
1.8551816156498917
1.8541815851313823
1.8524315317239908
1.851556505020295
1.8496814477980896
1.8469313638721885
1.8445562913907285
1.8413061922055727
1.8383061006500443
1.834055970946379
1.8301808526871548
1.8258057191686758
1.8211805780205697
1.816180425428022
1.8113052766502884
1.8065551316873685
1.800804956205939
1.796054811243019
1.7906796472060307
1.7840544450209053
1.7788042847987304
1.7724290902432325
1.7668039185766167
1.7603037202063052
1.7543035370952484
1.7481783501693777
1.7419281594286935
1.7363029877620777
1.7296777855769523
1.7231775872066408
1.717177404095584
1.7109272133548998
1.7046770226142156
1.6983018280587177
1.6926766563921019
1.686676473281045
1.6813013092440567
1.6749261146885588
1.6695509506515702
1.6644257942442091
1.658550614947966
1.6536754661702324
1.6486753135776848
1.643050141911069
1.6380499893185219
1.633674855800043
1.6290497146519365
1.6247995849482713
1.6206744590594195
1.6167993408001955
1.6129242225409712
1.6089241004669332
1.6055489974669637
1.6014238715781122
1.59829877620777
1.5959237037263099
1.592423596911527
1.589923520615253
1.588048463393048
1.5849233680227057
1.5824232917264323
1.5804232306894133
1.5790481887264625
1.5756730857264931
1.5750480666524247
1.5731730094302194
1.5712979522080142
1.5700479140598773
1.5691728873561817
1.5675478377636038
1.566172795800653
1.5651727652821437
1.5640477309488205
1.5631727042451247
1.5621726737266153
1.5615476546525469
1.5609226355784784
1.559922605059969
1.5595475936155279
1.559047578356273
1.5581725516525773
1.558297555467391
1.557172521134068
1.5561724906155583
1.553547410504471
1.553922421948912
1.5534224066896571
1.5536724143192846
1.5537974181340983
1.5540474257637258
1.553922421948912
1.554672444837794
1.5534224066896571
1.553922421948912
1.5537974181340983
1.553922421948912
1.5542974333933532
1.5544224372081668
1.5545474410229805
1.5550474562822352
1.5550474562822352
1.5550474562822352
1.555172460097049
1.5562974944303722
1.55554747154149
1.5556724753563036
1.5560474868007448
1.5562974944303722
1.5564224982451857
1.557172521134068
1.556672505874813
1.557172521134068
1.5572975249488816
1.5575475325785089
1.5574225287636951
1.5581725516525773
1.5580475478377636
1.558297555467391
1.5596725974303416
1.559922605059969
1.559172582171087
1.559922605059969
1.559922605059969
1.56029761650441
1.559922605059969
1.560672627948851
1.5607976317636647
1.561047639393292
1.5612976470229194
1.561797662282174
1.5621726737266153
1.5621726737266153
1.5625476851710562
1.5627976928006837
1.562297677541429
1.5629226966154972
1.563047700430311
1.5639227271340068
1.5635477156895659
1.5644227423932615
1.5644227423932615
1.5651727652821437
1.56504776146733
1.5655477767265848
1.5656727805413984
1.566172795800653
1.5665478072450942
1.567047822504349
1.5676728415784174
1.568172856837672
1.5697979064302499
1.5696729026154363
1.5706729331339457
1.5710479445783867
1.5717979674672689
1.5729230018005922
1.5737980285042878
1.57454805139317
1.5761731009857478
1.5774231391338847
1.5790481887264625
1.5810482497634815
1.5826732993560595
1.5850483718375195
1.587923459578234
1.589923520615253
1.592423596911527
1.5957986999114964
1.598798791467025
1.6021738944669943
1.6060490127262186
1.6099241309854426
1.6135492416150394
1.6177993713187049
1.6222995086519973
1.6266746421704763
1.6319248023926511
1.637549974059267
1.6435501571703237
1.6478002868739892
1.6541754814294871
1.6603006683553576
1.6658008362071597
1.6721760307626576
1.6788012329477828
1.6855514389477217
1.6918016296884062
1.6976768089846492
1.7035519882808923
1.709177159947508
1.715177343058565
1.7206775109103671
1.7254276558732873
1.7305528122806482
1.7340529190954315
1.7381780449842832
1.741303140354625
1.7453032624286628
1.7483033539841915
1.7499284035767695
1.7518034607989748
1.753178502761925
1.7533035065767388
1.7541785332804345
1.7526784875026704
1.752053468428602
1.7503034150212105
1.7485533616138187
1.746053285317545
1.7431781975768303
1.739303079317606
1.7361779839472642
1.7313028351695303
1.725927671132542
1.7211775261696218
1.715552354503006
1.7103021942808314
1.7038019959105197
1.6979268166142767
1.6913016144291515
1.6858014465773492
1.6798012634662924
1.6733010650959808
1.6678008972441787
1.6615507065034945
1.6556755272072514
1.649425336466567
1.643925168614765
1.6389250160222175
1.6334248481704154
1.62917471846675
1.6245495773186438
1.6194244209112827
1.6150492873928037
1.6111741691335797
1.6071740470595417
1.6027989135410627
1.5990487990966522
1.5969237342448195
1.5940486465041048
1.5912985625782037
1.5894235053559984
1.587298440504166
1.5850483718375195
1.583298318430128
1.581298257393109
1.5791731925412764
1.5782981658375803
1.5757980895413068
1.5735480208746606
1.570547929319132
1.5676728415784174
1.564297738578448
1.559922605059969
1.554672444837794
1.5490472731711782
1.5412970366527299
1.5331717886898404
1.5249215369121372
1.5149212317270424
1.505170934171575
1.4962956633198035
1.4875453962828455
1.4795451521347698
1.4744199957274087
1.4706698812829981
1.4701698660237434
1.4732949613940856
1.4816702169866023
1.4944206060975982
1.5134211859492783
1.5385469527268287
1.5699229102450638
1.6077990661336101
1.6531754509109775
1.7053020416882838
1.7626787926877652
1.8259307229834896
1.8916827295754877
1.9601848200933867
2.0285619067964724
2.0936888943144014
2.15469075594348
2.2073173619800412
2.248068605609302
2.2763194677571947
2.2906949064607685
2.2906949064607685
2.2775695059053316
2.250443678090762
2.2099424420911284
2.1590658894619588
2.0983140354625083
2.029811944944609
1.9565597094637899
1.8813074129459517
1.807930173650319
1.7384280526139104
1.6738010803552354
1.6152992950224312
1.5629226966154972
1.5180463270973845
1.4800451673940245
1.4499192480239265
1.4260435193945127
1.410918057802057
1.4021677907650991
1.3986676839503158
1.4012927640614032
1.4080429700613422
1.4184182866908779
1.4309186681722466
1.445419110690634
1.461169591357158
1.4766700643940551
1.4911705069124424
1.5054209418012026
1.5184213385418257
1.5300466933194983
1.5399219946897795
1.5482972502822963
1.5552974639118626
1.5604226203192237
1.565422772911771
1.5691728873561817
1.5719229712820828
1.5740480361339153
1.5762981048005615
1.5774231391338847
1.5790481887264625
1.580923245948668
1.5815482650227364
1.5830483108005005
1.584423352763451
1.5855483870967744
1.58642341380047
1.5881734672078616
1.5892985015411847
1.5906735435041353
1.592798608355968
1.5941736503189183
1.596298715170751
1.5984237800225838
1.6015488753929257
1.6029239173558765
1.6049239783928952
1.607424054689169
1.6100491348002564
1.6126742149113438
1.6160493179113133
1.6191744132816552
1.6216744895779291
1.625299600207526
1.62917471846675
1.632299813837092
1.63629993591113
1.639925046540727
1.6434251533555102
1.6475502792443617
1.6519254127628407
1.656550553910947
1.6613006988738672
1.6661758476516009
1.671301004058962
1.6765511642811366
1.6813013092440567
1.6871764885402998
1.6925516525772883
1.6983018280587177
1.704177007354961
1.7103021942808314
1.7156773583178198
1.7223025605029452
1.7278027283547472
1.7340529190954315
1.7400531022064882
1.7451782586138493
1.7516784569841608
1.7589286782433546
1.7633038117618336
1.7690539872432631
1.7748041627246927
1.7808043458357494
1.7863045136875517
1.7918046815393536
1.79642982268746
1.8019299905392623
1.8070551469466232
1.8113052766502884
1.816180425428022
1.8200555436872463
1.82493069246498
1.8285558030945768
1.8323059175389873
1.8368060548722802
1.8394311349833674
1.841931211279641
1.844806299020356
1.847181371501816
1.8490564287240212
1.8508064821314127
1.853056550798059
1.8536815698721276
1.855056611835078
1.8560566423535876
1.856181646168401
1.8556816309091464
1.855056611835078
1.8546816003906368
1.852681539353618
1.851556505020295
1.8496814477980896
1.8473063753166297
1.844681295205542
1.8416812036500139
1.8379310892056033
1.8345559862056338
1.8305558641315958
1.8264307382427443
1.8218055970946379
1.8166804406872767
1.812305307168798
1.807180150761437
1.8016799829096348
1.7968048341319012
1.7908046510208442
1.7848044679097874
1.7793043000579851
1.7730541093173011
1.7670539262062441
1.7609287392803734
1.7546785485396894
1.7486783654286326
1.742178167058321
1.7364279915768914
1.7300527970213935
1.7238026062807095
1.7179274269844662
1.7114272286141545
1.7054270455030978
1.6988018433179723
1.6933016754661703
1.6875514999847407
1.681926328318125
1.6760511490218817
1.671176000244148
1.6654258247627187
1.6591756340220343
1.6541754814294871
1.6488003173924985
1.6434251533555102
1.6389250160222175
1.6341748710592976
1.6294247260963775
1.625174596392712
1.621299478133488
1.6175493636890774
1.61254921109653
1.6092991119113744
1.6056740012817774
1.6019238868373669
1.5985487838373975
1.5957986999114964
1.592798608355968
1.590423535874508
1.5877984557634206
1.5856733909115879
1.5836733298745689
1.5810482497634815
1.5786731772820215
1.576548112430189
1.5747980590227975
1.5732980132450332
1.5715479598376416
1.570547929319132
1.5690478835413677
1.567797845393231
1.5664228034302805
1.5647977538377027
1.5645477462080752
1.5631727042451247
1.5620476699118016
1.5612976470229194
1.561047639393292
1.5600476088747826
1.559797601245155
1.559172582171087
1.5589225745414594
1.5580475478377636
1.5574225287636951
1.5569225135044404
1.553547410504471
1.5534224066896571
1.5537974181340983
1.5536724143192846
1.5537974181340983
1.5537974181340983
1.5537974181340983
1.5532974028748436
1.553922421948912
1.5537974181340983
1.5534224066896571
1.5541724295785393
1.5541724295785393
1.5540474257637258
1.5545474410229805
1.5549224524674214
1.5552974639118626
1.5550474562822352
1.555172460097049
1.55554747154149
1.5554224677266761
1.5552974639118626
1.5564224982451857
1.5557974791711173
1.5562974944303722
1.5569225135044404
1.557172521134068
1.5570475173192542
1.5572975249488816
1.5574225287636951
1.557172521134068
1.55792254402295
1.559172582171087
1.558297555467391
1.5594225898007141
1.559172582171087
1.5596725974303416
1.559797601245155
1.559922605059969
1.56029761650441
1.5601726126895963
1.560672627948851
1.5609226355784784
1.561172643208106
1.5614226508377331
1.561797662282174
1.561797662282174
1.561922666096988
1.5621726737266153
1.5627976928006837
1.5627976928006837
1.5624226813562427
1.5627976928006837
1.5636727195043794
1.5636727195043794
1.564297738578448
1.5647977538377027
1.5651727652821437
1.5651727652821437
1.56504776146733
1.5659227881710258
1.565797784356212
1.566297799615467
1.5671728263191627
1.5676728415784174
1.568172856837672
1.5689228797265542
1.569422894985809
1.5704229255043185
1.5711729483932007
1.5714229560228279
1.5724229865413375
1.5731730094302194
1.5747980590227975
1.5759230933561206
1.5777981505783258
1.57929819635609
1.580923245948668
1.5824232917264323
1.5847983642078922
1.5871734366893522
1.5894235053559984
1.5920485854670858
1.5954236884670552
1.5984237800225838
1.6016738792077396
1.6060490127262186
1.609424115726188
1.6132992339854122
1.616924344615009
1.6215494857631152
1.626424634540849
1.6314247871333964
1.636674947355571
1.6416750999481187
1.6478002868739892
1.6540504776146734
1.658925626392407
1.6654258247627187
1.671676015503403
1.6783012176885281
1.684301400799585
1.6905515915402693
1.6966767784661398
1.7028019653920103
1.708802148503067
1.7143023163548692
1.719927488021485
1.7246776329844051
1.7291777703176978
1.7338029114658042
1.7375530259102145
1.7411781365398113
1.743803216650899
1.7470533158360546
1.7494283883175148
1.7518034607989748
1.7530534989471116
1.7534285103915526
1.7534285103915526
1.753178502761925
1.7529284951322976
1.7506784264656514
1.7486783654286326
1.7464282967619862
1.7430531937620168
1.739803094576861
1.7363029877620777
1.7318028504287852
1.7266776940214241
1.7211775261696218
1.7156773583178198
1.710052186651204
1.7046770226142156
1.698926847132786
1.6926766563921019
1.6865514694662314
1.680676290169988
1.6746761070589313
1.6683009125034334
1.6623007293923764
1.656550553910947
1.6504253669850764
1.6444251838740198
1.6388000122074038
1.6340498672444839
1.629299722281564
1.6247995849482713
1.6201744438001648
1.6157993102816859
1.611424176763207
1.607424054689169
1.6036739402447586
1.6001738334299753
1.5975487533188881
1.594298654133732
1.5916735740226449
1.5889234900967437
1.5875484481337934
1.5851733756523332
1.583298318430128
1.5814232612079226
1.5795482039857174
1.5772981353190711
1.5755480819116796
1.5741730399487288
1.5714229560228279
1.568547868282113
1.5651727652821437
1.5609226355784784
1.55554747154149
1.5502973113193153
1.5429220862453077
1.5341718192083498
1.5255465559862058
1.515796258430738
1.5065459761345255
1.4970456862086856
1.488545426801355
1.4807951902829066
1.4745449995422222
1.4710448927274393
1.4702948698385572
1.4729199499496444
1.480295175023652
1.4926705526902067
1.5110461134678184
1.534546830652791
1.566172795800653
1.6034239326151312
1.6471752677999205
1.6983018280587177
1.7558035828730125
1.8175554673909728
1.883557481612598
1.9510595416119878
2.0200616473891415
2.086063661610767
2.1479405499435407
2.201442182683798
2.2440684835352642
2.2736943876461075
2.289944883571886
2.2914449293496504
2.2791945554979094
2.253693777275918
2.2156926175725578
2.1648160649433885
2.105064241462447
2.036937162388989
1.9646849574266794
1.8891826532792138
1.8165554368724632
1.7458032776879178
1.6803012787255471
1.6211744743186742
1.5682978606524856
1.522171452986236
1.4831702627643666
1.452919339579455
1.4287936033204138
1.41204309213538
1.4026678060243538
1.3997927182836392
1.401042756431776
1.4070429395428328
1.417168248542741
1.4296686300241095
1.4444190801721244
1.4597945493942077
1.4752950224311043
1.4900454725791192
1.5041709036530655
1.517796319467757
1.528671651356548
1.5387969603564562
1.5476722312082278
1.5545474410229805
1.5601726126895963
1.56504776146733
1.569422894985809
1.5714229560228279
1.5741730399487288
1.5767981200598165
1.5777981505783258
1.579673207800531
1.5804232306894133
1.582048280281991
1.582923306985687
1.584423352763451
1.5855483870967744
1.58642341380047
1.588048463393048
1.5895485091708121
1.590798547318949
1.5925486007263405
1.5937986388744774
1.596673726615192
1.5985487838373975
1.60067384868923
1.6029239173558765
1.6046739707632678
1.6076740623187964
1.6099241309854426
1.6126742149113438
1.6155493026520584
1.6179243751335184
1.6216744895779291
1.625174596392712
1.628424695577868
1.6321748100222786
1.6360499282815029
1.6391750236518448
1.643050141911069
1.6469252601702933
1.651425397503586
1.655800531022065
1.6613006988738672
1.6656758323923462
1.6705509811700798
1.6758011413922544
1.6813013092440567
1.6875514999847407
1.6915516220587787
1.697801812799463
1.7030519730216378
1.709177159947508
1.7150523392437513
1.7211775261696218
1.7274277169103063
1.7333028962065493
1.739303079317606
1.7450532547990356
1.7505534226508377
1.7573036286507766
1.7630538041322064
1.7681789605395672
1.774679158909879
1.7803043305764947
1.785679494613483
1.7914296700949126
1.79642982268746
1.8014299752800074
1.8069301431318094
1.811930295724357
1.8155554063539538
1.8200555436872463
1.8244306772057253
1.828930814539018
1.8319309060945466
1.836056031983398
1.8391811273537402
1.842431226538896
1.845181310464797
1.847181371501816
1.8489314249092075
1.8508064821314127
1.852681539353618
1.8541815851313823
1.8549316080202642
1.8558066347239601
1.8564316537980285
1.8556816309091464
1.855431623279519
1.8546816003906368
1.853181554612873
1.851556505020295
1.8499314554277169
1.8473063753166297
1.844806299020356
1.8416812036500139
1.8385561082796718
1.8350560014648885
1.830930875576037
1.826555742057558
1.8216805932798243
1.8168054445020907
1.811930295724357
1.8073051545762506
1.8021799981688895
1.79642982268746
1.7915546739097263
1.784929471724601
1.7793043000579851
1.7733041169469284
1.7671789300210579
1.7611787469100009
1.7548035523545031
1.7489283730582599
1.7426781823175757
1.7368030030213324
1.731052827539903
1.724302621539964
1.7180524307992797
1.7118022400585957
1.70617706839198
1.6991768547624133
1.693426679280984
1.6880515152439954
1.6821763359477524
1.6760511490218817
1.6706759849848933
1.6651758171330913
1.6595506454664755
1.6541754814294871
1.649050325022126
1.643925168614765
1.6389250160222175
1.6349248939481797
1.629674733726005
1.626049623096408
1.6215494857631152
1.6175493636890774
1.6127992187261575
1.6092991119113744
1.6056740012817774
1.6020488906521806
1.5989237952818385
1.5955486922818691
1.5937986388744774
1.590298532059694
1.5882984710226753
1.5859233985412151
1.5830483108005005
1.580923245948668
1.5790481887264625
1.5767981200598165
1.574923062837611
1.5731730094302194
1.5716729636524553
1.5702979216895046
1.569422894985809
1.5682978606524856
1.5667978148747217
1.56504776146733
1.5644227423932615
1.5632977080599384
1.5626726889858698
1.5614226508377331
1.5609226355784784
1.5601726126895963
1.559172582171087
1.5592975859859004
1.5587975707266457
1.5575475325785089
1.5575475325785089
1.556797509689627
1.5536724143192846
1.5540474257637258
1.5541724295785393
1.5537974181340983
1.5532974028748436
1.5544224372081668
1.5545474410229805
1.553547410504471
1.5534224066896571
1.5536724143192846
1.553547410504471
1.553922421948912
1.553922421948912
1.5542974333933532
1.5550474562822352
1.5550474562822352
1.554672444837794
1.554797448652608
1.5554224677266761
1.5550474562822352
1.5557974791711173
1.5556724753563036
1.555922482985931
1.556672505874813
1.5564224982451857
1.5572975249488816
1.5572975249488816
1.557172521134068
1.5576725363933226
1.5576725363933226
1.5576725363933226
1.5581725516525773
1.5584225592822047
1.5589225745414594
1.559047578356273
1.5594225898007141
1.5595475936155279
1.5596725974303416
1.559922605059969
1.5601726126895963
1.559797601245155
1.5601726126895963
1.5607976317636647
1.561172643208106
1.5614226508377331
1.562297677541429
1.5616726584673606
1.562297677541429
1.5624226813562427
1.5621726737266153
1.5624226813562427
1.5627976928006837
1.5632977080599384
1.5639227271340068
1.5639227271340068
1.5639227271340068
1.5646727500228887
1.5647977538377027
1.56504776146733
1.565422772911771
1.5656727805413984
1.565797784356212
1.565797784356212
1.567047822504349
1.5675478377636038
1.568547868282113
1.5695478988006226
1.5695478988006226
1.5700479140598773
1.5710479445783867
1.5712979522080142
1.5722979827265235
1.5729230018005922
1.5739230323191016
1.5761731009857478
1.5774231391338847
1.5794232001709037
1.5810482497634815
1.5831733146153144
1.5845483565782648
1.5870484328745385
1.5900485244300668
1.5917985778374584
1.5956736960966826
1.598798791467025
1.6022988982818078
1.6056740012817774
1.6096741233558154
1.6132992339854122
1.6172993560594502
1.6217994933927427
1.6262996307260353
1.6310497756889553
1.636674947355571
1.6420501113925596
1.6473002716147345
1.6541754814294871
1.6596756492812892
1.666050843836787
1.6723010345774711
1.6783012176885281
1.683926389355144
1.6900515762810144
1.6966767784661398
1.703676992095706
1.708802148503067
1.7145523239844966
1.7196774803918575
1.7248026367992186
1.729427777947325
1.7339279152806177
1.7376780297250283
1.7410531327249978
1.7443032319101537
1.7475533310953093
1.749678395947142
1.7515534531693473
1.753178502761925
1.7536785180211798
1.754053529465621
1.7530534989471116
1.752053468428602
1.7506784264656514
1.7489283730582599
1.7465533005767997
1.7435532090212715
1.7399280983916745
1.7359279763176367
1.731427838984344
1.7260526749473555
1.7213025299844356
1.7160523697622607
1.7095521713919493
1.7044270149845882
1.698926847132786
1.6926766563921019
1.686676473281045
1.6810513016144293
1.6748011108737448
1.6679259010589922
1.6624257332071901
1.6563005462813196
1.6504253669850764
1.6449251991332745
1.6391750236518448
1.6347998901333658
1.6289247108371228
1.6244245735038303
1.6195494247260964
1.6156743064668722
1.6115491805780204
1.6069240394299142
1.6035489364299447
1.6005488448744163
1.5972987456892607
1.594798669392987
1.592423596911527
1.5894235053559984
1.5874234443189794
1.5856733909115879
1.5834233222449416
1.5811732535782954
1.579673207800531
1.5774231391338847
1.5760480971709343
1.5741730399487288
1.5715479598376416
1.5679228492080448
1.5655477767265848
1.5609226355784784
1.5554224677266761
1.5496722922452468
1.542422070986053
1.5340468153935363
1.5249215369121372
1.5160462660603655
1.5066709799493394
1.4969206823938719
1.4887954344309824
1.4805451826532792
1.474294991912595
1.4709198889126254
1.4706698812829981
1.4732949613940856
1.4805451826532792
1.4927955565050204
1.5111711172826319
1.535671864986114
1.5669228186895352
1.6042989593188268
1.6480502945036166
1.699676870021668
1.7570536210211494
1.8188055055391095
1.8845575121311076
1.9533096102786338
2.021436689352092
2.0873136997589037
2.1484405652027956
2.201817194128239
2.2443184911648917
2.273819391460921
2.289569872127445
2.2913199255348373
2.2785695364238414
2.2526937467574086
2.214567583239235
2.1643160496841336
2.105314249092074
2.0374371776482434
1.9638099307229835
1.8885576342051456
1.8155554063539538
1.7454282662434768
1.6804262825403606
1.621299478133488
1.5687978759117405
1.52229645680105
1.4832952665791803
1.4526693319498276
1.4289186071352276
1.4122930997650074
1.40254280220954
1.3991676992095705
1.4009177526169623
1.406917935728019
1.4169182409131138
1.4297936338389234
1.4442940763573107
1.4599195532090212
1.4747950071718496
1.4899204687643055
1.5039208960234383
1.5171713003936889
1.5284216437269205
1.53892196417127
1.547547227393414
1.5545474410229805
1.5600476088747826
1.5646727500228887
1.5686728720969267
1.5714229560228279
1.5742980437635425
1.5759230933561206
1.5774231391338847
1.5790481887264625
1.5807982421338542
1.5815482650227364
1.5827983031708732
1.5841733451338236
1.5855483870967744
1.5865484176152838
1.5877984557634206
1.5897985168004394
1.5906735435041353
1.592798608355968
1.5940486465041048
1.5965487228003785
1.5979237647633289
1.6005488448744163
1.6025489059114353
1.6051739860225227
1.607049043244728
1.609799127170629
1.612174199652089
1.6151742912076175
1.6187994018372145
1.6211744743186742
1.6244245735038303
1.628049684133427
1.631674794763024
1.6356749168370617
1.6391750236518448
1.6431751457258827
1.6475502792443617
1.651425397503586
1.6559255348368787
1.6604256721701711
1.6650508133182775
1.6706759849848933
1.6758011413922544
1.6803012787255471
1.6869264809106725
1.6918016296884062
1.6975518051698355
1.7033019806512648
1.7086771446882534
1.7148023316141239
1.7211775261696218
1.7273027130954923
1.733427900021363
1.739303079317606
1.7451782586138493
1.7509284340952787
1.7573036286507766
1.7626787926877652
1.7680539567247535
1.7740541398358105
1.7803043305764947
1.7855544907986696
1.7914296700949126
1.7966798303170874
1.8011799676503801
1.8060551164281138
1.811055269020661
1.81543040253914
1.8198055360576189
1.8253057039094212
1.8280557878353223
1.8321809137241738
1.8359310281685843
1.8389311197241127
1.8421812189092686
1.844681295205542
1.8470563676870022
1.849181432538835
1.8509314859462265
1.8524315317239908
1.8538065736869411
1.8549316080202642
1.855431623279519
1.8564316537980285
1.8555566270943329
1.8555566270943329
1.8543065889461958
1.853181554612873
1.851556505020295
1.8498064516129031
1.8473063753166297
1.8450563066499832
1.842431226538896
1.8390561235389262
1.8346809900204473
1.830930875576037
1.8266807458723715
1.8218055970946379
1.8173054597613454
1.812305307168798
1.8074301583910641
1.8020549943540758
1.7966798303170874
1.79167967772454
1.7859295022431105
1.7800543229468673
1.773429120761742
1.7675539414654988
1.7613037507248146
1.7556785790581988
1.7491783806878873
1.743303201391644
1.7366779992065189
1.7309278237250891
1.7245526291695914
1.7180524307992797
1.7118022400585957
1.70617706839198
1.700176885280923
1.6940516983550522
1.6875514999847407
1.681926328318125
1.6763011566515091
1.6706759849848933
1.6656758323923462
1.6599256569109164
1.6544254890591144
1.649425336466567
1.643925168614765
1.6389250160222175
1.634424878688925
1.6302997528000733
1.6255496078371532
1.6216744895779291
1.6172993560594502
1.6132992339854122
1.6095491195410014
1.6060490127262186
1.6025489059114353
1.5994238105410932
1.5959237037263099
1.592798608355968
1.590298532059694
1.5881734672078616
1.5857983947264016
1.5835483260597554
1.5810482497634815
1.5786731772820215
1.5770481276894437
1.5741730399487288
1.5734230170598467
1.5722979827265235
1.570547929319132
1.5687978759117405
1.567797845393231
1.5665478072450942
1.5660477919858395
1.564172734763634
1.5632977080599384
1.5625476851710562
1.5616726584673606
1.5605476241340372
1.5601726126895963
1.5596725974303416
1.559172582171087
1.5584225592822047
1.5574225287636951
1.5576725363933226
1.557172521134068
1.5540474257637258
1.5532974028748436
1.5536724143192846
1.5537974181340983
1.553547410504471
1.5534224066896571
1.5536724143192846
1.5541724295785393
1.5541724295785393
1.5536724143192846
1.553547410504471
1.5534224066896571
1.5537974181340983
1.5544224372081668
1.5542974333933532
1.554672444837794
1.5545474410229805
1.5552974639118626
1.55554747154149
1.555172460097049
1.5554224677266761
1.5557974791711173
1.555922482985931
1.5560474868007448
1.5564224982451857
1.5570475173192542
1.5569225135044404
1.5570475173192542
1.557172521134068
1.558297555467391
1.5580475478377636
1.5576725363933226
1.558297555467391
1.5589225745414594
1.559172582171087
1.5589225745414594
1.5596725974303416
1.5596725974303416
1.5600476088747826
1.56029761650441
1.5604226203192237
1.5604226203192237
1.5605476241340372
1.561172643208106
1.5614226508377331
1.561922666096988
1.5624226813562427
1.561797662282174
1.5625476851710562
1.5625476851710562
1.5626726889858698
1.5625476851710562
1.5635477156895659
1.5635477156895659
1.5639227271340068
1.564172734763634
1.5647977538377027
1.5647977538377027
1.5649227576525162
1.5651727652821437
1.5659227881710258
1.565422772911771
1.566172795800653
1.5671728263191627
1.567797845393231
1.568172856837672
1.5689228797265542
1.5697979064302499
1.570172917874691
1.5707979369487595
1.5716729636524553
1.5726729941709647
1.5732980132450332
1.5740480361339153
1.5762981048005615
1.5771731315042574
1.5786731772820215
1.5807982421338542
1.5826732993560595
1.5845483565782648
1.5869234290597247
1.5891734977263712
1.5916735740226449
1.594798669392987
1.5979237647633289
1.6014238715781122
1.6049239783928952
1.6089241004669332
1.6129242225409712
1.6170493484298227
1.620924466689047
1.6262996307260353
1.630799768059328
1.6357999206518754
1.6416750999481187
1.6465502487258523
1.6528004394665363
1.6595506454664755
1.6654258247627187
1.671176000244148
1.6774261909848323
1.6838013855403302
1.6900515762810144
1.6959267555772577
1.7020519425031282
1.708052125614185
1.7133022858363598
1.7191774651326028
1.724302621539964
1.7291777703176978
1.7335529038361768
1.7371780144657736
1.7406781212805567
1.743803216650899
1.7473033234656818
1.7495533921323283
1.7513034455397198
1.7529284951322976
1.7535535142063663
1.7543035370952484
1.7536785180211798
1.7525534836878567
1.750428418836024
1.7488033692434461
1.7458032776879178
1.7435532090212715
1.740178106021302
1.7361779839472642
1.7315528427991578
1.7268026978362376
1.7214275337992493
1.7160523697622607
1.7110522171697136
1.7046770226142156
1.6984268318735312
1.6929266640217293
1.687051484725486
1.6810513016144293
1.6749261146885588
1.6690509353923155
1.6631757560960723
1.6564255500961331
1.6501753593554491
1.6449251991332745
1.6404250617999818
1.6346748863185523
1.62917471846675
1.6254246040223395
1.6206744590594195
1.6157993102816859
1.611424176763207
1.6079240699484236
1.6040489516891996
1.6005488448744163
1.5981737723929563
1.5945486617633595
1.5920485854670858
1.5896735129856259
1.588048463393048
1.5855483870967744
1.5836733298745689
1.5815482650227364
1.5801732230597858
1.5779231543931396
1.5755480819116796
1.5736730246894741
1.5712979522080142
1.5680478530228583
1.56504776146733
1.5607976317636647
1.5556724753563036
1.5500473036896878
1.5432970976897489
1.5347968382824184
1.5260465712454605
1.516296273689993
1.5070459913937804
1.497670705282754
1.4890454420606098
1.4812952055421613
1.4751700186162908
1.4716699118015075
1.4704198736533707
1.4727949461348309
1.4796701559495833
1.491670522171697
1.5094210638752406
1.5332967925046541
1.563422711874752
1.6016738792077396
1.6449251991332745
1.6956767479476302
1.7519284646137883
1.813805352946562
1.879182348094119
1.9475594347972045
2.016311532944731
2.081813531907102
2.1440654316843166
2.1989421063875243
2.24156840723899
2.2720693380535297
2.289194860683004
2.2916949369792783
2.2803195898312327
2.255693838312937
2.2173176671651356
2.168066164128544
2.109314371166112
2.0420623187963503
1.969560106204413
1.8948078249458296
1.8204305551316875
1.7503034150212105
1.684676412244026
1.6247995849482713
1.5719229712820828
1.5251715445417646
1.4862953581347087
1.4545443891720329
1.4301686452833644
1.4135431379131442
1.4029178136539813
1.3989176915799433
1.4004177373577074
1.4064179204687641
1.416418225653859
1.4285435956907866
1.4431690420239875
1.459169530320139
1.4740449842829677
1.4889204382457961
1.5030458693197426
1.5164212775048067
1.5276716208380383
1.5377969298379466
1.5470472121341592
1.5544224372081668
1.559797601245155
1.5646727500228887
1.568172856837672
1.5709229407635732
1.5736730246894741
1.5757980895413068
1.5771731315042574
1.5790481887264625
1.5804232306894133
1.5815482650227364
1.582923306985687
1.5846733603930783
1.5854233832819604
1.5861734061708426
1.5874234443189794
1.5890484939115572
1.590798547318949
1.5921735892818996
1.5939236426892909
1.596298715170751
1.5984237800225838
1.60067384868923
1.6022988982818078
1.6047989745780817
1.6069240394299142
1.61017413861507
1.6122992034669026
1.6147992797631765
1.6176743675038912
1.6214244819483017
1.6247995849482713
1.6285496993926818
1.631174779503769
1.6354249092074344
1.6391750236518448
1.6431751457258827
1.647425275429548
1.6511753898739585
1.6556755272072514
1.6608006836146123
1.665300820947905
1.6699259620960112
1.6758011413922544
1.6803012787255471
1.6864264656514176
1.6919266335032197
1.6971767937253945
1.7035519882808923
1.7086771446882534
1.7150523392437513
1.7206775109103671
1.7271777092806788
1.7331778923917356
1.7391780755027926
1.7450532547990356
1.7508034302804651
1.756803613391522
1.7623037812433242
1.7680539567247535
1.773429120761742
1.7796793115024263
1.7855544907986696
1.7906796472060307
1.7961798150578325
1.8009299600207527
1.8060551164281138
1.8104302499465927
1.8155554063539538
1.8200555436872463
1.8240556657612843
1.8283057954649493
1.8314308908352916
1.8351810052797022
1.8390561235389262
1.8418062074648274
1.8441812799462873
1.846806360057375
1.848806421094394
1.8514315012054812
1.8520565202795496
1.8539315775017549
1.8548066042054507
1.8555566270943329
1.8563066499832148
1.8559316385387736
1.8556816309091464
1.8545565965758233
1.8534315622425002
1.851556505020295
1.8499314554277169
1.8479313943906979
1.8450563066499832
1.841931211279641
1.838806115909299
1.835306009094516
1.830930875576037
1.8266807458723715
1.8223056123538928
1.8171804559465317
1.8128053224280527
1.8081801812799463
1.8021799981688895
1.7969298379467147
1.7911796624652854
1.7858044984282968
1.7793043000579851
1.7739291360209968
1.767803949095126
1.761553758354442
1.755553575243385
1.749678395947142
1.7430531937620168
1.7370530106509599
1.7311778313547166
1.7254276558732873
1.7188024536881619
1.712802270577105
1.7063020722067934
1.7004268929105502
1.6943017059846797
1.6880515152439954
1.6825513473921934
1.6768011719107638
1.671301004058962
1.6661758476516009
1.6600506607257304
1.6555505233924375
1.6496753440961944
1.6443001800592059
1.6391750236518448
1.6349248939481797
1.6302997528000733
1.6259246192815942
1.6214244819483017
1.6176743675038912
1.6132992339854122
1.6095491195410014
1.6059240089114046
1.6024239020966218
1.599548814355907
1.596298715170751
1.5937986388744774
1.5905485396893215
1.5881734672078616
1.586048402356029
1.5834233222449416
1.5805482345042268
1.5791731925412764
1.5767981200598165
1.574923062837611
1.5730480056154057
1.5719229712820828
1.570172917874691
1.5691728873561817
1.5684228644672995
1.5665478072450942
1.565422772911771
1.5645477462080752
1.5635477156895659
1.5625476851710562
1.5612976470229194
1.5605476241340372
1.5607976317636647
1.5595475936155279
1.5592975859859004
1.5589225745414594
1.5580475478377636
1.5572975249488816
1.5574225287636951
1.5544224372081668
1.5536724143192846
1.55317239906003
1.5540474257637258
1.553922421948912
1.5536724143192846
1.5537974181340983
1.5537974181340983
1.5537974181340983
1.5534224066896571
1.553547410504471
1.5537974181340983
1.5544224372081668
1.5541724295785393
1.5544224372081668
1.5549224524674214
1.5552974639118626
1.555172460097049
1.5557974791711173
1.5549224524674214
1.5550474562822352
1.5557974791711173
1.5550474562822352
1.5564224982451857
1.5564224982451857
1.556797509689627
1.5574225287636951
1.5572975249488816
1.5572975249488816
1.5576725363933226
1.557797540208136
1.5574225287636951
1.557797540208136
1.558672566911832
1.5589225745414594
1.559922605059969
1.559922605059969
1.5600476088747826
1.559922605059969
1.56029761650441
1.5604226203192237
1.5600476088747826
1.560672627948851
1.5612976470229194
1.5612976470229194
1.5612976470229194
1.5620476699118016
1.5612976470229194
1.562297677541429
1.5626726889858698
1.5625476851710562
1.5626726889858698
1.5631727042451247
1.5636727195043794
1.563422711874752
1.564172734763634
1.5646727500228887
1.5647977538377027
1.5649227576525162
1.5655477767265848
1.5655477767265848
1.5660477919858395
1.5665478072450942
1.5671728263191627
1.5672978301339764
1.5680478530228583
1.5690478835413677
1.5697979064302499
1.5704229255043185
1.5711729483932007
1.5715479598376416
1.5724229865413375
1.5732980132450332
1.5746730552079835
1.5756730857264931
1.5772981353190711
1.578923184911649
1.5815482650227364
1.5827983031708732
1.584423352763451
1.5867984252449112
1.5894235053559984
1.591923581652272
1.5944236579485458
1.5980487685781428
1.601048860133671
1.6047989745780817
1.609049104281747
1.6129242225409712
1.616549333170568
1.621299478133488
1.626424634540849
1.6306747642445143
1.6360499282815029
1.6414250923184912
1.647050263985107
1.6529254432813503
1.658925626392407
1.664925809503464
1.671301004058962
1.677176183355205
1.6836763817255165
1.6891765495773186
1.6956767479476302
1.7020519425031282
1.7079271217993715
1.7135522934659873
1.7196774803918575
1.7240526139103367
1.7291777703176978
1.7333028962065493
1.737428022095401
1.740553117465743
1.7440532242805262
1.7474283272804958
1.7489283730582599
1.7513034455397198
1.7529284951322976
1.7534285103915526
1.7538035218359938
1.7530534989471116
1.7523034760582294
1.7514284493545336
1.7491783806878873
1.7469283120212409
1.7435532090212715
1.7403031098361157
1.7364279915768914
1.73230286568804
1.7275527207251198
1.721927549058504
1.7169273964659566
1.7110522171697136
1.7048020264290291
1.6990518509475998
1.6936766869106112
1.6874264961699272
1.6816763206884975
1.6754261299478135
1.6689259315775018
1.6634257637256997
1.6570505691702018
1.6515504013183995
1.6454252143925292
1.6401750541703544
1.6350498977629933
1.6297997375408186
1.6250495925778985
1.6207994628742333
1.6160493179113133
1.612174199652089
1.6080490737632376
1.6042989593188268
1.6009238563188575
1.5976737571337016
1.5945486617633595
1.591923581652272
1.5896735129856259
1.5875484481337934
1.5856733909115879
1.5835483260597554
1.58167326883755
1.5802982268745993
1.5776731467635121
1.5760480971709343
1.5739230323191016
1.5711729483932007
1.5684228644672995
1.5656727805413984
1.5615476546525469
1.5562974944303722
1.550422315134129
1.5439221167638173
1.5359218726157415
1.5264215826899015
1.5174213080233163
1.5072959990234076
1.4981707205420087
1.4895454573198645
1.4812952055421613
1.475920041505173
1.4711698965422528
1.4700448622089297
1.4724199346903897
1.4789201330607014
1.490545487838374
1.5082960295419172
1.5315467390972626
1.5615476546525469
1.5990487990966522
1.6421751152073734
1.6924266487624744
1.7485533616138187
1.810305246131779
1.8755572374645222
1.943809320352794
2.0120614032410655
2.0785634327219458
2.140940336313974
2.1959420148319957
2.2395683462019718
2.270319284646138
2.288819849238563
2.2921949522385328
2.281319620349742
2.2571938840907007
2.220317758720664
2.1713162633136998
2.1120644550920136
2.0461874446852018
1.9734352244636373
1.8984329355754266
1.82493069246498
1.7541785332804345
1.6880515152439954
1.628049684133427
1.5742980437635425
1.5274216132084109
1.4876704000976593
1.456169438764611
1.4316686910611285
1.414043153172399
1.403417828913236
1.399042695394757
1.4007927488021485
1.4060429090243234
1.416043214209418
1.4281685842463454
1.4424190191351054
1.4579194921720025
1.4730449537644583
1.4889204382457961
1.5022958464308604
1.516296273689993
1.5276716208380383
1.5377969298379466
1.5461721854304635
1.5534224066896571
1.5594225898007141
1.5644227423932615
1.5679228492080448
1.5717979674672689
1.5736730246894741
1.5762981048005615
1.5774231391338847
1.578923184911649
1.5802982268745993
1.58167326883755
1.5826732993560595
1.5837983336893826
1.5851733756523332
1.5861734061708426
1.5870484328745385
1.5891734977263712
1.5909235511337627
1.592298593096713
1.5940486465041048
1.5957986999114964
1.5981737723929563
1.6009238563188575
1.6025489059114353
1.6051739860225227
1.6067990356151007
1.61017413861507
1.6122992034669026
1.614549272133549
1.6180493789483323
1.6215494857631152
1.6245495773186438
1.6277996765037996
1.631674794763024
1.6352999053926207
1.6385500045777766
1.642675130466628
1.647050263985107
1.651050386059145
1.6555505233924375
1.6599256569109164
1.6655508285775322
1.6709259926145208
1.6750511185033723
1.6809262977996156
1.6861764580217904
1.6916766258735922
1.6971767937253945
1.702551957762383
1.7086771446882534
1.7146773277993104
1.7211775261696218
1.7266776940214241
1.7331778923917356
1.7395530869472335
1.7455532700582903
1.750428418836024
1.757178624835963
1.761928769798883
1.76792895290994
1.773804132206183
1.7798043153172398
1.7858044984282968
1.790929654835658
1.7965548265022737
1.8020549943540758
1.8058051087984863
1.81068025757622
1.81543040253914
1.8193055207983642
1.8241806695760978
1.8281807916501358
1.83205590990936
1.8356810205389569
1.8386811120944853
1.842431226538896
1.8444312875759148
1.847181371501816
1.84868141727958
1.8505564745017853
1.8529315469832455
1.8536815698721276
1.8549316080202642
1.8556816309091464
1.8560566423535876
1.8564316537980285
1.8559316385387736
1.8545565965758233
1.853556566057314
1.8520565202795496
1.8503064668721578
1.8475563829462571
1.8449313028351695
1.8421812189092686
1.8398061464278084
1.8350560014648885
1.8314308908352916
1.8266807458723715
1.8223056123538928
1.8173054597613454
1.8125553147984252
1.8074301583910641
1.8025550096133305
1.7973048493911556
1.7919296853541673
1.7861795098727378
1.780179326761681
1.7739291360209968
1.767803949095126
1.761553758354442
1.755553575243385
1.750053407391583
1.7435532090212715
1.7371780144657736
1.7311778313547166
1.7246776329844051
1.7183024384289072
1.7126772667622914
1.706052064577166
1.7000518814661092
1.6939266945402387
1.6878015076143682
1.6829263588366346
1.6766761680959503
1.671176000244148
1.6656758323923462
1.6601756645405439
1.6546754966887418
1.6495503402813807
1.6443001800592059
1.6394250312814722
1.6347998901333658
1.630799768059328
1.6257996154667806
1.6216744895779291
1.6181743827631458
1.613424237800226
1.6092991119113744
1.6060490127262186
1.6025489059114353
1.598798791467025
1.596673726615192
1.5931736198004092
1.590298532059694
1.587923459578234
1.5859233985412151
1.5830483108005005
1.580923245948668
1.5786731772820215
1.5770481276894437
1.5746730552079835
1.5731730094302194
1.5717979674672689
1.570172917874691
1.5692978911709952
1.5682978606524856
1.5667978148747217
1.5655477767265848
1.564172734763634
1.5631727042451247
1.5620476699118016
1.5615476546525469
1.560672627948851
1.5604226203192237
1.5594225898007141
1.559172582171087
1.5589225745414594
1.5581725516525773
1.5569225135044404
1.557172521134068
1.553922421948912
1.5544224372081668
1.5540474257637258
1.553922421948912
1.5537974181340983
1.5536724143192846
1.5536724143192846
1.5532974028748436
1.5536724143192846
1.5537974181340983
1.5534224066896571
1.5541724295785393
1.5537974181340983
1.5544224372081668
1.5541724295785393
1.5549224524674214
1.5549224524674214
1.5552974639118626
1.5554224677266761
1.555172460097049
1.555172460097049
1.5557974791711173
1.5557974791711173
1.5569225135044404
1.5561724906155583
1.5565475020599995
1.5576725363933226
1.5574225287636951
1.5574225287636951
1.5572975249488816
1.55792254402295
1.5581725516525773
1.5584225592822047
1.5589225745414594
1.5595475936155279
1.559172582171087
1.559797601245155
1.5596725974303416
1.559922605059969
1.56029761650441
1.5604226203192237
1.56029761650441
1.5605476241340372
1.561172643208106
1.5612976470229194
1.5616726584673606
1.5621726737266153
1.563047700430311
1.5626726889858698
1.562297677541429
1.5625476851710562
1.5625476851710562
1.5629226966154972
1.563422711874752
1.5639227271340068
1.5636727195043794
1.5644227423932615
1.5651727652821437
1.5649227576525162
1.565797784356212
1.5655477767265848
1.566172795800653
1.5660477919858395
1.5676728415784174
1.567797845393231
1.5686728720969267
1.5689228797265542
1.5704229255043185
1.570547929319132
1.5712979522080142
1.5716729636524553
1.5726729941709647
1.5729230018005922
1.5744230475783563
1.5754230780968657
1.5772981353190711
1.578923184911649
1.5811732535782954
1.5830483108005005
1.5842983489486373
1.587923459578234
1.5895485091708121
1.5915485702078311
1.5945486617633595
1.5977987609485154
1.6017988830225531
1.6052989898373364
1.6091741080965607
1.6131742301705987
1.6171743522446362
1.6216744895779291
1.6266746421704763
1.631174779503769
1.6365499435407576
1.6416750999481187
1.6471752677999205
1.6530504470961638
1.6594256416516617
1.6651758171330913
1.6715510116885892
1.6781762138737144
1.684301400799585
1.6895515610217597
1.6963017670216987
1.7023019501327556
1.7089271523178808
1.7140523087252417
1.719927488021485
1.7248026367992186
1.7291777703176978
1.7339279152806177
1.737428022095401
1.740553117465743
1.743678212836085
1.7473033234656818
1.7494283883175148
1.7513034455397198
1.7525534836878567
1.7535535142063663
1.7536785180211798
1.7530534989471116
1.7519284646137883
1.7503034150212105
1.7483033539841915
1.746053285317545
1.7429281899472029
1.7395530869472335
1.7359279763176367
1.7316778466139713
1.7265526902066104
1.721552537614063
1.7163023773918882
1.710427198095645
1.7045520187994019
1.6984268318735312
1.6926766563921019
1.687051484725486
1.6805512863551746
1.6750511185033723
1.6681759086886196
1.6621757255775629
1.6568005615405743
1.6506753746147038
1.6449251991332745
1.6394250312814722
1.634424878688925
1.6294247260963775
1.6246745811334575
1.6200494399853511
1.6159243140964994
1.611799188207648
1.6071740470595417
1.6042989593188268
1.6000488296151616
1.5972987456892607
1.594798669392987
1.591923581652272
1.5895485091708121
1.5876734519486069
1.5856733909115879
1.5835483260597554
1.581298257393109
1.5795482039857174
1.5772981353190711
1.5755480819116796
1.5739230323191016
1.5716729636524553
1.5686728720969267
1.56504776146733
1.56029761650441
1.5552974639118626
1.5497972960600603
1.5429220862453077
1.5341718192083498
1.5251715445417646
1.5151712393566699
1.5061709646900845
1.4967956785790582
1.4882954191717277
1.480670186468093
1.4746700033570361
1.4711698965422528
1.4697948545793025
1.4734199652088993
1.480295175023652
1.4926705526902067
1.5109211096530044
1.5352968535416731
1.5660477919858395
1.6042989593188268
1.6486753135776848
1.6991768547624133
1.756803613391522
1.8188055055391095
1.8853075350199897
1.9543096407971434
2.0213116855372784
2.0873136997589037
2.14894058046205
2.202317209387494
2.24494351023896
2.2740693990905485
2.289944883571886
2.2920699484237193
2.2799445783867918
2.2526937467574086
2.214317575609607
2.163941038239692
2.1033141880550557
2.035687124240852
1.9629349040192878
1.8880576189458909
1.813805352946562
1.7439282204657125
1.6791762443922238
1.6190494094668417
1.5669228186895352
1.5210464186529131
1.4827952513199256
1.4527943357646413
1.4285435956907866
1.4122930997650074
1.4022927945799126
1.3991676992095705
1.4006677449873348
1.4075429548020875
1.417668263801996
1.429918637653737
1.4450440992461928
1.4596695455793938
1.4747950071718496
1.4904204840235602
1.5045459150975067
1.517796319467757
1.5291716666158026
1.5387969603564562
1.5470472121341592
1.554797448652608
1.5604226203192237
1.5647977538377027
1.5692978911709952
1.5714229560228279
1.5735480208746606
1.5760480971709343
1.5777981505783258
1.5795482039857174
1.5806732383190405
1.5815482650227364
1.5830483108005005
1.584423352763451
1.5851733756523332
1.5867984252449112
1.5876734519486069
1.5894235053559984
1.5910485549485762
1.5925486007263405
1.5944236579485458
1.5964237189855648
1.59829877620777
1.60067384868923
1.602673909726249
1.6051739860225227
1.6076740623187964
1.6100491348002564
1.6127992187261575
1.6155493026520584
1.618924405652028
1.6215494857631152
1.6255496078371532
1.628424695577868
1.632299813837092
1.6357999206518754
1.6393000274666587
1.643925168614765
1.6478002868739892
1.6515504013183995
1.6561755424665061
1.6610506912442398
1.666050843836787
1.6710509964293345
1.6764261604663229
1.6811763054292428
1.687051484725486
1.6928016602069156
1.697801812799463
1.7039269997253335
1.7099271828363902
1.7154273506881925
1.7211775261696218
1.7274277169103063
1.733052888576922
1.740178106021302
1.745678273873104
1.7519284646137883
1.757178624835963
1.7630538041322064
1.7688039796136357
1.774679158909879
1.7799293191320538
1.7860545060579243
1.79167967772454
1.7969298379467147
1.8019299905392623
1.8063051240577412
1.8115552842799159
1.816180425428022
1.82018054750206
1.8251807000946074
1.8290558183538315
1.8325559251686148
1.8356810205389569
1.8391811273537402
1.8420562150944548
1.8445562913907285
1.8475563829462571
1.848806421094394
1.8509314859462265
1.8529315469832455
1.8543065889461958
1.8546816003906368
1.8555566270943329
1.8560566423535876
1.8560566423535876
1.855056611835078
1.8548066042054507
1.853181554612873
1.8514315012054812
1.849556443983276
1.8470563676870022
1.8445562913907285
1.8416812036500139
1.838806115909299
1.8348059938352612
1.8306808679464095
1.8264307382427443
1.8219306009094518
1.8166804406872767
1.8124303109836117
1.807180150761437
1.8023050019837032
1.7956797997985778
1.790929654835658
1.7853044831690421
1.7790542924283579
1.7730541093173011
1.7670539262062441
1.7609287392803734
1.7541785332804345
1.747678334910123
1.7424281746879482
1.7360529801324502
1.7295527817621388
1.7241776177251504
1.7176774193548388
1.711177220984527
1.7059270607623525
1.6990518509475998
1.6931766716513565
1.6876765037995543
1.6820513321329387
1.6764261604663229
1.6703009735404524
1.6651758171330913
1.6594256416516617
1.6541754814294871
1.649050325022126
1.6438001647999512
1.638299996948149
1.634299874874111
1.6299247413556321
1.625299600207526
1.620924466689047
1.6170493484298227
1.614174260689108
1.609424115726188
1.6059240089114046
1.6024239020966218
1.598798791467025
1.5955486922818691
1.5929236121707817
1.5901735282448806
1.588048463393048
1.5856733909115879
1.5835483260597554
1.5804232306894133
1.578923184911649
1.5771731315042574
1.5746730552079835
1.5729230018005922
1.5716729636524553
1.5700479140598773
1.5692978911709952
1.567797845393231
1.5660477919858395
1.5656727805413984
1.5639227271340068
1.563047700430311
1.5620476699118016
1.561047639393292
1.5614226508377331
1.56029761650441
1.5589225745414594
1.5589225745414594
1.5589225745414594
1.5576725363933226
1.55792254402295
1.557172521134068
1.553547410504471
1.5540474257637258
1.5536724143192846
1.55317239906003
1.55317239906003
1.5540474257637258
1.5534224066896571
1.5536724143192846
1.553547410504471
1.5540474257637258
1.5540474257637258
1.55317239906003
1.553922421948912
1.554672444837794
1.5550474562822352
1.5549224524674214
1.5550474562822352
1.5549224524674214
1.5550474562822352
1.5557974791711173
1.5552974639118626
1.5554224677266761
1.5564224982451857
1.5562974944303722
1.556797509689627
1.5565475020599995
1.556797509689627
1.5576725363933226
1.5572975249488816
1.5572975249488816
1.55792254402295
1.55792254402295
1.5584225592822047
1.5581725516525773
1.559047578356273
1.559047578356273
1.5595475936155279
1.5596725974303416
1.5594225898007141
1.5601726126895963
1.56029761650441
1.5600476088747826
1.5609226355784784
1.5609226355784784
1.561047639393292
1.5614226508377331
1.561922666096988
1.5624226813562427
1.5625476851710562
1.5625476851710562
1.5629226966154972
1.5624226813562427
1.5631727042451247
1.563422711874752
1.5640477309488205
1.5644227423932615
1.5645477462080752
1.5649227576525162
1.565422772911771
1.5655477767265848
1.5656727805413984
1.566172795800653
1.566297799615467
1.5671728263191627
1.567797845393231
1.5680478530228583
1.5689228797265542
1.5700479140598773
1.570172917874691
1.5700479140598773
1.5715479598376416
1.5724229865413375
1.5732980132450332
1.5746730552079835
1.5755480819116796
1.5775481429486986
1.57929819635609
1.5810482497634815
1.5830483108005005
1.5854233832819604
1.5871734366893522
1.5896735129856259
1.592423596911527
1.595173680837428
1.59829877620777
1.6021738944669943
1.6055489974669637
1.6092991119113744
1.613799249244667
1.6172993560594502
1.6216744895779291
1.626424634540849
1.6314247871333964
1.6365499435407576
1.6421751152073734
1.6476752830591754
1.6541754814294871
1.6599256569109164
1.6656758323923462
1.6725510422070986
1.6778012024292734
1.6851764275032808
1.6904265877254554
1.6961767632068852
1.7028019653920103
1.709177159947508
1.7143023163548692
1.719927488021485
1.7249276406140324
1.7298027893917662
1.7340529190954315
1.737803033539842
1.740928128910184
1.7443032319101537
1.747678334910123
1.7491783806878873
1.7515534531693473
1.7530534989471116
1.7536785180211798
1.754053529465621
1.7529284951322976
1.7523034760582294
1.7506784264656514
1.7484283577990052
1.746053285317545
1.743303201391644
1.73942808313242
1.7360529801324502
1.731427838984344
1.7265526902066104
1.7213025299844356
1.7159273659474472
1.7099271828363902
1.704177007354961
1.6979268166142767
1.6929266640217293
1.6861764580217904
1.6801762749107334
1.6743010956144901
1.6689259315775018
1.6620507217627492
1.6561755424665061
1.6504253669850764
1.6443001800592059
1.6393000274666587
1.6337998596148564
1.6286747032074953
1.6242995696890163
1.6206744590594195
1.6152992950224312
1.6110491653187657
1.6077990661336101
1.6034239326151312
1.5999238258003479
1.5965487228003785
1.5944236579485458
1.5914235663930174
1.5892985015411847
1.5876734519486069
1.5851733756523332
1.5831733146153144
1.582048280281991
1.5795482039857174
1.5772981353190711
1.5751730704672384
1.5732980132450332
1.5709229407635732
1.567797845393231
1.5649227576525162
1.5604226203192237
1.5557974791711173
1.5485472579119235
1.5419220557267983
1.5335468001342816
1.5245465254676962
1.5151712393566699
1.5057959532456433
1.4971706900234993
1.487795403912473
1.4800451673940245
1.4747950071718496
1.4700448622089297
1.4702948698385572
1.4734199652088993
1.480670186468093
1.4942956022827847
1.5125461592455824
1.5366718955046237
1.567797845393231
1.606174016541032
1.6509253822443313
1.7019269386883145
1.759553697317423
1.8218055970946379
1.888307626575518
1.9574347361674858
2.0249367961668754
2.0903137913144323
2.1519406720175787
2.2048172856837676
2.2468185674611654
2.275444441053499
2.290194891201514
2.2913199255348373
2.2780695211645865
2.2518187200537123
2.212067506942961
2.1611909543137915
2.100814111758782
2.032187017426069
1.9594347972045045
1.884432508316294
1.8105552537614062
1.7411781365398113
1.6759261452070682
1.6171743522446362
1.5647977538377027
1.5190463576158941
1.4807951902829066
1.4506692709128086
1.427543565172277
1.4110430616168708
1.4020427869502854
1.3992927030243845
1.401042756431776
1.4071679433576463
1.418043275246437
1.4304186529129916
1.44529410687582
1.4605445722830899
1.4761700491348004
1.4910455030976288
1.5056709494308298
1.518296334727012
1.5292966704306161
1.5394219794305246
1.5479222388378553
1.5549224524674214
1.5604226203192237
1.565797784356212
1.568547868282113
1.5716729636524553
1.5741730399487288
1.5759230933561206
1.5777981505783258
1.578923184911649
1.5801732230597858
1.5819232764671776
1.5831733146153144
1.58404834131901
1.5855483870967744
1.5870484328745385
1.5881734672078616
1.5892985015411847
1.5911735587633902
1.592798608355968
1.594798669392987
1.5965487228003785
1.5984237800225838
1.6009238563188575
1.6034239326151312
1.6051739860225227
1.6076740623187964
1.6099241309854426
1.6131742301705987
1.6151742912076175
1.6184243903927733
1.6221745048371838
1.625299600207526
1.6289247108371228
1.6329248329111608
1.635924924466689
1.6398000427259134
1.6436751609851377
1.6481752983184301
1.651800408948027
1.656550553910947
1.6626757408368176
1.6661758476516009
1.6710509964293345
1.6764261604663229
1.6814263130588702
1.6876765037995543
1.6926766563921019
1.698176824243904
1.7035519882808923
1.7099271828363902
1.7154273506881925
1.7226775719473861
1.7278027283547472
1.7340529190954315
1.740178106021302
1.7469283120212409
1.7525534836878567
1.7580536515396588
1.7630538041322064
1.7690539872432631
1.7749291665395062
1.7799293191320538
1.786554521317179
1.7913046662800989
1.7971798455763421
1.8025550096133305
1.8074301583910641
1.8121803033539843
1.816305429242836
1.82018054750206
1.8251807000946074
1.8285558030945768
1.8324309213538013
1.836431043427839
1.8394311349833674
1.8430562456129642
1.845181310464797
1.8479313943906979
1.8494314401684622
1.851181493575854
1.8524315317239908
1.8540565813165686
1.8546816003906368
1.8555566270943329
1.8563066499832148
1.8558066347239601
1.855431623279519
1.8546816003906368
1.8533065584276864
1.8513064973906674
1.8484314096499528
1.847181371501816
1.844306283761101
1.8418062074648274
1.8381810968352306
1.8341809747611926
1.830055848872341
1.8258057191686758
1.8213055818353832
1.816305429242836
1.8116802880947296
1.8063051240577412
1.8011799676503801
1.7955547959837643
1.7904296395764032
1.78455446028016
1.778679280983917
1.7733041169469284
1.7669289223914304
1.760428724021119
1.754053529465621
1.7475533310953093
1.74180315561388
1.7361779839472642
1.7299277932065797
1.723552598651082
1.7174274117252115
1.7109272133548998
1.705677053132725
1.699301858577227
1.6925516525772883
1.6869264809106725
1.6814263130588702
1.6754261299478135
1.6698009582811977
1.6644257942442091
1.658925626392407
1.6539254737998597
1.6483003021332439
1.6434251533555102
1.6381749931333354
1.6334248481704154
1.62917471846675
1.6246745811334575
1.6205494552446058
1.6171743522446362
1.6127992187261575
1.6087990966521197
1.6055489974669637
1.6019238868373669
1.5980487685781428
1.5954236884670552
1.5931736198004092
1.590298532059694
1.5877984557634206
1.5855483870967744
1.5827983031708732
1.5804232306894133
1.5786731772820215
1.5766731162450025
1.5744230475783563
1.57217297891171
1.5716729636524553
1.570172917874691
1.5689228797265542
1.5680478530228583
1.5666728110599077
1.5649227576525162
1.564172734763634
1.5631727042451247
1.5620476699118016
1.5609226355784784
1.561172643208106
1.559797601245155
1.5589225745414594
1.559797601245155
1.5584225592822047
1.5585475630970183
1.5576725363933226
1.5564224982451857
1.553547410504471
1.5529223914304024
1.553922421948912
1.5537974181340983
1.5540474257637258
1.5540474257637258
1.5537974181340983
1.5537974181340983
1.553547410504471
1.5540474257637258
1.5540474257637258
1.5529223914304024
1.5540474257637258
1.5540474257637258
1.554797448652608
1.555172460097049
1.5552974639118626
1.5552974639118626
1.5556724753563036
1.55554747154149
1.555922482985931
1.5560474868007448
1.5556724753563036
1.5564224982451857
1.556672505874813
1.5569225135044404
1.5574225287636951
1.5574225287636951
1.5570475173192542
1.5575475325785089
1.5580475478377636
1.557797540208136
1.5585475630970183
1.5587975707266457
1.559172582171087
1.5596725974303416
1.5596725974303416
1.559797601245155
1.5601726126895963
1.5600476088747826
1.5600476088747826
1.56029761650441
1.5612976470229194
1.5607976317636647
1.5612976470229194
1.5612976470229194
1.5620476699118016
1.5620476699118016
1.5624226813562427
1.5626726889858698
1.5626726889858698
1.5629226966154972
1.5629226966154972
1.563047700430311
1.563797723319193
1.5645477462080752
1.5640477309488205
1.5647977538377027
1.565797784356212
1.565797784356212
1.5659227881710258
1.565797784356212
1.5666728110599077
1.5667978148747217
1.568172856837672
1.5679228492080448
1.5687978759117405
1.5699229102450638
1.5710479445783867
1.5706729331339457
1.5715479598376416
1.5726729941709647
1.5734230170598467
1.5750480666524247
1.5760480971709343
1.5779231543931396
1.5791731925412764
1.5815482650227364
1.5827983031708732
1.5851733756523332
1.5874234443189794
1.5897985168004394
1.5926736045411543
1.5955486922818691
1.598798791467025
1.6022988982818078
1.6059240089114046
1.609799127170629
1.6139242530594806
1.6177993713187049
1.62204950102237
1.6277996765037996
1.6317997985778374
1.6372999664296397
1.643050141911069
1.6481752983184301
1.6540504776146734
1.6606756797997986
1.6666758629108556
1.6724260383922849
1.6789262367625966
1.685051423688467
1.691051606799524
1.697426801355022
1.7033019806512648
1.709177159947508
1.7148023316141239
1.7206775109103671
1.7260526749473555
1.7305528122806482
1.7344279305398724
1.7384280526139104
1.7420531632435072
1.7449282509842219
1.7473033234656818
1.7499284035767695
1.7516784569841608
1.7528034913174841
1.7530534989471116
1.7538035218359938
1.7534285103915526
1.752053468428602
1.750428418836024
1.748053346354564
1.7455532700582903
1.7431781975768303
1.739303079317606
1.735427961058382
1.7305528122806482
1.725927671132542
1.7204275032807397
1.7150523392437513
1.7094271675771355
1.7035519882808923
1.6979268166142767
1.6920516373180334
1.6854264351329082
1.6791762443922238
1.6739260841700492
1.6675508896145512
1.6611756950590533
1.655800531022065
1.6498003479110082
1.6435501571703237
1.6384250007629628
1.6334248481704154
1.628424695577868
1.6237995544297616
1.6192994170964692
1.6146742759483628
1.6104241462446975
1.6069240394299142
1.6034239326151312
1.5992988067262794
1.597173741874447
1.5941736503189183
1.5915485702078311
1.5890484939115572
1.5871734366893522
1.5849233680227057
1.583298318430128
1.581298257393109
1.5797982116153446
1.5770481276894437
1.5757980895413068
1.5732980132450332
1.570547929319132
1.567797845393231
1.564297738578448
1.5595475936155279
1.554672444837794
1.5486722617267374
1.5414220404675436
1.5327967772453994
1.524171514023255
1.5142962126529742
1.5046709189123204
1.4952956328012939
1.4870453810235909
1.4796701559495833
1.4744199957274087
1.4710448927274393
1.4706698812829981
1.473544969023713
1.481420209356975
1.4954206366161078
1.5149212317270424
1.539671987060152
1.5714229560228279
1.6107991576891385
1.6556755272072514
1.7079271217993715
1.7664289071321757
1.8291808221686454
1.8948078249458296
1.9633099154637288
2.031436994537187
2.0974390087588124
2.1571908322397535
2.2095674306466875
2.250193670461135
2.277444502090518
2.290944914090396
2.2906949064607685
2.2761944639423812
2.2471935789056063
2.2074423657948543
2.1558157902768027
2.0940639057588424
2.0256868190557578
1.9520595721304972
1.8768072756126593
1.8038050477614673
1.7349279457991271
1.6699259620960112
1.6115491805780204
1.559922605059969
1.514796227912229
1.4774200872829373
1.448169194616535
1.4257935117648854
1.4101680349131749
1.4015427716910305
1.3991676992095705
1.4016677755058444
1.4086679891354106
1.419293313394574
1.4317936948759424
1.4465441450239571
1.462044618060854
1.4775450910977508
1.492545548875393
1.507170995208594
1.5191713614307079
1.5312967314676351
1.5410470290231024
1.5489222693563647
1.55554747154149
1.5614226508377331
1.5656727805413984
1.5692978911709952
1.5715479598376416
1.5742980437635425
1.5761731009857478
1.5781731620227668
1.57929819635609
1.5799232154301586
1.5814232612079226
1.5830483108005005
1.5846733603930783
1.5854233832819604
1.5870484328745385
1.5882984710226753
1.5895485091708121
1.5911735587633902
1.592798608355968
1.5949236732078005
1.596798730430006
1.5990487990966522
1.6007988525040437
1.6032989288003174
1.6052989898373364
1.6080490737632376
1.61017413861507
1.6127992187261575
1.6155493026520584
1.618924405652028
1.6215494857631152
1.6255496078371532
1.62917471846675
1.6327998290963468
1.6367999511703848
1.640300057985168
1.6443001800592059
1.6484253059480574
1.6519254127628407
1.6573005767998292
1.6614257026886807
1.666425855281228
1.6720510269478437
1.6768011719107638
1.6823013397625661
1.6873014923551135
1.6931766716513565
1.698926847132786
1.7044270149845882
1.7099271828363902
1.7166773888363294
1.7225525681325726
1.7284277474288157
1.734552934354686
1.7406781212805567
1.7466783043916136
1.7523034760582294
1.7583036591692862
1.763928830835902
1.7695540025025178
1.775429181798761
1.7815543687246316
1.786554521317179
1.7923046967986085
1.7978048646504103
1.8030550248725852
1.8070551469466232
1.811805291909543
1.8165554368724632
1.8209305703909422
1.8253057039094212
1.8288058107242042
1.8330559404278695
1.8363060396130253
1.8394311349833674
1.8425562303537095
1.8450563066499832
1.8476813867610706
1.8496814477980896
1.850681478316599
1.8524315317239908
1.8543065889461958
1.855431623279519
1.8559316385387736
1.8559316385387736
1.856181646168401
1.8549316080202642
1.8543065889461958
1.8529315469832455
1.8513064973906674
1.8493064363536484
1.8475563829462571
1.8441812799462873
1.8411811883907592
1.8379310892056033
1.8349309976500747
1.8296808374279
1.8261807306131168
1.8213055818353832
1.8159304177983948
1.8115552842799159
1.8056801049836726
1.8009299600207527
1.7956797997985778
1.7901796319467758
1.7843044526505327
1.7784292733542895
1.772304086428419
1.7661788995025482
1.7603037202063052
1.7539285256508073
1.7478033387249368
1.74180315561388
1.735427961058382
1.7295527817621388
1.7234275948362683
1.7166773888363294
1.710802209540086
1.7043020111697744
1.6983018280587177
1.6921766411328472
1.686301461836604
1.6803012787255471
1.675551133762627
1.669675954466384
1.6640507827997681
1.6588006225775933
1.653425458540605
1.6484253059480574
1.6434251533555102
1.637924985503708
1.633174840540788
1.6290497146519365
1.6246745811334575
1.6205494552446058
1.6164243293557543
1.612174199652089
1.6091741080965607
1.605048982207709
1.6015488753929257
1.5981737723929563
1.5952986846522417
1.5926736045411543
1.5896735129856259
1.5871734366893522
1.585298379467147
1.5826732993560595
1.580048219244972
1.5785481734672078
1.5761731009857478
1.5746730552079835
1.5726729941709647
1.5715479598376416
1.5704229255043185
1.5686728720969267
1.5675478377636038
1.5664228034302805
1.565422772911771
1.564172734763634
1.563047700430311
1.561922666096988
1.561172643208106
1.56029761650441
1.5595475936155279
1.5596725974303416
1.559047578356273
1.5587975707266457
1.5585475630970183
1.5580475478377636
1.5564224982451857
1.5537974181340983
1.5537974181340983
1.553547410504471
1.553922421948912
1.5532974028748436
1.554797448652608
1.5540474257637258
1.5532974028748436
1.5536724143192846
1.5540474257637258
1.5537974181340983
1.5536724143192846
1.5544224372081668
1.5542974333933532
1.5545474410229805
1.554672444837794
1.5554224677266761
1.5560474868007448
1.555172460097049
1.5561724906155583
1.5557974791711173
1.5557974791711173
1.5562974944303722
1.5564224982451857
1.5564224982451857
1.5569225135044404
1.5572975249488816
1.5575475325785089
1.557172521134068
1.557797540208136
1.55792254402295
1.5575475325785089
1.5584225592822047
1.5585475630970183
1.5589225745414594
1.559172582171087
1.5596725974303416
1.5595475936155279
1.5605476241340372
1.5601726126895963
1.560672627948851
1.559922605059969
1.560672627948851
1.5615476546525469
1.5616726584673606
1.5626726889858698
1.5620476699118016
1.5624226813562427
1.5626726889858698
1.5627976928006837
1.5627976928006837
1.5629226966154972
1.5635477156895659
1.5632977080599384
1.5640477309488205
1.5647977538377027
1.564297738578448
1.56504776146733
1.565422772911771
1.5656727805413984
1.565797784356212
1.566172795800653
1.566297799615467
1.5671728263191627
1.5684228644672995
1.5682978606524856
1.5691728873561817
1.5704229255043185
1.5706729331339457
1.5715479598376416
1.5719229712820828
1.5731730094302194
1.5731730094302194
1.5750480666524247
1.5766731162450025
1.5775481429486986
1.5797982116153446
1.58167326883755
1.5834233222449416
1.5857983947264016
1.5876734519486069
1.5901735282448806
1.5925486007263405
1.5960487075411238
1.5997988219855341
1.602673909726249
1.606174016541032
1.6104241462446975
1.614174260689108
1.618549394207587
1.6231745353556932
1.627674672688986
1.6321748100222786
1.6374249702444532
1.6440501724295786
1.6488003173924985
1.6543004852443006
1.6606756797997986
1.667300881984924
1.6733010650959808
1.6798012634662924
1.6860514542069764
1.6918016296884062
1.6980518204290902
1.704177007354961
1.7099271828363902
1.715552354503006
1.7209275185399944
1.725927671132542
1.7301778008362072
1.7341779229102452
1.738553056428724
1.7420531632435072
1.7451782586138493
1.7483033539841915
1.7503034150212105
1.7515534531693473
1.7529284951322976
1.7535535142063663
1.7539285256508073
1.7528034913174841
1.752053468428602
1.7503034150212105
1.7478033387249368
1.745678273873104
1.742178167058321
1.7400531022064882
1.7349279457991271
1.7300527970213935
1.7255526596881008
1.7213025299844356
1.7145523239844966
1.709177159947508
1.7031769768364513
1.6975518051698355
1.691426618243965
1.685051423688467
1.6793012482070377
1.6734260689107945
1.66717587817011
1.6610506912442398
1.6550505081331828
1.649050325022126
1.6429251380962555
1.6381749931333354
1.6320498062074649
1.6277996765037996
1.623299539170507
1.6187994018372145
1.6146742759483628
1.610549150059511
1.6067990356151007
1.603173924985504
1.5992988067262794
1.5961737113559373
1.5939236426892909
1.590798547318949
1.5890484939115572
1.5871734366893522
1.585298379467147
1.5830483108005005
1.5810482497634815
1.5794232001709037
1.5774231391338847
1.5751730704672384
1.5726729941709647
1.570547929319132
1.5675478377636038
1.5639227271340068
1.5594225898007141
1.5542974333933532
1.5476722312082278
1.5407970213934752
1.5321717581713308
1.5229214758751182
1.513921201208533
1.5039208960234383
1.4947956175420394
1.485795342875454
1.479045136875515
1.4737949766533405
1.4710448927274393
1.4707948850978119
1.4747950071718496
1.4831702627643666
1.497670705282754
1.5169212927640614
1.5425470748008667
1.5752980742820522
1.6152992950224312
1.6613006988738672
1.7141773125400557
1.7729291055024872
1.8361810357982116
1.9026830652790918
1.9713101596118046
2.0385622119815667
2.1039392071291236
2.1638160344248787
2.214692587054048
2.2538187810907315
2.279444563127537
2.2914449293496504
2.2894448683126316
2.272944364757225
2.2435684682760093
2.20219220557268
2.148565569017609
2.0869386883144627
2.017561571092868
1.943809320352794
1.8684320200201423
1.7956797997985778
1.727052705465865
1.663300759910886
1.605048982207709
1.5545474410229805
1.5100460829493088
1.474294991912595
1.4451691030610065
1.4239184545426802
1.4090430005798518
1.4012927640614032
1.3992927030243845
1.4022927945799126
1.409793023468734
1.4206683553575243
1.4334187444685202
1.4480441908017212
1.4641696829126867
1.4796701559495833
1.4944206060975982
1.5081710257271035
1.5209214148380994
1.5324217658009582
1.5415470442823573
1.5491722769859921
1.556672505874813
1.5614226508377331
1.566297799615467
1.5697979064302499
1.572547990356151
1.5751730704672384
1.5766731162450025
1.5784231696523943
1.57929819635609
1.580923245948668
1.5819232764671776
1.5835483260597554
1.584423352763451
1.5859233985412151
1.5870484328745385
1.5886734824671163
1.590423535874508
1.5916735740226449
1.5926736045411543
1.594798669392987
1.5969237342448195
1.599173802911466
1.601048860133671
1.6039239478743859
1.60542399365215
1.6087990966521197
1.6106741538743248
1.6136742454298534
1.6156743064668722
1.6191744132816552
1.6226745200964385
1.625174596392712
1.629299722281564
1.633674855800043
1.6367999511703848
1.640300057985168
1.6444251838740198
1.6486753135776848
1.6533004547257912
1.6574255806146427
1.6624257332071901
1.66717587817011
1.6720510269478437
1.6776761986144597
1.6829263588366346
1.6879265114291817
1.693801690725425
1.699676870021668
1.7051770378734703
1.711177220984527
1.7170524002807703
1.7234275948362683
1.7289277626880704
1.7356779686880093
1.7410531327249978
1.7475533310953093
1.7528034913174841
1.759178685872982
1.764803857539598
1.769804010132145
1.7756791894283883
1.7820543839838863
1.7871795403912474
1.7933047273171179
