1.5957986999114964
1.5939236426892909
1.592798608355968
1.5911735587633902
1.5900485244300668
1.5889234900967437
1.5875484481337934
1.5869234290597247
1.5859233985412151
1.5851733756523332
1.5842983489486373
1.5835483260597554
1.5826732993560595
1.5819232764671776
1.5807982421338542
1.5805482345042268
1.580048219244972
1.5799232154301586
1.5795482039857174
1.5795482039857174
1.578923184911649
1.5781731620227668
1.5777981505783258
1.5774231391338847
1.57692312387463
1.5771731315042574
1.5767981200598165
1.5770481276894437
1.5771731315042574
1.576548112430189
1.5771731315042574
1.5770481276894437
1.5766731162450025
1.57692312387463
1.5762981048005615
1.5762981048005615
1.5764231086153753
1.5770481276894437
1.5770481276894437
1.5772981353190711
1.5775481429486986
1.5775481429486986
1.5775481429486986
1.5772981353190711
1.5775481429486986
1.5772981353190711
1.5784231696523943
1.5780481582079533
1.5780481582079533
1.5782981658375803
1.5787981810968352
1.579673207800531
1.5791731925412764
1.5790481887264625
1.5795482039857174
1.5787981810968352
1.579673207800531
1.5795482039857174
1.579673207800531
1.580048219244972
1.5801732230597858
1.5807982421338542
1.5805482345042268
1.5807982421338542
1.5807982421338542
1.5807982421338542
1.580923245948668
1.5817982726523636
1.5817982726523636
1.581298257393109
1.5825482955412458
1.5822982879116183
1.582048280281991
1.5825482955412458
1.5827983031708732
1.5825482955412458
1.5826732993560595
1.583298318430128
1.5837983336893826
1.58404834131901
1.58404834131901
1.5846733603930783
1.5841733451338236
1.584423352763451
1.5849233680227057
1.584423352763451
1.5857983947264016
1.5851733756523332
1.5851733756523332
1.5859233985412151
1.5859233985412151
1.5867984252449112
1.58642341380047
1.5867984252449112
1.5866734214300973
1.5869234290597247
1.5862984099856563
1.5869234290597247
1.587298440504166
1.5875484481337934
1.587298440504166
1.588048463393048
1.5877984557634206
1.5885484786523028
1.5885484786523028
1.58879848628193
1.5886734824671163
1.5890484939115572
1.5891734977263712
1.5895485091708121
1.5905485396893215
1.5897985168004394
1.590298532059694
1.5901735282448806
1.5909235511337627
1.5901735282448806
1.590298532059694
1.5912985625782037
1.590798547318949
1.5914235663930174
1.5912985625782037
1.5920485854670858
1.5917985778374584
1.591923581652272
1.5916735740226449
1.592298593096713
1.5921735892818996
1.592298593096713
1.5929236121707817
1.5931736198004092
1.5931736198004092
1.5931736198004092
1.5931736198004092
1.5934236274300364
1.5935486312448501
1.5937986388744774
1.5939236426892909
1.5939236426892909
1.5940486465041048
1.5945486617633595
1.5944236579485458
1.5954236884670552
1.595173680837428
1.5952986846522417
1.5952986846522417
1.595173680837428
1.5957986999114964
1.5952986846522417
1.595173680837428
1.5959237037263099
1.596298715170751
1.596298715170751
1.596798730430006
1.5972987456892607
1.5970487380596332
1.5970487380596332
1.5969237342448195
1.596798730430006
1.597173741874447
1.5981737723929563
1.5975487533188881
1.5977987609485154
1.59829877620777
1.59829877620777
1.5976737571337016
1.59829877620777
1.5981737723929563
1.5984237800225838
1.5981737723929563
1.599173802911466
1.5989237952818385
1.5992988067262794
1.5996738181707206
1.599548814355907
1.5994238105410932
1.5996738181707206
1.5999238258003479
1.5997988219855341
1.5996738181707206
1.60067384868923
1.6009238563188575
1.6007988525040437
1.6014238715781122
1.6015488753929257
1.601173863948485
1.601048860133671
1.6016738792077396
1.6016738792077396
1.6019238868373669
1.6024239020966218
1.6024239020966218
1.6029239173558765
1.6035489364299447
1.6036739402447586
1.6040489516891996
1.6042989593188268
1.6049239783928952
1.6049239783928952
1.6064240241706595
1.6062990203558458
1.6071740470595417
1.6079240699484236
1.6089241004669332
1.6102991424298836
1.6109241615039522
1.61254921109653
1.6135492416150394
1.6146742759483628
1.6157993102816859
1.6180493789483323
1.6191744132816552
1.621299478133488
1.623299539170507
1.625674611651967
1.6275496688741722
1.6299247413556321
1.6319248023926511
1.634299874874111
1.6367999511703848
1.6401750541703544
1.643050141911069
1.6460502334665976
1.6495503402813807
1.6533004547257912
1.6566755577257606
1.6599256569109164
1.6639257789849544
1.6679259010589922
1.6718010193182167
1.6763011566515091
1.680676290169988
1.6853014313180945
1.6901765800958282
1.6951767326883755
1.7000518814661092
1.7048020264290291
1.7099271828363902
1.7149273354289376
1.7194274727622303
1.7246776329844051
1.729052766502884
1.7344279305398724
1.7390530716879788
1.7435532090212715
1.7479283425397505
1.7516784569841608
1.755553575243385
1.7590536820581684
1.761928769798883
1.764803857539598
1.7681789605395672
1.769929013946959
1.772304086428419
1.774679158909879
1.776554216132084
1.776679219946898
1.7774292428357799
1.7780542619098483
1.7779292580950348
1.7775542466505936
1.7776792504654073
1.7763042085024567
1.7750541703543201
1.7735541245765558
1.77267909787286
1.769929013946959
1.7670539262062441
1.7644288460951567
1.761553758354442
1.7576786400952178
1.7538035218359938
1.750428418836024
1.7461782891323587
1.7420531632435072
1.7379280373546557
1.7333028962065493
1.7285527512436292
1.7238026062807095
1.7186774498733484
1.7134272896511735
1.7084271370586261
1.7038019959105197
1.6991768547624133
1.693801690725425
1.6891765495773186
1.6840513931699574
1.6789262367625966
1.6754261299478135
1.6701759697256386
1.6651758171330913
1.6606756797997986
1.6573005767998292
1.652550431836909
1.6488003173924985
1.645050202948088
1.6413000885036775
1.6376749778740807
1.634424878688925
1.6312997833185827
1.6282996917630543
1.625299600207526
1.622924527726066
1.6205494552446058
1.618549394207587
1.6160493179113133
1.614549272133549
1.6126742149113438
1.610549150059511
1.6091741080965607
1.6079240699484236
1.6064240241706595
1.6055489974669637
1.6044239631336406
1.6036739402447586
1.6027989135410627
1.602673909726249
1.6009238563188575
1.6005488448744163
1.5996738181707206
1.598673787652211
1.59829877620777
1.5980487685781428
1.5970487380596332
1.5964237189855648
1.5956736960966826
1.5952986846522417
1.5935486312448501
1.5917985778374584
1.5897985168004394
1.587923459578234
1.5847983642078922
1.58167326883755
1.5785481734672078
1.5741730399487288
1.569422894985809
1.5640477309488205
1.5576725363933226
1.5501723075045015
1.5430470900601214
1.5364218878749962
1.5279216284676658
1.5216714377269813
1.5145462202826014
1.5076710104678488
1.5026708578753014
1.4990457472457046
1.4959206518753625
1.4959206518753625
1.4977957090975678
1.502420850245674
1.5101710867641225
1.521796441541795
1.5366718955046237
1.555922482985931
1.5790481887264625
1.6072990508743554
1.6396750389110997
1.6763011566515091
1.7179274269844662
1.7634288155766473
1.8113052766502884
1.8623068330942716
1.916433484908597
1.9703101290932952
2.023436750389111
2.0766883754997405
2.1258148747215184
2.1711912594988863
2.210567461165197
2.2440684835352642
2.2681942197943052
2.284819727164525
2.2906949064607685
2.268819238868374
2.255693838312937
2.2345681936094244
2.2049422894985806
2.16656611835078
2.1219397564622944
2.071063203833125
2.016686544389172
1.9598098086489457
1.901808038575396
1.8439312723166599
1.7875545518356883
1.73230286568804
1.6804262825403606
1.631674794763024
1.5869234290597247
1.5465471968749047
1.5117961363567003
1.4804201788384654
1.454919400616474
1.4351687978759118
1.4197933286538287
1.4086679891354106
1.4022927945799126
1.3992927030243845
1.4002927335428939
1.4041678518021181
1.410543046357616
1.4189183019501328
1.4286685995056
1.4405439619129004
1.4515442976165045
1.4639196752830592
1.4761700491348004
1.488170415356914
1.4987957396160771
1.508796044801172
1.5187963499862667
1.5269215979491562
1.5344218268379772
1.5410470290231024
1.5470472121341592
1.5522973723563342
1.5562974944303722
1.5600476088747826
1.5627976928006837
1.5651727652821437
1.5672978301339764
1.5690478835413677
1.5704229255043185
1.5724229865413375
1.5727979979857785
1.5739230323191016
1.5746730552079835
1.5750480666524247
1.5757980895413068
1.5761731009857478
1.5762981048005615
1.5761731009857478
1.5767981200598165
1.5772981353190711
1.5777981505783258
1.5784231696523943
1.5790481887264625
1.5797982116153446
1.5801732230597858
1.5811732535782954
1.58167326883755
1.5822982879116183
1.5834233222449416
1.5839233375041963
1.5857983947264016
1.5869234290597247
1.5882984710226753
1.5895485091708121
1.5911735587633902
1.5917985778374584
1.5930486159855952
1.594673665578173
1.5954236884670552
1.597173741874447
1.5989237952818385
1.6001738334299753
1.6020488906521806
1.6046739707632678
1.6059240089114046
1.6079240699484236
1.6099241309854426
1.6116741843928344
1.6136742454298534
1.6160493179113133
1.6184243903927733
1.6211744743186742
1.6237995544297616
1.6267996459852903
1.629299722281564
1.631674794763024
1.6346748863185523
1.6370499588000123
1.6404250617999818
1.6438001647999512
1.6471752677999205
1.6503003631702629
1.6533004547257912
1.657800592059084
1.6613006988738672
1.665300820947905
1.6684259163182469
1.6726760460219123
1.6763011566515091
1.680676290169988
1.6844264046143986
1.6893015533921325
1.6936766869106112
1.6980518204290902
1.7024269539475692
1.7070520950956756
1.7118022400585957
1.7160523697622607
1.7208025147251809
1.7251776482436598
1.7298027893917662
1.734552934354686
1.7396780907620473
1.7444282357249672
1.7495533921323283
1.754053529465621
1.758803674428541
1.763553819391461
1.7688039796136357
1.7725540940580462
1.7774292428357799
1.7818043763542588
1.7870545365764336
1.7910546586504716
1.7955547959837643
1.7999299295022433
1.8041800592059083
1.807930173650319
1.8120552995391705
1.81543040253914
1.8198055360576189
1.8231806390575884
1.8266807458723715
1.8301808526871548
1.8336809595019379
1.8365560472426528
1.8393061311685537
1.8420562150944548
1.8441812799462873
1.8469313638721885
1.8485564134647665
1.8505564745017853
1.8520565202795496
1.8539315775017549
1.8553066194647054
1.856181646168401
1.8568066652424697
1.857056672872097
1.8583067110202338
1.8575566881313517
1.8576816919461654
1.8576816919461654
1.8571816766869107
1.8568066652424697
1.855431623279519
1.8538065736869411
1.853056550798059
1.8508064821314127
1.8490564287240212
1.8470563676870022
1.844681295205542
1.8425562303537095
1.8399311502426223
1.8365560472426528
1.834055970946379
1.8314308908352916
1.8278057802056948
1.8238056581316568
1.8200555436872463
1.816180425428022
1.811805291909543
1.8081801812799463
1.8038050477614673
1.799554918057802
1.7953047883541369
1.7908046510208442
1.7861795098727378
1.7809293496505632
1.7768042237617114
1.7724290902432325
1.7665539109469892
1.761928769798883
1.756803613391522
1.7518034607989748
1.7468033082064272
1.7423031708731347
1.7376780297250283
1.73230286568804
1.7273027130954923
1.7221775566881314
1.7173024079103976
1.7129272743919186
1.7079271217993715
1.7030519730216378
1.6984268318735312
1.6936766869106112
1.689051545762505
1.6845514084292124
1.6805512863551746
1.6760511490218817
1.6718010193182167
1.667675893429365
1.6630507522812585
1.6593006378368482
1.6549255043183693
1.6521754203924681
1.6479252906888027
1.644675191503647
1.6409250770592365
1.6376749778740807
1.634424878688925
1.630799768059328
1.6281746879482406
1.625299600207526
1.6225495162816248
1.6199244361705374
1.6174243598742637
1.614549272133549
1.6124242072817165
1.6100491348002564
1.6071740470595417
1.6052989898373364
1.6032989288003174
1.6024239020966218
1.6000488296151616
1.5984237800225838
1.5975487533188881
1.594798669392987
1.5930486159855952
1.592423596911527
1.5906735435041353
1.5896735129856259
1.5881734672078616
1.5869234290597247
1.5865484176152838
1.5854233832819604
1.585298379467147
1.584423352763451
1.5825482955412458
1.5825482955412458
1.581298257393109
1.580923245948668
1.5810482497634815
1.5801732230597858
1.579673207800531
1.5797982116153446
1.5795482039857174
1.5790481887264625
1.5781731620227668
1.5777981505783258
1.5775481429486986
1.5772981353190711
1.5772981353190711
1.5767981200598165
1.5776731467635121
1.57692312387463
1.5771731315042574
1.5770481276894437
1.5770481276894437
1.576548112430189
1.5767981200598165
1.5766731162450025
1.5762981048005615
1.5766731162450025
1.57692312387463
1.5770481276894437
1.5785481734672078
1.5774231391338847
1.5776731467635121
1.576548112430189
1.5775481429486986
1.5775481429486986
1.5775481429486986
1.5780481582079533
1.5777981505783258
1.5777981505783258
1.5785481734672078
1.5791731925412764
1.5786731772820215
1.5787981810968352
1.578923184911649
1.578923184911649
1.578923184911649
1.5787981810968352
1.5795482039857174
1.5802982268745993
1.5797982116153446
1.580923245948668
1.5806732383190405
1.580923245948668
1.5806732383190405
1.580923245948668
1.580923245948668
1.5805482345042268
1.5817982726523636
1.582048280281991
1.5819232764671776
1.5825482955412458
1.5824232917264323
1.5825482955412458
1.5831733146153144
1.5827983031708732
1.5826732993560595
1.583298318430128
1.5830483108005005
1.58404834131901
1.5836733298745689
1.5845483565782648
1.584423352763451
1.5845483565782648
1.5847983642078922
1.5846733603930783
1.5847983642078922
1.5850483718375195
1.5854233832819604
1.5856733909115879
1.5856733909115879
1.5859233985412151
1.5865484176152838
1.58642341380047
1.5866734214300973
1.5866734214300973
1.5865484176152838
1.5862984099856563
1.587298440504166
1.588048463393048
1.5877984557634206
1.5881734672078616
1.587923459578234
1.5876734519486069
1.5885484786523028
1.58879848628193
1.5886734824671163
1.588423474837489
1.58879848628193
1.5894235053559984
1.5896735129856259
1.5896735129856259
1.590423535874508
1.5897985168004394
1.5901735282448806
1.5912985625782037
1.590423535874508
1.590423535874508
1.5911735587633902
1.590798547318949
1.5910485549485762
1.5916735740226449
1.5916735740226449
1.591923581652272
1.5915485702078311
1.592423596911527
1.5920485854670858
1.5916735740226449
1.592423596911527
1.5921735892818996
1.5926736045411543
1.592798608355968
1.5932986236152227
1.5937986388744774
1.5939236426892909
1.5931736198004092
1.5937986388744774
1.5936736350596639
1.5937986388744774
1.5941736503189183
1.5945486617633595
1.5945486617633595
1.5955486922818691
1.5956736960966826
1.595173680837428
1.595173680837428
1.5957986999114964
1.5950486770226142
1.5957986999114964
1.5956736960966826
1.5961737113559373
1.596673726615192
1.5961737113559373
1.5965487228003785
1.5965487228003785
1.5972987456892607
1.596798730430006
1.5970487380596332
1.5969237342448195
1.5972987456892607
1.597173741874447
1.597173741874447
1.5979237647633289
1.5979237647633289
1.5980487685781428
1.598673787652211
1.598673787652211
1.59829877620777
1.5980487685781428
1.59829877620777
1.5985487838373975
1.5990487990966522
1.599173802911466
1.5992988067262794
1.599548814355907
1.599173802911466
1.5999238258003479
1.6000488296151616
1.5999238258003479
1.5999238258003479
1.6004238410596028
1.6002988372447888
1.6007988525040437
1.6014238715781122
1.6012988677632984
1.6012988677632984
1.6014238715781122
1.6016738792077396
1.6014238715781122
1.6020488906521806
1.6027989135410627
1.6024239020966218
1.60304892117069
1.6037989440595721
1.6034239326151312
1.6040489516891996
1.6046739707632678
1.605048982207709
1.605048982207709
1.6059240089114046
1.6072990508743554
1.6075490585039827
1.6084240852076785
1.6096741233558154
1.6104241462446975
1.6110491653187657
1.612174199652089
1.6139242530594806
1.6147992797631765
1.616549333170568
1.6179243751335184
1.6202994476149783
1.6216744895779291
1.6237995544297616
1.6262996307260353
1.6279246803186131
1.630799768059328
1.632424817651906
1.6352999053926207
1.6384250007629628
1.6411750846888638
1.6448001953184606
1.6473002716147345
1.6508003784295175
1.6546754966887418
1.657800592059084
1.6615507065034945
1.6651758171330913
1.669300943021943
1.6730510574663533
1.6780512100589007
1.6825513473921934
1.6873014923551135
1.6915516220587787
1.6970517899105808
1.7019269386883145
1.70617706839198
1.7116772362437818
1.7168023926511429
1.721552537614063
1.7264276863917967
1.731427838984344
1.7360529801324502
1.7403031098361157
1.7453032624286628
1.7493033845027008
1.7528034913174841
1.756428601947081
1.7601787163914915
1.7626787926877652
1.7669289223914304
1.7686789757988222
1.7709290444654684
1.7729291055024872
1.7751791741691336
1.7769292275765252
1.7771792352061526
1.7779292580950348
1.7780542619098483
1.7778042542802208
1.7774292428357799
1.776679219946898
1.7764292123172705
1.7748041627246927
1.7730541093173011
1.7716790673543503
1.7686789757988222
1.7660538956877345
1.7630538041322064
1.7598037049470505
1.7561785943174535
1.7530534989471116
1.7493033845027008
1.7448032471694084
1.741303140354625
1.7366779992065189
1.731427838984344
1.7265526902066104
1.721552537614063
1.7166773888363294
1.7119272438734092
1.706927091280862
1.701676931058687
1.6969267860957673
1.6923016449476609
1.6871764885402998
1.6829263588366346
1.6776761986144597
1.6724260383922849
1.6684259163182469
1.6635507675405132
1.6593006378368482
1.6553005157628102
1.6513003936887722
1.6473002716147345
1.6436751609851377
1.6401750541703544
1.635924924466689
1.633674855800043
1.630424756614887
1.627174657429731
1.6242995696890163
1.6222995086519973
1.6195494247260964
1.616924344615009
1.6160493179113133
1.6136742454298534
1.611799188207648
1.6099241309854426
1.6087990966521197
1.6067990356151007
1.6055489974669637
1.60542399365215
1.6037989440595721
1.6034239326151312
1.603173924985504
1.6020488906521806
1.6014238715781122
1.6004238410596028
1.599548814355907
1.59829877620777
1.5980487685781428
1.5976737571337016
1.596798730430006
1.5960487075411238
1.5956736960966826
1.5941736503189183
1.592798608355968
1.5906735435041353
1.5889234900967437
1.58642341380047
1.5835483260597554
1.5804232306894133
1.5766731162450025
1.57217297891171
1.567797845393231
1.561047639393292
1.554797448652608
1.5480472426526688
1.540046998504593
1.5327967772453994
1.525796563615833
1.5180463270973845
1.5117961363567003
1.5059209570604573
1.5010458082827236
1.4981707205420087
1.4959206518753625
1.4959206518753625
1.4992957548753318
1.505545945616016
1.5142962126529742
1.5275466170232246
1.544047120578631
1.5647977538377027
1.590298532059694
1.6201744438001648
1.6548005005035553
1.6930516678365428
1.7359279763176367
1.7831794183172094
1.83205590990936
1.8841825006866666
1.9381841486861782
1.992560808130131
2.0460624408703882
2.0973140049439984
2.145440473647267
2.1876917630542927
2.225567918942839
2.2551938230536823
2.2766944792016357
2.2885698416089357
2.2826946623126925
2.263694082461013
2.248068605609302
2.22356785790582
2.189566820276498
2.148690572832423
2.101064119388409
2.048437513351848
1.9930608233893858
1.9354340647602772
1.877682302316355
1.8206805627613147
1.7636788232062746
1.710052186651204
1.6586756187627796
1.6119241920224616
1.5696729026154363
1.5307967162083804
1.4975457014679403
1.4691698355052338
1.4461691335795162
1.4274185613574633
1.4146681722464676
1.4055428937650685
1.4001677297280801
1.3987926877651295
1.4015427716910305
1.406542924283578
1.414043153172399
1.4230434278389843
1.433918759727775
1.4449190954313793
1.4569194616534928
1.4691698355052338
1.481045197912534
1.492920560319834
1.5032958769493698
1.5134211859492783
1.52229645680105
1.530171697134312
1.5377969298379466
1.544047120578631
1.5494222846156194
1.5541724295785393
1.5580475478377636
1.561172643208106
1.564172734763634
1.566297799615467
1.5684228644672995
1.569422894985809
1.5712979522080142
1.5729230018005922
1.5732980132450332
1.574923062837611
1.5752980742820522
1.5751730704672384
1.5755480819116796
1.5766731162450025
1.5766731162450025
1.5761731009857478
1.5770481276894437
1.5775481429486986
1.5791731925412764
1.5786731772820215
1.580048219244972
1.5801732230597858
1.5810482497634815
1.5810482497634815
1.5821732840968048
1.5830483108005005
1.5841733451338236
1.5845483565782648
1.5869234290597247
1.5875484481337934
1.58879848628193
1.5896735129856259
1.5914235663930174
1.5925486007263405
1.5939236426892909
1.5950486770226142
1.5964237189855648
1.5979237647633289
1.6012988677632984
1.6014238715781122
1.6034239326151312
1.60542399365215
1.6066740318002868
1.6087990966521197
1.6104241462446975
1.61254921109653
1.614549272133549
1.6167993408001955
1.6195494247260964
1.6221745048371838
1.6255496078371532
1.6277996765037996
1.6301747489852596
1.633549851985229
1.63629993591113
1.6391750236518448
1.6416750999481187
1.6449251991332745
1.6488003173924985
1.6528004394665363
1.6556755272072514
1.659800653096103
1.662925748466445
1.6661758476516009
1.6704259773552659
1.6746761070589313
1.6780512100589007
1.6821763359477524
1.686301461836604
1.6913016144291515
1.695426740318003
1.700551896725364
1.7044270149845882
1.7089271523178808
1.7135522934659873
1.7183024384289072
1.7220525528733177
1.727052705465865
1.73230286568804
1.737303018280587
1.74180315561388
1.7471783196508683
1.7513034455397198
1.7561785943174535
1.7610537430951874
1.7653038727988526
1.7704290292062137
1.774304147465438
1.7791792962431716
1.7839294412060915
1.7883045747245705
1.7933047273171179
1.7973048493911556
1.8014299752800074
1.8056801049836726
1.8104302499465927
1.8133053376873074
1.8169304483169042
1.8211805780205697
1.8248056886501665
1.8283057954649493
1.831305887020478
1.835306009094516
1.8378060853907896
1.8401811578722496
1.8431812494277782
1.845181310464797
1.847181371501816
1.8490564287240212
1.8513064973906674
1.853056550798059
1.8543065889461958
1.8558066347239601
1.8565566576128423
1.8569316690572832
1.8575566881313517
1.8578066957609791
1.8575566881313517
1.8575566881313517
1.8569316690572832
1.8568066652424697
1.8556816309091464
1.855056611835078
1.8534315622425002
1.8521815240943633
1.8501814630573443
1.8480563982055118
1.8459313333536789
1.8438062685018464
1.8409311807611317
1.8386811120944853
1.8351810052797022
1.8325559251686148
1.828930814539018
1.8260557267983033
1.8229306314279612
1.8184304940946685
1.814180364391003
1.8100552385021516
1.8063051240577412
1.801554979094821
1.797554857020783
1.7933047273171179
1.788929593798639
1.7839294412060915
1.7795543076876126
1.774304147465438
1.7691789910580769
1.7643038422803432
1.7596787011322368
1.7550535599841306
1.7494283883175148
1.7449282509842219
1.740178106021302
1.7350529496139409
1.7293027741325113
1.7248026367992186
1.7198024842066715
1.7149273354289376
1.7101771904660177
1.705677053132725
1.700926908169805
1.6961767632068852
1.6918016296884062
1.6873014923551135
1.6829263588366346
1.6781762138737144
1.6739260841700492
1.6690509353923155
1.6650508133182775
1.6614257026886807
1.6584256111331521
1.653800469985046
1.6503003631702629
1.6466752525406658
1.6425501266518143
1.6396750389110997
1.63629993591113
1.6325498214667196
1.62917471846675
1.6266746421704763
1.624049562059389
1.6215494857631152
1.6190494094668417
1.6159243140964994
1.613424237800226
1.6112991729483932
1.6086740928373058
1.6060490127262186
1.6044239631336406
1.6020488906521806
1.6007988525040437
1.599173802911466
1.5975487533188881
1.5957986999114964
1.5945486617633595
1.5929236121707817
1.5916735740226449
1.5900485244300668
1.5889234900967437
1.5877984557634206
1.587298440504166
1.5861734061708426
1.5850483718375195
1.5849233680227057
1.5834233222449416
1.5827983031708732
1.5817982726523636
1.581298257393109
1.5806732383190405
1.5805482345042268
1.5795482039857174
1.579673207800531
1.5791731925412764
1.5780481582079533
1.5784231696523943
1.5780481582079533
1.5780481582079533
1.5776731467635121
1.5776731467635121
1.576548112430189
1.5770481276894437
1.57692312387463
1.5770481276894437
1.5771731315042574
1.5767981200598165
1.576548112430189
1.57692312387463
1.576548112430189
1.5761731009857478
1.5761731009857478
1.5767981200598165
1.57692312387463
1.5770481276894437
1.5777981505783258
1.57692312387463
1.5772981353190711
1.5772981353190711
1.5774231391338847
1.5772981353190711
1.5777981505783258
1.5779231543931396
1.5781731620227668
1.5782981658375803
1.5790481887264625
1.5785481734672078
1.5797982116153446
1.5787981810968352
1.5790481887264625
1.578923184911649
1.5791731925412764
1.5790481887264625
1.579673207800531
1.5802982268745993
1.5806732383190405
1.580923245948668
1.5802982268745993
1.580923245948668
1.5806732383190405
1.580923245948668
1.5805482345042268
1.58167326883755
1.5815482650227364
1.5819232764671776
1.5822982879116183
1.5827983031708732
1.5824232917264323
1.582923306985687
1.5835483260597554
1.582923306985687
1.5827983031708732
1.583298318430128
1.5835483260597554
1.5835483260597554
1.5841733451338236
1.5842983489486373
1.584423352763451
1.5845483565782648
1.5851733756523332
1.5850483718375195
1.5847983642078922
1.5849233680227057
1.5857983947264016
1.5861734061708426
1.5859233985412151
1.5865484176152838
1.5865484176152838
1.5866734214300973
1.5865484176152838
1.5867984252449112
1.5866734214300973
1.5867984252449112
1.5874234443189794
1.5875484481337934
1.588048463393048
1.588423474837489
1.5885484786523028
1.5882984710226753
1.588423474837489
1.588423474837489
1.588423474837489
1.58879848628193
1.5889234900967437
1.5892985015411847
1.589923520615253
1.5896735129856259
1.5900485244300668
1.5905485396893215
1.589923520615253
1.590423535874508
1.590298532059694
1.5906735435041353
1.5905485396893215
1.5916735740226449
1.5909235511337627
1.5920485854670858
1.5914235663930174
1.5917985778374584
1.5920485854670858
1.5921735892818996
1.5921735892818996
1.592298593096713
1.5926736045411543
1.5926736045411543
1.5932986236152227
1.5929236121707817
1.5937986388744774
1.5931736198004092
1.5935486312448501
1.5937986388744774
1.5940486465041048
1.5937986388744774
1.5939236426892909
1.594798669392987
1.5945486617633595
1.5949236732078005
1.5954236884670552
1.5949236732078005
1.595173680837428
1.595173680837428
1.595173680837428
1.595173680837428
1.5956736960966826
1.5952986846522417
1.5957986999114964
1.596298715170751
1.596798730430006
1.5972987456892607
1.5964237189855648
1.5965487228003785
1.5970487380596332
1.597173741874447
1.596798730430006
1.5969237342448195
1.5972987456892607
1.5977987609485154
1.5984237800225838
1.59829877620777
1.5984237800225838
1.5984237800225838
1.59829877620777
1.5984237800225838
1.59829877620777
1.598673787652211
1.5989237952818385
1.5990487990966522
1.5992988067262794
1.599548814355907
1.5999238258003479
1.599173802911466
1.5990487990966522
1.5997988219855341
1.6001738334299753
1.6002988372447888
1.6004238410596028
1.6007988525040437
1.6005488448744163
1.6012988677632984
1.6012988677632984
1.601173863948485
1.6020488906521806
1.6019238868373669
1.6022988982818078
1.6024239020966218
1.603173924985504
1.6029239173558765
1.6034239326151312
1.6037989440595721
1.6041739555040133
1.6045489669484543
1.6049239783928952
1.6055489974669637
1.6051739860225227
1.606174016541032
1.6066740318002868
1.6075490585039827
1.6085490890224923
1.6111741691335797
1.6107991576891385
1.6116741843928344
1.613799249244667
1.6144242683187355
1.6155493026520584
1.6174243598742637
1.6192994170964692
1.6210494705038605
1.622924527726066
1.6254246040223395
1.6274246650593585
1.629674733726005
1.6317997985778374
1.634424878688925
1.6369249549851985
1.6396750389110997
1.6429251380962555
1.6460502334665976
1.6493003326517535
1.6529254432813503
1.6561755424665061
1.6594256416516617
1.6631757560960723
1.6675508896145512
1.671301004058962
1.675676137577441
1.6803012787255471
1.6851764275032808
1.6893015533921325
1.6941767021698662
1.6995518662068545
1.7043020111697744
1.7090521561326946
1.7153023468733786
1.7190524613177893
1.7241776177251504
1.7291777703176978
1.734302926725059
1.7383030487990967
1.7431781975768303
1.7474283272804958
1.7509284340952787
1.7556785790581988
1.759178685872982
1.7616787621692556
1.764803857539598
1.7676789452803126
1.7700540177617725
1.7728041016876737
1.7740541398358105
1.776679219946898
1.777054231391339
1.7775542466505936
1.7789292886135442
1.778179265724662
1.7778042542802208
1.7771792352061526
1.776679219946898
1.775429181798761
1.7739291360209968
1.7729291055024872
1.7700540177617725
1.7670539262062441
1.7644288460951567
1.761553758354442
1.7581786553544725
1.7548035523545031
1.7508034302804651
1.7473033234656818
1.742553178502762
1.7386780602435379
1.7339279152806177
1.7289277626880704
1.7240526139103367
1.7191774651326028
1.7140523087252417
1.709177159947508
1.7046770226142156
1.699301858577227
1.6944267097994934
1.6898015686513872
1.6849264198736535
1.679551255836665
1.6749261146885588
1.6704259773552659
1.6656758323923462
1.6610506912442398
1.6576755882442702
1.6533004547257912
1.6493003326517535
1.6455502182073427
1.641925107577746
1.637924985503708
1.6349248939481797
1.63154979094821
1.6285496993926818
1.6257996154667806
1.6231745353556932
1.620924466689047
1.6191744132816552
1.6167993408001955
1.6144242683187355
1.6124242072817165
1.6111741691335797
1.6092991119113744
1.6079240699484236
1.6064240241706595
1.6056740012817774
1.6045489669484543
1.6039239478743859
1.6027989135410627
1.6021738944669943
1.6012988677632984
1.6002988372447888
1.5996738181707206
1.5990487990966522
1.5979237647633289
1.5977987609485154
1.5969237342448195
1.596673726615192
1.5955486922818691
1.594673665578173
1.5936736350596639
1.591923581652272
1.5900485244300668
1.587923459578234
1.5849233680227057
1.5821732840968048
1.5786731772820215
1.57454805139317
1.5697979064302499
1.564297738578448
1.5580475478377636
1.5512973418378246
1.5439221167638173
1.5362968840601827
1.5282966399121067
1.5211714224677266
1.514796227912229
1.5082960295419172
1.5029208655049286
1.4990457472457046
1.4966706747642446
1.4959206518753625
1.4972956938383128
1.5019208349864193
1.5090460524307994
1.5207964110232857
1.5352968535416731
1.5540474257637258
1.5771731315042574
1.605048982207709
1.6367999511703848
1.6740510879848627
1.7143023163548692
1.7593036896877956
1.8076801660206916
1.8584317148350475
1.9119333475753044
1.9658099917600025
2.0198116397595145
2.0726882534257025
2.122439771721549
2.168316171758171
2.2075673696096683
2.241693411053804
2.266694174016541
2.2840697042756433
2.2911949217200234
2.268944242683187
2.2569438764610736
2.2363182470168157
2.208067384868923
2.169691213721122
2.1249398480178225
2.074938322092349
2.020811670278024
1.9641849421674247
1.9063081759086886
1.848806421094394
1.7913046662800989
1.7363029877620777
1.6838013855403302
1.6349248939481797
1.5895485091708121
1.5489222693563647
1.5131711783196509
1.4827952513199256
1.4565444502090519
1.436668843653676
1.420793359172338
1.4092930082094792
1.401792779320658
1.3992927030243845
1.4004177373577074
1.4039178441724907
1.4100430310983612
1.418043275246437
1.4286685995056
1.4389189123203223
1.451794305246132
1.4632946562089908
1.4751700186162908
1.4871703848384046
1.4981707205420087
1.508796044801172
1.5180463270973845
1.5262965788750877
1.5344218268379772
1.5412970366527299
1.5466722006897184
1.5519223609118933
1.555922482985931
1.559922605059969
1.5624226813562427
1.5645477462080752
1.5675478377636038
1.5689228797265542
1.5702979216895046
1.5714229560228279
1.5731730094302194
1.5739230323191016
1.57454805139317
1.5752980742820522
1.5757980895413068
1.5752980742820522
1.576548112430189
1.5766731162450025
1.576548112430189
1.576548112430189
1.5780481582079533
1.5785481734672078
1.5797982116153446
1.579673207800531
1.5802982268745993
1.5807982421338542
1.5817982726523636
1.5826732993560595
1.5831733146153144
1.5847983642078922
1.5851733756523332
1.58642341380047
1.587923459578234
1.5896735129856259
1.5914235663930174
1.5910485549485762
1.5931736198004092
1.594298654133732
1.5955486922818691
1.5972987456892607
1.5990487990966522
1.6001738334299753
1.6024239020966218
1.6044239631336406
1.6059240089114046
1.6076740623187964
1.6095491195410014
1.611424176763207
1.613424237800226
1.6160493179113133
1.6182993865779596
1.6214244819483017
1.623299539170507
1.6261746269112216
1.6287997070223093
1.6314247871333964
1.6340498672444839
1.637549974059267
1.6401750541703544
1.6433001495406965
1.6466752525406658
1.6500503555406356
1.653800469985046
1.6574255806146427
1.6613006988738672
1.6646758018738366
1.6685509201330608
1.671676015503403
1.6759261452070682
1.6803012787255471
1.6841763969847714
1.6888015381328776
1.6929266640217293
1.6975518051698355
1.7024269539475692
1.7066770836512346
1.710802209540086
1.715552354503006
1.7206775109103671
1.7246776329844051
1.7291777703176978
1.734552934354686
1.7395530869472335
1.7439282204657125
1.7490533768730736
1.7538035218359938
1.7581786553544725
1.7631788079470199
1.7675539414654988
1.7716790673543503
1.7768042237617114
1.7814293649098176
1.7858044984282968
1.7905546433912167
1.7955547959837643
1.7993049104281746
1.8034300363170261
1.8074301583910641
1.8114302804651021
1.8151803949095127
1.8189305093539232
1.8229306314279612
1.8261807306131168
1.8298058412427136
1.8335559556871244
1.836431043427839
1.8389311197241127
1.8414311960203864
1.8438062685018464
1.84630634479812
1.84868141727958
1.8503064668721578
1.8520565202795496
1.8536815698721276
1.855431623279519
1.8559316385387736
1.8573066805017244
1.8573066805017244
1.8575566881313517
1.8579316995757926
1.857431684316538
1.8571816766869107
1.8566816614276558
1.856181646168401
1.855431623279519
1.8544315927610096
1.852681539353618
1.851181493575854
1.8493064363536484
1.8478063905758844
1.844681295205542
1.842431226538896
1.8399311502426223
1.8374310739463484
1.8346809900204473
1.831680898464919
1.8281807916501358
1.8241806695760978
1.82018054750206
1.8168054445020907
1.8124303109836117
1.8084301889095737
1.8045550706503495
1.8001799371318705
1.7958048036133916
1.7913046662800989
1.78692953276162
1.7820543839838863
1.7773042390209661
1.772179082613605
1.7673039338358714
1.7626787926877652
1.7578036439100315
1.7528034913174841
1.747678334910123
1.7430531937620168
1.737803033539842
1.7325528733176672
1.727927732169561
1.7230525833918273
1.717552415540025
1.7126772667622914
1.709177159947508
1.7039269997253335
1.7000518814661092
1.6950517288735618
1.6893015533921325
1.685926450392163
1.6805512863551746
1.6763011566515091
1.671676015503403
1.6678008972441787
1.6640507827997681
1.6595506454664755
1.6559255348368787
1.6521754203924681
1.6484253059480574
1.6445501876888333
1.6414250923184912
1.6374249702444532
1.634424878688925
1.6310497756889553
1.6282996917630543
1.6254246040223395
1.6224245124668113
1.6199244361705374
1.6180493789483323
1.6151742912076175
1.611799188207648
1.61017413861507
1.608174077578051
1.60542399365215
1.6032989288003174
1.6017988830225531
1.6005488448744163
1.5981737723929563
1.5969237342448195
1.5956736960966826
1.5940486465041048
1.591923581652272
1.5909235511337627
1.5896735129856259
1.5882984710226753
1.5874234443189794
1.5867984252449112
1.5856733909115879
1.5851733756523332
1.5836733298745689
1.5830483108005005
1.5824232917264323
1.5817982726523636
1.5806732383190405
1.5802982268745993
1.580048219244972
1.5790481887264625
1.578923184911649
1.5790481887264625
1.5785481734672078
1.5780481582079533
1.5776731467635121
1.5775481429486986
1.5770481276894437
1.57692312387463
1.5767981200598165
1.5767981200598165
1.576548112430189
1.5771731315042574
1.5771731315042574
1.5766731162450025
1.5767981200598165
1.5767981200598165
1.576548112430189
1.5761731009857478
1.576548112430189
1.57692312387463
1.5767981200598165
1.5771731315042574
1.5772981353190711
1.5774231391338847
1.5772981353190711
1.5774231391338847
1.5772981353190711
1.5771731315042574
1.5779231543931396
1.5777981505783258
1.5780481582079533
1.5785481734672078
1.5787981810968352
1.5786731772820215
1.5794232001709037
1.5790481887264625
1.57929819635609
1.5790481887264625
1.5794232001709037
1.5797982116153446
1.5797982116153446
1.580048219244972
1.5807982421338542
1.5807982421338542
1.5807982421338542
1.5810482497634815
1.5810482497634815
1.5807982421338542
1.5811732535782954
1.5814232612079226
1.5817982726523636
1.582048280281991
1.5824232917264323
1.5825482955412458
1.5825482955412458
1.5827983031708732
1.5827983031708732
1.5830483108005005
1.582923306985687
1.5827983031708732
1.5836733298745689
1.5842983489486373
1.5846733603930783
1.5846733603930783
1.5837983336893826
1.5847983642078922
1.5846733603930783
1.5849233680227057
1.5849233680227057
1.585298379467147
1.5857983947264016
1.5856733909115879
1.5861734061708426
1.5866734214300973
1.5861734061708426
1.5869234290597247
1.5866734214300973
1.5867984252449112
1.5865484176152838
1.587298440504166
1.5875484481337934
1.587298440504166
1.5874234443189794
1.588048463393048
1.5885484786523028
1.5882984710226753
1.5882984710226753
1.5886734824671163
1.5882984710226753
1.5889234900967437
1.5889234900967437
1.5894235053559984
1.5896735129856259
1.5900485244300668
1.590423535874508
1.590423535874508
1.590423535874508
1.590298532059694
1.5900485244300668
1.5912985625782037
1.590798547318949
1.5914235663930174
1.5912985625782037
1.5910485549485762
1.5916735740226449
1.5916735740226449
1.5920485854670858
1.5920485854670858
1.591923581652272
1.5921735892818996
1.592798608355968
1.592423596911527
1.5929236121707817
1.5939236426892909
1.5931736198004092
1.5936736350596639
1.5931736198004092
1.5940486465041048
1.5931736198004092
1.5941736503189183
1.5945486617633595
1.594798669392987
1.5945486617633595
1.5945486617633595
1.5952986846522417
1.5952986846522417
1.594798669392987
1.5952986846522417
1.5950486770226142
1.5956736960966826
1.595173680837428
1.5960487075411238
1.5957986999114964
1.596673726615192
1.596673726615192
1.596798730430006
1.5970487380596332
1.596798730430006
1.5961737113559373
1.596673726615192
1.5970487380596332
1.5975487533188881
1.5975487533188881
1.59829877620777
1.5979237647633289
1.5985487838373975
1.59829877620777
1.5980487685781428
1.59829877620777
1.5985487838373975
1.5984237800225838
1.598798791467025
1.5989237952818385
1.599173802911466
1.5992988067262794
1.5996738181707206
1.599173802911466
1.5994238105410932
1.6004238410596028
1.5997988219855341
1.599548814355907
1.6001738334299753
1.60067384868923
1.60067384868923
1.6015488753929257
1.601048860133671
1.6014238715781122
1.6015488753929257
1.6016738792077396
1.6017988830225531
1.6020488906521806
1.6024239020966218
1.6024239020966218
1.6036739402447586
1.6037989440595721
1.6037989440595721
1.6040489516891996
1.6041739555040133
1.6052989898373364
1.6055489974669637
1.6059240089114046
1.6072990508743554
1.607424054689169
1.6085490890224923
1.609424115726188
1.610549150059511
1.6115491805780204
1.6124242072817165
1.6135492416150394
1.6151742912076175
1.6161743217261269
1.6179243751335184
1.6192994170964692
1.6222995086519973
1.6235495468001342
1.6257996154667806
1.6282996917630543
1.6302997528000733
1.6330498367259743
1.6349248939481797
1.637924985503708
1.6405500656147955
1.6441751762443924
1.6473002716147345
1.6505503707998903
1.6546754966887418
1.6575505844294565
1.6613006988738672
1.6651758171330913
1.6686759239478743
1.673176061281167
1.677176183355205
1.681926328318125
1.6864264656514176
1.691426618243965
1.6963017670216987
1.7006769005401776
1.7063020722067934
1.7113022247993408
1.7159273659474472
1.7206775109103671
1.7260526749473555
1.731052827539903
1.735302957243568
1.7400531022064882
1.7448032471694084
1.7485533616138187
1.752428479873043
1.7560535905026398
1.7596787011322368
1.7626787926877652
1.7654288766136663
1.7685539719840082
1.7710540482802821
1.7733041169469284
1.7751791741691336
1.776179204687643
1.7774292428357799
1.778179265724662
1.7780542619098483
1.7775542466505936
1.7779292580950348
1.776554216132084
1.7764292123172705
1.774679158909879
1.7735541245765558
1.7720540787987915
1.7686789757988222
1.7669289223914304
1.7636788232062746
1.7603037202063052
1.7569286172063356
1.7526784875026704
1.7489283730582599
1.7459282815027315
1.7411781365398113
1.7368030030213324
1.7320528580584125
1.7269277016510514
1.721927549058504
1.717177404095584
1.712052247688223
1.7073021027253028
1.7026769615771966
1.697801812799463
1.6928016602069156
1.6874264961699272
1.6831763664662618
1.677926206244087
1.6733010650959808
1.6686759239478743
1.6639257789849544
1.6595506454664755
1.6556755272072514
1.651800408948027
1.6476752830591754
1.6445501876888333
1.6408000732444226
1.6377999816888944
1.633674855800043
1.6306747642445143
1.6274246650593585
1.6246745811334575
1.6219244972075564
1.6194244209112827
1.6176743675038912
1.6159243140964994
1.614174260689108
1.611799188207648
1.6102991424298836
1.6089241004669332
1.6072990508743554
1.6062990203558458
1.6051739860225227
1.6046739707632678
1.6034239326151312
1.6025489059114353
1.6021738944669943
1.6009238563188575
1.6000488296151616
1.599173802911466
1.598673787652211
1.5976737571337016
1.5975487533188881
1.596798730430006
1.596298715170751
1.595173680837428
1.5939236426892909
1.5921735892818996
1.5914235663930174
1.5896735129856259
1.5870484328745385
1.5837983336893826
1.5802982268745993
1.5770481276894437
1.5731730094302194
1.5675478377636038
1.5620476699118016
1.5556724753563036
1.548797265541551
1.540922025208289
1.5335468001342816
1.5259215674306468
1.5187963499862667
1.511921140171514
1.5059209570604573
1.5012958159123508
1.4982957243568225
1.496045655690176
1.496045655690176
1.4986707358012636
1.504420911282693
1.5129211706900234
1.5254215521713919
1.541672048097171
1.5620476699118016
1.5865484176152838
1.6164243293557543
1.6498003479110082
1.6881765190588092
1.730302804651021
1.777054231391339
1.8256807153538621
1.8778073061311686
1.9313089388714257
1.985310586870937
2.0389372234260077
2.0914388256477556
2.1394402905362107
2.1825666066469314
2.220317758720664
2.2514437086092713
2.273819391460921
2.2873198034607993
2.285819757683035
2.2656941434980316
2.250818689535203
2.2273179723502308
2.1948169804986724
2.1545657521286663
2.1076893215735346
2.0560627460554826
2.000811059907834
1.943434308908353
1.8853075350199897
1.8270557573168127
1.7713040559099094
1.7166773888363294
1.665300820947905
1.6179243751335184
1.5737980285042878
1.5359218726157415
1.5015458235419783
1.4726699423200171
1.4490442213202308
1.429918637653737
1.4161682180242319
1.4062929166539506
1.4015427716910305
1.3995427106540117
1.4007927488021485
1.4062929166539506
1.4130431226538895
1.4220433973204747
1.4327937253944516
1.4442940763573107
1.4559194311349835
1.4672947782830286
1.4797951597643972
1.491295510727256
1.5022958464308604
1.5121711478011413
1.5214214300973539
1.5294216742454299
1.5370469069490644
1.544047120578631
1.54842225409711
1.5536724143192846
1.55792254402295
1.5612976470229194
1.5644227423932615
1.5660477919858395
1.567797845393231
1.5692978911709952
1.570547929319132
1.5717979674672689
1.5739230323191016
1.5746730552079835
1.5751730704672384
1.5754230780968657
1.5756730857264931
1.5760480971709343
1.5764231086153753
1.5777981505783258
1.5774231391338847
1.5777981505783258
1.5781731620227668
1.5785481734672078
1.579673207800531
1.580048219244972
1.5805482345042268
1.5814232612079226
1.5821732840968048
1.5825482955412458
1.5836733298745689
1.5846733603930783
1.5856733909115879
1.5871734366893522
1.5886734824671163
1.589923520615253
1.5912985625782037
1.5921735892818996
1.5932986236152227
1.594673665578173
1.5960487075411238
1.5977987609485154
1.5997988219855341
1.6014238715781122
1.6029239173558765
1.6047989745780817
1.6066740318002868
1.6080490737632376
1.6104241462446975
1.6131742301705987
1.614174260689108
1.6172993560594502
1.6200494399853511
1.6219244972075564
1.6242995696890163
1.6275496688741722
1.6295497299111912
1.632424817651906
1.635549913022248
1.638299996948149
1.6424251228370008
1.6443001800592059
1.6481752983184301
1.6515504013183995
1.6550505081331828
1.6588006225775933
1.6630507522812585
1.666425855281228
1.6698009582811977
1.6739260841700492
1.6780512100589007
1.681926328318125
1.6865514694662314
1.6913016144291515
1.6950517288735618
1.699676870021668
1.7039269997253335
1.7085521408734399
1.713177282021546
1.717177404095584
1.721927549058504
1.727052705465865
1.7316778466139713
1.7361779839472642
1.7411781365398113
1.7463032929471725
1.7505534226508377
1.7559285866878263
1.7603037202063052
1.7651788689840389
1.7694289986877043
1.7739291360209968
1.7788042847987304
1.7831794183172094
1.7879295632801295
1.7923046967986085
1.7969298379467147
1.8009299600207527
1.8053050935392316
1.8096802270577106
1.8133053376873074
1.8166804406872767
1.8208055665761285
1.8243056733909115
1.8279307840205086
1.8314308908352916
1.8354310129093294
1.8376810815759759
1.8399311502426223
1.8430562456129642
1.8450563066499832
1.8469313638721885
1.8498064516129031
1.851181493575854
1.853056550798059
1.8538065736869411
1.856181646168401
1.8564316537980285
1.8568066652424697
1.8576816919461654
1.8576816919461654
1.857431684316538
1.8573066805017244
1.8571816766869107
1.8560566423535876
1.8560566423535876
1.8553066194647054
1.8538065736869411
1.8521815240943633
1.8508064821314127
1.8484314096499528
1.8461813409833063
1.8436812646870329
1.8415561998352001
1.8385561082796718
1.8361810357982116
1.8331809442426834
1.8301808526871548
1.8259307229834896
1.822180608539079
1.8189305093539232
1.8148053834650717
1.81068025757622
1.806805139316996
1.8024300057985168
1.7983048799096653
1.794429761650441
1.7895546128727073
1.7846794640949737
1.7800543229468673
1.7750541703543201
1.7706790368358412
1.7650538651692254
1.7601787163914915
1.7554285714285716
1.750428418836024
1.7461782891323587
1.7410531327249978
1.7359279763176367
1.731052827539903
1.7255526596881008
1.7201774956511124
1.7160523697622607
1.7109272133548998
1.7059270607623525
1.7015519272438735
1.6969267860957673
1.6923016449476609
1.6876765037995543
1.6831763664662618
1.6788012329477828
1.6739260841700492
1.669675954466384
1.6658008362071597
1.6618007141331217
1.6579255958738974
1.6544254890591144
1.6511753898739585
1.647425275429548
1.643050141911069
1.6398000427259134
1.6365499435407576
1.6329248329111608
1.6299247413556321
1.6269246498001038
1.6239245582445754
1.6210494705038605
1.6200494399853511
1.6160493179113133
1.6136742454298534
1.6111741691335797
1.6091741080965607
1.6065490279854733
1.605048982207709
1.60304892117069
1.60067384868923
1.599548814355907
1.5979237647633289
1.5961737113559373
1.5949236732078005
1.5932986236152227
1.5916735740226449
1.5901735282448806
1.58879848628193
1.5881734672078616
1.587298440504166
1.586048402356029
1.5851733756523332
1.5846733603930783
1.5835483260597554
1.5830483108005005
1.5825482955412458
1.5810482497634815
1.5802982268745993
1.5799232154301586
1.5795482039857174
1.57929819635609
1.5790481887264625
1.57929819635609
1.5785481734672078
1.5776731467635121
1.5779231543931396
1.5772981353190711
1.5771731315042574
1.5772981353190711
1.5771731315042574
1.5767981200598165
1.57692312387463
1.5771731315042574
1.5767981200598165
1.5772981353190711
1.5767981200598165
1.5771731315042574
1.5767981200598165
1.576548112430189
1.5772981353190711
1.5766731162450025
1.5770481276894437
1.5772981353190711
1.5774231391338847
1.5772981353190711
1.5779231543931396
1.5775481429486986
1.5776731467635121
1.5771731315042574
1.5777981505783258
1.5781731620227668
1.5782981658375803
1.578923184911649
1.5790481887264625
1.578923184911649
1.5787981810968352
1.5794232001709037
1.5791731925412764
1.5790481887264625
1.57929819635609
1.5787981810968352
1.5797982116153446
1.5802982268745993
1.5805482345042268
1.5805482345042268
1.5810482497634815
1.5807982421338542
1.581298257393109
1.5807982421338542
1.5811732535782954
1.580923245948668
1.5819232764671776
1.5821732840968048
1.5825482955412458
1.5830483108005005
1.583298318430128
1.5824232917264323
1.582923306985687
1.582923306985687
1.5831733146153144
1.583298318430128
1.5836733298745689
1.5839233375041963
1.5842983489486373
1.5847983642078922
1.5839233375041963
1.5850483718375195
1.5846733603930783
1.5847983642078922
1.5847983642078922
1.5856733909115879
1.5859233985412151
1.5865484176152838
1.58642341380047
1.5862984099856563
1.58642341380047
1.5867984252449112
1.5871734366893522
1.5867984252449112
1.5866734214300973
1.5875484481337934
1.5885484786523028
1.587923459578234
1.5885484786523028
1.588048463393048
1.5881734672078616
1.5881734672078616
1.58879848628193
1.5885484786523028
1.5889234900967437
1.5894235053559984
1.5897985168004394
1.589923520615253
1.589923520615253
1.5906735435041353
1.5901735282448806
1.5906735435041353
1.590423535874508
1.5906735435041353
1.5905485396893215
1.5906735435041353
1.5912985625782037
1.5912985625782037
1.5914235663930174
1.5914235663930174
1.5917985778374584
1.591923581652272
1.5921735892818996
1.592423596911527
1.592298593096713
1.5926736045411543
1.5920485854670858
1.592798608355968
1.5932986236152227
1.5937986388744774
1.5936736350596639
1.5935486312448501
1.5940486465041048
1.5937986388744774
1.5939236426892909
1.5939236426892909
1.594298654133732
1.594298654133732
1.594798669392987
1.595173680837428
1.5949236732078005
1.594798669392987
1.5950486770226142
1.5955486922818691
1.5955486922818691
1.5954236884670552
1.5961737113559373
1.5957986999114964
1.5961737113559373
1.5969237342448195
1.5969237342448195
1.596798730430006
1.5974237495040742
1.596798730430006
1.596673726615192
1.596673726615192
1.5974237495040742
1.5972987456892607
1.5976737571337016
1.5979237647633289
1.5984237800225838
1.5985487838373975
1.59829877620777
1.5984237800225838
1.59829877620777
1.598673787652211
1.5985487838373975
1.5989237952818385
1.5990487990966522
1.5992988067262794
1.5994238105410932
1.599173802911466
1.5996738181707206
1.6001738334299753
1.6000488296151616
1.5996738181707206
1.6002988372447888
1.60067384868923
1.60067384868923
1.6007988525040437
1.6014238715781122
1.6014238715781122
1.6019238868373669
1.6017988830225531
1.6019238868373669
1.6016738792077396
1.6021738944669943
1.6025489059114353
1.60304892117069
1.6032989288003174
1.6040489516891996
1.6042989593188268
1.6046739707632678
1.6045489669484543
1.6049239783928952
1.6055489974669637
1.606174016541032
1.6076740623187964
1.6080490737632376
1.6085490890224923
1.6100491348002564
1.6106741538743248
1.6116741843928344
1.6131742301705987
1.6150492873928037
1.6155493026520584
1.6175493636890774
1.6191744132816552
1.6207994628742333
1.622924527726066
1.625299600207526
1.627299661244545
1.629674733726005
1.631674794763024
1.6337998596148564
1.636674947355571
1.639550035096286
1.6424251228370008
1.6458002258369702
1.6488003173924985
1.6530504470961638
1.6566755577257606
1.659800653096103
1.6634257637256997
1.667300881984924
1.6709259926145208
1.6758011413922544
1.679926267281106
1.684676412244026
1.6893015533921325
1.6944267097994934
1.699676870021668
1.7039269997253335
1.709177159947508
1.7146773277993104
1.7193024689474166
1.7236776024658955
1.729052766502884
1.734552934354686
1.7383030487990967
1.7424281746879482
1.7475533310953093
1.751178441724906
1.755178563798944
1.759178685872982
1.7614287545396283
1.7641788384655293
1.767803949095126
1.7701790215765862
1.772179082613605
1.7740541398358105
1.7759291970580158
1.776554216132084
1.7771792352061526
1.7780542619098483
1.7778042542802208
1.7776792504654073
1.7771792352061526
1.776554216132084
1.776554216132084
1.7731791131321146
1.7720540787987915
1.769929013946959
1.7675539414654988
1.7645538499099704
1.761553758354442
1.7573036286507766
1.7541785332804345
1.751178441724906
1.7466783043916136
1.742178167058321
1.7389280678731651
1.7338029114658042
1.7285527512436292
1.7240526139103367
1.7193024689474166
1.7141773125400557
1.7098021790215767
1.7038019959105197
1.7000518814661092
1.693801690725425
1.6898015686513872
1.6844264046143986
1.6798012634662924
1.6748011108737448
1.6703009735404524
1.6654258247627187
1.6615507065034945
1.6575505844294565
1.653425458540605
1.649050325022126
1.6453002105777155
1.6418001037629322
1.6388000122074038
1.6354249092074344
1.63154979094821
1.6282996917630543
1.6255496078371532
1.6230495315408795
1.6207994628742333
1.618549394207587
1.6170493484298227
1.6140492568742943
1.6130492263557847
1.6116741843928344
1.609424115726188
1.6077990661336101
1.6069240394299142
1.6056740012817774
1.6045489669484543
1.6036739402447586
1.6029239173558765
1.6022988982818078
1.601048860133671
1.5999238258003479
1.5996738181707206
1.5990487990966522
1.5980487685781428
1.5975487533188881
1.596798730430006
1.596298715170751
1.5956736960966826
1.5954236884670552
1.5932986236152227
1.5920485854670858
1.5900485244300668
1.587923459578234
1.5847983642078922
1.5819232764671776
1.5786731772820215
1.5746730552079835
1.5692978911709952
1.564172734763634
1.5572975249488816
1.5509223303933837
1.5434221015045624
1.5361718802453688
1.528171636097293
1.5210464186529131
1.5141712088381603
1.5082960295419172
1.5025458540604877
1.4990457472457046
1.4962956633198035
1.4961706595049897
1.4975457014679403
1.502420850245674
1.5101710867641225
1.5224214606158635
1.5361718802453688
1.5554224677266761
1.5784231696523943
1.6069240394299142
1.6391750236518448
1.6760511490218817
1.7168023926511429
1.7630538041322064
1.809805230872524
1.8619318216498306
1.914433423871578
1.9691850947599718
2.022811731315042
2.075563341166417
2.1254398632770775
2.170691244239632
2.2098174382763145
2.243443464461196
2.2681942197943052
2.284944730979339
2.290944914090396
2.26869423505356
2.2561938535721913
2.2343181859797965
2.205692312387463
2.1678161564989162
2.121814752647481
2.0715632190923796
2.016686544389172
1.9594347972045045
1.9016830347605824
1.8439312723166599
1.78692953276162
1.7319278542435987
1.6800512710959197
1.6309247718741418
1.5862984099856563
1.5474222235786004
1.5106711020233772
1.480295175023652
1.454919400616474
1.4349187902462845
1.4201683400982696
1.408917996765038
1.4024177983947264
1.399417706839198
1.4006677449873348
1.4040428479873044
1.4117930845057527
1.4189183019501328
1.4296686300241095
1.4406689657277139
1.452919339579455
1.4642946867275002
1.4766700643940551
1.4882954191717277
1.4991707510605183
1.5102960905789362
1.5191713614307079
1.5274216132084109
1.5352968535416731
1.5419220557267983
1.5472972197637866
1.5525473799859615
1.556797509689627
1.5601726126895963
1.5631727042451247
1.56504776146733
1.5680478530228583
1.5690478835413677
1.570172917874691
1.572547990356151
1.5731730094302194
1.5740480361339153
1.5747980590227975
1.5754230780968657
1.5756730857264931
1.5760480971709343
1.5762981048005615
1.5762981048005615
1.5771731315042574
1.5775481429486986
1.5777981505783258
1.5781731620227668
1.5787981810968352
1.5799232154301586
1.5805482345042268
1.5806732383190405
1.58167326883755
1.582048280281991
1.583298318430128
1.5847983642078922
1.5857983947264016
1.5869234290597247
1.5882984710226753
1.589923520615253
1.5910485549485762
1.5920485854670858
1.5930486159855952
1.5940486465041048
1.595173680837428
1.597173741874447
1.6000488296151616
1.601173863948485
1.6021738944669943
1.6045489669484543
1.606174016541032
1.6085490890224923
1.609799127170629
1.611799188207648
1.6135492416150394
1.616549333170568
1.6192994170964692
1.6211744743186742
1.6239245582445754
1.6265496383556628
1.6295497299111912
1.6312997833185827
1.6350498977629933
1.6377999816888944
1.6404250617999818
1.6438001647999512
1.6469252601702933
1.6505503707998903
1.6543004852443006
1.6579255958738974
1.6619257179479354
1.6650508133182775
1.6694259468367565
1.6728010498367258
1.6769261757255778
1.680676290169988
1.6855514389477217
1.6895515610217597
1.693801690725425
1.6975518051698355
1.7034269844660788
1.7078021179845577
1.7119272438734092
1.716427381206702
1.7210525223548083
1.7254276558732873
1.7300527970213935
1.7351779534287546
1.7400531022064882
1.7446782433545946
1.7498033997619558
1.7545535447248757
1.7593036896877956
1.763928830835902
1.7681789605395672
1.773429120761742
1.7776792504654073
1.7820543839838863
1.78692953276162
1.7913046662800989
1.7958048036133916
1.8001799371318705
1.804805078279977
1.8075551622058779
1.8125553147984252
1.8155554063539538
1.8195555284279916
1.8238056581316568
1.826930753501999
1.8304308603167823
1.8338059633167516
1.8369310586870937
1.8391811273537402
1.8420562150944548
1.844681295205542
1.847181371501816
1.84868141727958
1.8509314859462265
1.8524315317239908
1.8539315775017549
1.8558066347239601
1.857056672872097
1.8569316690572832
1.8573066805017244
1.8576816919461654
1.857431684316538
1.857431684316538
1.857056672872097
1.8568066652424697
1.8559316385387736
1.8553066194647054
1.8544315927610096
1.8525565355388043
1.8505564745017853
1.848806421094394
1.8469313638721885
1.8440562761314738
1.8421812189092686
1.8399311502426223
1.8363060396130253
1.8334309518723106
1.831305887020478
1.8268057496871855
1.8236806543168431
1.8198055360576189
1.8155554063539538
1.8116802880947296
1.807805169835505
1.8038050477614673
1.7993049104281746
1.7948047730948822
1.790929654835658
1.7860545060579243
1.7809293496505632
1.775804193243202
1.7711790520950956
1.766303903317362
1.7610537430951874
1.7561785943174535
1.7516784569841608
1.7464282967619862
1.7420531632435072
1.736552995391705
1.7316778466139713
1.7265526902066104
1.721927549058504
1.7170524002807703
1.712052247688223
1.7073021027253028
1.702176946317942
1.6980518204290902
1.6930516678365428
1.6885515305032504
1.684301400799585
1.6796762596514787
1.675551133762627
1.6706759849848933
1.6666758629108556
1.6626757408368176
1.6588006225775933
1.6553005157628102
1.6519254127628407
1.6484253059480574
1.6436751609851377
1.6405500656147955
1.6372999664296397
1.633674855800043
1.6301747489852596
1.6282996917630543
1.625674611651967
1.6217994933927427
1.6191744132816552
1.6171743522446362
1.6140492568742943
1.611799188207648
1.6099241309854426
1.6080490737632376
1.6049239783928952
1.6034239326151312
1.6017988830225531
1.5996738181707206
1.5984237800225838
1.596798730430006
1.5949236732078005
1.5936736350596639
1.5921735892818996
1.5911735587633902
1.5891734977263712
1.588048463393048
1.587923459578234
1.5862984099856563
1.5854233832819604
1.5854233832819604
1.584423352763451
1.5827983031708732
1.5821732840968048
1.581298257393109
1.5807982421338542
1.5805482345042268
1.5795482039857174
1.5799232154301586
1.5790481887264625
1.5791731925412764
1.5786731772820215
1.5787981810968352
1.5781731620227668
1.5776731467635121
1.57692312387463
1.57692312387463
1.5770481276894437
1.5770481276894437
1.5767981200598165
1.5771731315042574
1.5767981200598165
1.5767981200598165
1.5767981200598165
1.576548112430189
1.576548112430189
1.5762981048005615
1.5762981048005615
1.5772981353190711
1.5767981200598165
1.5774231391338847
1.5775481429486986
1.5772981353190711
1.5771731315042574
1.5775481429486986
1.5770481276894437
1.5772981353190711
1.5774231391338847
1.5780481582079533
1.5784231696523943
1.5790481887264625
1.5787981810968352
1.578923184911649
1.5787981810968352
1.5780481582079533
1.5790481887264625
1.5787981810968352
1.5799232154301586
1.5794232001709037
1.5797982116153446
1.5801732230597858
1.5801732230597858
1.5805482345042268
1.580923245948668
1.5805482345042268
1.580923245948668
1.5807982421338542
1.5814232612079226
1.5814232612079226
1.5814232612079226
1.5819232764671776
1.5825482955412458
1.5826732993560595
1.5822982879116183
1.5826732993560595
1.5830483108005005
1.5830483108005005
1.5830483108005005
1.58404834131901
1.5835483260597554
1.5839233375041963
1.5842983489486373
1.5849233680227057
1.5847983642078922
1.584423352763451
1.5846733603930783
1.5845483565782648
1.5851733756523332
1.585298379467147
1.5859233985412151
1.5857983947264016
1.5862984099856563
1.58642341380047
1.5865484176152838
1.5866734214300973
1.5869234290597247
1.5870484328745385
1.58642341380047
1.5870484328745385
1.5874234443189794
1.587923459578234
1.587923459578234
1.5889234900967437
1.588423474837489
1.5886734824671163
1.5885484786523028
1.5886734824671163
1.5885484786523028
1.5889234900967437
1.58879848628193
1.5892985015411847
1.5897985168004394
1.5901735282448806
1.5901735282448806
1.590298532059694
1.590798547318949
1.590298532059694
1.590423535874508
1.590798547318949
1.5909235511337627
1.5910485549485762
1.5917985778374584
1.5916735740226449
1.591923581652272
1.5920485854670858
1.591923581652272
1.592423596911527
1.5920485854670858
1.5921735892818996
1.5925486007263405
1.5931736198004092
1.5929236121707817
1.5939236426892909
1.5936736350596639
1.5936736350596639
1.5939236426892909
1.5937986388744774
1.5936736350596639
1.5941736503189183
1.5945486617633595
1.5937986388744774
1.5945486617633595
1.5952986846522417
1.5955486922818691
1.5950486770226142
1.5952986846522417
1.5954236884670552
1.5950486770226142
1.5955486922818691
1.596298715170751
1.5960487075411238
1.596673726615192
1.5964237189855648
1.596798730430006
1.596798730430006
1.5969237342448195
1.596673726615192
1.5974237495040742
1.5969237342448195
1.5974237495040742
1.5974237495040742
1.5975487533188881
1.5972987456892607
1.5981737723929563
1.5981737723929563
1.5980487685781428
1.5979237647633289
1.59829877620777
1.5977987609485154
1.5990487990966522
1.598798791467025
1.598798791467025
1.5994238105410932
1.5999238258003479
1.5994238105410932
1.5999238258003479
1.60067384868923
1.5996738181707206
1.6002988372447888
1.6001738334299753
1.6004238410596028
1.6004238410596028
1.6009238563188575
1.6012988677632984
1.6014238715781122
1.6012988677632984
1.6017988830225531
1.6016738792077396
1.6015488753929257
1.6025489059114353
1.6027989135410627
1.6029239173558765
1.6035489364299447
1.6041739555040133
1.6039239478743859
1.6041739555040133
1.6049239783928952
1.6052989898373364
1.6057990050965911
1.6065490279854733
1.6067990356151007
1.6075490585039827
1.6089241004669332
1.61017413861507
1.610549150059511
1.6115491805780204
1.612174199652089
1.6140492568742943
1.6159243140964994
1.616549333170568
1.6191744132816552
1.6200494399853511
1.62204950102237
1.6244245735038303
1.6262996307260353
1.6287997070223093
1.631174779503769
1.633549851985229
1.636674947355571
1.638299996948149
1.6415500961333047
1.6449251991332745
1.6479252906888027
1.6513003936887722
1.6549255043183693
1.658925626392407
1.6620507217627492
1.6659258400219734
1.6699259620960112
1.6738010803552354
1.6784262215033416
1.683051362651448
1.6878015076143682
1.6919266335032197
1.6975518051698355
1.7028019653920103
1.7075521103549303
1.7126772667622914
1.7179274269844662
1.7221775566881314
1.7271777092806788
1.7320528580584125
1.736552995391705
1.741303140354625
1.7459282815027315
1.750053407391583
1.753178502761925
1.757178624835963
1.7610537430951874
1.7638038270210883
1.7664289071321757
1.7689289834284494
1.771429059724723
1.773804132206183
1.7753041779839474
1.776679219946898
1.7773042390209661
1.7780542619098483
1.7780542619098483
1.7778042542802208
1.7778042542802208
1.7771792352061526
1.7750541703543201
1.7750541703543201
1.7728041016876737
1.7709290444654684
1.7684289681691947
1.76555388042848
1.7625537888729514
1.7598037049470505
1.7556785790581988
1.7523034760582294
1.7481783501693777
1.7441782280953397
1.739803094576861
1.7356779686880093
1.7304278084658344
1.725052644428846
1.7210525223548083
1.7156773583178198
1.7105522019104589
1.706052064577166
1.700551896725364
1.6951767326883755
1.691051606799524
1.6861764580217904
1.6816763206884975
1.6768011719107638
1.6715510116885892
1.666800866725669
1.6625507370220038
1.6584256111331521
1.6543004852443006
1.6505503707998903
1.6468002563554796
1.6431751457258827
1.639925046540727
1.6354249092074344
1.6326748252815333
1.6297997375408186
1.6259246192815942
1.6241745658742028
1.62204950102237
1.6190494094668417
1.6171743522446362
1.6157993102816859
1.613424237800226
1.6112991729483932
1.61017413861507
1.6080490737632376
1.6064240241706595
1.6057990050965911
1.6047989745780817
1.6051739860225227
1.603173924985504
1.6022988982818078
1.6017988830225531
1.6004238410596028
1.5999238258003479
1.5996738181707206
1.5984237800225838
1.598798791467025
1.5972987456892607
1.596673726615192
1.5955486922818691
1.5949236732078005
1.5940486465041048
1.592423596911527
1.5911735587633902
1.5882984710226753
1.5867984252449112
1.5831733146153144
1.579673207800531
1.5759230933561206
1.5714229560228279
1.566172795800653
1.56029761650441
1.552672383800775
1.54604718161565
1.5390469679860834
1.5307967162083804
1.523796502578814
1.5165462813196202
1.5085460371715445
1.5042959074678794
1.500045777764214
1.4972956938383128
1.4959206518753625
1.4962956633198035
1.5002957853938415
1.5069209875789666
1.5167962889492477
1.530546708578753
1.5480472426526688
1.5700479140598773
1.5960487075411238
1.627174657429731
1.6625507370220038
1.7024269539475692
1.745678273873104
1.7931797235023041
1.8433062532425917
1.895932859279153
1.949809503463851
2.0034361400189216
2.057562791833247
2.1081893368327895
2.155440778832362
2.1971920529801325
2.232193121127964
2.260318979461043
2.2800695822016057
2.290569902645955
2.27581945249794
2.2611940061647386
2.2433184606463823
2.217192663350322
2.1818165837580494
2.1391902829065828
2.0896887722403634
2.036937162388989
1.9805604419080174
1.9233086947233498
1.8646819055757318
1.8076801660206916
1.752053468428602
1.6985518356883451
1.6486753135776848
1.6027989135410627
1.5604226203192237
1.5240465102084415
1.490545487838374
1.4639196752830592
1.4416689962462232
1.4250434888760033
1.4124181035798211
1.404542863246559
1.3999177220984527
1.3995427106540117
1.40254280220954
1.408542985320597
1.4156682027649772
1.4250434888760033
1.4361688283944214
1.447294167912839
1.4594195379497665
1.4717949156163215
1.4837952818384352
1.494545609912412
1.505545945616016
1.5150462355418564
1.524296517838069
1.5317967467268898
1.5391719718008974
1.5451721549119541
1.55079732657857
1.5549224524674214
1.5589225745414594
1.5621726737266153
1.5645477462080752
1.5659227881710258
1.5687978759117405
1.5695478988006226
1.5712979522080142
1.5727979979857785
1.5734230170598467
1.57454805139317
1.5752980742820522
1.5756730857264931
1.5756730857264931
1.5759230933561206
1.5767981200598165
1.5762981048005615
1.57692312387463
1.5770481276894437
1.5790481887264625
1.578923184911649
1.579673207800531
1.5806732383190405
1.5804232306894133
1.581298257393109
1.5819232764671776
1.5830483108005005
1.5842983489486373
1.5854233832819604
1.5865484176152838
1.5867984252449112
1.5889234900967437
1.5900485244300668
1.591923581652272
1.592423596911527
1.5939236426892909
1.5950486770226142
1.5964237189855648
1.5985487838373975
1.5999238258003479
1.6017988830225531
1.60304892117069
1.6055489974669637
1.6071740470595417
1.6096741233558154
1.6111741691335797
1.6131742301705987
1.6151742912076175
1.6176743675038912
1.6207994628742333
1.6226745200964385
1.6254246040223395
1.6286747032074953
1.6309247718741418
1.6339248634296701
1.6367999511703848
1.639550035096286
1.6420501113925596
1.6456752220221567
1.6491753288369395
1.6528004394665363
1.656550553910947
1.6599256569109164
1.6635507675405132
1.6678008972441787
1.6714260078737755
1.6749261146885588
1.6791762443922238
1.6834263740958892
1.6875514999847407
1.6915516220587787
1.6966767784661398
1.7011769157994323
1.7054270455030978
1.710052186651204
1.7145523239844966
1.7190524613177893
1.7234275948362683
1.7280527359843745
1.7331778923917356
1.7379280373546557
1.7426781823175757
1.7475533310953093
1.7525534836878567
1.756803613391522
1.761553758354442
1.7664289071321757
1.7709290444654684
1.7751791741691336
1.7804293343913085
1.7853044831690421
1.7891796014282664
1.7939297463911863
1.7983048799096653
1.8023050019837032
1.806805139316996
1.8101802423169653
1.8148053834650717
1.8179304788354138
1.8214305856501969
1.8256807153538621
1.828930814539018
1.8319309060945466
1.8354310129093294
1.8379310892056033
1.8409311807611317
1.8436812646870329
1.8459313333536789
1.8481814020203253
1.8499314554277169
1.8520565202795496
1.8533065584276864
1.8545565965758233
1.8558066347239601
1.8568066652424697
1.857431684316538
1.8575566881313517
1.8579316995757926
1.8583067110202338
1.857056672872097
1.8571816766869107
1.8565566576128423
1.8559316385387736
1.855431623279519
1.8534315622425002
1.8514315012054812
1.8496814477980896
1.8479313943906979
1.8455563219092381
1.842806237983337
1.8400561540574358
1.8376810815759759
1.8349309976500747
1.8326809289834285
1.8291808221686454
1.8255557115390486
1.8213055818353832
1.8176804712057864
1.813805352946562
1.8100552385021516
1.804805078279977
1.8011799676503801
1.7966798303170874
1.792429700613422
1.7886795861690117
1.7835544297616506
1.7789292886135442
1.7739291360209968
1.7684289681691947
1.763928830835902
1.7589286782433546
1.754053529465621
1.7488033692434461
1.7443032319101537
1.73942808313242
1.734302926725059
1.7291777703176978
1.7244276253547777
1.7194274727622303
1.7140523087252417
1.7094271675771355
1.7051770378734703
1.6999268776512955
1.6955517441328165
1.6913016144291515
1.6864264656514176
1.6823013397625661
1.677176183355205
1.673551072725608
1.6684259163182469
1.6645507980590228
1.660925687429426
1.656550553910947
1.6531754509109775
1.6495503402813807
1.6458002258369702
1.641925107577746
1.63867500839259
1.6361749320963164
1.6319248023926511
1.6289247108371228
1.6257996154667806
1.6231745353556932
1.6205494552446058
1.618549394207587
1.6155493026520584
1.6129242225409712
1.6107991576891385
1.608174077578051
1.606174016541032
1.6040489516891996
1.602673909726249
1.6009238563188575
1.598798791467025
1.5974237495040742
1.5960487075411238
1.5936736350596639
1.592798608355968
1.5920485854670858
1.5897985168004394
1.5885484786523028
1.5885484786523028
1.5866734214300973
1.5856733909115879
1.5851733756523332
1.584423352763451
1.5835483260597554
1.5825482955412458
1.5815482650227364
1.5810482497634815
1.5804232306894133
1.5799232154301586
1.5794232001709037
1.57929819635609
1.5790481887264625
1.5791731925412764
1.5782981658375803
1.5785481734672078
1.5781731620227668
1.5770481276894437
1.5766731162450025
1.5766731162450025
1.5766731162450025
1.5772981353190711
1.57692312387463
1.57692312387463
1.5770481276894437
1.5766731162450025
1.57692312387463
1.5767981200598165
1.5762981048005615
1.5766731162450025
1.5766731162450025
1.5775481429486986
1.5772981353190711
1.5774231391338847
1.5771731315042574
1.5767981200598165
1.5771731315042574
1.5775481429486986
1.5770481276894437
1.5777981505783258
1.5777981505783258
1.5784231696523943
1.5784231696523943
1.5784231696523943
1.578923184911649
1.5790481887264625
1.57929819635609
1.57929819635609
1.5791731925412764
1.5794232001709037
1.5797982116153446
1.5799232154301586
1.5801732230597858
1.5801732230597858
1.5807982421338542
1.5805482345042268
1.5806732383190405
1.5810482497634815
1.5807982421338542
1.5810482497634815
1.581298257393109
1.58167326883755
1.582048280281991
1.5822982879116183
1.5826732993560595
1.5830483108005005
1.5825482955412458
1.5834233222449416
1.5825482955412458
1.5831733146153144
1.5831733146153144
1.5836733298745689
1.5839233375041963
1.5842983489486373
1.5842983489486373
1.5847983642078922
1.5845483565782648
1.5842983489486373
1.5854233832819604
1.5849233680227057
1.5847983642078922
1.585298379467147
1.5857983947264016
1.586048402356029
1.5867984252449112
1.5862984099856563
1.5867984252449112
1.5869234290597247
1.5867984252449112
1.5862984099856563
1.5870484328745385
1.5871734366893522
1.587923459578234
1.5876734519486069
1.5881734672078616
1.5882984710226753
1.588048463393048
1.5886734824671163
1.588423474837489
1.58879848628193
1.5886734824671163
1.5897985168004394
1.5894235053559984
1.5896735129856259
1.589923520615253
1.5901735282448806
1.5901735282448806
1.590423535874508
1.590423535874508
1.590423535874508
1.5906735435041353
1.5911735587633902
1.590798547318949
1.5915485702078311
1.5916735740226449
1.591923581652272
1.5929236121707817
1.5915485702078311
1.5915485702078311
1.592298593096713
1.5920485854670858
1.5921735892818996
1.5920485854670858
1.5929236121707817
1.5929236121707817
1.5937986388744774
1.5935486312448501
1.5929236121707817
1.5939236426892909
1.5939236426892909
1.5934236274300364
1.5936736350596639
1.5936736350596639
1.5950486770226142
1.594673665578173
1.5957986999114964
1.5954236884670552
1.5950486770226142
1.5959237037263099
1.5954236884670552
1.5950486770226142
1.595173680837428
1.5959237037263099
1.596298715170751
1.5965487228003785
1.5969237342448195
1.5969237342448195
1.596298715170751
1.5969237342448195
1.5965487228003785
1.5969237342448195
1.5969237342448195
1.5972987456892607
1.5974237495040742
1.5976737571337016
1.59829877620777
1.59829877620777
1.598673787652211
1.5980487685781428
1.59829877620777
1.59829877620777
1.598798791467025
1.5985487838373975
1.5990487990966522
1.5990487990966522
1.599548814355907
1.5990487990966522
1.5994238105410932
1.6001738334299753
1.5997988219855341
1.5999238258003479
1.5997988219855341
1.5997988219855341
1.6005488448744163
1.6005488448744163
1.601173863948485
1.6014238715781122
1.6017988830225531
1.6016738792077396
1.6017988830225531
1.6020488906521806
1.6024239020966218
1.6024239020966218
1.6029239173558765
1.60304892117069
1.6035489364299447
1.6035489364299447
1.6047989745780817
1.6044239631336406
1.6045489669484543
1.60542399365215
1.60542399365215
1.6064240241706595
1.6075490585039827
1.608174077578051
1.6086740928373058
1.6104241462446975
1.6112991729483932
1.6122992034669026
1.6131742301705987
1.614549272133549
1.616549333170568
1.6176743675038912
1.6195494247260964
1.6214244819483017
1.6230495315408795
1.6255496078371532
1.6275496688741722
1.630049745170446
1.632299813837092
1.634299874874111
1.6371749626148258
1.6401750541703544
1.6435501571703237
1.647425275429548
1.6493003326517535
1.6536754661702324
1.656925565355388
1.6604256721701711
1.6645507980590228
1.6681759086886196
1.6723010345774711
1.6760511490218817
1.6810513016144293
1.6854264351329082
1.6901765800958282
1.695426740318003
1.7006769005401776
1.7059270607623525
1.7103021942808314
1.7153023468733786
1.719927488021485
1.725052644428846
1.7299277932065797
1.7344279305398724
1.7395530869472335
1.743803216650899
1.748053346354564
1.7518034607989748
1.755553575243385
1.759553697317423
1.7620537736136967
1.7649288613544114
1.7680539567247535
1.7703040253914
1.77267909787286
1.7744291512802515
1.776679219946898
1.7771792352061526
1.7779292580950348
1.7789292886135442
1.7783042695394757
1.778179265724662
1.7776792504654073
1.777054231391339
1.775429181798761
1.773804132206183
1.7720540787987915
1.769804010132145
1.7668039185766167
1.7643038422803432
1.7611787469100009
1.7573036286507766
1.754053529465621
1.7503034150212105
1.7463032929471725
1.74180315561388
1.7376780297250283
1.7336779076509903
1.7280527359843745
1.7230525833918273
1.7183024384289072
1.7130522782067326
1.708177129428999
1.7035519882808923
1.6995518662068545
1.6929266640217293
1.6891765495773186
1.6841763969847714
1.6788012329477828
1.6750511185033723
1.6695509506515702
1.66480080568865
1.6604256721701711
1.656925565355388
1.652550431836909
1.6484253059480574
1.645050202948088
1.64105008087405
1.6380499893185219
1.6346748863185523
1.631174779503769
1.6279246803186131
1.6250495925778985
1.6231745353556932
1.620924466689047
1.6191744132816552
1.6161743217261269
1.6144242683187355
1.61254921109653
1.610549150059511
1.6091741080965607
1.6075490585039827
1.6057990050965911
1.60542399365215
1.6041739555040133
1.6036739402447586
1.6025489059114353
1.6019238868373669
1.601173863948485
1.5999238258003479
1.5996738181707206
1.5989237952818385
1.59829877620777
1.5975487533188881
1.596798730430006
1.596298715170751
1.5955486922818691
1.5945486617633595
1.5932986236152227
1.5915485702078311
1.5896735129856259
1.5876734519486069
1.5845483565782648
1.58167326883755
1.5782981658375803
1.5737980285042878
1.5686728720969267
1.5632977080599384
1.5564224982451857
1.5496722922452468
1.5421720633564255
1.5347968382824184
1.5272966093935971
1.519796380504776
1.5134211859492783
1.507170995208594
1.5019208349864193
1.4987957396160771
1.4957956480605488
1.4959206518753625
1.4981707205420087
1.5041709036530655
1.5112961210974456
1.5235464949491868
1.5392969756157109
1.558297555467391
1.5830483108005005
1.6116741843928344
1.6448001953184606
1.682676351207007
1.7244276253547777
1.7700540177617725
1.8188055055391095
1.8704320810571613
1.9243087252418591
1.97793536179693
2.031812005981628
2.083688589129307
2.1330650959807125
2.177566454054384
2.2169426557206946
2.248068605609302
2.271194311349834
2.2868197882015444
2.2890698568681906
2.2664441663869135
2.2534437696462906
2.2306930753502
2.1994421216467788
2.1598159123508407
2.1144395275734733
2.062687948240608
2.007936277352214
1.9504345225379192
1.892682760093997
1.8349309976500747
1.7775542466505936
1.7234275948362683
1.6720510269478437
1.6237995544297616
1.579673207800531
1.5401720023194068
1.5066709799493394
1.475920041505173
1.4524193243202002
1.4321687063203834
1.418043275246437
1.4074179509872737
1.4015427716910305
1.3991676992095705
1.4005427411725213
1.405792901394696
1.4125431073946348
1.4206683553575243
1.4302936490981781
1.4424190191351054
1.4539193700979645
1.466419751579333
1.4784201178014467
1.4900454725791192
1.5006707968382824
1.5110461134678184
1.5205464033936582
1.5282966399121067
1.5361718802453688
1.5426720786156805
1.5482972502822963
1.552797387615589
1.557172521134068
1.56029761650441
1.5632977080599384
1.5656727805413984
1.5676728415784174
1.5699229102450638
1.5706729331339457
1.57217297891171
1.5734230170598467
1.5740480361339153
1.5750480666524247
1.5754230780968657
1.5755480819116796
1.5764231086153753
1.5761731009857478
1.5767981200598165
1.5774231391338847
1.5772981353190711
1.5784231696523943
1.5782981658375803
1.578923184911649
1.5797982116153446
1.5801732230597858
1.5819232764671776
1.5821732840968048
1.5825482955412458
1.5834233222449416
1.584423352763451
1.586048402356029
1.5870484328745385
1.5882984710226753
1.5901735282448806
1.5910485549485762
1.5921735892818996
1.5931736198004092
1.5952986846522417
1.5952986846522417
1.5974237495040742
1.5994238105410932
1.60067384868923
1.6024239020966218
1.6049239783928952
1.6069240394299142
1.608174077578051
1.6100491348002564
1.6122992034669026
1.614174260689108
1.6166743369853815
1.6195494247260964
1.6215494857631152
1.6237995544297616
1.6267996459852903
1.6301747489852596
1.6325498214667196
