1.7333028962065493
1.669175939207129
1.610549150059511
1.5587975707266457
1.5141712088381603
1.4771700796533098
1.447294167912839
1.4250434888760033
1.410543046357616
1.4011677602465895
1.3986676839503158
1.4022927945799126
1.4090430005798518
1.4190433057649465
1.4321687063203834
1.4469191564683983
1.4626696371349224
1.4777950987273782
1.4940455946531572
1.507546006653035
1.5195463728751488
1.5314217352824486
1.540922025208289
1.548797265541551
1.5556724753563036
1.5615476546525469
1.5655477767265848
1.5700479140598773
1.57217297891171
1.5746730552079835
1.5775481429486986
1.5780481582079533
1.5791731925412764
1.5802982268745993
1.5814232612079226
1.5835483260597554
1.5846733603930783
1.5855483870967744
1.5870484328745385
1.587923459578234
1.5901735282448806
1.5912985625782037
1.5929236121707817
1.5945486617633595
1.596298715170751
1.599173802911466
1.6009238563188575
1.60304892117069
1.6057990050965911
1.608174077578051
1.610549150059511
1.6139242530594806
1.6162993255409406
1.6187994018372145
1.6219244972075564
1.6255496078371532
1.6289247108371228
1.6325498214667196
1.637924985503708
1.6409250770592365
1.6436751609851377
1.6486753135776848
1.6524254280220954
1.6566755577257606
1.6615507065034945
1.6665508590960418
1.6720510269478437
1.6768011719107638
1.6824263435773796
1.688301522873623
1.693426679280984
1.6995518662068545
1.7054270455030978
1.7105522019104589
1.7161773735770747
1.7223025605029452
1.729052766502884
1.7348029419843134
1.7408031250953704
1.747678334910123
1.7528034913174841
1.7583036591692862
1.7643038422803432
1.7703040253914
1.7753041779839474
1.7814293649098176
1.7868045289468062
1.792054689168981
1.7976798608355968
1.8030550248725852
1.8070551469466232
1.811930295724357
1.8166804406872767
1.8211805780205697
1.8256807153538621
1.829305825983459
1.8335559556871244
1.8368060548722802
1.8405561693166905
1.8430562456129642
1.8458063295388654
1.8474313791314432
1.8493064363536484
1.8513064973906674
1.8525565355388043
1.8538065736869411
1.8551816156498917
1.855431623279519
1.8556816309091464
1.8558066347239601
1.8555566270943329
1.8541815851313823
1.8529315469832455
1.8521815240943633
1.848806421094394
1.8464313486129338
1.844306283761101
1.8405561693166905
1.8374310739463484
1.8338059633167516
1.8301808526871548
1.8259307229834896
1.8204305551316875
1.8160554216132085
1.8109302652058474
1.8058051087984863
1.8000549333170568
1.7950547807245094
1.7893046052430799
1.7835544297616506
1.7779292580950348
1.7724290902432325
1.765803888058107
1.7596787011322368
1.7533035065767388
1.7475533310953093
1.7410531327249978
1.7351779534287546
1.7289277626880704
1.7230525833918273
1.7168023926511429
1.710427198095645
1.704052003540147
1.6979268166142767
1.6918016296884062
1.6856764427625355
1.6801762749107334
1.6746761070589313
1.669175939207129
1.6631757560960723
1.6584256111331521
1.6529254432813503
1.6478002868739892
1.642675130466628
1.6377999816888944
1.6330498367259743
1.6287997070223093
1.6237995544297616
1.6200494399853511
1.6161743217261269
1.612174199652089
1.6087990966521197
1.6044239631336406
1.6015488753929257
1.5989237952818385
1.5949236732078005
1.592298593096713
1.589923520615253
1.5876734519486069
1.5847983642078922
1.5839233375041963
1.5807982421338542
1.5780481582079533
1.5764231086153753
1.5740480361339153
1.5724229865413375
1.5712979522080142
1.5704229255043185
1.5686728720969267
1.567047822504349
1.5665478072450942
1.5656727805413984
1.5636727195043794
1.5629226966154972
1.5620476699118016
1.5609226355784784
1.5607976317636647
1.5607976317636647
1.5594225898007141
1.559047578356273
1.5585475630970183
1.558297555467391
1.5576725363933226
1.5562974944303722
1.553922421948912
1.553547410504471
1.5534224066896571
1.553922421948912
1.5532974028748436
1.5536724143192846
1.553922421948912
1.553922421948912
1.5540474257637258
1.5540474257637258
1.5536724143192846
1.5540474257637258
1.5544224372081668
1.5544224372081668
1.554672444837794
1.554797448652608
1.5549224524674214
1.55554747154149
1.5549224524674214
1.5557974791711173
1.5556724753563036
1.5556724753563036
1.5561724906155583
1.555922482985931
1.5569225135044404
1.5574225287636951
1.557172521134068
1.557797540208136
1.557797540208136
1.5576725363933226
1.5581725516525773
1.5584225592822047
1.55792254402295
1.5587975707266457
1.559172582171087
1.5595475936155279
1.5595475936155279
1.5600476088747826
1.559797601245155
1.5601726126895963
1.560672627948851
1.5615476546525469
1.5607976317636647
1.5615476546525469
1.56029761650441
1.5616726584673606
1.5616726584673606
1.5627976928006837
1.562297677541429
1.5616726584673606
1.5627976928006837
1.5629226966154972
1.5631727042451247
1.563422711874752
1.563047700430311
1.5640477309488205
1.5647977538377027
1.5647977538377027
1.5656727805413984
1.5666728110599077
1.5656727805413984
1.566172795800653
1.5666728110599077
1.5671728263191627
1.5676728415784174
1.568547868282113
1.569422894985809
1.569422894985809
1.5702979216895046
1.5716729636524553
1.5719229712820828
1.5731730094302194
1.5740480361339153
1.5746730552079835
1.5781731620227668
1.5776731467635121
1.5797982116153446
1.581298257393109
1.5837983336893826
1.5851733756523332
1.588048463393048
1.5897985168004394
1.5929236121707817
1.5957986999114964
1.5994238105410932
1.6025489059114353
1.6066740318002868
1.6106741538743248
1.614549272133549
1.6190494094668417
1.6230495315408795
1.6279246803186131
1.6327998290963468
1.63867500839259
1.6435501571703237
1.6495503402813807
1.6550505081331828
1.6616757103183082
1.6675508896145512
1.6739260841700492
1.6803012787255471
1.687051484725486
1.6924266487624744
1.6979268166142767
1.7044270149845882
1.710427198095645
1.7159273659474472
1.7211775261696218
1.7266776940214241
1.731052827539903
1.735802972502823
1.7391780755027926
1.7420531632435072
1.7451782586138493
1.7478033387249368
1.750428418836024
1.7518034607989748
1.7526784875026704
1.7535535142063663
1.7541785332804345
1.753178502761925
1.7514284493545336
1.7503034150212105
1.747678334910123
1.7451782586138493
1.7423031708731347
1.7381780449842832
1.7341779229102452
1.7300527970213935
1.7256776635029145
1.7201774956511124
1.7141773125400557
1.7084271370586261
1.702551957762383
1.6966767784661398
1.6904265877254554
1.6849264198736535
1.6785512253181556
1.6726760460219123
1.6659258400219734
1.660550675984985
1.6550505081331828
1.6489253212073123
1.6425501266518143
1.6371749626148258
1.632424817651906
1.6269246498001038
1.6234245429853207
1.6181743827631458
1.6144242683187355
1.6102991424298836
1.6069240394299142
1.6027989135410627
1.5989237952818385
1.5960487075411238
1.5932986236152227
1.5909235511337627
1.58879848628193
1.5865484176152838
1.5846733603930783
1.5830483108005005
1.5821732840968048
1.5791731925412764
1.5772981353190711
1.57454805139317
1.5730480056154057
1.5700479140598773
1.5667978148747217
1.5631727042451247
1.5595475936155279
1.553547410504471
1.5476722312082278
1.5399219946897795
1.5315467390972626
1.5210464186529131
1.5125461592455824
1.5026708578753014
1.4934205755790888
1.4851703238013856
1.4781701101718194
1.4731699575792718
1.4704198736533707
1.4710448927274393
1.4754200262459183
1.4844203009125034
1.4987957396160771
1.5194213690603353
1.5455471663563953
1.5794232001709037
1.6200494399853511
1.6670508743552965
1.7205525070955536
1.7795543076876126
1.8430562456129642
1.9100582903530994
1.9784353770561847
2.0460624408703882
2.111439436017945
2.170191228980377
2.2198177434614093
2.2573188879055146
2.282069643238624
2.2924449598681598
2.2883198339793087
2.270819299905393
2.2395683462019718
2.1963170262764367
2.141940366832484
2.0788134403515732
2.0095613269447923
1.9353090609454635
1.8603067720572526
1.7879295632801295
1.7200524918362987
1.6571755729850153
1.5992988067262794
1.5486722617267374
1.5061709646900845
1.4705448774681846
1.4420440076906644
1.421668385876034
1.408542985320597
1.4000427259132666
1.399417706839198
1.403792840357677
1.4107930539872433
1.4219183935056612
1.4352938016907255
1.4499192480239265
1.4654197210608235
1.481420209356975
1.4957956480605488
1.5094210638752406
1.522171452986236
1.5330467848750269
1.5422970671712395
1.5502973113193153
1.556672505874813
1.5624226813562427
1.5667978148747217
1.570172917874691
1.5734230170598467
1.5750480666524247
1.576548112430189
1.5782981658375803
1.5795482039857174
1.5806732383190405
1.5825482955412458
1.5837983336893826
1.5847983642078922
1.5857983947264016
1.5874234443189794
1.5890484939115572
1.5906735435041353
1.591923581652272
1.5935486312448501
1.5952986846522417
1.5974237495040742
1.599548814355907
1.601173863948485
1.6040489516891996
1.6060490127262186
1.6086740928373058
1.6100491348002564
1.614174260689108
1.6162993255409406
1.6190494094668417
1.6224245124668113
1.6259246192815942
1.6297997375408186
1.6339248634296701
1.6377999816888944
1.6413000885036775
1.645050202948088
1.649425336466567
1.6539254737998597
1.6574255806146427
1.6625507370220038
1.667675893429365
1.6729260536515398
1.677926206244087
1.6841763969847714
1.6891765495773186
1.6945517136143071
1.7003018890957367
1.7058020569475387
1.7119272438734092
1.717552415540025
1.7233025910214546
1.7295527817621388
1.7359279763176367
1.742178167058321
1.7484283577990052
1.7539285256508073
1.7601787163914915
1.7654288766136663
1.7708040406506547
1.7768042237617114
1.782554399243141
1.7888045899838252
1.7933047273171179
1.7985548875392925
1.8036800439466536
1.8085551927243873
1.81305533005768
1.8176804712057864
1.8215555894650106
1.8260557267983033
1.8299308450575276
1.8334309518723106
1.8369310586870937
1.8399311502426223
1.8435562608722191
1.8455563219092381
1.848806421094394
1.8500564592425306
1.8518065126499221
1.8529315469832455
1.8541815851313823
1.8558066347239601
1.8558066347239601
1.8563066499832148
1.8559316385387736
1.8548066042054507
1.8540565813165686
1.8524315317239908
1.8508064821314127
1.8485564134647665
1.8458063295388654
1.8434312570574054
1.8405561693166905
1.8369310586870937
1.8330559404278695
1.8290558183538315
1.82493069246498
1.8195555284279916
1.815055391094699
1.809805230872524
1.8046800744651632
1.799554918057802
1.7939297463911863
1.7884295785393842
1.7830544145023959
1.776679219946898
1.7706790368358412
1.76555388042848
1.758803674428541
1.7519284646137883
1.745678273873104
1.7396780907620473
1.7339279152806177
1.7276777245399335
1.7218025452436905
1.715552354503006
1.7093021637623218
1.7031769768364513
1.6970517899105808
1.6906765953550829
1.685051423688467
1.6798012634662924
1.6740510879848627
1.6679259010589922
1.6625507370220038
1.6574255806146427
1.6521754203924681
1.6465502487258523
1.641925107577746
1.6367999511703848
1.632424817651906
1.6277996765037996
1.624049562059389
1.6192994170964692
1.6152992950224312
1.611424176763207
1.6079240699484236
1.6037989440595721
1.6017988830225531
1.5975487533188881
1.5945486617633595
1.591923581652272
1.5890484939115572
1.587923459578234
1.5841733451338236
1.5824232917264323
1.5801732230597858
1.5779231543931396
1.5757980895413068
1.5740480361339153
1.5724229865413375
1.5707979369487595
1.5699229102450638
1.5684228644672995
1.5667978148747217
1.566172795800653
1.56504776146733
1.5639227271340068
1.5627976928006837
1.5620476699118016
1.561172643208106
1.5604226203192237
1.559922605059969
1.5595475936155279
1.5587975707266457
1.5589225745414594
1.5585475630970183
1.5576725363933226
1.5554224677266761
1.5544224372081668
1.55317239906003
1.553922421948912
1.553547410504471
1.5541724295785393
1.5536724143192846
1.5537974181340983
1.5541724295785393
1.5537974181340983
1.5540474257637258
1.5542974333933532
1.5536724143192846
1.5541724295785393
1.5542974333933532
1.5545474410229805
1.554797448652608
1.5554224677266761
1.5552974639118626
1.5550474562822352
1.5557974791711173
1.55554747154149
1.5556724753563036
1.5561724906155583
1.5564224982451857
1.5562974944303722
1.557172521134068
1.5575475325785089
1.5575475325785089
1.5584225592822047
1.5581725516525773
1.557797540208136
1.5581725516525773
1.55792254402295
1.5581725516525773
1.5581725516525773
1.56029761650441
1.559922605059969
1.5595475936155279
1.56029761650441
1.56029761650441
1.5605476241340372
1.5601726126895963
1.5605476241340372
1.560672627948851
1.5616726584673606
1.5620476699118016
1.5620476699118016
1.5625476851710562
1.562297677541429
1.5624226813562427
1.5635477156895659
1.5626726889858698
1.563047700430311
1.5635477156895659
1.5635477156895659
1.5639227271340068
1.56504776146733
1.56504776146733
1.5660477919858395
1.5655477767265848
1.5664228034302805
1.5664228034302805
1.5664228034302805
1.567047822504349
1.5676728415784174
1.5684228644672995
1.5691728873561817
1.5704229255043185
1.5712979522080142
1.5710479445783867
1.5720479750968963
1.5731730094302194
1.5735480208746606
1.5751730704672384
1.576548112430189
1.5784231696523943
1.580048219244972
1.5819232764671776
1.5842983489486373
1.586048402356029
1.5882984710226753
1.5910485549485762
1.594298654133732
1.596673726615192
1.599548814355907
1.6036739402447586
1.6069240394299142
1.611424176763207
1.6159243140964994
1.6197994323557239
1.6241745658742028
1.62917471846675
1.6339248634296701
1.6385500045777766
1.6444251838740198
1.6503003631702629
1.6564255500961331
1.6623007293923764
1.669675954466384
1.675176122318186
1.6811763054292428
1.687051484725486
1.6933016754661703
1.699801873836482
1.7055520493179113
1.7114272286141545
1.7169273964659566
1.7221775566881314
1.7273027130954923
1.7321778618732262
1.7360529801324502
1.739303079317606
1.7434282052064578
1.746053285317545
1.7483033539841915
1.7505534226508377
1.752053468428602
1.7529284951322976
1.7538035218359938
1.754053529465621
1.7525534836878567
1.7516784569841608
1.7499284035767695
1.7469283120212409
1.7443032319101537
1.741678151799066
1.737803033539842
1.7335529038361768
1.7289277626880704
1.7238026062807095
1.718427442243721
1.7126772667622914
1.7071770989104893
1.7010519119846188
1.6956767479476302
1.689426557206946
1.6836763817255165
1.677551194799646
1.6715510116885892
1.665300820947905
1.6594256416516617
1.653800469985046
1.6473002716147345
1.6420501113925596
1.6365499435407576
1.631674794763024
1.6265496383556628
1.62204950102237
1.6180493789483323
1.6135492416150394
1.6089241004669332
1.6056740012817774
1.6020488906521806
1.598673787652211
1.5955486922818691
1.5931736198004092
1.5909235511337627
1.5881734672078616
1.58642341380047
1.5845483565782648
1.583298318430128
1.5801732230597858
1.578923184911649
1.5770481276894437
1.5750480666524247
1.5722979827265235
1.5695478988006226
1.5665478072450942
1.5625476851710562
1.558297555467391
1.552797387615589
1.54604718161565
1.5386719565416427
1.5296716818750573
1.51992138431959
1.510796105838191
1.5014208197271646
1.491795525986511
1.4840452894680625
1.4777950987273782
1.4729199499496444
1.4701698660237434
1.4716699118015075
1.4775450910977508
1.4869203772087771
1.502045838801233
1.524171514023255
1.5517973570970793
1.5865484176152838
1.628424695577868
1.6754261299478135
1.7305528122806482
1.790054628131962
1.8551816156498917
1.9219336527603992
1.990185735648671
2.057937803277688
2.1228147831659903
2.1795665150914028
2.227192968535417
2.2625690481276894
2.285194738608966
2.2925699636829737
2.286069765312662
2.2661941587572865
2.232943144016846
2.187441755424665
2.132065065462203
2.0671880855739007
1.9968109378337962
1.9219336527603992
1.8475563829462571
1.775429181798761
1.708177129428999
1.6460502334665976
1.589923520615253
1.540922025208289
1.499670766319773
1.4652947172460096
1.4380438856166264
1.419293313394574
1.4060429090243234
1.3999177220984527
1.3996677144688254
1.4044178594317454
1.4125431073946348
1.4241684621723076
1.4376688741721853
1.452919339579455
1.4680448011719107
1.4840452894680625
1.4984207281716362
1.51279616687521
1.5244215216528825
1.5354218573564866
1.5436721091341898
1.5516723532822658
1.557797540208136
1.5629226966154972
1.5672978301339764
1.5706729331339457
1.5739230323191016
1.5751730704672384
1.5775481429486986
1.5786731772820215
1.5795482039857174
1.580923245948668
1.5825482955412458
1.5831733146153144
1.5846733603930783
1.58642341380047
1.5876734519486069
1.5886734824671163
1.590798547318949
1.5920485854670858
1.5937986388744774
1.5954236884670552
1.5974237495040742
1.5989237952818385
1.6021738944669943
1.6042989593188268
1.6067990356151007
1.609049104281747
1.611424176763207
1.6146742759483628
1.6171743522446362
1.6200494399853511
1.6245495773186438
1.6261746269112216
1.6306747642445143
1.6340498672444839
1.6381749931333354
1.6423001190221869
1.645925229651784
1.6501753593554491
1.6541754814294871
1.6586756187627796
1.6638007751701407
1.668800927762688
1.673551072725608
1.6791762443922238
1.6841763969847714
1.6899265724662007
1.695801751762444
1.7011769157994323
1.7066770836512346
1.7123022553178504
1.7186774498733484
1.7249276406140324
1.730677816095462
1.7369280068361461
1.7430531937620168
1.7490533768730736
1.7546785485396894
1.760428724021119
1.766303903317362
1.771804071169164
1.7774292428357799
1.7831794183172094
1.7885545823541977
1.794054750206
1.7998049256874293
1.8046800744651632
1.809180211798456
1.813430341502121
1.8186805017242957
1.8228056276131475
1.8261807306131168
1.8303058565019683
1.8345559862056338
1.837306070131535
1.840806176946318
1.8438062685018464
1.8464313486129338
1.8485564134647665
1.8504314706869718
1.8519315164647359
1.853181554612873
1.8544315927610096
1.8549316080202642
1.8556816309091464
1.8558066347239601
1.8556816309091464
1.8548066042054507
1.8538065736869411
1.8523065279091768
1.8503064668721578
1.8480563982055118
1.8461813409833063
1.842431226538896
1.8406811731315043
1.836431043427839
1.8326809289834285
1.8280557878353223
1.8239306619464706
1.8191805169835507
1.8145553758354442
1.8089302041688284
1.8036800439466536
1.79880489516892
1.7929297158726767
1.7879295632801295
1.7821793877986998
1.776179204687643
1.7700540177617725
1.7640538346507157
1.7578036439100315
1.751178441724906
1.7450532547990356
1.739303079317606
1.732677877132481
1.7269277016510514
1.7211775261696218
1.715177343058565
1.7086771446882534
1.7024269539475692
1.6963017670216987
1.6898015686513872
1.6840513931699574
1.6785512253181556
1.6726760460219123
1.6674258857997375
1.6616757103183082
1.656925565355388
1.6509253822443313
1.6461752372814111
1.6413000885036775
1.6360499282815029
1.6319248023926511
1.6275496688741722
1.6230495315408795
1.618924405652028
1.6147992797631765
1.611424176763207
1.6076740623187964
1.6039239478743859
1.6004238410596028
1.5972987456892607
1.5940486465041048
1.592298593096713
1.58879848628193
1.5869234290597247
1.5841733451338236
1.5827983031708732
1.5799232154301586
1.5775481429486986
1.5759230933561206
1.5740480361339153
1.5722979827265235
1.5706729331339457
1.5696729026154363
1.5682978606524856
1.5675478377636038
1.566172795800653
1.5649227576525162
1.5636727195043794
1.5625476851710562
1.562297677541429
1.561047639393292
1.5607976317636647
1.559922605059969
1.5595475936155279
1.5589225745414594
1.5589225745414594
1.5580475478377636
1.5576725363933226
1.5549224524674214
1.5536724143192846
1.5542974333933532
1.55317239906003
1.5540474257637258
1.5532974028748436
1.5530473952452162
1.5540474257637258
1.5542974333933532
1.5537974181340983
1.5540474257637258
1.5541724295785393
1.5537974181340983
1.553922421948912
1.5544224372081668
1.5540474257637258
1.554797448652608
1.5554224677266761
1.5549224524674214
1.5554224677266761
1.5557974791711173
1.5557974791711173
1.5557974791711173
1.5560474868007448
1.5557974791711173
1.5569225135044404
1.5570475173192542
1.5572975249488816
1.5575475325785089
1.557172521134068
1.55792254402295
1.5581725516525773
1.558297555467391
1.5580475478377636
1.5587975707266457
1.559047578356273
1.5595475936155279
1.5592975859859004
1.5600476088747826
1.559922605059969
1.56029761650441
1.560672627948851
1.5607976317636647
1.5609226355784784
1.561172643208106
1.5620476699118016
1.561797662282174
1.561922666096988
1.5631727042451247
1.5631727042451247
1.5624226813562427
1.5629226966154972
1.563047700430311
1.5631727042451247
1.563422711874752
1.5639227271340068
1.564172734763634
1.5649227576525162
1.56504776146733
1.5656727805413984
1.5656727805413984
1.5659227881710258
1.5665478072450942
1.5666728110599077
1.56742283394879
1.5679228492080448
1.5686728720969267
1.5691728873561817
1.5699229102450638
1.5707979369487595
1.5710479445783867
1.5724229865413375
1.5730480056154057
1.5739230323191016
1.5754230780968657
1.576548112430189
1.5779231543931396
1.580048219244972
1.582048280281991
1.58404834131901
1.5861734061708426
1.5889234900967437
1.5917985778374584
1.5944236579485458
1.596673726615192
1.6005488448744163
1.6036739402447586
1.6072990508743554
1.6116741843928344
1.6155493026520584
1.6201744438001648
1.624049562059389
1.6289247108371228
1.6341748710592976
1.6393000274666587
1.644675191503647
1.6505503707998903
1.656550553910947
1.662925748466445
1.6694259468367565
1.6754261299478135
1.6814263130588702
1.6876765037995543
1.693801690725425
1.6994268623920408
1.7059270607623525
1.7116772362437818
1.7169273964659566
1.7224275643177587
1.7275527207251198
1.7320528580584125
1.7363029877620777
1.739803094576861
1.743678212836085
1.7458032776879178
1.7485533616138187
1.7505534226508377
1.7518034607989748
1.7530534989471116
1.7541785332804345
1.7538035218359938
1.7525534836878567
1.7515534531693473
1.7493033845027008
1.7473033234656818
1.7451782586138493
1.741678151799066
1.7375530259102145
1.7335529038361768
1.729052766502884
1.7241776177251504
1.7181774346140937
1.712802270577105
1.7071770989104893
1.7011769157994323
1.6948017212439344
1.6893015533921325
1.6833013702810755
1.6770511795403913
1.6710509964293345
1.664925809503464
1.6588006225775933
1.6530504470961638
1.647425275429548
1.6415500961333047
1.6365499435407576
1.631174779503769
1.6262996307260353
1.6217994933927427
1.6172993560594502
1.6131742301705987
1.6095491195410014
1.6059240089114046
1.601173863948485
1.598798791467025
1.5952986846522417
1.5926736045411543
1.5910485549485762
1.588048463393048
1.5866734214300973
1.584423352763451
1.5826732993560595
1.5801732230597858
1.5782981658375803
1.57692312387463
1.57454805139317
1.57217297891171
1.5696729026154363
1.566172795800653
1.5629226966154972
1.558297555467391
1.5521723685415205
1.5456721701712088
1.5384219489120152
1.5295466780602436
1.51992138431959
1.51042109439375
1.501170812097537
1.4919205298013245
1.4835452742088078
1.4771700796533098
1.4730449537644583
1.4704198736533707
1.4721699270607624
1.4769200720236824
1.4862953581347087
1.502045838801233
1.5236714987640003
1.5520473647267068
1.58642341380047
1.6281746879482406
1.6766761680959503
1.7308028199102756
1.790929654835658
1.8555566270943329
1.9219336527603992
1.9914357737968078
2.0583128147221292
2.122314767906736
2.17981652272103
2.2269429609057894
2.262694051942503
2.2846947233497117
2.2926949674977877
2.286069765312662
2.2658191473128455
2.232568132572405
2.1876917630542927
2.1316900540177617
2.0671880855739007
1.9965609302041687
1.9223086642048401
1.8474313791314432
1.7751791741691336
1.708177129428999
1.6460502334665976
1.5897985168004394
1.5407970213934752
1.4991707510605183
1.4647947019867549
1.4381688894314402
1.418793298135319
1.4062929166539506
1.4000427259132666
1.3995427106540117
1.4044178594317454
1.4125431073946348
1.4245434736167486
1.4377938779869992
1.4526693319498276
1.4682948088015382
1.4837952818384352
1.4985457319864497
1.5120461439863278
1.5247965330973237
1.534921842097232
1.5439221167638173
1.5522973723563342
1.557797540208136
1.5624226813562427
1.567047822504349
1.5706729331339457
1.5739230323191016
1.5750480666524247
1.5772981353190711
1.5785481734672078
1.579673207800531
1.5815482650227364
1.582048280281991
1.5836733298745689
1.5846733603930783
1.5857983947264016
1.587923459578234
1.5891734977263712
1.590423535874508
1.5917985778374584
1.5934236274300364
1.5960487075411238
1.5975487533188881
1.5996738181707206
1.6020488906521806
1.6044239631336406
1.6069240394299142
1.6089241004669332
1.611799188207648
1.6136742454298534
1.616924344615009
1.6199244361705374
1.6235495468001342
1.626424634540849
1.6302997528000733
1.633674855800043
1.638299996948149
1.6418001037629322
1.6453002105777155
1.6504253669850764
1.6539254737998597
1.6584256111331521
1.6638007751701407
1.6684259163182469
1.6739260841700492
1.6789262367625966
1.6840513931699574
1.690301583910642
1.6949267250587483
1.7010519119846188
1.7075521103549303
1.7123022553178504
1.718427442243721
1.724302621539964
1.730677816095462
1.7368030030213324
1.7429281899472029
1.7488033692434461
1.7554285714285716
1.7601787163914915
1.7669289223914304
1.7716790673543503
1.7776792504654073
1.7833044221320231
1.788929593798639
1.7943047578356275
1.7998049256874293
1.8044300668355358
1.8093052156132694
1.8136803491317484
1.818555497909482
1.8224306161687065
1.8263057344279305
1.8308058717612232
1.8336809595019379
1.8378060853907896
1.8406811731315043
1.8438062685018464
1.8459313333536789
1.848306405835139
1.8496814477980896
1.8518065126499221
1.8529315469832455
1.8543065889461958
1.8551816156498917
1.8558066347239601
1.8556816309091464
1.8560566423535876
1.8544315927610096
1.8536815698721276
1.8525565355388043
1.8509314859462265
1.848806421094394
1.8454313180944242
1.8430562456129642
1.8394311349833674
1.836056031983398
1.8328059327982422
1.8283057954649493
1.8235556505020296
1.8196805322428053
1.8144303720206305
1.8088052003540147
1.8043050630207222
1.79880489516892
1.7933047273171179
1.7874295480208746
1.7819293801690725
1.7760542008728295
1.7705540330210272
1.763553819391461
1.7578036439100315
1.751178441724906
1.7455532700582903
1.7390530716879788
1.7333028962065493
1.7266776940214241
1.7213025299844356
1.7146773277993104
1.7083021332438124
1.702176946317942
1.6965517746513261
1.6896765648365732
1.6845514084292124
1.6780512100589007
1.6730510574663533
1.6674258857997375
1.6621757255775629
1.6570505691702018
1.651425397503586
1.6460502334665976
1.6411750846888638
1.63629993591113
1.6319248023926511
1.6270496536149175
1.6227995239112523
1.6190494094668417
1.61492428357799
1.6111741691335797
1.607424054689169
1.6041739555040133
1.6005488448744163
1.5970487380596332
1.594298654133732
1.5912985625782037
1.58879848628193
1.5871734366893522
1.5839233375041963
1.582048280281991
1.5799232154301586
1.5775481429486986
1.5757980895413068
1.5739230323191016
1.572547990356151
1.5709229407635732
1.569422894985809
1.5684228644672995
1.5676728415784174
1.566297799615467
1.56504776146733
1.563797723319193
1.5620476699118016
1.5620476699118016
1.5607976317636647
1.5596725974303416
1.5596725974303416
1.559172582171087
1.5592975859859004
1.558672566911832
1.5585475630970183
1.5575475325785089
1.554797448652608
1.553922421948912
1.553547410504471
1.553922421948912
1.5540474257637258
1.5534224066896571
1.5534224066896571
1.5534224066896571
1.5537974181340983
1.5536724143192846
1.5540474257637258
1.5537974181340983
1.5540474257637258
1.5545474410229805
1.5540474257637258
1.5544224372081668
1.5554224677266761
1.5556724753563036
1.5549224524674214
1.55554747154149
1.5552974639118626
1.5556724753563036
1.5556724753563036
1.5561724906155583
1.5561724906155583
1.5561724906155583
1.556797509689627
1.5572975249488816
1.5575475325785089
1.557797540208136
1.5576725363933226
1.5580475478377636
1.5584225592822047
1.5576725363933226
1.5589225745414594
1.5589225745414594
1.5592975859859004
1.5596725974303416
1.5604226203192237
1.56029761650441
1.5604226203192237
1.5604226203192237
1.5605476241340372
1.5605476241340372
1.5609226355784784
1.5614226508377331
1.5616726584673606
1.561922666096988
1.5626726889858698
1.5625476851710562
1.5629226966154972
1.5632977080599384
1.5632977080599384
1.563047700430311
1.5632977080599384
1.563797723319193
1.5640477309488205
1.5647977538377027
1.5651727652821437
1.565797784356212
1.565797784356212
1.5659227881710258
1.5664228034302805
1.5665478072450942
1.5671728263191627
1.568547868282113
1.5682978606524856
1.5684228644672995
1.5700479140598773
1.5696729026154363
1.5714229560228279
1.5722979827265235
1.5731730094302194
1.5737980285042878
1.5750480666524247
1.5766731162450025
1.5777981505783258
1.580048219244972
1.5819232764671776
1.5841733451338236
1.5861734061708426
1.58879848628193
1.5911735587633902
1.5937986388744774
1.5965487228003785
1.5999238258003479
1.6036739402447586
1.6075490585039827
1.6127992187261575
1.6166743369853815
1.6199244361705374
1.6247995849482713
1.6295497299111912
1.6340498672444839
1.6393000274666587
1.6445501876888333
1.6506753746147038
1.6568005615405743
1.662925748466445
1.669175939207129
1.675676137577441
1.6814263130588702
1.6879265114291817
1.6941767021698662
1.700551896725364
1.7063020722067934
1.7118022400585957
1.7170524002807703
1.7224275643177587
1.7285527512436292
1.7319278542435987
1.7366779992065189
1.740178106021302
1.743303201391644
1.7453032624286628
1.7481783501693777
1.7515534531693473
1.7515534531693473
1.7530534989471116
1.7538035218359938
1.7535535142063663
1.7528034913174841
1.7513034455397198
1.7498033997619558
1.7470533158360546
1.7441782280953397
1.7410531327249978
1.737803033539842
1.7328028809472946
1.7289277626880704
1.7236776024658955
1.7181774346140937
1.7125522629474779
1.7071770989104893
1.7008019043549913
1.6948017212439344
1.6884265266884364
1.6828013550218206
1.6766761680959503
1.6710509964293345
1.6654258247627187
1.6590506302072208
1.6526754356517228
1.6476752830591754
1.6414250923184912
1.6360499282815029
1.6310497756889553
1.6262996307260353
1.6215494857631152
1.6172993560594502
1.613424237800226
1.609049104281747
1.6052989898373364
1.6020488906521806
1.598673787652211
1.5950486770226142
1.5929236121707817
1.5900485244300668
1.5881734672078616
1.5866734214300973
1.5842983489486373
1.5830483108005005
1.5805482345042268
1.5787981810968352
1.5767981200598165
1.57454805139317
1.5722979827265235
1.5691728873561817
1.5664228034302805
1.5624226813562427
1.5580475478377636
1.5522973723563342
1.5456721701712088
1.5382969450972015
1.5289216589861752
1.5194213690603353
1.5105460982085634
1.500045777764214
1.4915455183568835
1.4835452742088078
1.4772950834681233
1.4726699423200171
1.4706698812829981
1.4727949461348309
1.4781701101718194
1.4866703695791499
1.5030458693197426
1.5255465559862058
1.5536724143192846
1.5885484786523028
1.6302997528000733
1.6788012329477828
1.7338029114658042
1.7936797387615588
1.8588067262794887
1.9258087710196234
1.994185857722709
2.061437910092471
2.1253148594622635
2.182441602832118
2.229568041016877
2.264819116794336
2.285569750053407
2.2923199560533463
2.285444746238594
2.264819116794336
2.2301930600909454
2.1835666371654407
2.127689931943724
2.063062959685049
1.9914357737968078
1.917683523056734
1.8426812341685233
1.7713040559099094
1.7050520340586566
1.6421751152073734
1.58642341380047
1.538046937467574
1.4969206823938719
1.4630446485793636
1.437043855098117
1.418043275246437
1.4055428937650685
1.4001677297280801
1.4000427259132666
1.404542863246559
1.413293130283517
1.4249184850611898
1.439418927579577
1.453669362468337
1.469919858394116
1.4844203009125034
1.499670766319773
1.5131711783196509
1.5249215369121372
1.535671864986114
1.5447971434675132
1.5519223609118933
1.55792254402295
1.563422711874752
1.56742283394879
1.5720479750968963
1.5740480361339153
1.5751730704672384
1.5772981353190711
1.5787981810968352
1.5797982116153446
1.5811732535782954
1.5821732840968048
1.5837983336893826
1.584423352763451
1.5856733909115879
1.5870484328745385
1.5891734977263712
1.5905485396893215
1.592298593096713
1.5937986388744774
1.5955486922818691
1.59829877620777
1.6000488296151616
1.6019238868373669
1.6042989593188268
1.6065490279854733
1.609424115726188
1.6119241920224616
1.6146742759483628
1.6171743522446362
1.6205494552446058
1.6234245429853207
1.627299661244545
1.631174779503769
1.6339248634296701
1.63867500839259
1.6424251228370008
1.6464252449110386
1.6504253669850764
1.6550505081331828
1.6590506302072208
1.6635507675405132
1.6683009125034334
1.6738010803552354
1.679551255836665
1.6848014160588396
1.6901765800958282
1.6960517593920712
1.702176946317942
1.706927091280862
1.7130522782067326
1.7194274727622303
1.7254276558732873
1.7311778313547166
1.7370530106509599
1.743678212836085
1.7493033845027008
1.7556785790581988
1.7606787316507462
1.7668039185766167
1.7719290749839778
1.778179265724662
1.783679433576464
1.7893046052430799
1.7945547654652547
1.8000549333170568
1.8053050935392316
1.8095552232428969
1.8140553605761895
1.8191805169835507
1.8223056123538928
1.826555742057558
1.8304308603167823
1.8343059785760063
1.8379310892056033
1.8410561845759452
1.8439312723166599
1.846806360057375
1.8481814020203253
1.8500564592425306
1.8520565202795496
1.853056550798059
1.8543065889461958
1.8553066194647054
1.8556816309091464
1.8558066347239601
1.8560566423535876
1.8546816003906368
1.8533065584276864
1.8520565202795496
1.8504314706869718
1.848806421094394
1.8455563219092381
1.8431812494277782
1.8398061464278084
1.8359310281685843
1.832930936613056
1.8281807916501358
1.8235556505020296
1.8189305093539232
1.8139303567613758
1.8085551927243873
1.8045550706503495
1.7981798760948515
1.7929297158726767
1.7871795403912474
1.782554399243141
1.7755541856135748
1.7700540177617725
1.7633038117618336
1.7573036286507766
1.7505534226508377
1.7444282357249672
1.738553056428724
1.7320528580584125
1.7265526902066104
1.7209275185399944
1.7141773125400557
1.7079271217993715
1.7020519425031282
1.6959267555772577
1.689426557206946
1.6840513931699574
1.6781762138737144
1.6725510422070986
1.667300881984924
1.6619257179479354
1.6564255500961331
1.6509253822443313
1.6466752525406658
1.64105008087405
1.6354249092074344
1.631174779503769
1.6265496383556628
1.6222995086519973
1.6186743980224005
1.61492428357799
1.611424176763207
1.6067990356151007
1.6039239478743859
1.6007988525040437
1.596798730430006
1.5937986388744774
1.5916735740226449
1.58879848628193
1.58642341380047
1.5839233375041963
1.5822982879116183
1.5790481887264625
1.5777981505783258
1.5757980895413068
1.5740480361339153
1.5720479750968963
1.5710479445783867
1.5687978759117405
1.5687978759117405
1.5666728110599077
1.566172795800653
1.5647977538377027
1.5635477156895659
1.5626726889858698
1.561922666096988
1.560672627948851
1.5604226203192237
1.5596725974303416
1.5594225898007141
1.5584225592822047
1.5580475478377636
1.55792254402295
1.5575475325785089
1.5554224677266761
1.553922421948912
1.5532974028748436
1.5537974181340983
1.553547410504471
1.5532974028748436
1.553547410504471
1.5544224372081668
1.553922421948912
1.5544224372081668
1.5542974333933532
1.5541724295785393
1.5540474257637258
1.5537974181340983
1.5540474257637258
1.554797448652608
1.554797448652608
1.555172460097049
1.5554224677266761
1.55554747154149
1.55554747154149
1.5557974791711173
1.5557974791711173
1.5562974944303722
1.5564224982451857
1.5570475173192542
1.5570475173192542
1.5572975249488816
1.55792254402295
1.55792254402295
1.5576725363933226
1.5576725363933226
1.558297555467391
1.55792254402295
1.5594225898007141
1.5601726126895963
1.5594225898007141
1.5604226203192237
1.5600476088747826
1.5607976317636647
1.559922605059969
1.5605476241340372
1.5605476241340372
1.5605476241340372
1.5612976470229194
1.5615476546525469
1.5616726584673606
1.5620476699118016
1.5624226813562427
1.5625476851710562
1.563047700430311
1.5629226966154972
1.5631727042451247
1.5631727042451247
1.563422711874752
1.5636727195043794
1.5640477309488205
1.5652977690969574
1.5655477767265848
1.5656727805413984
1.5659227881710258
1.5660477919858395
1.5664228034302805
1.5664228034302805
1.5672978301339764
1.5679228492080448
1.5687978759117405
1.5692978911709952
1.570547929319132
1.5707979369487595
1.5712979522080142
1.5730480056154057
1.5731730094302194
1.5740480361339153
1.5751730704672384
1.5766731162450025
1.5781731620227668
1.580048219244972
1.5821732840968048
1.58404834131901
1.58642341380047
1.5886734824671163
1.5910485549485762
1.5936736350596639
1.596673726615192
1.5999238258003479
1.6041739555040133
1.6072990508743554
1.6115491805780204
1.6162993255409406
1.6200494399853511
1.6242995696890163
1.6297997375408186
1.634424878688925
1.6390500198370312
1.645050202948088
1.6506753746147038
1.6564255500961331
1.6630507522812585
1.6695509506515702
1.6759261452070682
1.6820513321329387
1.6881765190588092
1.6941767021698662
1.7000518814661092
1.7064270760216071
1.7113022247993408
1.7173024079103976
1.7228025757621999
1.7273027130954923
1.7318028504287852
1.7359279763176367
1.7400531022064882
1.7431781975768303
1.7459282815027315
1.7493033845027008
1.7506784264656514
1.7521784722434155
1.7530534989471116
1.754053529465621
1.7535535142063663
1.7526784875026704
1.7514284493545336
1.750053407391583
1.7469283120212409
1.7444282357249672
1.7411781365398113
1.737428022095401
1.7333028962065493
1.7289277626880704
1.723927610095523
1.7189274575029754
1.7129272743919186
1.7071770989104893
1.701301919614246
1.6946767174291208
1.689051545762505
1.6829263588366346
1.677176183355205
1.671301004058962
1.6658008362071597
1.658550614947966
1.6530504470961638
1.6476752830591754
1.6418001037629322
1.63629993591113
1.6314247871333964
1.626424634540849
1.6219244972075564
1.6176743675038912
1.614174260689108
1.6096741233558154
1.6051739860225227
1.6020488906521806
1.5984237800225838
1.5952986846522417
1.5926736045411543
1.5905485396893215
1.5882984710226753
1.586048402356029
1.5845483565782648
1.5827983031708732
1.5810482497634815
1.5786731772820215
1.5776731467635121
1.5742980437635425
1.57217297891171
1.5700479140598773
1.5665478072450942
1.5624226813562427
1.5575475325785089
1.5522973723563342
1.5456721701712088
1.5382969450972015
1.5296716818750573
1.5195463728751488
1.5105460982085634
1.5012958159123508
1.491670522171697
1.4839202856532487
1.4775450910977508
1.4726699423200171
1.4706698812829981
1.4712949003570666
1.477045075838496
1.4867953733939634
1.502045838801233
1.524296517838069
1.5517973570970793
1.5861734061708426
1.628049684133427
1.6763011566515091
1.7304278084658344
1.7903046357615895
1.8549316080202642
1.9219336527603992
1.9906857509079257
2.0580628070925013
2.1226897793511768
2.1789414960173348
2.227192968535417
2.262819055757317
2.2844447157200847
2.2938200018311106
2.2866947843867305
2.2661941587572865
2.232943144016846
2.1875667592394787
2.1313150425733207
2.0675630970183416
1.9963109225745415
1.923183690908536
1.8475563829462571
1.7759291970580158
1.708052125614185
1.6461752372814111
1.589923520615253
1.5410470290231024
1.4986707358012636
1.465169713431196
1.4387939085055086
1.4189183019501328
1.4060429090243234
1.3996677144688254
1.3991676992095705
1.4042928556169316
1.4125431073946348
1.4240434583574937
1.4377938779869992
1.4526693319498276
1.4682948088015382
1.4839202856532487
1.4989207434308909
1.5125461592455824
1.5240465102084415
1.5351718497268594
1.5439221167638173
1.5514223456526384
1.55792254402295
1.5629226966154972
1.5666728110599077
1.570547929319132
1.5735480208746606
1.5754230780968657
1.5776731467635121
1.5786731772820215
1.5799232154301586
1.5811732535782954
1.5824232917264323
1.5834233222449416
1.584423352763451
1.5857983947264016
1.5875484481337934
1.5891734977263712
1.590423535874508
1.5920485854670858
1.5932986236152227
1.5954236884670552
1.5972987456892607
1.5994238105410932
1.6017988830225531
1.6036739402447586
1.606174016541032
1.6096741233558154
1.6115491805780204
1.614549272133549
1.616924344615009
1.6200494399853511
1.6236745506149481
1.6270496536149175
1.6301747489852596
1.6341748710592976
1.6380499893185219
1.6416750999481187
1.6463002410962249
1.6499253517258217
1.6544254890591144
1.6580505996887114
1.663300759910886
1.6683009125034334
1.673551072725608
1.6789262367625966
1.6849264198736535
1.6900515762810144
1.6951767326883755
1.7011769157994323
1.706927091280862
1.712427259132664
1.7185524460585346
1.7244276253547777
1.7308028199102756
1.7364279915768914
1.7430531937620168
1.7490533768730736
1.7548035523545031
1.7605537278359324
1.7671789300210579
1.7720540787987915
1.7776792504654073
1.7833044221320231
1.7884295785393842
1.7945547654652547
1.800429944761498
1.804805078279977
1.8094302194280831
1.814180364391003
1.8180554826502273
1.82255561998352
1.8268057496871855
1.8308058717612232
1.834055970946379
1.8375560777611624
1.8418062074648274
1.8438062685018464
1.8465563524277475
1.8481814020203253
1.8503064668721578
1.8519315164647359
1.8533065584276864
1.8541815851313823
1.8549316080202642
1.8560566423535876
1.8569316690572832
1.8559316385387736
1.855056611835078
1.8538065736869411
1.8523065279091768
1.850681478316599
1.8480563982055118
1.8454313180944242
1.8439312723166599
1.8395561387981811
1.836056031983398
1.8326809289834285
1.8286808069093905
1.8240556657612843
1.819430524613178
1.8146803796502577
1.8088052003540147
1.80355504013184
1.798429883724479
1.7933047273171179
1.7875545518356883
1.7820543839838863
1.7763042085024567
1.769929013946959
1.7638038270210883
1.7578036439100315
1.7509284340952787
1.7450532547990356
1.7381780449842832
1.733052888576922
1.7265526902066104
1.7206775109103671
1.7140523087252417
1.708177129428999
1.702176946317942
1.6963017670216987
1.6898015686513872
1.684301400799585
1.678676229132969
1.6726760460219123
1.667300881984924
1.6618007141331217
1.6571755729850153
1.6516754051332134
1.6461752372814111
1.6413000885036775
1.6356749168370617
1.6314247871333964
1.6270496536149175
1.6231745353556932
1.618549394207587
1.6146742759483628
1.6115491805780204
1.607049043244728
1.6036739402447586
1.6004238410596028
1.597173741874447
1.5935486312448501
1.5914235663930174
1.5885484786523028
1.5866734214300973
1.5839233375041963
1.582048280281991
1.5795482039857174
1.5775481429486986
1.5755480819116796
1.5740480361339153
1.5719229712820828
1.5709229407635732
1.5695478988006226
1.5680478530228583
1.5672978301339764
1.566297799615467
1.5647977538377027
1.563422711874752
1.563047700430311
1.561797662282174
1.5614226508377331
1.56029761650441
1.559922605059969
1.559172582171087
1.558672566911832
1.5587975707266457
1.5581725516525773
1.5572975249488816
1.5550474562822352
1.5536724143192846
1.5536724143192846
1.5532974028748436
1.553547410504471
1.5536724143192846
1.5537974181340983
1.5542974333933532
1.5545474410229805
1.5536724143192846
1.553922421948912
1.5537974181340983
1.5541724295785393
1.5544224372081668
1.5541724295785393
1.554672444837794
1.55554747154149
1.5550474562822352
1.55554747154149
1.55554747154149
1.555922482985931
1.5557974791711173
1.5556724753563036
1.5561724906155583
1.5569225135044404
1.556672505874813
1.557172521134068
1.5572975249488816
1.5575475325785089
1.5575475325785089
1.5576725363933226
1.558297555467391
1.5580475478377636
1.558297555467391
1.5594225898007141
1.5589225745414594
1.5600476088747826
1.5595475936155279
1.56029761650441
1.5605476241340372
1.5604226203192237
1.5609226355784784
1.5607976317636647
1.561047639393292
1.5607976317636647
1.5614226508377331
1.5620476699118016
1.5620476699118016
1.5627976928006837
1.5621726737266153
1.5631727042451247
1.5631727042451247
1.5636727195043794
1.5629226966154972
1.564172734763634
1.5640477309488205
1.5644227423932615
1.5646727500228887
1.565422772911771
1.5656727805413984
1.566172795800653
1.5659227881710258
1.566297799615467
1.5665478072450942
1.56742283394879
1.5680478530228583
1.568547868282113
1.5689228797265542
1.5700479140598773
1.5704229255043185
1.5715479598376416
1.572547990356151
1.5730480056154057
1.5739230323191016
1.5754230780968657
1.5774231391338847
1.5781731620227668
1.5799232154301586
1.5822982879116183
1.5845483565782648
1.5856733909115879
1.5881734672078616
1.5911735587633902
1.5937986388744774
1.5970487380596332
1.5997988219855341
1.6047989745780817
1.607424054689169
1.611424176763207
1.6162993255409406
1.6201744438001648
1.6254246040223395
1.6294247260963775
1.6345498825037386
1.6400500503555409
1.6451752067629017
1.6511753898739585
1.6570505691702018
1.6626757408368176
1.6701759697256386
1.6758011413922544
1.6820513321329387
1.6889265419476913
1.6949267250587483
1.6999268776512955
1.706052064577166
1.7116772362437818
1.7178024231696525
1.7228025757621999
1.728302743614002
1.7320528580584125
1.7359279763176367
1.7396780907620473
1.7431781975768303
1.7458032776879178
1.7485533616138187
1.750428418836024
1.752053468428602
1.753178502761925
1.7539285256508073
1.754053529465621
1.7523034760582294
1.751178441724906
1.7495533921323283
1.7465533005767997
1.7443032319101537
1.7411781365398113
1.7375530259102145
1.733052888576922
1.7281777397991884
1.7234275948362683
1.7181774346140937
1.7125522629474779
1.7064270760216071
1.7003018890957367
1.6948017212439344
1.6884265266884364
1.6828013550218206
1.6766761680959503
1.6706759849848933
1.665300820947905
1.6586756187627796
1.6528004394665363
1.6468002563554796
1.6411750846888638
1.6357999206518754
1.6309247718741418
1.6261746269112216
1.6216744895779291
1.616924344615009
1.6130492263557847
1.609424115726188
1.60542399365215
1.6015488753929257
1.59829877620777
1.5944236579485458
1.592798608355968
1.590423535874508
1.588048463393048
1.5859233985412151
1.58404834131901
1.5824232917264323
1.5801732230597858
1.5786731772820215
1.5767981200598165
1.5739230323191016
1.5719229712820828
1.5695478988006226
1.5660477919858395
1.5620476699118016
1.5576725363933226
1.5522973723563342
1.5449221472823267
1.5372969145786919
1.528671651356548
1.5187963499862667
1.509546067690054
1.5001707815790275
1.4910455030976288
1.4827952513199256
1.4765450605792412
1.4721699270607624
1.4705448774681846
1.4720449232459487
1.4777950987273782
1.487795403912473
1.5042959074678794
1.5267965941343424
1.5552974639118626
1.5910485549485762
1.6340498672444839
1.6824263435773796
1.7380530411694692
1.7989298989837337
1.8633068636127812
1.9311839350566118
1.9994360179448838
2.0668130741294592
2.130440015869625
2.1860667134617144
2.23306814783166
2.267069185460982
2.2864447767571034
2.2928199713126007
2.2850697347941527
2.262319040498062
2.226817957090976
2.180441541795099
2.1231897946104312
2.057687795648061
1.9859356059450057
1.9114333323160497
1.8365560472426528
1.76555388042848
1.6994268623920408
1.6380499893185219
1.5826732993560595
1.5344218268379772
1.4939205908383435
1.4605445722830899
1.435043794061098
1.4165432294686728
1.4050428785058138
1.3997927182836392
1.4000427259132666
1.4050428785058138
1.4142931608020264
1.4259185155796992
1.4400439466536454
1.454919400616474
1.4704198736533707
1.4856703390606403
1.5005457930234687
1.5141712088381603
1.526171575060274
1.53654689168981
1.5449221472823267
1.552672383800775
1.5587975707266457
1.5635477156895659
1.567797845393231
1.5711729483932007
1.5735480208746606
1.5764231086153753
1.5772981353190711
1.5787981810968352
1.580048219244972
1.5804232306894133
1.5825482955412458
1.58404834131901
1.5847983642078922
1.5865484176152838
1.5877984557634206
1.5894235053559984
1.590423535874508
1.592798608355968
1.5934236274300364
1.5952986846522417
1.5977987609485154
1.5997988219855341
1.6022988982818078
1.6044239631336406
1.6064240241706595
1.6100491348002564
1.6122992034669026
1.6151742912076175
1.6179243751335184
1.6205494552446058
1.6231745353556932
1.627299661244545
1.631674794763024
1.6347998901333658
1.6385500045777766
1.6429251380962555
1.6466752525406658
1.6505503707998903
1.6549255043183693
1.6594256416516617
1.6643007904293954
1.6689259315775018
1.6746761070589313
1.6796762596514787
1.6854264351329082
1.691051606799524
1.6966767784661398
1.7019269386883145
1.708052125614185
1.7135522934659873
1.7198024842066715
1.7256776635029145
1.7316778466139713
1.737803033539842
1.743678212836085
1.7498033997619558
1.7559285866878263
1.7618037659840693
1.7673039338358714
1.7724290902432325
1.778554277169103
1.78455446028016
1.7895546128727073
1.7948047730948822
1.8003049409466843
1.805555101168859
1.8095552232428969
1.8149303872798852
1.8190555131687367
1.8229306314279612
1.8271807611316264
1.830930875576037
1.8341809747611926
1.838431104464858
1.8416812036500139
1.8438062685018464
1.846681356242561
1.8489314249092075
1.850681478316599
1.8521815240943633
1.8529315469832455
1.8540565813165686
1.8553066194647054
1.8556816309091464
1.8558066347239601
1.8559316385387736
1.8548066042054507
1.853556566057314
1.8519315164647359
1.850681478316599
1.8480563982055118
1.845181310464797
1.8430562456129642
1.8393061311685537
1.835306009094516
1.8328059327982422
1.8279307840205086
1.8233056428724022
1.8186805017242957
1.8136803491317484
1.8081801812799463
1.8029300210577714
1.7980548722800378
1.7923046967986085
1.786554521317179
1.780679342020936
1.7753041779839474
1.7689289834284494
1.762803796502579
1.756803613391522
1.7501784112063965
1.7441782280953397
1.7380530411694692
1.7321778618732262
1.7260526749473555
1.719552476577044
1.7140523087252417
1.7074271065401168
1.7015519272438735
1.6953017365031893
1.689426557206946
1.6833013702810755
1.6774261909848323
1.6724260383922849
1.6661758476516009
1.6614257026886807
1.6560505386516924
1.6505503707998903
1.6458002258369702
1.640675069429609
1.6352999053926207
1.6312997833185827
1.6262996307260353
1.6225495162816248
1.6180493789483323
1.6147992797631765
1.6102991424298836
1.607049043244728
1.6036739402447586
1.5997988219855341
1.5965487228003785
1.5936736350596639
1.5914235663930174
1.5886734824671163
1.5856733909115879
1.5836733298745689
1.5815482650227364
1.579673207800531
1.5771731315042574
1.5755480819116796
1.5737980285042878
1.5719229712820828
1.5702979216895046
1.5692978911709952
1.5676728415784174
1.5669228186895352
1.565422772911771
1.5645477462080752
1.5636727195043794
1.5625476851710562
1.5616726584673606
1.5609226355784784
1.5607976317636647
1.559922605059969
1.5592975859859004
1.5587975707266457
1.558672566911832
1.55792254402295
1.5575475325785089
1.5542974333933532
1.5536724143192846
1.5534224066896571
1.5532974028748436
1.553547410504471
1.5532974028748436
1.5537974181340983
1.5541724295785393
1.5537974181340983
1.5542974333933532
1.553547410504471
1.5540474257637258
1.5537974181340983
1.553922421948912
1.554797448652608
1.5541724295785393
1.554797448652608
1.5552974639118626
1.5554224677266761
1.55554747154149
1.5557974791711173
1.5556724753563036
1.5557974791711173
1.5560474868007448
1.5565475020599995
1.556672505874813
1.5569225135044404
1.5572975249488816
1.5576725363933226
1.5576725363933226
1.5581725516525773
1.55792254402295
1.5584225592822047
1.5585475630970183
1.5589225745414594
1.559172582171087
1.5592975859859004
1.5596725974303416
1.5605476241340372
1.5601726126895963
1.56029761650441
1.5605476241340372
1.5607976317636647
1.5605476241340372
1.561047639393292
1.5614226508377331
1.561797662282174
1.561797662282174
1.5621726737266153
1.5629226966154972
1.5625476851710562
1.563047700430311
1.563422711874752
1.5629226966154972
1.5636727195043794
1.5646727500228887
1.564172734763634
1.5645477462080752
1.565422772911771
1.5655477767265848
1.5660477919858395
1.5660477919858395
1.5664228034302805
1.5665478072450942
1.567047822504349
1.568172856837672
1.5680478530228583
1.5696729026154363
1.5704229255043185
1.570547929319132
1.5712979522080142
1.5724229865413375
1.5732980132450332
1.5741730399487288
1.5756730857264931
1.5767981200598165
1.5785481734672078
1.5802982268745993
1.582923306985687
1.5846733603930783
1.5866734214300973
1.5886734824671163
1.5914235663930174
1.5939236426892909
1.597173741874447
1.6005488448744163
1.6041739555040133
1.607424054689169
1.6119241920224616
1.6167993408001955
1.6205494552446058
1.625174596392712
1.6302997528000733
1.635174901577807
1.6400500503555409
1.6451752067629017
1.6511753898739585
1.6574255806146427
1.6639257789849544
1.6703009735404524
1.6760511490218817
1.6820513321329387
1.6886765343180639
1.6956767479476302
1.700551896725364
1.7065520798364209
1.7121772515030367
1.7178024231696525
1.7229275795770134
1.7289277626880704
1.7328028809472946
1.7363029877620777
1.7404281136509292
1.7435532090212715
1.7461782891323587
1.7483033539841915
1.7506784264656514
1.7523034760582294
1.7529284951322976
1.7536785180211798
1.7536785180211798
1.7530534989471116
1.7518034607989748
1.749678395947142
1.7464282967619862
1.744553239539781
1.7411781365398113
1.7368030030213324
1.7325528733176672
1.728302743614002
1.7233025910214546
1.7176774193548388
1.7130522782067326
1.70617706839198
1.699801873836482
1.6939266945402387
1.6876765037995543
1.6825513473921934
1.6758011413922544
1.6703009735404524
1.6644257942442091
1.6584256111331521
1.6523004242072816
1.6466752525406658
1.64105008087405
1.6352999053926207
1.6306747642445143
1.6257996154667806
1.6219244972075564
1.616924344615009
1.6127992187261575
1.6087990966521197
1.6047989745780817
1.6015488753929257
1.5984237800225838
1.5949236732078005
1.5920485854670858
1.589923520615253
1.5882984710226753
1.586048402356029
1.584423352763451
1.5824232917264323
1.5799232154301586
1.5786731772820215
1.5764231086153753
1.5744230475783563
1.5716729636524553
1.5690478835413677
1.5656727805413984
1.561797662282174
1.5572975249488816
1.5517973570970793
1.5449221472823267
1.5371719107638784
1.5280466322824793
1.5185463423566392
1.5090460524307994
1.5002957853938415
1.4911705069124424
1.4827952513199256
1.477045075838496
1.4726699423200171
1.4705448774681846
1.4722949308755762
1.478295113986633
1.4884204229865414
1.5046709189123204
1.5272966093935971
1.5556724753563036
1.5917985778374584
1.6347998901333658
1.6835513779107028
1.7389280678731651
1.7999299295022433
1.8646819055757318
1.931933957945494
2.000436048463393
2.067313089388714
2.130815027314066
2.1873167516098517
2.232943144016846
2.267194189275796
2.2864447767571034
2.2929449751274147
2.2843197119052707
2.262444044312876
2.2269429609057894
2.180441541795099
2.1228147831659903
2.057687795648061
1.9860606097598192
1.9114333323160497
1.8371810663167212
1.7656788842432936
1.6994268623920408
1.637924985503708
1.5827983031708732
1.534546830652791
1.4947956175420394
1.4606695760979034
1.434293771172216
1.4170432447279275
1.4049178746910003
1.4002927335428939
1.3999177220984527
1.4051678823206275
1.4141681569872129
1.4257935117648854
1.4395439313943907
1.4550444044312876
1.4706698812829981
1.4856703390606403
1.5006707968382824
1.513546189764092
1.5254215521713919
1.5360468764305553
1.5447971434675132
1.5525473799859615
1.5585475630970183
1.5640477309488205
1.5671728263191627
1.5707979369487595
1.5736730246894741
1.5761731009857478
1.5771731315042574
1.5795482039857174
1.579673207800531
1.5810482497634815
1.5827983031708732
1.583298318430128
1.5846733603930783
1.5866734214300973
1.5876734519486069
1.5891734977263712
1.5901735282448806
1.5920485854670858
1.5939236426892909
1.5954236884670552
1.5980487685781428
1.5997988219855341
1.6017988830225531
1.6044239631336406
1.6069240394299142
1.6092991119113744
1.6120491958372754
1.6152992950224312
1.6172993560594502
1.6202994476149783
1.624049562059389
1.6270496536149175
1.630799768059328
1.6345498825037386
1.6385500045777766
1.6420501113925596
1.6463002410962249
1.6506753746147038
1.6544254890591144
1.659800653096103
1.6643007904293954
1.6690509353923155
1.6745511032441176
1.679551255836665
1.6854264351329082
1.6905515915402693
1.6966767784661398
1.7019269386883145
1.707677114169744
1.713177282021546
1.7193024689474166
1.7256776635029145
1.7315528427991578
1.7375530259102145
1.743678212836085
1.749678395947142
1.7556785790581988
1.761553758354442
1.7670539262062441
1.7725540940580462
1.7779292580950348
1.7835544297616506
1.7899296243171485
1.7949297769096957
1.8000549333170568
1.8059301126133
1.809805230872524
1.813805352946562
1.8189305093539232
1.8230556352427747
1.8264307382427443
1.8303058565019683
1.8350560014648885
1.8376810815759759
1.8411811883907592
1.8440562761314738
1.846681356242561
1.849556443983276
1.851181493575854
1.852681539353618
1.8534315622425002
1.8546816003906368
1.8549316080202642
1.8555566270943329
1.8559316385387736
1.8558066347239601
1.8553066194647054
1.8539315775017549
1.8524315317239908
1.8501814630573443
1.8476813867610706
1.845181310464797
1.8426812341685233
1.8389311197241127
1.8359310281685843
1.8324309213538013
1.8278057802056948
1.8235556505020296
1.8189305093539232
1.8139303567613758
1.8084301889095737
1.80355504013184
1.7981798760948515
1.792429700613422
1.7866795251319927
1.781679372539445
1.7755541856135748
1.7694289986877043
1.7636788232062746
1.7573036286507766
1.7510534379100926
1.744553239539781
1.738553056428724
1.7318028504287852
1.7261776787621694
1.7201774956511124
1.7143023163548692
1.7078021179845577
1.7015519272438735
1.6951767326883755
1.6891765495773186
1.683051362651448
1.6778012024292734
1.6730510574663533
1.666800866725669
1.6613006988738672
1.6564255500961331
1.6509253822443313
1.6454252143925292
1.640675069429609
1.635549913022248
1.630799768059328
1.6265496383556628
1.6224245124668113
1.6181743827631458
1.6144242683187355
1.6109241615039522
1.6065490279854733
1.6039239478743859
1.6002988372447888
1.5965487228003785
1.5937986388744774
1.5911735587633902
1.5885484786523028
1.586048402356029
1.5836733298745689
1.5819232764671776
1.5797982116153446
1.5772981353190711
1.5756730857264931
1.5740480361339153
1.5719229712820828
1.5702979216895046
1.569422894985809
1.567797845393231
1.5667978148747217
1.566297799615467
1.56504776146733
1.5635477156895659
1.5629226966154972
1.561922666096988
1.56029761650441
1.56029761650441
1.559797601245155
1.559172582171087
1.5587975707266457
1.558672566911832
1.558297555467391
1.556672505874813
1.5549224524674214
1.5536724143192846
1.55317239906003
1.5534224066896571
1.553547410504471
1.553922421948912
1.5536724143192846
1.553922421948912
1.5542974333933532
1.5537974181340983
1.5537974181340983
1.5541724295785393
1.553922421948912
1.5549224524674214
1.554797448652608
1.5544224372081668
1.554672444837794
1.5550474562822352
1.5557974791711173
1.5556724753563036
1.5556724753563036
1.5556724753563036
1.555922482985931
1.5556724753563036
1.5564224982451857
1.5569225135044404
1.5570475173192542
1.5572975249488816
1.5580475478377636
1.55792254402295
1.5581725516525773
1.557797540208136
1.558297555467391
1.5587975707266457
1.558672566911832
1.5594225898007141
1.5594225898007141
1.5592975859859004
1.559797601245155
1.560672627948851
1.5600476088747826
1.5604226203192237
1.5612976470229194
1.5614226508377331
1.5612976470229194
1.5615476546525469
1.5616726584673606
1.561922666096988
1.5624226813562427
1.5627976928006837
1.5631727042451247
1.5627976928006837
1.563422711874752
1.563047700430311
1.5635477156895659
1.5639227271340068
1.5645477462080752
1.5649227576525162
1.5651727652821437
1.5655477767265848
1.5660477919858395
1.5660477919858395
1.5666728110599077
1.5665478072450942
1.5675478377636038
1.5680478530228583
1.5684228644672995
1.5692978911709952
1.5704229255043185
1.5707979369487595
1.5719229712820828
1.57217297891171
1.5731730094302194
1.5740480361339153
1.5761731009857478
1.5774231391338847
1.5797982116153446
1.5802982268745993
1.5822982879116183
1.58404834131901
1.5865484176152838
1.58879848628193
1.5914235663930174
1.5941736503189183
1.5969237342448195
1.6001738334299753
1.6042989593188268
1.608174077578051
1.611799188207648
1.616549333170568
1.6201744438001648
1.6246745811334575
1.6297997375408186
1.6347998901333658
1.6400500503555409
1.6454252143925292
1.6508003784295175
1.6573005767998292
1.6634257637256997
1.6698009582811977
1.6764261604663229
1.6823013397625661
1.6888015381328776
1.6943017059846797
1.7004268929105502
1.7065520798364209
1.713177282021546
1.7178024231696525
1.7228025757621999
1.7280527359843745
1.7324278695028534
1.7369280068361461
1.7396780907620473
1.7434282052064578
1.746053285317545
1.7486783654286326
1.7508034302804651
1.752428479873043
1.7530534989471116
1.7539285256508073
1.753178502761925
1.7528034913174841
1.7506784264656514
1.7495533921323283
1.7468033082064272
1.7441782280953397
1.7411781365398113
1.7368030030213324
1.7328028809472946
1.7281777397991884
1.7225525681325726
1.7176774193548388
1.7119272438734092
1.7064270760216071
1.6999268776512955
1.6941767021698662
1.6881765190588092
1.682676351207007
1.6766761680959503
1.670800988799707
1.6644257942442091
1.6586756187627796
1.6524254280220954
1.6469252601702933
1.6414250923184912
1.6354249092074344
1.6310497756889553
1.6262996307260353
1.6211744743186742
1.6167993408001955
1.6129242225409712
1.6091741080965607
1.6049239783928952
1.6021738944669943
1.59829877620777
1.5945486617633595
1.592298593096713
1.5901735282448806
1.588048463393048
1.5855483870967744
1.5846733603930783
1.5822982879116183
1.5799232154301586
1.5784231696523943
1.5764231086153753
1.5740480361339153
1.5720479750968963
1.5692978911709952
1.566297799615467
1.561922666096988
1.5575475325785089
1.5519223609118933
1.5455471663563953
1.5375469222083193
1.528546647541734
1.5187963499862667
1.5094210638752406
1.500420789208655
1.4911705069124424
1.483045258949553
1.4775450910977508
1.4724199346903897
1.4701698660237434
1.4717949156163215
1.477920102542192
1.488170415356914
1.5045459150975067
1.52704660176397
1.5550474562822352
1.5905485396893215
1.6327998290963468
1.6824263435773796
1.737303018280587
1.798429883724479
1.8629318521683402
1.929558885464034
1.998185979796747
2.0649380169072544
2.128314951017792
2.185441694387646
2.2313180944242683
2.2658191473128455
2.285819757683035
2.2930699789422286
2.2850697347941527
2.263319071016572
2.22831800286874
2.1820665913876764
2.1254398632770775
2.0600628681295206
1.9890607013153478
1.9150584429456465
1.8398061464278084
1.7688039796136357
1.701676931058687
1.6401750541703544
1.5850483718375195
1.53654689168981
1.495670644245735
1.4614195989867855
1.4364188360240486
1.4175432599871822
1.4055428937650685
1.3999177220984527
1.4006677449873348
1.4047928708761863
1.413293130283517
1.4244184698019349
1.439418927579577
1.4542943815424054
1.4696698507644885
1.485295327616199
1.5001707815790275
1.5126711630603962
1.5255465559862058
1.5357968688009278
1.5447971434675132
1.5522973723563342
1.5584225592822047
1.5631727042451247
1.5672978301339764
1.5710479445783867
1.5732980132450332
1.5755480819116796
1.57692312387463
1.578923184911649
1.580048219244972
1.5810482497634815
1.5822982879116183
1.583298318430128
1.5847983642078922
1.586048402356029
1.588048463393048
1.5889234900967437
1.5906735435041353
1.5917985778374584
1.5937986388744774
1.5960487075411238
1.5972987456892607
1.599548814355907
1.6017988830225531
1.6042989593188268
1.6067990356151007
1.6095491195410014
1.612174199652089
1.6142992645039216
1.6174243598742637
1.6201744438001648
1.6237995544297616
1.627174657429731
1.631174779503769
1.634299874874111
1.6385500045777766
1.6423001190221869
1.6461752372814111
1.6505503707998903
1.6548005005035553
1.6586756187627796
1.6636757713553272
1.6689259315775018
1.6741760917996766
1.6794262520218513
1.6853014313180945
1.6908015991698966
1.6963017670216987
1.7014269234290598
1.7074271065401168
1.7130522782067326
1.7189274575029754
1.7248026367992186
1.731427838984344
1.7370530106509599
1.743803216650899
1.7495533921323283
1.7554285714285716
1.7610537430951874
1.7670539262062441
1.772304086428419
1.778179265724662
1.7840544450209053
1.7894296090578936
1.794429761650441
1.8000549333170568
1.8053050935392316
1.809930234687338
1.8144303720206305
1.8186805017242957
1.8226806237983337
1.8268057496871855
1.8306808679464095
1.8345559862056338
1.8376810815759759
1.8411811883907592
1.8440562761314738
1.84630634479812
1.8490564287240212
1.8504314706869718
1.8528065431684317
1.853056550798059
1.8544315927610096
1.8553066194647054
1.8563066499832148
1.8558066347239601
1.8559316385387736
1.8549316080202642
1.8539315775017549
1.8524315317239908
1.8505564745017853
1.8476813867610706
1.8453063142796107
1.8421812189092686
1.8396811426129949
1.8356810205389569
1.8323059175389873
1.8284307992797633
1.8231806390575884
1.8190555131687367
1.814305368205817
1.8081801812799463
1.8036800439466536
1.7981798760948515
1.792429700613422
1.78692953276162
1.781679372539445
1.775429181798761
1.7691789910580769
1.763553819391461
1.7570536210211494
1.7505534226508377
1.7443032319101537
1.7383030487990967
1.7320528580584125
1.7260526749473555
1.7196774803918575
1.7140523087252417
1.7078021179845577
1.702176946317942
1.6949267250587483
1.6891765495773186
1.6831763664662618
1.6778012024292734
1.6719260231330302
1.6666758629108556
1.6614257026886807
1.6561755424665061
1.6509253822443313
1.6454252143925292
1.6405500656147955
1.635549913022248
1.6305497604297006
1.6265496383556628
1.6224245124668113
1.6186743980224005
1.6146742759483628
1.611424176763207
1.6066740318002868
1.6035489364299447
1.5997988219855341
1.5970487380596332
1.5937986388744774
1.5915485702078311
1.5886734824671163
1.5861734061708426
1.5836733298745689
1.582048280281991
1.5794232001709037
1.5774231391338847
1.5756730857264931
1.5739230323191016
1.5716729636524553
1.570172917874691
1.5692978911709952
1.5680478530228583
1.5669228186895352
1.565797784356212
1.56504776146733
1.5639227271340068
1.563422711874752
1.5620476699118016
1.560672627948851
1.5600476088747826
1.559922605059969
1.5595475936155279
1.5589225745414594
1.558672566911832
1.55792254402295
1.5572975249488816
1.554797448652608
1.5537974181340983
1.5536724143192846
1.553547410504471
1.553547410504471
1.5529223914304024
1.553547410504471
1.553547410504471
1.5542974333933532
1.553922421948912
1.5544224372081668
1.5536724143192846
1.5544224372081668
1.5540474257637258
1.5540474257637258
1.5544224372081668
1.554672444837794
1.5554224677266761
1.5557974791711173
1.5557974791711173
1.5556724753563036
1.5557974791711173
1.5557974791711173
1.555922482985931
1.5561724906155583
1.556797509689627
1.556672505874813
1.5570475173192542
1.5576725363933226
1.5576725363933226
1.5581725516525773
1.558297555467391
1.559047578356273
1.5581725516525773
1.5587975707266457
1.5589225745414594
1.5594225898007141
1.559922605059969
1.559922605059969
1.5601726126895963
1.559922605059969
1.5604226203192237
1.5609226355784784
1.561047639393292
1.5612976470229194
1.5612976470229194
1.561797662282174
1.5620476699118016
1.5625476851710562
1.5624226813562427
1.5627976928006837
1.5627976928006837
1.5639227271340068
1.5626726889858698
1.563797723319193
1.563797723319193
1.5645477462080752
1.5647977538377027
1.5655477767265848
1.5656727805413984
1.5655477767265848
1.5656727805413984
1.5665478072450942
1.5666728110599077
1.567047822504349
1.5675478377636038
1.5690478835413677
1.5695478988006226
1.5699229102450638
1.5711729483932007
1.5717979674672689
1.5720479750968963
1.5731730094302194
1.5740480361339153
1.574923062837611
1.576548112430189
1.5786731772820215
1.5801732230597858
1.5822982879116183
1.5846733603930783
1.5866734214300973
1.5892985015411847
1.5912985625782037
1.5939236426892909
1.5970487380596332
1.6007988525040437
1.6039239478743859
1.6077990661336101
1.6120491958372754
1.6164243293557543
1.6201744438001648
1.624924588763085
1.6299247413556321
1.6346748863185523
1.6401750541703544
1.6454252143925292
1.6515504013183995
1.6574255806146427
1.6634257637256997
1.670050965910825
1.6759261452070682
1.683051362651448
1.6885515305032504
1.6944267097994934
1.700551896725364
1.7065520798364209
1.7126772667622914
1.7176774193548388
1.7229275795770134
1.7284277474288157
1.7329278847621081
1.736552995391705
1.7406781212805567
1.7434282052064578
1.7461782891323587
1.7485533616138187
1.7510534379100926
1.7518034607989748
1.7529284951322976
1.7538035218359938
1.7535535142063663
1.752428479873043
1.7510534379100926
1.7495533921323283
1.7474283272804958
1.743803216650899
1.740928128910184
1.7371780144657736
1.7331778923917356
1.7280527359843745
1.7230525833918273
1.717552415540025
1.7119272438734092
1.706927091280862
1.6999268776512955
1.6939266945402387
1.6881765190588092
1.682676351207007
1.6765511642811366
1.6701759697256386
1.6645507980590228
1.6586756187627796
1.6524254280220954
1.6465502487258523
1.6413000885036775
1.6364249397259438
1.630424756614887
1.6259246192815942
1.6214244819483017
1.616924344615009
1.613424237800226
1.6089241004669332
1.6046739707632678
1.6015488753929257
1.5984237800225838
1.5949236732078005
1.592298593096713
1.589923520615253
1.5876734519486069
1.5855483870967744
1.5841733451338236
1.5825482955412458
1.5804232306894133
1.5786731772820215
1.5766731162450025
1.5735480208746606
1.5717979674672689
1.5690478835413677
1.565797784356212
1.5625476851710562
1.5574225287636951
1.5519223609118933
1.5446721396526994
1.5372969145786919
1.5282966399121067
1.5192963652455214
1.509546067690054
1.500045777764214
1.4907954954680014
1.4829202551347391
1.4766700643940551
1.471919919431135
1.4704198736533707
1.4716699118015075
1.4771700796533098
1.4880454115421002
1.5042959074678794
1.5267965941343424
1.55554747154149
1.5901735282448806
1.6326748252815333
1.681926328318125
1.737428022095401
1.797554857020783
1.8628068483535265
1.9301839045381024
1.998185979796747
2.065938047425764
2.1286899624622335
2.184941679128391
2.2308180791650134
2.2658191473128455
2.2870697958311714
2.2933199865718557
2.284819727164525
2.263694082461013
2.228818018127995
2.1826916104617453
2.1259398785363324
2.0605628833887755
1.9895607165746025
1.914808435316019
1.840306161687063
1.7688039796136357
1.701801934873501
1.6409250770592365
1.5849233680227057
1.5370469069490644
1.496045655690176
1.4617946104312267
1.4357938169499802
1.4170432447279275
1.4055428937650685
1.3996677144688254
1.4005427411725213
1.4047928708761863
1.4131681264687033
1.4245434736167486
1.4389189123203223
1.453669362468337
1.4692948393200476
1.4849203161717581
1.4997957701345868
1.51279616687521
1.5250465407269511
1.535671864986114
1.5445471358378857
1.5519223609118933
1.55792254402295
1.5629226966154972
1.5671728263191627
1.5709229407635732
1.5734230170598467
1.5757980895413068
1.5772981353190711
1.5787981810968352
1.580048219244972
1.5805482345042268
1.5822982879116183
1.583298318430128
1.5850483718375195
1.586048402356029
1.5875484481337934
1.5886734824671163
1.590423535874508
1.5920485854670858
1.5936736350596639
1.5950486770226142
1.5974237495040742
1.6001738334299753
1.6016738792077396
1.6039239478743859
1.6066740318002868
1.609049104281747
1.611424176763207
1.614549272133549
1.6170493484298227
1.6200494399853511
1.6231745353556932
1.627174657429731
1.630424756614887
1.6341748710592976
1.6393000274666587
1.6424251228370008
1.6460502334665976
1.6499253517258217
1.6546754966887418
1.658550614947966
1.663300759910886
1.6685509201330608
1.6738010803552354
1.6791762443922238
1.6849264198736535
1.6904265877254554
1.6956767479476302
1.7014269234290598
1.7079271217993715
1.713177282021546
1.7185524460585346
1.7240526139103367
1.7308028199102756
1.7369280068361461
1.7429281899472029
1.7491783806878873
1.7548035523545031
1.7611787469100009
1.7665539109469892
1.772304086428419
1.777054231391339
1.783679433576464
1.7890545976134526
1.7943047578356275
1.799554918057802
1.8049300820947904
1.8096802270577106
1.814305368205817
1.818555497909482
1.8228056276131475
1.8261807306131168
1.8303058565019683
1.8345559862056338
1.8375560777611624
1.8406811731315043
1.8440562761314738
1.8469313638721885
1.8484314096499528
1.850681478316599
1.8521815240943633
1.8533065584276864
1.8555566270943329
1.8558066347239601
1.8560566423535876
1.8559316385387736
1.8558066347239601
1.855056611835078
1.8538065736869411
1.8525565355388043
1.8505564745017853
1.8480563982055118
1.8456813257240516
1.8430562456129642
1.8398061464278084
1.8369310586870937
1.832930936613056
1.8286808069093905
1.8239306619464706
1.8195555284279916
1.814305368205817
1.809180211798456
1.80355504013184
1.79880489516892
1.7934297311319314
1.7875545518356883
1.7820543839838863
1.776179204687643
1.7701790215765862
1.7631788079470199
1.7579286477248453
1.7513034455397198
1.7450532547990356
1.7389280678731651
1.733427900021363
1.7264276863917967
1.7209275185399944
1.7149273354289376
1.7086771446882534
1.702551957762383
1.6960517593920712
1.6901765800958282
1.6838013855403302
1.6784262215033416
1.6725510422070986
1.66717587817011
1.6614257026886807
1.6570505691702018
1.6516754051332134
1.6464252449110386
1.6415500961333047
1.6361749320963164
1.6312997833185827
1.627174657429731
1.6227995239112523
1.6192994170964692
1.6151742912076175
1.6115491805780204
1.6075490585039827
1.6037989440595721
1.60067384868923
1.597173741874447
1.5939236426892909
1.5912985625782037
1.5886734824671163
1.5865484176152838
1.58404834131901
1.582048280281991
1.5797982116153446
1.5774231391338847
1.5762981048005615
1.5739230323191016
1.5722979827265235
1.570547929319132
1.5695478988006226
1.5680478530228583
1.5671728263191627
1.5660477919858395
1.5656727805413984
1.564297738578448
1.5627976928006837
1.561922666096988
1.5607976317636647
1.5609226355784784
1.559797601245155
1.5592975859859004
1.5585475630970183
1.5584225592822047
1.5580475478377636
1.558297555467391
1.5549224524674214
1.5540474257637258
1.5530473952452162
1.55317239906003
1.5534224066896571
1.5534224066896571
1.5529223914304024
1.5537974181340983
1.553922421948912
1.5537974181340983
1.5536724143192846
1.553922421948912
1.553922421948912
1.5540474257637258
1.5541724295785393
1.5544224372081668
1.554672444837794
1.554672444837794
1.555172460097049
1.5557974791711173
1.5545474410229805
1.555922482985931
1.5562974944303722
1.5560474868007448
1.5561724906155583
1.5570475173192542
1.556797509689627
1.5570475173192542
1.5575475325785089
1.5581725516525773
1.55792254402295
1.5581725516525773
1.5581725516525773
1.5580475478377636
1.558297555467391
1.5585475630970183
1.5595475936155279
1.5595475936155279
1.559922605059969
1.560672627948851
1.56029761650441
1.5604226203192237
1.5607976317636647
1.5609226355784784
1.5614226508377331
1.5614226508377331
1.561922666096988
1.561797662282174
1.5620476699118016
1.5626726889858698
1.563047700430311
1.5631727042451247
1.563047700430311
1.563047700430311
1.5632977080599384
1.5636727195043794
1.5640477309488205
1.5647977538377027
1.5655477767265848
1.5655477767265848
1.565422772911771
1.5660477919858395
1.5664228034302805
1.5665478072450942
1.5667978148747217
1.5675478377636038
1.5684228644672995
1.5695478988006226
1.5697979064302499
1.5711729483932007
1.5715479598376416
1.5720479750968963
1.5730480056154057
1.5740480361339153
1.574923062837611
1.5761731009857478
1.5781731620227668
1.5797982116153446
1.582048280281991
1.584423352763451
1.5862984099856563
1.5891734977263712
1.590798547318949
1.5937986388744774
1.5964237189855648
1.5999238258003479
1.6035489364299447
1.607424054689169
1.6115491805780204
1.6156743064668722
1.6202994476149783
1.6242995696890163
1.6289247108371228
1.6341748710592976
1.63867500839259
1.6444251838740198
1.6504253669850764
1.6564255500961331
1.6625507370220038
1.6690509353923155
1.6753011261329998
1.6818013245033114
1.6878015076143682
1.6939266945402387
1.699301858577227
1.7055520493179113
1.7115522324289683
1.7166773888363294
1.7225525681325726
1.7276777245399335
1.7320528580584125
1.7360529801324502
1.7395530869472335
1.7430531937620168
1.746053285317545
1.7481783501693777
1.7503034150212105
1.7514284493545336
1.7529284951322976
1.7535535142063663
1.7539285256508073
1.7526784875026704
1.752053468428602
1.750053407391583
1.747678334910123
1.7444282357249672
1.7411781365398113
1.7380530411694692
1.7335529038361768
1.7284277474288157
1.724302621539964
1.7193024689474166
1.7130522782067326
1.7070520950956756
1.7014269234290598
1.6950517288735618
1.6886765343180639
1.6835513779107028
1.677176183355205
1.671176000244148
1.6655508285775322
1.6590506302072208
1.6535504623554185
1.6473002716147345
1.6413000885036775
1.63629993591113
1.6309247718741418
1.6270496536149175
1.6221745048371838
1.6174243598742637
1.6132992339854122
1.609049104281747
1.60542399365215
1.6019238868373669
1.598673787652211
1.5955486922818691
1.5925486007263405
1.5906735435041353
1.5882984710226753
1.5859233985412151
1.5846733603930783
1.5825482955412458
1.5807982421338542
1.5787981810968352
1.5770481276894437
1.5744230475783563
1.5720479750968963
1.5696729026154363
1.566297799615467
1.5624226813562427
1.5580475478377636
1.552672383800775
1.54604718161565
1.5384219489120152
1.5296716818750573
1.5209214148380994
1.5105460982085634
1.500420789208655
1.491795525986511
1.4836702780236213
1.477045075838496
1.4727949461348309
1.4702948698385572
1.4721699270607624
1.4767950682088686
1.4864203619495224
1.5022958464308604
1.5234214911343729
1.5516723532822658
1.5862984099856563
1.627674672688986
1.6768011719107638
1.7309278237250891
1.7911796624652854
1.8555566270943329
1.9230586870937223
1.9910607623523668
2.0580628070925013
2.122064760277108
2.1796915189062167
2.227192968535417
2.2634440748313853
2.28531974242378
2.2919449446089053
2.2864447767571034
2.2669441816461684
2.232693136387219
2.187441755424665
2.1316900540177617
2.067313089388714
1.9964359263893552
1.9220586565752127
1.8474313791314432
1.7753041779839474
1.708052125614185
1.6458002258369702
1.5896735129856259
1.540922025208289
1.4990457472457046
1.465169713431196
1.4379188818018127
1.418793298135319
1.4061679128391371
1.4000427259132666
1.3997927182836392
1.4041678518021181
1.4126681112094486
1.4232934354686118
1.4379188818018127
1.4527943357646413
1.4679197973570972
1.4841702932828762
1.4984207281716362
1.511921140171514
1.5240465102084415
1.534921842097232
1.544422132023072
1.551547349467452
1.5575475325785089
1.5625476851710562
1.567047822504349
1.5710479445783867
1.5735480208746606
1.5751730704672384
1.5770481276894437
1.5787981810968352
1.5806732383190405
1.580923245948668
1.5821732840968048
1.5834233222449416
1.584423352763451
1.5856733909115879
1.5875484481337934
1.58879848628193
1.5905485396893215
1.591923581652272
1.5937986388744774
1.5955486922818691
1.5981737723929563
1.599548814355907
1.6015488753929257
1.6037989440595721
1.6069240394299142
1.6092991119113744
1.611424176763207
1.614549272133549
1.6176743675038912
1.6199244361705374
1.623299539170507
1.6270496536149175
1.630049745170446
1.6339248634296701
1.637924985503708
1.643050141911069
1.6455502182073427
1.6496753440961944
1.654550492873928
1.6581756035035249
1.6636757713553272
1.6684259163182469
1.6734260689107945
1.6784262215033416
1.683926389355144
1.6906765953550829
1.6951767326883755
1.7008019043549913
1.7068020874660481
1.7126772667622914
1.7183024384289072
1.7245526291695914
1.731052827539903
1.736552995391705
1.7426781823175757
1.7486783654286326
1.7550535599841306
1.76080373546556
1.7661788995025482
1.772179082613605
1.7774292428357799
1.783679433576464
1.7890545976134526
1.794429761650441
1.7994299142429884
