1.736552995391705
1.7366779992065189
1.7360529801324502
1.7346779381694999
1.7325528733176672
1.7300527970213935
1.7273027130954923
1.7233025910214546
1.7194274727622303
1.7143023163548692
1.7086771446882534
1.7023019501327556
1.6956767479476302
1.689051545762505
1.6816763206884975
1.6748011108737448
1.668050904873806
1.6606756797997986
1.6536754661702324
1.6463002410962249
1.6401750541703544
1.633674855800043
1.6257996154667806
1.6195494247260964
1.613424237800226
1.6079240699484236
1.6032989288003174
1.5980487685781428
1.5925486007263405
1.5881734672078616
1.5849233680227057
1.5805482345042268
1.5766731162450025
1.5732980132450332
1.570172917874691
1.566297799615467
1.5632977080599384
1.558672566911832
1.553547410504471
1.5476722312082278
1.5415470442823573
1.5331717886898404
1.524296517838069
1.5152962431714836
1.5041709036530655
1.4927955565050204
1.4816702169866023
1.4692948393200476
1.4596695455793938
1.4514192938016908
1.4467941526535844
1.4467941526535844
1.4531693472090823
1.4657947325052645
1.4860453505050812
1.513546189764092
1.5501723075045015
1.5957986999114964
1.6488003173924985
1.7109272133548998
1.783679433576464
1.8616818140202034
1.9446843470564898
2.025061799981689
2.0988140507217627
2.162565996276742
2.2129425336466566
2.2478185979796748
2.2665691702017274
2.272819360942411
2.2550688192388684
2.214817590868862
2.1608159428693505
2.0943139133884703
2.019436628315073
1.9385591601306194
1.8560566423535876
1.7733041169469284
1.6948017212439344
1.6221745048371838
1.5580475478377636
1.5046709189123204
1.462044618060854
1.4286685995056
1.4046678670613728
1.389917416913358
1.3830422070986053
1.38354222235786
1.3907924436170536
1.4021677907650991
1.4179182714316232
1.4356688131351665
1.4535443586535233
1.471919919431135
1.4884204229865414
1.5030458693197426
1.5152962431714836
1.5277966246528518
1.538046937467574
1.5454221625415814
1.5517973570970793
1.55792254402295
1.5607976317636647
1.5635477156895659
1.5667978148747217
1.5692978911709952
1.5722979827265235
1.5744230475783563
1.5762981048005615
1.5795482039857174
1.5815482650227364
1.5842983489486373
1.5861734061708426
1.5895485091708121
1.5925486007263405
1.5957986999114964
1.598798791467025
1.6034239326151312
1.6069240394299142
1.6110491653187657
1.6151742912076175
1.6199244361705374
1.6244245735038303
1.6286747032074953
1.6341748710592976
1.6385500045777766
1.6440501724295786
1.6500503555406356
1.655800531022065
1.6621757255775629
1.6684259163182469
1.675176122318186
1.6813013092440567
1.6886765343180639
1.6936766869106112
1.7010519119846188
1.7073021027253028
1.7149273354289376
1.721552537614063
1.729427777947325
1.7356779686880093
1.7434282052064578
1.7501784112063965
1.7570536210211494
1.7640538346507157
1.7713040559099094
1.776554216132084
1.7833044221320231
1.7885545823541977
1.7953047883541369
1.8014299752800074
1.8075551622058779
1.8121803033539843
1.8164304330576495
1.8209305703909422
1.8250556962797937
1.8288058107242042
1.83205590990936
1.8355560167241434
1.8379310892056033
1.8401811578722496
1.841931211279641
1.8433062532425917
1.8440562761314738
1.8445562913907285
1.8444312875759148
1.8438062685018464
1.841931211279641
1.8405561693166905
1.8390561235389262
1.8358060243537706
1.8331809442426834
1.8301808526871548
1.8256807153538621
1.8208055665761285
1.8168054445020907
1.8116802880947296
1.8069301431318094
1.8011799676503801
1.7965548265022737
1.7894296090578936
1.7834294259468366
1.7773042390209661
1.7704290292062137
1.7645538499099704
1.7569286172063356
1.7498033997619558
1.742178167058321
1.735427961058382
1.7301778008362072
1.7213025299844356
1.714427320169683
1.708177129428999
1.700551896725364
1.6930516678365428
1.6858014465773492
1.6791762443922238
1.6729260536515398
1.664925809503464
1.6608006836146123
1.653425458540605
1.6471752677999205
1.6415500961333047
1.6357999206518754
1.6305497604297006
1.6250495925778985
1.6196744285409101
1.6142992645039216
1.6096741233558154
1.6049239783928952
1.6016738792077396
1.5972987456892607
1.5934236274300364
1.5906735435041353
1.5866734214300973
1.5841733451338236
1.5807982421338542
1.5776731467635121
1.57454805139317
1.5734230170598467
1.5710479445783867
1.5684228644672995
1.5665478072450942
1.5645477462080752
1.563047700430311
1.5614226508377331
1.56029761650441
1.5584225592822047
1.5570475173192542
1.556797509689627
1.5565475020599995
1.5550474562822352
1.5541724295785393
1.553922421948912
1.553922421948912
1.5522973723563342
1.552797387615589
1.5514223456526384
1.5510473342081972
1.55079732657857
1.5514223456526384
1.5511723380230111
1.5510473342081972
1.5509223303933837
1.5506723227637564
1.551547349467452
1.55079732657857
1.5505473189489425
1.5505473189489425
1.5506723227637564
1.5521723685415205
1.5501723075045015
1.5512973418378246
1.5520473647267068
1.5517973570970793
1.5519223609118933
1.5519223609118933
1.55317239906003
1.5525473799859615
1.5530473952452162
1.5549224524674214
1.5549224524674214
1.5552974639118626
1.5564224982451857
1.5570475173192542
1.5569225135044404
1.5589225745414594
1.5607976317636647
1.5620476699118016
1.5632977080599384
1.5647977538377027
1.5680478530228583
1.5697979064302499
1.572547990356151
1.5754230780968657
1.5781731620227668
1.5819232764671776
1.5855483870967744
1.5896735129856259
1.5935486312448501
1.5985487838373975
1.6032989288003174
1.6089241004669332
1.61492428357799
1.6215494857631152
1.6265496383556628
1.6345498825037386
1.6405500656147955
1.6471752677999205
1.6544254890591144
1.6613006988738672
1.6685509201330608
1.675676137577441
1.682676351207007
1.6896765648365732
1.6960517593920712
1.702176946317942
1.708177129428999
1.7139273049104282
1.7185524460585346
1.7233025910214546
1.7276777245399335
1.731052827539903
1.7336779076509903
1.735302957243568
1.736552995391705
1.7368030030213324
1.7368030030213324
1.735302957243568
1.7331778923917356
1.7305528122806482
1.7278027283547472
1.7248026367992186
1.7190524613177893
1.7146773277993104
1.7090521561326946
1.7028019653920103
1.6969267860957673
1.6895515610217597
1.6829263588366346
1.675551133762627
1.6685509201330608
1.6613006988738672
1.6539254737998597
1.6478002868739892
1.6405500656147955
1.633549851985229
1.6269246498001038
1.6204244514297923
1.6139242530594806
1.6085490890224923
1.6029239173558765
1.59829877620777
1.5936736350596639
1.5886734824671163
1.5846733603930783
1.580923245948668
1.5767981200598165
1.5734230170598467
1.5699229102450638
1.5669228186895352
1.5631727042451247
1.559172582171087
1.554672444837794
1.5485472579119235
1.5425470748008667
1.5346718344676047
1.5252965483565784
1.515921262245552
1.5049209265419476
1.4939205908383435
1.482295236060671
1.4711698965422528
1.4602945646534624
1.451669301431318
1.447294167912839
1.4462941373943297
1.451669301431318
1.4640446790978727
1.483045258949553
1.5105460982085634
1.5451721549119541
1.5892985015411847
1.6423001190221869
1.703676992095706
1.7735541245765558
1.8529315469832455
1.934684041871395
2.0155615100558486
2.0905637989440597
2.1555657826471757
2.2081923886837367
2.2446935026093326
2.2656941434980316
2.2731943723868526
2.257568895535142
2.220442762535478
2.1681911679433576
2.1029391766106142
2.0293119296853543
1.9484344615009002
1.8660569475386823
1.7835544297616506
1.7034269844660788
1.6301747489852596
1.5655477767265848
1.5112961210974456
1.4666697592089604
1.4327937253944516
1.4076679586169012
1.3911674550614948
1.38354222235786
1.383167210913419
1.389917416913358
1.4004177373577074
1.4155431989501632
1.4332937406537065
1.451794305246132
1.469544846949675
1.4861703543198952
1.501170812097537
1.5151712393566699
1.5264215826899015
1.5364218878749962
1.5442971282082585
1.5510473342081972
1.5565475020599995
1.5600476088747826
1.5639227271340068
1.566172795800653
1.5686728720969267
1.5712979522080142
1.5740480361339153
1.5759230933561206
1.5784231696523943
1.580923245948668
1.5839233375041963
1.5862984099856563
1.5894235053559984
1.592298593096713
1.5954236884670552
1.598673787652211
1.6022988982818078
1.6060490127262186
1.6106741538743248
1.6146742759483628
1.618924405652028
1.6239245582445754
1.6282996917630543
1.6334248481704154
1.638299996948149
1.6434251533555102
1.6491753288369395
1.6546754966887418
1.6613006988738672
1.6675508896145512
1.673676076540422
1.6803012787255471
1.6864264656514176
1.6936766869106112
1.7000518814661092
1.70617706839198
1.7129272743919186
1.7205525070955536
1.7274277169103063
1.7346779381694999
1.741678151799066
1.7490533768730736
1.7563035981322672
1.762803796502579
1.7693039948728904
1.776179204687643
1.7830544145023959
1.7884295785393842
1.7948047730948822
1.8003049409466843
1.8056801049836726
1.8116802880947296
1.8166804406872767
1.820555558946501
1.8244306772057253
1.8284307992797633
1.831680898464919
1.8351810052797022
1.8379310892056033
1.8396811426129949
1.8415561998352001
1.8434312570574054
1.8444312875759148
1.844681295205542
1.844306283761101
1.8438062685018464
1.842431226538896
1.840806176946318
1.8390561235389262
1.8368060548722802
1.8338059633167516
1.8305558641315958
1.826930753501999
1.8220556047242653
1.8175554673909728
1.8126803186132388
1.8080551774651326
1.8018049867244483
1.79642982268746
1.7908046510208442
1.7843044526505327
1.7780542619098483
1.771429059724723
1.7646788537247842
1.7580536515396588
1.7510534379100926
1.743678212836085
1.7363029877620777
1.729427777947325
1.7226775719473861
1.7154273506881925
1.7090521561326946
1.7024269539475692
1.6946767174291208
1.6874264961699272
1.6809262977996156
1.673676076540422
1.6670508743552965
1.660550675984985
1.6539254737998597
1.6484253059480574
1.6421751152073734
1.636674947355571
1.6309247718741418
1.626049623096408
1.6204244514297923
1.6157993102816859
1.6106741538743248
1.6059240089114046
1.6019238868373669
1.59829877620777
1.594673665578173
1.5914235663930174
1.587923459578234
1.58404834131901
1.5814232612079226
1.5784231696523943
1.5750480666524247
1.5729230018005922
1.5707979369487595
1.5690478835413677
1.5666728110599077
1.5656727805413984
1.563797723319193
1.5616726584673606
1.56029761650441
1.5589225745414594
1.5574225287636951
1.5569225135044404
1.555922482985931
1.555172460097049
1.5544224372081668
1.5542974333933532
1.552797387615589
1.552672383800775
1.5519223609118933
1.5517973570970793
1.5512973418378246
1.5509223303933837
1.5510473342081972
1.550422315134129
1.55079732657857
1.5502973113193153
1.5509223303933837
1.5510473342081972
1.5505473189489425
1.5509223303933837
1.550422315134129
1.5502973113193153
1.5510473342081972
1.55079732657857
1.5511723380230111
1.5509223303933837
1.5519223609118933
1.5519223609118933
1.551547349467452
1.5529223914304024
1.5529223914304024
1.55317239906003
1.5530473952452162
1.5545474410229805
1.5550474562822352
1.5557974791711173
1.5570475173192542
1.557797540208136
1.5584225592822047
1.559797601245155
1.5614226508377331
1.5624226813562427
1.5647977538377027
1.5672978301339764
1.5700479140598773
1.5714229560228279
1.5751730704672384
1.5784231696523943
1.581298257393109
1.5847983642078922
1.5892985015411847
1.5930486159855952
1.5974237495040742
1.602673909726249
1.6080490737632376
1.613799249244667
1.6200494399853511
1.6259246192815942
1.6325498214667196
1.6396750389110997
1.6458002258369702
1.6526754356517228
1.659800653096103
1.6661758476516009
1.6745511032441176
1.6805512863551746
1.6884265266884364
1.6946767174291208
1.7010519119846188
1.7074271065401168
1.7123022553178504
1.7173024079103976
1.7218025452436905
1.726302682576983
1.7301778008362072
1.73230286568804
1.735427961058382
1.7363029877620777
1.7368030030213324
1.7366779992065189
1.7360529801324502
1.7339279152806177
1.7309278237250891
1.7280527359843745
1.7248026367992186
1.7201774956511124
1.7156773583178198
1.7103021942808314
1.7043020111697744
1.6979268166142767
1.6918016296884062
1.6844264046143986
1.677176183355205
1.6699259620960112
1.662800744651631
1.6559255348368787
1.6488003173924985
1.641925107577746
1.635174901577807
1.6286747032074953
1.6216744895779291
1.6157993102816859
1.609424115726188
1.6042989593188268
1.599548814355907
1.5936736350596639
1.5895485091708121
1.5854233832819604
1.5815482650227364
1.5776731467635121
1.5739230323191016
1.5710479445783867
1.5667978148747217
1.5639227271340068
1.5600476088747826
1.55554747154149
1.550422315134129
1.5435471053193763
1.5359218726157415
1.5276716208380383
1.5176713156529436
1.507546006653035
1.4970456862086856
1.4851703238013856
1.4736699728385265
1.4622946256904814
1.4532943510238958
1.447294167912839
1.4467941526535844
1.4500442518387402
1.4615446028015993
1.4785451216162602
1.504045899838252
1.5372969145786919
1.580048219244972
1.631174779503769
1.690301583910642
1.7589286782433546
1.8365560472426528
1.9189335612048708
1.9991860103152563
2.0763133640552995
2.1435654164250617
2.198317087313456
2.2385683156834624
2.262444044312876
2.271569322794275
2.262319040498062
2.229568041016877
2.1786914883877073
2.1159395733512376
2.0434373607593006
1.9643099459822382
1.8813074129459517
1.7985548875392925
1.7179274269844662
1.6433001495406965
1.5762981048005615
1.5205464033936582
1.4737949766533405
1.4380438856166264
1.410918057802057
1.3934175237281412
1.3841672414319286
1.3825421918393506
1.387542344431898
1.3979176610614337
1.4130431226538895
1.4304186529129916
1.4479191869869077
1.4665447553941466
1.483045258949553
1.4994207586901458
1.5125461592455824
1.5247965330973237
1.5344218268379772
1.5436721091341898
1.5499222998748743
1.5557974791711173
1.5601726126895963
1.562297677541429
1.5660477919858395
1.5682978606524856
1.5707979369487595
1.5731730094302194
1.5755480819116796
1.5781731620227668
1.5805482345042268
1.5831733146153144
1.5861734061708426
1.588423474837489
1.5917985778374584
1.594798669392987
1.5979237647633289
1.6015488753929257
1.6060490127262186
1.609799127170629
1.614174260689108
1.6184243903927733
1.622924527726066
1.627674672688986
1.6320498062074649
1.637549974059267
1.6431751457258827
1.6480502945036166
1.653800469985046
1.6596756492812892
1.666425855281228
1.671676015503403
1.6801762749107334
1.685926450392163
1.6923016449476609
1.6991768547624133
1.705677053132725
1.712427259132664
1.7193024689474166
1.7265526902066104
1.7331778923917356
1.741303140354625
1.7484283577990052
1.7549285561693166
1.7621787774285103
1.7685539719840082
1.7749291665395062
1.7810543534653769
1.7873045442060609
1.7938047425763726
1.7998049256874293
1.8050550859096042
1.8108052613910337
1.8155554063539538
1.8200555436872463
1.8244306772057253
1.8279307840205086
1.831305887020478
1.83443098239082
1.837306070131535
1.8395561387981811
1.8414311960203864
1.8426812341685233
1.8436812646870329
1.845181310464797
1.8449313028351695
1.8438062685018464
1.8429312417981507
1.8413061922055727
1.838806115909299
1.8370560625019074
1.834055970946379
1.8308058717612232
1.8273057649464401
1.8235556505020296
1.8186805017242957
1.8136803491317484
1.80830518509476
1.8019299905392623
1.797554857020783
1.7910546586504716
1.785679494613483
1.7788042847987304
1.7728041016876737
1.7649288613544114
1.7579286477248453
1.7519284646137883
1.7448032471694084
1.7371780144657736
1.730677816095462
1.7234275948362683
1.7165523850215156
1.7095521713919493
1.7028019653920103
1.6955517441328165
1.6886765343180639
1.6820513321329387
1.6748011108737448
1.6678008972441787
1.6613006988738672
1.655425519577624
1.6488003173924985
1.643050141911069
1.638299996948149
1.632424817651906
1.6255496078371532
1.6211744743186742
1.616549333170568
1.6116741843928344
1.6064240241706595
1.602673909726249
1.598798791467025
1.594798669392987
1.5912985625782037
1.588048463393048
1.5846733603930783
1.5817982726523636
1.5785481734672078
1.5757980895413068
1.5735480208746606
1.5710479445783867
1.5686728720969267
1.5672978301339764
1.565422772911771
1.5639227271340068
1.561922666096988
1.56029761650441
1.5596725974303416
1.5581725516525773
1.5565475020599995
1.5562974944303722
1.5552974639118626
1.554672444837794
1.5537974181340983
1.5534224066896571
1.5529223914304024
1.5524223761711478
1.5522973723563342
1.5514223456526384
1.5510473342081972
1.5520473647267068
1.550422315134129
1.5514223456526384
1.5505473189489425
1.5510473342081972
1.5510473342081972
1.550422315134129
1.5502973113193153
1.5505473189489425
1.550422315134129
1.5506723227637564
1.5512973418378246
1.5510473342081972
1.5512973418378246
1.551547349467452
1.5522973723563342
1.5520473647267068
1.5524223761711478
1.5525473799859615
1.5529223914304024
1.5530473952452162
1.5544224372081668
1.5554224677266761
1.5556724753563036
1.557172521134068
1.5576725363933226
1.5596725974303416
1.56029761650441
1.5614226508377331
1.5626726889858698
1.5645477462080752
1.5667978148747217
1.5691728873561817
1.5719229712820828
1.5740480361339153
1.5774231391338847
1.5804232306894133
1.58404834131901
1.5882984710226753
1.592298593096713
1.5970487380596332
1.6017988830225531
1.607424054689169
1.6132992339854122
1.6197994323557239
1.6257996154667806
1.6314247871333964
1.63867500839259
1.6461752372814111
1.6519254127628407
1.6586756187627796
1.6658008362071597
1.673176061281167
1.680676290169988
1.6875514999847407
1.6940516983550522
1.7006769005401776
1.7068020874660481
1.7119272438734092
1.7166773888363294
1.721552537614063
1.7258026673177282
1.7298027893917662
1.73230286568804
1.734552934354686
1.735802972502823
1.7364279915768914
1.736552995391705
1.7355529648731955
1.7339279152806177
1.7318028504287852
1.729052766502884
1.7245526291695914
1.7209275185399944
1.7161773735770747
1.7105522019104589
1.7053020416882838
1.6983018280587177
1.6921766411328472
1.6856764427625355
1.6774261909848323
1.6705509811700798
1.6634257637256997
1.6560505386516924
1.6491753288369395
1.6428001342814416
1.635924924466689
1.628424695577868
1.6221745048371838
1.6161743217261269
1.6099241309854426
1.6052989898373364
1.599173802911466
1.594673665578173
1.5900485244300668
1.586048402356029
1.582923306985687
1.5782981658375803
1.57454805139317
1.5720479750968963
1.5679228492080448
1.564172734763634
1.56029761650441
1.555922482985931
1.550422315134129
1.544422132023072
1.5371719107638784
1.528671651356548
1.5190463576158941
1.5089210486159856
1.4979207129123815
1.4861703543198952
1.4747950071718496
1.4636696676534318
1.453669362468337
1.447794183172094
1.4460441297647022
1.4494192327646718
1.4596695455793938
1.4765450605792412
1.5016708273567918
1.5342968230231637
1.5756730857264931
1.626424634540849
1.6835513779107028
1.7519284646137883
1.8295558336130864
1.9113083285012362
1.9935608386486405
2.0700631733146153
2.1381902523880734
2.193691946165349
2.2359432355723747
2.260818994720298
2.271444318979461
2.264819116794336
2.23306814783166
2.184316660054323
2.1226897793511768
2.0505625782036807
1.971560167241432
1.8893076570940277
1.8060551164281138
1.725052644428846
1.6499253517258217
1.5827983031708732
1.5251715445417646
1.4775450910977508
1.4406689657277139
1.4134181340983307
1.3947925656910916
1.3849172643208107
1.3820421765800959
1.3872923368022707
1.3975426496169927
1.4114180730613117
1.4280435804315317
1.4465441450239571
1.465169713431196
1.4812952055421613
1.497670705282754
1.511546128727073
1.5236714987640003
1.5341718192083498
1.5435471053193763
1.549547288430433
1.555922482985931
1.5600476088747826
1.563047700430311
1.565797784356212
1.568172856837672
1.5706729331339457
1.5731730094302194
1.5756730857264931
1.5775481429486986
1.580048219244972
1.5826732993560595
1.5859233985412151
1.5881734672078616
1.5916735740226449
1.5945486617633595
1.5980487685781428
1.601173863948485
1.60542399365215
1.6091741080965607
1.6135492416150394
1.6181743827631458
1.62204950102237
1.627174657429731
1.6325498214667196
1.6370499588000123
1.6429251380962555
1.6479252906888027
1.6536754661702324
1.6603006683553576
1.6654258247627187
1.6720510269478437
1.6794262520218513
1.6848014160588396
1.6913016144291515
1.6985518356883451
1.7051770378734703
1.7115522324289683
1.7188024536881619
1.725927671132542
1.7329278847621081
1.7403031098361157
1.7466783043916136
1.754428540910062
1.7611787469100009
1.768303964354381
1.7748041627246927
1.7803043305764947
1.7866795251319927
1.7930547196874904
1.7990549027985472
1.8041800592059083
1.809930234687338
1.815055391094699
1.8196805322428053
1.8236806543168431
1.8286808069093905
1.8310558793908505
1.8343059785760063
1.8369310586870937
1.8393061311685537
1.8414311960203864
1.842806237983337
1.8436812646870329
1.844681295205542
1.8444312875759148
1.8441812799462873
1.8429312417981507
1.8415561998352001
1.8394311349833674
1.8369310586870937
1.83443098239082
1.830930875576037
1.8278057802056948
1.8231806390575884
1.8180554826502273
1.813805352946562
1.808680196539201
1.802805017242958
1.7970548417615282
1.792054689168981
1.7859295022431105
1.7783042695394757
1.77267909787286
1.7660538956877345
1.7594286935026096
1.7525534836878567
1.7453032624286628
1.7380530411694692
1.7311778313547166
1.724302621539964
1.7170524002807703
1.7098021790215767
1.7035519882808923
1.6960517593920712
1.689051545762505
1.6824263435773796
1.6753011261329998
1.668050904873806
1.6618007141331217
1.6559255348368787
1.6498003479110082
1.6434251533555102
1.6380499893185219
1.6320498062074649
1.6261746269112216
1.621299478133488
1.616549333170568
1.611424176763207
1.6067990356151007
1.6037989440595721
1.59829877620777
1.5949236732078005
1.5915485702078311
1.5882984710226753
1.585298379467147
1.5819232764671776
1.5786731772820215
1.5760480971709343
1.5732980132450332
1.5711729483932007
1.569422894985809
1.5672978301339764
1.5656727805413984
1.563422711874752
1.561922666096988
1.56029761650441
1.559172582171087
1.5581725516525773
1.5565475020599995
1.555922482985931
1.5556724753563036
1.5542974333933532
1.5540474257637258
1.5536724143192846
1.55317239906003
1.5525473799859615
1.5519223609118933
1.5517973570970793
1.5510473342081972
1.5511723380230111
1.551547349467452
1.550422315134129
1.550422315134129
1.5516723532822658
1.5506723227637564
1.55079732657857
1.5506723227637564
1.5506723227637564
1.5505473189489425
1.5505473189489425
1.5511723380230111
1.5511723380230111
1.5510473342081972
1.5516723532822658
1.5522973723563342
1.5521723685415205
1.5522973723563342
1.5529223914304024
1.5529223914304024
1.5532974028748436
1.5537974181340983
1.555172460097049
1.5564224982451857
1.5569225135044404
1.5575475325785089
1.5581725516525773
1.559922605059969
1.5612976470229194
1.5625476851710562
1.564297738578448
1.5672978301339764
1.5686728720969267
1.5720479750968963
1.5750480666524247
1.5774231391338847
1.5805482345042268
1.5835483260597554
1.588048463393048
1.592298593096713
1.596298715170751
1.6017988830225531
1.6075490585039827
1.6129242225409712
1.6194244209112827
1.6255496078371532
1.6312997833185827
1.638299996948149
1.644675191503647
1.6519254127628407
1.6584256111331521
1.6656758323923462
1.6733010650959808
1.6798012634662924
1.6864264656514176
1.6936766869106112
1.699801873836482
1.706052064577166
1.7119272438734092
1.7168023926511429
1.7214275337992493
1.7258026673177282
1.729427777947325
1.7324278695028534
1.7341779229102452
1.7363029877620777
1.7370530106509599
1.736552995391705
1.735802972502823
1.734302926725059
1.7319278542435987
1.7284277474288157
1.725927671132542
1.7221775566881314
1.7166773888363294
1.7114272286141545
1.706052064577166
1.6990518509475998
1.6929266640217293
1.685926450392163
1.6785512253181556
1.671176000244148
1.6639257789849544
1.6573005767998292
1.6505503707998903
1.643925168614765
1.6370499588000123
1.6301747489852596
1.6227995239112523
1.6175493636890774
1.6110491653187657
1.6052989898373364
1.6000488296151616
1.5952986846522417
1.5911735587633902
1.586048402356029
1.583298318430128
1.5782981658375803
1.574923062837611
1.5711729483932007
1.5680478530228583
1.5646727500228887
1.561047639393292
1.5569225135044404
1.5512973418378246
1.5450471510971404
1.538046937467574
1.5296716818750573
1.520296395764031
1.51042109439375
1.4999207739494005
1.487795403912473
1.4760450453199865
1.4652947172460096
1.4545443891720329
1.4482941984313487
1.4462941373943297
1.448919217505417
1.4577944883571887
1.473919980468154
1.497670705282754
1.5287966551713614
1.5692978911709952
1.6180493789483323
1.6758011413922544
1.74180315561388
1.8180554826502273
1.8993079622791225
1.9816854762413403
2.059062837611011
2.1293149815363015
2.186816736350597
2.2304430677205724
2.257943906979583
2.2704442884609515
2.267444196905423
2.2398183538315988
2.193316934720908
2.1330650959807125
2.0624379406109803
1.9840605487228005
1.9023080538346506
1.8189305093539232
1.7381780449842832
1.6611756950590533
1.592298593096713
1.5331717886898404
1.485295327616199
1.4466691488387708
1.4169182409131138
1.3972926419873655
1.3860422986541339
1.3821671803949096
1.385542283394879
1.3949175695059055
1.408542985320597
1.4250434888760033
1.4436690572832422
1.4619196142460402
1.4797951597643972
1.4950456251716666
1.5094210638752406
1.5211714224677266
1.5321717581713308
1.5411720328379164
1.548797265541551
1.5537974181340983
1.5592975859859004
1.5625476851710562
1.565422772911771
1.567797845393231
1.5702979216895046
1.5720479750968963
1.5750480666524247
1.5767981200598165
1.5795482039857174
1.5825482955412458
1.5854233832819604
1.5881734672078616
1.590798547318949
1.5935486312448501
1.5974237495040742
1.6002988372447888
1.6039239478743859
1.6084240852076785
1.612174199652089
1.6174243598742637
1.6216744895779291
1.626424634540849
1.631674794763024
1.6365499435407576
1.64105008087405
1.647050263985107
1.6531754509109775
1.6586756187627796
1.66480080568865
1.6710509964293345
1.6774261909848323
1.6836763817255165
1.6906765953550829
1.6971767937253945
1.7039269997253335
1.7106772057252724
1.7170524002807703
1.7246776329844051
1.7316778466139713
1.7389280678731651
1.746053285317545
1.7529284951322976
1.7599287087618642
1.7661788995025482
1.773429120761742
1.7796793115024263
1.7858044984282968
1.7919296853541673
1.7983048799096653
1.8036800439466536
1.8095552232428969
1.8144303720206305
1.8186805017242957
1.8231806390575884
1.8264307382427443
1.8299308450575276
1.8336809595019379
1.8361810357982116
1.8393061311685537
1.8410561845759452
1.842306222724082
1.8433062532425917
1.8444312875759148
1.8440562761314738
1.8441812799462873
1.8433062532425917
1.8420562150944548
1.8400561540574358
1.8385561082796718
1.8348059938352612
1.831680898464919
1.8284307992797633
1.8240556657612843
1.8199305398724328
1.8144303720206305
1.809180211798456
1.8041800592059083
1.7983048799096653
1.7928047120578632
1.7874295480208746
1.780679342020936
1.774304147465438
1.7681789605395672
1.7605537278359324
1.7543035370952484
1.7470533158360546
1.740178106021302
1.73230286568804
1.725927671132542
1.7185524460585346
1.7114272286141545
1.7045520187994019
1.698176824243904
1.6904265877254554
1.6836763817255165
1.6765511642811366
1.6699259620960112
1.6630507522812585
1.6568005615405743
1.6506753746147038
1.645050202948088
1.6389250160222175
1.633674855800043
1.628049684133427
1.6221745048371838
1.6182993865779596
1.6127992187261575
1.6077990661336101
1.6034239326151312
1.5994238105410932
1.5959237037263099
1.5929236121707817
1.58879848628193
1.5855483870967744
1.5822982879116183
1.5795482039857174
1.5767981200598165
1.5741730399487288
1.5722979827265235
1.5699229102450638
1.5680478530228583
1.565797784356212
1.564297738578448
1.5626726889858698
1.5607976317636647
1.559172582171087
1.5580475478377636
1.5570475173192542
1.5564224982451857
1.5554224677266761
1.5545474410229805
1.5541724295785393
1.5545474410229805
1.553547410504471
1.5530473952452162
1.5516723532822658
1.5517973570970793
1.5514223456526384
1.5510473342081972
1.55079732657857
1.55079732657857
1.5509223303933837
1.5511723380230111
1.55079732657857
1.5506723227637564
1.5505473189489425
1.5506723227637564
1.5505473189489425
1.5502973113193153
1.5509223303933837
1.5510473342081972
1.5509223303933837
1.5511723380230111
1.5522973723563342
1.5519223609118933
1.5525473799859615
1.552672383800775
1.552672383800775
1.5536724143192846
1.5540474257637258
1.5549224524674214
1.5557974791711173
1.5569225135044404
1.5576725363933226
1.5585475630970183
1.5596725974303416
1.560672627948851
1.5625476851710562
1.563797723319193
1.5660477919858395
1.5691728873561817
1.5707979369487595
1.5739230323191016
1.5766731162450025
1.5801732230597858
1.5839233375041963
1.5866734214300973
1.5911735587633902
1.5952986846522417
1.6002988372447888
1.606174016541032
1.6110491653187657
1.6172993560594502
1.6236745506149481
1.6297997375408186
1.6364249397259438
1.6431751457258827
1.6505503707998903
1.6574255806146427
1.6638007751701407
1.6709259926145208
1.6784262215033416
1.6856764427625355
1.6918016296884062
1.697801812799463
1.704927030243843
1.710802209540086
1.715177343058565
1.7200524918362987
1.7240526139103367
1.7284277474288157
1.731427838984344
1.734302926725059
1.735802972502823
1.7366779992065189
1.7364279915768914
1.7364279915768914
1.7348029419843134
1.7325528733176672
1.7296777855769523
1.7266776940214241
1.7224275643177587
1.7178024231696525
1.7121772515030367
1.707677114169744
1.7011769157994323
1.6941767021698662
1.6875514999847407
1.6808012939848018
1.673176061281167
1.6658008362071597
1.6586756187627796
1.6519254127628407
1.6448001953184606
1.6381749931333354
1.6314247871333964
1.6241745658742028
1.6184243903927733
1.6127992187261575
1.6064240241706595
1.6015488753929257
1.596673726615192
1.5911735587633902
1.587298440504166
1.5835483260597554
1.5794232001709037
1.5755480819116796
1.572547990356151
1.5689228797265542
1.565422772911771
1.5614226508377331
1.5570475173192542
1.5524223761711478
1.5469222083193457
1.5395469832453383
1.5315467390972626
1.522171452986236
1.5125461592455824
1.5017958311716058
1.4904204840235602
1.4786701254310741
1.467169774468215
1.4565444502090519
1.449669240394299
1.445794122135075
1.447419171727653
1.4557944273201697
1.4692948393200476
1.491295510727256
1.5207964110232857
1.5587975707266457
1.6062990203558458
1.6608006836146123
1.7251776482436598
1.7991799066133611
1.879682363353374
1.962059877315592
2.040562273018586
2.113064485610523
2.1741913510544144
2.2216928006836145
2.2533187658314766
2.267944212164678
2.2709443037202064
2.2473185827204203
2.2049422894985806
2.1475655384990997
2.080188482314524
2.0034361400189216
1.9223086642048401
1.8386811120944853
1.756803613391522
1.6794262520218513
1.608174077578051
1.5467972045045322
1.4952956328012939
1.4544193853572192
1.4230434278389843
1.4012927640614032
1.3877923520615254
1.3820421765800959
1.3841672414319286
1.3917924741355632
1.4052928861354412
1.421168370616779
1.4389189123203223
1.4579194921720025
1.4751700186162908
1.491670522171697
1.5056709494308298
1.5181713309121982
1.5299216895046848
1.5397969908749656
1.5472972197637866
1.5534224066896571
1.557797540208136
1.5615476546525469
1.5649227576525162
1.56742283394879
1.5697979064302499
1.5720479750968963
1.5742980437635425
1.5770481276894437
1.5794232001709037
1.582048280281991
1.5849233680227057
1.5874234443189794
1.590298532059694
1.5934236274300364
1.5964237189855648
1.5997988219855341
1.6034239326151312
1.607424054689169
1.611424176763207
1.6155493026520584
1.6202994476149783
1.624924588763085
1.630049745170446
1.6354249092074344
1.6401750541703544
1.6458002258369702
1.6509253822443313
1.6575505844294565
1.6630507522812585
1.6694259468367565
1.6758011413922544
1.6824263435773796
1.6885515305032504
1.6949267250587483
1.7023019501327556
1.7086771446882534
1.7158023621326335
1.7225525681325726
1.730677816095462
1.7371780144657736
1.7444282357249672
1.7516784569841608
1.7586786706137274
1.7651788689840389
1.7720540787987915
1.7784292733542895
1.7841794488357188
1.7906796472060307
1.7966798303170874
1.8023050019837032
1.807805169835505
1.8131803338724937
1.8180554826502273
1.82255561998352
1.8253057039094212
1.8298058412427136
1.8326809289834285
1.8354310129093294
1.8389311197241127
1.840431165501877
1.8420562150944548
1.8440562761314738
1.8445562913907285
1.8445562913907285
1.8439312723166599
1.8430562456129642
1.8418062074648274
1.840306161687063
1.8385561082796718
1.8361810357982116
1.8326809289834285
1.828930814539018
1.8255557115390486
1.8208055665761285
1.816180425428022
1.8109302652058474
1.8059301126133
1.7993049104281746
1.7939297463911863
1.7885545823541977
1.7821793877986998
1.7759291970580158
1.769804010132145
1.7629288003173924
1.755178563798944
1.7493033845027008
1.741303140354625
1.734302926725059
1.7274277169103063
1.7209275185399944
1.7133022858363598
1.70617706839198
1.699676870021668
1.6924266487624744
1.6853014313180945
1.6784262215033416
1.6719260231330302
1.6641757866145819
1.6584256111331521
1.6523004242072816
1.6456752220221567
1.640675069429609
1.6347998901333658
1.6294247260963775
1.6239245582445754
1.6186743980224005
1.6140492568742943
1.6089241004669332
1.605048982207709
1.6009238563188575
1.5965487228003785
1.5929236121707817
1.5897985168004394
1.5867984252449112
1.5831733146153144
1.5806732383190405
1.5774231391338847
1.5750480666524247
1.5720479750968963
1.5707979369487595
1.568172856837672
1.5664228034302805
1.5644227423932615
1.5635477156895659
1.5614226508377331
1.559922605059969
1.559172582171087
1.5574225287636951
1.555922482985931
1.5552974639118626
1.5556724753563036
1.5544224372081668
1.5536724143192846
1.5530473952452162
1.552672383800775
1.5522973723563342
1.551547349467452
1.5514223456526384
1.5509223303933837
1.5514223456526384
1.5510473342081972
1.5502973113193153
1.550422315134129
1.5511723380230111
1.55079732657857
1.5511723380230111
1.5510473342081972
1.5506723227637564
1.550422315134129
1.5506723227637564
1.5509223303933837
1.5512973418378246
1.5514223456526384
1.5521723685415205
1.5522973723563342
1.5525473799859615
1.5521723685415205
1.5530473952452162
1.5534224066896571
1.5534224066896571
1.554672444837794
1.555172460097049
1.5560474868007448
1.557172521134068
1.5584225592822047
1.5592975859859004
1.5605476241340372
1.5620476699118016
1.564297738578448
1.5655477767265848
1.5675478377636038
1.5696729026154363
1.5729230018005922
1.5750480666524247
1.5787981810968352
1.5824232917264323
1.5861734061708426
1.590298532059694
1.5944236579485458
1.599173802911466
1.6037989440595721
1.6100491348002564
1.6156743064668722
1.6217994933927427
1.6281746879482406
1.6349248939481797
1.640675069429609
1.6480502945036166
1.654550492873928
1.6615507065034945
1.6686759239478743
1.6758011413922544
1.6836763817255165
1.6904265877254554
1.6971767937253945
1.7028019653920103
1.708802148503067
1.7143023163548692
1.7193024689474166
1.723552598651082
1.7274277169103063
1.7304278084658344
1.7333028962065493
1.7355529648731955
1.7371780144657736
1.7380530411694692
1.7360529801324502
1.7350529496139409
1.7329278847621081
1.7300527970213935
1.7273027130954923
1.7234275948362683
1.719552476577044
1.7136772972808008
1.709177159947508
1.7026769615771966
1.6961767632068852
1.6891765495773186
1.6820513321329387
1.675176122318186
1.667675893429365
1.6603006683553576
1.6535504623554185
1.647050263985107
1.639925046540727
1.6330498367259743
1.6267996459852903
1.6205494552446058
1.6140492568742943
1.6077990661336101
1.6027989135410627
1.5976737571337016
1.592798608355968
1.5881734672078616
1.5842983489486373
1.5807982421338542
1.5761731009857478
1.5727979979857785
1.5696729026154363
1.5666728110599077
1.5625476851710562
1.5584225592822047
1.5537974181340983
1.5479222388378553
1.542047059541612
1.5337968077639088
1.5251715445417646
1.514796227912229
1.5042959074678794
1.492920560319834
1.4811702017273476
1.4697948545793025
1.4592945341349528
1.451294289986877
1.4464191412091434
1.4475441755424665
1.4527943357646413
1.4656697286904508
1.4859203466902677
1.513546189764092
1.5497972960600603
1.594798669392987
1.6484253059480574
1.7109272133548998
1.7820543839838863
1.8616818140202034
1.9440593279824212
2.0244367809076205
2.0980640278328804
2.161690969573046
2.212442518387402
2.2474435865352334
2.2653191320535906
2.272944364757225
2.253943784905545
2.2154426099429303
2.1615659657582325
2.0961889706106756
2.0196866359447005
1.9395591906491287
1.8568066652424697
1.774179143650624
1.695426740318003
1.6221745048371838
1.5587975707266457
1.5052959379863888
1.462794640949736
1.4287936033204138
1.4050428785058138
1.3900424207281719
1.383667226172674
1.383167210913419
1.389542405468917
1.401792779320658
1.4179182714316232
1.4356688131351665
1.4542943815424054
1.4724199346903897
1.4886704306161689
1.5030458693197426
1.5171713003936889
1.5276716208380383
1.5372969145786919
1.54604718161565
1.5521723685415205
1.5576725363933226
1.5612976470229194
1.5640477309488205
1.5672978301339764
1.569422894985809
1.5717979674672689
1.5739230323191016
1.5760480971709343
1.5791731925412764
1.5806732383190405
1.58404834131901
1.587923459578234
1.589923520615253
1.5925486007263405
1.5957986999114964
1.5992988067262794
1.60304892117069
1.6071740470595417
1.611424176763207
1.6151742912076175
1.6196744285409101
1.6237995544297616
1.6286747032074953
1.6340498672444839
1.6389250160222175
1.644675191503647
1.6501753593554491
1.655800531022065
1.6618007141331217
1.668050904873806
1.6745511032441176
1.6808012939848018
1.6880515152439954
1.6945517136143071
1.7004268929105502
1.708052125614185
1.7141773125400557
1.7214275337992493
1.7286777550584431
1.7355529648731955
1.7426781823175757
1.7505534226508377
1.7569286172063356
1.7638038270210883
1.769804010132145
1.776679219946898
1.7831794183172094
1.7891796014282664
1.7953047883541369
1.8010549638355662
1.8064301278725547
1.8121803033539843
1.8171804559465317
1.8214305856501969
1.8251807000946074
1.8291808221686454
1.8321809137241738
1.8350560014648885
1.8376810815759759
1.8400561540574358
1.8418062074648274
1.842806237983337
1.844681295205542
1.844306283761101
1.8444312875759148
1.8439312723166599
1.8425562303537095
1.8401811578722496
1.8383061006500443
1.8359310281685843
1.833305948057497
1.829305825983459
1.8264307382427443
1.8219306009094518
1.8160554216132085
1.812305307168798
1.8066801355021822
1.8016799829096348
1.7955547959837643
1.789679616687521
1.7833044221320231
1.7774292428357799
1.7706790368358412
1.763928830835902
1.7574286324655906
1.750428418836024
1.743303201391644
1.7356779686880093
1.729052766502884
1.7211775261696218
1.7154273506881925
1.707677114169744
1.7006769005401776
1.693801690725425
1.6860514542069764
1.6796762596514787
1.673176061281167
1.6665508590960418
1.6595506454664755
1.6533004547257912
1.647050263985107
1.6415500961333047
1.6354249092074344
1.6306747642445143
1.6246745811334575
1.6196744285409101
1.6147992797631765
1.6102991424298836
1.60542399365215
1.6007988525040437
1.5979237647633289
1.5936736350596639
1.5901735282448806
1.5875484481337934
1.5841733451338236
1.5811732535782954
1.5780481582079533
1.5752980742820522
1.5724229865413375
1.5702979216895046
1.568547868282113
1.566172795800653
1.5644227423932615
1.563422711874752
1.561922666096988
1.5595475936155279
1.5595475936155279
1.5581725516525773
1.5561724906155583
1.5552974639118626
1.5552974639118626
1.5542974333933532
1.5536724143192846
1.5536724143192846
1.55317239906003
1.5529223914304024
1.551547349467452
1.5514223456526384
1.5506723227637564
1.55079732657857
1.5506723227637564
1.55079732657857
1.5506723227637564
1.5506723227637564
1.551547349467452
1.5510473342081972
1.5512973418378246
1.5506723227637564
1.55079732657857
1.5505473189489425
1.5506723227637564
1.5509223303933837
1.5516723532822658
1.5516723532822658
1.5522973723563342
1.553547410504471
1.5512973418378246
1.552797387615589
1.5529223914304024
1.553547410504471
1.5537974181340983
1.554797448652608
1.5560474868007448
1.5570475173192542
1.5576725363933226
1.5592975859859004
1.5601726126895963
1.561922666096988
1.5632977080599384
1.565422772911771
1.5672978301339764
1.5699229102450638
1.5722979827265235
1.574923062837611
1.5782981658375803
1.5819232764671776
1.5846733603930783
1.5894235053559984
1.5939236426892909
1.5981737723929563
1.6037989440595721
1.6089241004669332
1.614549272133549
1.6206744590594195
1.627299661244545
1.633549851985229
1.6400500503555409
1.6471752677999205
1.6544254890591144
1.6611756950590533
1.668050904873806
1.6748011108737448
1.681926328318125
1.6889265419476913
1.6960517593920712
1.702176946317942
1.7083021332438124
1.7133022858363598
1.7186774498733484
1.7230525833918273
1.7271777092806788
1.7301778008362072
1.7328028809472946
1.7351779534287546
1.7366779992065189
1.7369280068361461
1.7368030030213324
1.7348029419843134
1.733427900021363
1.731052827539903
1.7266776940214241
1.7241776177251504
1.719552476577044
1.7145523239844966
1.7093021637623218
1.7038019959105197
1.6965517746513261
1.6900515762810144
1.6834263740958892
1.6761761528366956
1.6684259163182469
1.6616757103183082
1.654550492873928
1.6469252601702933
1.6405500656147955
1.6340498672444839
1.6274246650593585
1.6210494705038605
1.6150492873928037
1.6089241004669332
1.6029239173558765
1.5981737723929563
1.5931736198004092
1.5886734824671163
1.5847983642078922
1.581298257393109
1.5766731162450025
1.5736730246894741
1.5702979216895046
1.5669228186895352
1.5629226966154972
1.559047578356273
1.554797448652608
1.5481722464674825
1.5422970671712395
1.5347968382824184
1.5267965941343424
1.5167962889492477
1.5060459608752708
1.494545609912412
1.4829202551347391
1.4714199041718803
1.4595445417645803
1.4515442976165045
1.4469191564683983
1.4462941373943297
1.4527943357646413
1.463169652394177
1.4832952665791803
1.5097960753196813
1.5449221472823267
1.587923459578234
1.6408000732444226
1.7023019501327556
1.7725540940580462
1.8513064973906674
1.934309030426954
2.014561479537339
2.0893137607959225
2.1549407635731073
2.2071923581652273
2.2440684835352642
2.264444105349895
2.272819360942411
2.257943906979583
2.221067781609546
2.1690661946470535
2.1041892147587515
2.0289369182409134
1.9495594958342235
1.8668069704275645
1.7840544450209053
1.7043020111697744
1.6302997528000733
1.5656727805413984
1.5112961210974456
1.4670447706534013
1.4321687063203834
1.4072929471724602
1.3911674550614948
1.3834172185430464
1.3830422070986053
1.3889173863948485
1.4005427411725213
1.4155431989501632
1.4336687520981475
1.452169316690573
1.469544846949675
1.4862953581347087
1.5016708273567918
1.5149212317270424
1.5259215674306468
1.5371719107638784
1.5454221625415814
1.5514223456526384
1.5560474868007448
1.5612976470229194
1.563797723319193
1.566297799615467
1.5690478835413677
1.5716729636524553
1.5731730094302194
1.5760480971709343
1.5782981658375803
1.580923245948668
1.5837983336893826
1.5866734214300973
1.5894235053559984
1.5910485549485762
1.5955486922818691
1.5984237800225838
1.6022988982818078
1.6059240089114046
1.610549150059511
1.6147992797631765
1.6182993865779596
1.6235495468001342
1.628424695577868
1.6339248634296701
1.6393000274666587
1.6444251838740198
1.6493003326517535
1.6550505081331828
1.6615507065034945
1.667300881984924
1.673551072725608
1.6800512710959197
1.6868014770958586
1.693801690725425
1.7003018890957367
1.7066770836512346
1.7138023010956145
1.7206775109103671
1.7276777245399335
1.7349279457991271
1.741678151799066
1.7493033845027008
1.756803613391522
1.7633038117618336
1.7696790063173315
1.776554216132084
1.7823043916135137
1.7886795861690117
1.7948047730948822
1.8005549485763115
1.8060551164281138
1.811180272835475
1.8166804406872767
1.8209305703909422
1.82493069246498
1.8286808069093905
1.83205590990936
1.8348059938352612
1.8376810815759759
1.8391811273537402
1.8413061922055727
1.8429312417981507
1.8444312875759148
1.8441812799462873
1.8445562913907285
1.8431812494277782
1.842431226538896
1.840806176946318
1.8385561082796718
1.8354310129093294
1.8335559556871244
1.830055848872341
1.826555742057558
1.8230556352427747
1.8180554826502273
1.8124303109836117
1.807180150761437
1.8019299905392623
1.7958048036133916
1.7905546433912167
1.7841794488357188
1.7780542619098483
1.7709290444654684
1.7645538499099704
1.7578036439100315
1.7509284340952787
1.743678212836085
1.7364279915768914
1.7286777550584431
1.7223025605029452
1.7159273659474472
1.708177129428999
1.701301919614246
1.6944267097994934
1.6873014923551135
1.6803012787255471
1.6739260841700492
1.666800866725669
1.6601756645405439
1.6540504776146734
1.6478002868739892
1.6421751152073734
1.635924924466689
1.631174779503769
1.6254246040223395
1.6201744438001648
1.6151742912076175
1.6100491348002564
1.6059240089114046
1.6014238715781122
1.598673787652211
1.5941736503189183
1.5909235511337627
1.5874234443189794
1.5841733451338236
1.581298257393109
1.5786731772820215
1.5757980895413068
1.572547990356151
1.5709229407635732
1.5690478835413677
1.5665478072450942
1.5651727652821437
1.5631727042451247
1.561922666096988
1.5621726737266153
1.559922605059969
1.557797540208136
1.5569225135044404
1.55554747154149
1.554672444837794
1.5540474257637258
1.553547410504471
1.553547410504471
1.5530473952452162
1.5521723685415205
1.551547349467452
1.5516723532822658
1.5512973418378246
1.5509223303933837
1.5502973113193153
1.5510473342081972
1.5505473189489425
1.55079732657857
1.5509223303933837
1.5510473342081972
1.550422315134129
1.55079732657857
1.55079732657857
1.5494222846156194
1.5510473342081972
1.5516723532822658
1.5510473342081972
1.5517973570970793
1.5519223609118933
1.5524223761711478
1.552672383800775
1.5530473952452162
1.5532974028748436
1.55317239906003
1.554797448652608
1.554797448652608
1.5560474868007448
1.5569225135044404
1.5581725516525773
1.559047578356273
1.5601726126895963
1.5614226508377331
1.5635477156895659
1.5647977538377027
1.5671728263191627
1.5692978911709952
1.5716729636524553
1.5747980590227975
1.5786731772820215
1.5819232764671776
1.5847983642078922
1.5886734824671163
1.5935486312448501
1.5976737571337016
1.602673909726249
1.6082990813928648
1.614549272133549
1.6205494552446058
1.626424634540849
1.6332998443556017
1.6401750541703544
1.6471752677999205
1.6536754661702324
1.6600506607257304
1.666800866725669
1.6740510879848627
1.6810513016144293
1.688301522873623
1.6948017212439344
1.701676931058687
1.7079271217993715
1.713177282021546
1.718427442243721
1.7234275948362683
1.7268026978362376
1.7300527970213935
1.733052888576922
1.7355529648731955
1.7363029877620777
1.7370530106509599
1.7364279915768914
1.735427961058382
1.7339279152806177
1.7309278237250891
1.727927732169561
1.7238026062807095
1.719927488021485
1.715177343058565
1.7103021942808314
1.7038019959105197
1.6980518204290902
1.6906765953550829
1.6838013855403302
1.6770511795403913
1.669300943021943
1.6620507217627492
1.6551755119479965
1.6479252906888027
1.64105008087405
1.6346748863185523
1.6279246803186131
1.621299478133488
1.61492428357799
1.609049104281747
1.6035489364299447
1.5990487990966522
1.5939236426892909
1.5895485091708121
1.5846733603930783
1.581298257393109
1.5774231391338847
1.5740480361339153
1.5706729331339457
1.5672978301339764
1.5631727042451247
1.5596725974303416
1.5552974639118626
1.5499222998748743
1.5427970824304942
1.5351718497268594
1.5267965941343424
1.5176713156529436
1.506795983764153
1.4955456404309213
1.4840452894680625
1.4727949461348309
1.4610445875423446
1.452919339579455
1.4475441755424665
1.4462941373943297
1.4515442976165045
1.4621696218756677
1.4805451826532792
1.5070459913937804
1.540922025208289
1.5834233222449416
1.6350498977629933
1.6955517441328165
1.7646788537247842
1.8425562303537095
1.925558763389996
2.006811243018891
2.082188543351543
2.148690572832423
2.202067201757866
2.240943388164922
2.2634440748313853
2.2724443494979707
2.260693990905484
2.2258179265724665
2.175191381572924
2.111064424573504
2.0385622119815667
1.9585597705008089
1.8759322489089632
1.7925547044282357
1.7126772667622914
1.6385500045777766
1.5727979979857785
1.5167962889492477
1.4714199041718803
1.4356688131351665
1.4092930082094792
1.3922924893948179
1.3841672414319286
1.382417188024537
1.3872923368022707
1.3986676839503158
1.4136681417279582
1.4311686758018738
1.4494192327646718
1.4679197973570972
1.48429529709769
1.4994207586901458
1.5134211859492783
1.5256715598010193
1.5350468459120459
1.5436721091341898
1.55079732657857
1.5554224677266761
1.559797601245155
1.563422711874752
1.566297799615467
1.5687978759117405
1.5715479598376416
1.5732980132450332
1.5754230780968657
1.5780481582079533
1.5804232306894133
1.5834233222449416
1.5856733909115879
1.5891734977263712
1.592298593096713
1.5952986846522417
1.598798791467025
1.6020488906521806
1.6052989898373364
1.609424115726188
1.6139242530594806
1.6186743980224005
1.623299539170507
1.6281746879482406
1.6329248329111608
1.637924985503708
1.6438001647999512
1.6488003173924985
1.6540504776146734
1.6603006683553576
1.6665508590960418
1.6730510574663533
1.6790512405774103
1.6860514542069764
1.6928016602069156
1.6990518509475998
1.705677053132725
1.7130522782067326
1.7196774803918575
1.7269277016510514
1.7338029114658042
1.741303140354625
1.7479283425397505
1.755178563798944
1.7621787774285103
1.7685539719840082
1.7753041779839474
1.7819293801690725
1.7884295785393842
1.7936797387615588
1.7998049256874293
1.805180089724418
1.8104302499465927
1.8155554063539538
1.8199305398724328
1.8244306772057253
1.8279307840205086
1.8314308908352916
1.8343059785760063
1.8369310586870937
1.8385561082796718
1.8415561998352001
1.8430562456129642
1.8438062685018464
1.8449313028351695
1.8445562913907285
1.8439312723166599
1.842806237983337
1.8413061922055727
1.8393061311685537
1.8366810510574663
1.834055970946379
1.8305558641315958
1.8271807611316264
1.8231806390575884
1.818555497909482
1.8131803338724937
1.80830518509476
1.802805017242958
1.7971798455763421
1.7913046662800989
1.7851794793542284
1.7784292733542895
1.772304086428419
1.7660538956877345
1.7593036896877956
1.752053468428602
1.7454282662434768
1.7386780602435379
1.7305528122806482
1.7236776024658955
1.7165523850215156
1.7093021637623218
1.702551957762383
1.695426740318003
1.6885515305032504
1.681551316873684
1.6748011108737448
1.668050904873806
1.6613006988738672
1.6551755119479965
1.649050325022126
1.6424251228370008
1.6370499588000123
1.63154979094821
1.626424634540849
1.6210494705038605
1.6160493179113133
1.6115491805780204
1.6071740470595417
1.6021738944669943
1.598798791467025
1.5950486770226142
1.5912985625782037
1.588048463393048
1.5850483718375195
1.5825482955412458
1.5787981810968352
1.5760480971709343
1.5737980285042878
1.5710479445783867
1.5686728720969267
1.56742283394879
1.5652977690969574
1.5635477156895659
1.563047700430311
1.5609226355784784
1.5595475936155279
1.5580475478377636
1.556797509689627
1.5562974944303722
1.555172460097049
1.554672444837794
1.553922421948912
1.5530473952452162
1.5530473952452162
1.5522973723563342
1.5516723532822658
1.5519223609118933
1.5509223303933837
1.55079732657857
1.5505473189489425
1.5510473342081972
1.550422315134129
1.550422315134129
1.5509223303933837
1.5510473342081972
1.5506723227637564
1.5506723227637564
1.5511723380230111
1.5505473189489425
1.5514223456526384
1.5509223303933837
1.5509223303933837
1.5511723380230111
1.5520473647267068
1.5519223609118933
1.5522973723563342
1.5525473799859615
1.552797387615589
1.553547410504471
1.5537974181340983
1.555172460097049
1.55554747154149
1.556672505874813
1.5576725363933226
1.5587975707266457
1.559922605059969
1.561047639393292
1.563047700430311
1.5645477462080752
1.5664228034302805
1.5687978759117405
1.5714229560228279
1.5741730399487288
1.5780481582079533
1.5802982268745993
1.5845483565782648
1.588048463393048
1.592298593096713
1.596798730430006
1.6015488753929257
1.6065490279854733
1.61254921109653
1.6186743980224005
1.6250495925778985
1.6320498062074649
1.638299996948149
1.6449251991332745
1.6520504165776544
1.6584256111331521
1.6650508133182775
1.6720510269478437
1.679926267281106
1.6868014770958586
1.693426679280984
1.700176885280923
1.7064270760216071
1.7116772362437818
1.7173024079103976
1.721552537614063
1.7255526596881008
1.7291777703176978
1.7319278542435987
1.7344279305398724
1.7359279763176367
1.7369280068361461
1.7368030030213324
1.7359279763176367
1.734302926725059
1.7318028504287852
1.7291777703176978
1.7251776482436598
1.7211775261696218
1.7161773735770747
1.711177220984527
1.7055520493179113
1.6995518662068545
1.6925516525772883
1.686676473281045
1.6785512253181556
1.6721760307626576
1.662800744651631
1.6564255500961331
1.6496753440961944
1.6428001342814416
1.635924924466689
1.629674733726005
1.6230495315408795
1.6175493636890774
1.6107991576891385
1.6056740012817774
1.5994238105410932
1.594673665578173
1.590298532059694
1.5865484176152838
1.5817982726523636
1.5777981505783258
1.5752980742820522
1.5714229560228279
1.567797845393231
1.5647977538377027
1.5601726126895963
1.556672505874813
1.55079732657857
1.5445471358378857
1.5370469069490644
1.5291716666158026
1.520296395764031
1.5092960600604266
1.4985457319864497
1.487420392468032
1.4749200109866634
1.4639196752830592
1.4546693929868466
1.4479191869869077
1.4461691335795162
1.4484192022461622
1.4589195226905116
1.4752950224311043
1.4986707358012636
1.5315467390972626
1.5716729636524553
1.6216744895779291
1.6794262520218513
1.7466783043916136
1.82255561998352
1.9049331339457383
1.9860606097598192
2.0636879787591176
2.1329400921658985
2.1904418469801934
2.232693136387219
2.259693960386975
2.2701942808313245
2.2665691702017274
2.2359432355723747
2.18931681264687
2.127939939573351
2.0574377880184334
1.9786853846858121
1.8968078859828486
1.8135553453169349
1.73230286568804
1.6563005462813196
1.588423474837489
1.5292966704306161
1.4817952208014162
1.443419049653615
1.4157932065797907
1.3962926114688559
1.385542283394879
1.382417188024537
1.3857922910245064
1.3951675771355327
1.4092930082094792
1.4260435193945127
1.4449190954313793
1.4634196600238045
1.4805451826532792
1.4969206823938719
1.5101710867641225
1.5224214606158635
1.5326717734305857
1.5415470442823573
1.5492972808008056
1.554797448652608
1.559047578356273
1.5624226813562427
1.5667978148747217
1.5675478377636038
1.5704229255043185
1.5729230018005922
1.5750480666524247
1.5775481429486986
1.580048219244972
1.5835483260597554
1.585298379467147
1.5882984710226753
1.5910485549485762
1.5936736350596639
1.5977987609485154
1.601173863948485
1.6047989745780817
1.6089241004669332
1.61254921109653
1.6174243598742637
1.6225495162816248
1.6269246498001038
1.6319248023926511
1.637549974059267
1.6421751152073734
1.6475502792443617
1.6530504470961638
1.6591756340220343
1.664925809503464
1.6714260078737755
1.6773011871700187
1.684301400799585
1.6911766106143375
1.698176824243904
1.7048020264290291
1.7116772362437818
1.7183024384289072
1.7246776329844051
1.7319278542435987
1.7391780755027926
1.7465533005767997
1.7533035065767388
1.7616787621692556
1.7674289376506853
1.774304147465438
1.7803043305764947
1.78692953276162
1.7925547044282357
1.7981798760948515
1.8041800592059083
1.8096802270577106
1.8145553758354442
1.8195555284279916
1.8234306466872157
1.826930753501999
1.830930875576037
1.8338059633167516
1.836431043427839
1.8391811273537402
1.840806176946318
1.8421812189092686
1.8433062532425917
1.8449313028351695
1.8445562913907285
1.8441812799462873
1.8430562456129642
1.8414311960203864
1.8394311349833674
1.8375560777611624
1.8346809900204473
1.8314308908352916
1.8279307840205086
1.8240556657612843
1.8193055207983642
1.815055391094699
1.809055207983642
1.8043050630207222
1.7981798760948515
1.7921796929837945
1.7871795403912474
1.780179326761681
1.7739291360209968
1.7669289223914304
1.7606787316507462
1.7530534989471116
1.7464282967619862
1.7395530869472335
1.7325528733176672
1.725052644428846
1.7174274117252115
1.7110522171697136
1.7044270149845882
1.6968017822809534
1.6905515915402693
1.6831763664662618
1.6769261757255778
1.6695509506515702
1.662925748466445
1.6564255500961331
1.6498003479110082
1.6445501876888333
1.638299996948149
1.632299813837092
1.6279246803186131
1.6225495162816248
1.6176743675038912
1.6122992034669026
1.6076740623187964
1.60304892117069
1.5994238105410932
1.5960487075411238
1.5917985778374584
1.5885484786523028
1.5856733909115879
1.5825482955412458
1.579673207800531
1.5761731009857478
1.5740480361339153
1.5712979522080142
1.5690478835413677
1.5666728110599077
1.5651727652821437
1.5635477156895659
1.5625476851710562
1.5607976317636647
1.560672627948851
1.5581725516525773
1.5576725363933226
1.5562974944303722
1.555172460097049
1.5541724295785393
1.5536724143192846
1.55317239906003
1.5532974028748436
1.5525473799859615
1.5524223761711478
1.551547349467452
1.5514223456526384
1.55079732657857
1.5509223303933837
1.55079732657857
1.5509223303933837
1.550422315134129
1.5505473189489425
1.5509223303933837
1.5509223303933837
1.5511723380230111
1.5506723227637564
1.55079732657857
1.5506723227637564
1.5509223303933837
1.5510473342081972
1.5519223609118933
1.5517973570970793
1.5522973723563342
1.5522973723563342
1.5522973723563342
1.552797387615589
1.553547410504471
1.5536724143192846
1.5541724295785393
1.5560474868007448
1.5562974944303722
1.5574225287636951
1.559047578356273
1.5596725974303416
1.5612976470229194
1.5625476851710562
1.564297738578448
1.566297799615467
1.568172856837672
1.5709229407635732
1.5737980285042878
1.5761731009857478
1.5802982268745993
1.5834233222449416
1.587298440504166
1.5912985625782037
1.5961737113559373
1.60067384868923
1.6060490127262186
1.6119241920224616
1.6175493636890774
1.6235495468001342
1.6302997528000733
1.6372999664296397
1.6443001800592059
1.6503003631702629
1.6576755882442702
1.6644257942442091
1.6719260231330302
1.6788012329477828
1.6858014465773492
1.6923016449476609
1.698926847132786
1.705677053132725
1.7109272133548998
1.7159273659474472
1.721552537614063
1.7253026520584733
1.7284277474288157
1.7316778466139713
1.7338029114658042
1.7364279915768914
1.7369280068361461
1.7369280068361461
1.7360529801324502
1.7339279152806177
1.7324278695028534
1.729427777947325
1.7253026520584733
1.7218025452436905
1.7163023773918882
1.7123022553178504
1.7065520798364209
1.7011769157994323
1.693801690725425
1.6871764885402998
1.6800512710959197
1.673176061281167
1.6650508133182775
1.6583006073183386
1.651800408948027
1.643925168614765
1.6369249549851985
1.6312997833185827
1.6246745811334575
1.6177993713187049
1.6115491805780204
1.6067990356151007
1.60067384868923
1.5956736960966826
1.5917985778374584
1.58642341380047
1.5827983031708732
1.5790481887264625
1.5752980742820522
1.5715479598376416
1.568547868282113
1.5652977690969574
1.5612976470229194
1.5565475020599995
1.5521723685415205
1.5459221778008363
1.5386719565416427
1.5307967162083804
1.5220464491714225
1.5117961363567003
1.501170812097537
1.489420453505051
1.4777950987273782
1.4656697286904508
1.4559194311349835
1.4487942136906033
1.4461691335795162
1.4479191869869077
1.4562944425794244
1.4711698965422528
1.49379558702353
1.5236714987640003
1.5635477156895659
1.6106741538743248
1.666800866725669
1.7320528580584125
1.8066801355021822
1.8874325998718222
1.9700601214636677
2.048437513351848
2.119689687795648
2.1795665150914028
2.224692892239143
2.255318826868496
2.2684442274239327
2.270319284646138
2.2435684682760093
2.200067140720847
2.1421903744621114
2.0724382457960755
1.996185918759728
1.9138084047975097
1.8308058717612232
1.7488033692434461
1.6720510269478437
1.6017988830225531
1.5412970366527299
1.4907954954680014
1.4510442823572498
1.4204183477278969
1.3992927030243845
1.3872923368022707
1.3825421918393506
1.3846672566911833
1.3931675160985137
1.4061679128391371
1.4226684163945433
1.4409189733573413
1.4594195379497665
1.4767950682088686
1.4931705679494613
1.5077960142826623
1.5207964110232857
1.5307967162083804
1.540046998504593
1.5476722312082278
1.5534224066896571
1.557797540208136
1.561797662282174
1.5649227576525162
1.5676728415784174
1.5691728873561817
1.5722979827265235
1.57454805139317
1.5772981353190711
1.5786731772820215
1.5825482955412458
1.5850483718375195
1.587298440504166
1.590298532059694
1.5944236579485458
1.5965487228003785
1.6004238410596028
1.6040489516891996
1.607424054689169
1.611799188207648
1.616549333170568
1.6215494857631152
1.625299600207526
1.6305497604297006
1.635549913022248
1.6404250617999818
1.6461752372814111
1.6516754051332134
1.6576755882442702
1.6634257637256997
1.6704259773552659
1.6761761528366956
1.6835513779107028
1.6891765495773186
1.6961767632068852
1.702176946317942
1.7094271675771355
1.7168023926511429
1.7231775872066408
1.730677816095462
1.7384280526139104
1.7450532547990356
1.7518034607989748
1.7594286935026096
1.76555388042848
1.7731791131321146
1.7794293038727989
1.784929471724601
1.7910546586504716
1.7971798455763421
1.8024300057985168
1.8076801660206916
1.813430341502121
1.8184304940946685
1.8229306314279612
1.8270557573168127
1.8303058565019683
1.8334309518723106
1.8363060396130253
1.838056093020417
1.8405561693166905
1.8426812341685233
1.8433062532425917
1.8441812799462873
1.8449313028351695
1.8445562913907285
1.844306283761101
1.8420562150944548
1.8396811426129949
1.8374310739463484
1.8354310129093294
1.8323059175389873
1.8285558030945768
1.824555681020539
1.8206805627613147
1.815805413983581
1.8104302499465927
1.8053050935392316
1.799554918057802
1.7936797387615588
1.7881795709097568
1.7811793572801906
1.7755541856135748
1.7686789757988222
1.7624287850581377
1.7549285561693166
1.748053346354564
1.740928128910184
1.7339279152806177
1.7269277016510514
1.7198024842066715
1.7129272743919186
1.7051770378734703
1.6980518204290902
1.6916766258735922
1.6849264198736535
1.6780512100589007
1.671676015503403
1.6646758018738366
1.6583006073183386
1.651425397503586
1.6454252143925292
1.639925046540727
1.6346748863185523
1.6285496993926818
1.6235495468001342
1.6182993865779596
1.6127992187261575
1.6085490890224923
1.6045489669484543
1.5999238258003479
1.5960487075411238
1.592798608355968
1.5895485091708121
1.58642341380047
1.5835483260597554
1.5805482345042268
1.576548112430189
1.5744230475783563
1.57217297891171
1.5695478988006226
1.5679228492080448
1.5660477919858395
1.5644227423932615
1.5624226813562427
1.5615476546525469
1.559922605059969
1.5585475630970183
1.5575475325785089
1.5562974944303722
1.5549224524674214
1.554672444837794
1.5542974333933532
1.553547410504471
1.5530473952452162
1.552672383800775
1.5521723685415205
1.5516723532822658
1.5516723532822658
1.5512973418378246
1.5509223303933837
1.5506723227637564
1.5506723227637564
1.5501723075045015
1.5505473189489425
1.5506723227637564
1.55079732657857
1.5506723227637564
1.5505473189489425
1.550422315134129
1.5505473189489425
1.5509223303933837
1.5510473342081972
1.551547349467452
1.5525473799859615
1.5522973723563342
1.5525473799859615
1.5529223914304024
1.552797387615589
1.55317239906003
1.5542974333933532
1.5540474257637258
1.5549224524674214
1.5556724753563036
1.557172521134068
1.5581725516525773
1.5596725974303416
1.561047639393292
1.5615476546525469
1.5636727195043794
1.5659227881710258
1.5679228492080448
1.5700479140598773
1.5734230170598467
1.5762981048005615
1.57929819635609
1.5827983031708732
1.5866734214300973
1.5909235511337627
1.5955486922818691
1.601048860133671
1.605048982207709
1.6106741538743248
1.6166743369853815
1.622924527726066
1.6286747032074953
1.6360499282815029
1.6420501113925596
1.649050325022126
1.6559255348368787
1.6630507522812585
1.6695509506515702
1.677176183355205
1.684301400799585
1.6908015991698966
1.697301797540208
1.704052003540147
1.710052186651204
1.7154273506881925
1.7201774956511124
1.7244276253547777
1.7280527359843745
1.731052827539903
1.733427900021363
1.7355529648731955
1.7366779992065189
1.7366779992065189
1.7359279763176367
1.7348029419843134
1.7324278695028534
1.7300527970213935
1.7268026978362376
1.7229275795770134
1.7181774346140937
1.712802270577105
1.7071770989104893
1.701676931058687
1.6955517441328165
1.6880515152439954
1.6813013092440567
1.6741760917996766
1.666800866725669
1.6595506454664755
1.6523004242072816
1.6455502182073427
1.6380499893185219
1.632299813837092
1.626049623096408
1.6195494247260964
1.6135492416150394
1.6075490585039827
1.6021738944669943
1.5965487228003785
1.592423596911527
1.5875484481337934
1.582923306985687
1.579673207800531
1.5760480971709343
1.572547990356151
1.5699229102450638
1.5660477919858395
1.5626726889858698
1.557797540208136
1.553547410504471
1.5461721854304635
1.5404220099490342
1.532546769615772
1.523796502578814
1.5141712088381603
1.5027958616901151
1.491670522171697
1.4801701712088382
1.4677947935422835
1.4577944883571887
1.4504192632831812
1.4465441450239571
1.4469191564683983
1.4546693929868466
1.468419812616352
1.489295449690237
1.517796319467757
1.5556724753563036
1.601048860133671
1.6560505386516924
1.7204275032807397
1.7929297158726767
1.8724321420941803
1.9548096560563981
2.035312112796411
2.107814325388348
2.170191228980377
2.218442701498459
2.2510686971648304
2.266694174016541
2.271569322794275
2.250193670461135
2.2086924039429916
2.152940702536088
2.0853136387218845
2.0094363231299783
1.9281838435010834
1.8450563066499832
1.7629288003173924
1.6840513931699574
1.6129242225409712
1.5506723227637564
1.4985457319864497
1.4570444654683066
1.4252934965056308
1.4021677907650991
1.387917355876339
1.3830422070986053
1.384292245246742
1.3915424665059357
1.4039178441724907
1.4197933286538287
1.4374188665425582
1.4562944425794244
1.4747950071718496
1.4901704763939327
1.505545945616016
1.518296334727012
1.5291716666158026
1.5382969450972015
1.5465471968749047
1.5524223761711478
1.5570475173192542
1.561047639393292
1.5647977538377027
1.5675478377636038
1.5697979064302499
1.5716729636524553
1.5742980437635425
1.57692312387463
1.5794232001709037
1.5814232612079226
1.58404834131901
1.5866734214300973
1.590298532059694
1.594298654133732
1.5959237037263099
1.5994238105410932
1.6036739402447586
1.6076740623187964
1.6111741691335797
1.6160493179113133
1.6201744438001648
1.624924588763085
1.629674733726005
1.6356749168370617
1.640300057985168
1.6454252143925292
1.651050386059145
1.6561755424665061
1.6625507370220038
1.669175939207129
1.6753011261329998
1.6828013550218206
1.688301522873623
1.6955517441328165
1.7020519425031282
1.7089271523178808
1.7158023621326335
1.7231775872066408
1.729427777947325
1.7361779839472642
1.7439282204657125
1.7506784264656514
1.7585536667989135
1.7643038422803432
1.771804071169164
1.7779292580950348
1.7838044373912778
1.7904296395764032
1.7963048188726465
1.8010549638355662
1.806805139316996
1.8120552995391705
1.8176804712057864
1.822180608539079
1.8260557267983033
1.8294308297982727
1.8330559404278695
1.8359310281685843
1.8379310892056033
1.8401811578722496
1.8429312417981507
1.8433062532425917
1.8436812646870329
1.844681295205542
1.8449313028351695
1.8436812646870329
1.842306222724082
1.8405561693166905
1.838431104464858
1.8355560167241434
1.8330559404278695
1.829305825983459
1.82493069246498
1.8213055818353832
1.8166804406872767
1.8114302804651021
1.8061801202429273
1.8000549333170568
1.7941797540208135
1.7884295785393842
1.7831794183172094
1.776554216132084
1.7695540025025178
1.7634288155766473
1.7563035981322672
1.7495533921323283
1.7420531632435072
1.735302957243568
1.7275527207251198
1.7201774956511124
1.7135522934659873
1.7063020722067934
1.6995518662068545
1.6926766563921019
1.6858014465773492
1.6791762443922238
1.6718010193182167
1.6656758323923462
1.6590506302072208
1.652550431836909
1.6461752372814111
1.6408000732444226
1.6349248939481797
1.629299722281564
1.6246745811334575
1.6191744132816552
1.6136742454298534
1.6096741233558154
1.6051739860225227
1.6002988372447888
1.5970487380596332
1.5935486312448501
1.589923520615253
1.5865484176152838
1.5834233222449416
1.5806732383190405
1.5774231391338847
1.5754230780968657
1.57217297891171
1.5696729026154363
1.567797845393231
1.5667978148747217
1.564297738578448
1.5629226966154972
1.5620476699118016
1.56029761650441
1.5585475630970183
1.5580475478377636
1.5562974944303722
1.5557974791711173
1.5549224524674214
1.555172460097049
1.553547410504471
1.552797387615589
1.5530473952452162
1.5525473799859615
1.5521723685415205
1.5519223609118933
1.5514223456526384
1.55079732657857
1.5505473189489425
1.550422315134129
1.5505473189489425
1.550422315134129
1.5510473342081972
1.5510473342081972
1.5511723380230111
1.5512973418378246
1.550422315134129
1.5506723227637564
1.5506723227637564
1.5509223303933837
1.5509223303933837
1.5512973418378246
1.5522973723563342
1.5520473647267068
1.552797387615589
1.5530473952452162
1.55317239906003
1.5536724143192846
1.5541724295785393
1.5549224524674214
1.555922482985931
1.556672505874813
1.5580475478377636
1.5594225898007141
1.5604226203192237
1.561797662282174
1.5636727195043794
1.5660477919858395
1.5676728415784174
1.5699229102450638
1.5727979979857785
1.5756730857264931
1.5786731772820215
1.5824232917264323
1.586048402356029
1.589923520615253
1.5944236579485458
1.599173802911466
1.6039239478743859
1.6092991119113744
1.6152992950224312
1.6216744895779291
1.6275496688741722
1.6341748710592976
1.6413000885036775
1.6483003021332439
1.6548005005035553
1.6619257179479354
1.6685509201330608
1.6760511490218817
1.6825513473921934
1.6898015686513872
1.6965517746513261
1.7026769615771966
1.709177159947508
1.7140523087252417
1.7191774651326028
1.7240526139103367
1.7274277169103063
1.730677816095462
1.733427900021363
1.735427961058382
1.7364279915768914
1.7371780144657736
1.7364279915768914
1.735427961058382
1.733052888576922
1.730677816095462
1.7274277169103063
1.7234275948362683
1.7189274575029754
1.7139273049104282
1.7086771446882534
1.7026769615771966
1.6963017670216987
1.6891765495773186
1.6823013397625661
1.675551133762627
1.6678008972441787
1.6604256721701711
1.6529254432813503
1.6466752525406658
1.6400500503555409
1.6327998290963468
1.6269246498001038
1.6204244514297923
1.6142992645039216
1.6082990813928648
1.60304892117069
1.5975487533188881
1.5930486159855952
1.588048463393048
1.58404834131901
1.580048219244972
1.5767981200598165
1.5731730094302194
1.5695478988006226
1.5666728110599077
1.5627976928006837
1.5585475630970183
1.5540474257637258
1.5481722464674825
1.5414220404675436
1.5330467848750269
1.5254215521713919
1.5154212469862973
1.5049209265419476
1.493670583208716
1.4819202246162297
1.4701698660237434
1.4589195226905116
1.4514192938016908
1.4460441297647022
1.4469191564683983
1.4534193548387098
1.4656697286904508
1.485295327616199
1.5134211859492783
1.549547288430433
1.5936736350596639
1.6469252601702933
1.708802148503067
1.7808043458357494
1.8600567644276254
1.9416842555009612
2.022936735129856
2.096813989684744
2.1603159276100956
2.2118174993133333
2.2475685903500473
2.2655691396832176
2.2721943418683432
2.2546938077944274
2.2161926328318122
2.162315988647115
2.09668898586993
2.021561693166906
1.941059236426893
1.8584317148350475
1.775429181798761
1.6963017670216987
1.6237995544297616
1.5601726126895963
1.5060459608752708
1.4622946256904814
1.429543626209296
1.4060429090243234
1.3900424207281719
1.383667226172674
1.383667226172674
1.3896674092837307
1.4015427716910305
1.417168248542741
1.4349187902462845
1.4535443586535233
1.471544907986694
1.4876704000976593
1.5030458693197426
1.5165462813196202
1.5277966246528518
1.5371719107638784
1.5454221625415814
1.5519223609118933
1.5569225135044404
1.560672627948851
1.564297738578448
1.5665478072450942
1.5695478988006226
1.572547990356151
1.57454805139317
1.5766731162450025
1.5784231696523943
1.5810482497634815
1.5839233375041963
1.5866734214300973
1.5891734977263712
1.5931736198004092
1.5955486922818691
1.5990487990966522
1.6027989135410627
1.6066740318002868
1.6099241309854426
1.6147992797631765
1.6200494399853511
1.6239245582445754
1.6286747032074953
1.6341748710592976
1.6396750389110997
1.6448001953184606
1.6500503555406356
1.6560505386516924
1.6618007141331217
1.667675893429365
1.6741760917996766
1.6803012787255471
1.6871764885402998
1.693801690725425
1.700926908169805
1.708052125614185
1.7145523239844966
1.7214275337992493
1.7289277626880704
1.7355529648731955
1.7429281899472029
1.7493033845027008
1.757178624835963
1.7638038270210883
1.769929013946959
1.7768042237617114
1.7841794488357188
1.7898046205023346
1.7950547807245094
1.8006799523911254
1.8065551316873685
1.811805291909543
1.8164304330576495
1.8209305703909422
1.8253057039094212
1.8290558183538315
1.8321809137241738
1.8354310129093294
1.8381810968352306
1.8396811426129949
1.8418062074648274
1.8433062532425917
1.844306283761101
1.844306283761101
1.8444312875759148
1.844306283761101
1.842806237983337
1.8410561845759452
1.8389311197241127
1.8361810357982116
1.832930936613056
1.8295558336130864
1.8261807306131168
1.82255561998352
1.817055452131718
1.8121803033539843
1.8069301431318094
1.8018049867244483
1.7965548265022737
1.7895546128727073
1.7838044373912778
1.776679219946898
1.7703040253914
1.763928830835902
1.7574286324655906
1.7501784112063965
1.7426781823175757
1.736552995391705
1.7289277626880704
1.7214275337992493
1.7148023316141239
1.707677114169744
1.7006769005401776
1.693426679280984
1.6871764885402998
1.6800512710959197
1.6733010650959808
1.666800866725669
1.6603006683553576
1.653425458540605
1.647425275429548
1.6416750999481187
1.6357999206518754
1.6301747489852596
1.624924588763085
1.6196744285409101
1.6151742912076175
1.6104241462446975
1.606174016541032
1.6015488753929257
1.5975487533188881
1.5934236274300364
1.5905485396893215
1.5869234290597247
1.5841733451338236
1.5810482497634815
1.5780481582079533
1.5754230780968657
1.5730480056154057
1.5706729331339457
1.5682978606524856
1.567047822504349
1.56504776146733
1.563422711874752
1.5620476699118016
1.5605476241340372
1.559172582171087
1.5572975249488816
1.5562974944303722
1.55554747154149
1.5545474410229805
1.5544224372081668
1.5540474257637258
1.5532974028748436
1.5522973723563342
1.5522973723563342
1.5522973723563342
1.5516723532822658
1.5505473189489425
1.550422315134129
1.550422315134129
1.5505473189489425
1.5502973113193153
1.5505473189489425
1.55079732657857
1.5509223303933837
1.5509223303933837
1.550422315134129
1.55079732657857
1.5510473342081972
1.5505473189489425
1.5509223303933837
1.5516723532822658
1.5521723685415205
1.5519223609118933
1.552672383800775
1.552672383800775
1.552797387615589
1.5534224066896571
1.553547410504471
1.554797448652608
1.5544224372081668
1.55554747154149
1.5569225135044404
1.557797540208136
1.559047578356273
1.5605476241340372
1.5614226508377331
1.5636727195043794
1.5651727652821437
1.5669228186895352
1.569422894985809
1.5719229712820828
1.574923062837611
1.5780481582079533
1.5817982726523636
1.586048402356029
1.5894235053559984
1.5932986236152227
1.598798791467025
1.603173924985504
1.6084240852076785
1.614174260689108
1.6197994323557239
1.6267996459852903
1.6332998443556017
1.640300057985168
1.6465502487258523
1.6544254890591144
1.6604256721701711
1.6679259010589922
1.6744260994293039
1.6823013397625661
1.689426557206946
1.6948017212439344
1.701676931058687
1.708052125614185
1.7136772972808008
1.7181774346140937
1.7230525833918273
1.7268026978362376
1.729052766502884
1.732677877132481
1.7346779381694999
1.7364279915768914
1.7369280068361461
1.7370530106509599
1.7356779686880093
1.7335529038361768
1.7311778313547166
1.7276777245399335
1.7234275948362683
1.719927488021485
1.7145523239844966
1.7090521561326946
1.7033019806512648
1.6968017822809534
1.6906765953550829
1.6833013702810755
1.6764261604663229
1.6695509506515702
1.6618007141331217
1.6544254890591144
1.6475502792443617
1.6408000732444226
1.6341748710592976
1.627674672688986
1.6217994933927427
1.6159243140964994
1.609424115726188
1.6040489516891996
1.5984237800225838
1.5935486312448501
1.58879848628193
1.5854233832819604
1.5806732383190405
1.5775481429486986
1.5739230323191016
1.5709229407635732
1.567797845393231
1.563422711874752
1.5594225898007141
1.5541724295785393
1.5496722922452468
1.5425470748008667
1.5346718344676047
1.5262965788750877
1.5171713003936889
1.5069209875789666
1.4957956480605488
1.4839202856532487
1.471919919431135
1.4610445875423446
1.452169316690573
1.4465441450239571
1.4462941373943297
1.4510442823572498
1.4632946562089908
1.4807951902829066
1.5069209875789666
1.5411720328379164
1.5845483565782648
1.635549913022248
1.6961767632068852
1.7651788689840389
1.8435562608722191
1.9259337748344372
2.0074362620929596
2.0826885586107977
2.149315591906491
2.2033172399060033
2.241693411053804
2.2638190862758263
2.271944334238716
2.2605689870906707
2.225567918942839
2.174566362498856
2.1111894283883172
2.0380621967223123
1.9586847743156224
1.8758072450941496
1.7928047120578632
1.7121772515030367
1.6384250007629628
1.5719229712820828
1.5166712851344342
1.4714199041718803
1.4355438093203527
1.4104180425428021
1.3930425122837
1.384292245246742
1.3832922147282327
1.3881673635059664
1.3985426801355023
1.414043153172399
1.4309186681722466
1.449669240394299
1.467544785912656
1.484545304727317
1.500045777764214
1.5131711783196509
1.5255465559862058
1.5354218573564866
1.5436721091341898
1.5500473036896878
1.5560474868007448
1.559922605059969
1.5629226966154972
1.5667978148747217
1.5689228797265542
1.5709229407635732
1.5731730094302194
1.5756730857264931
1.5779231543931396
1.580048219244972
1.5835483260597554
1.5866734214300973
1.5886734824671163
1.5920485854670858
1.5954236884670552
1.5985487838373975
1.6019238868373669
1.6057990050965911
1.6096741233558154
1.6139242530594806
1.618549394207587
1.622924527726066
1.6277996765037996
1.6327998290963468
1.6384250007629628
1.6434251533555102
1.6491753288369395
1.654550492873928
1.660550675984985
1.666050843836787
1.6728010498367258
1.6791762443922238
1.6858014465773492
1.6929266640217293
1.6995518662068545
1.706052064577166
1.7133022858363598
1.7200524918362987
1.7269277016510514
1.7339279152806177
1.7411781365398113
1.7486783654286326
1.755553575243385
1.7624287850581377
1.7696790063173315
1.776554216132084
1.7819293801690725
1.7878045594653156
1.7939297463911863
1.7996799218726158
1.8050550859096042
1.809930234687338
1.8153053987243264
1.8199305398724328
1.824555681020539
1.8284307992797633
1.831305887020478
1.8348059938352612
1.8370560625019074
1.8393061311685537
1.8411811883907592
1.8431812494277782
1.8436812646870329
1.8444312875759148
1.844681295205542
1.844306283761101
1.8430562456129642
1.8413061922055727
