1.731427838984344
1.7226775719473861
1.7121772515030367
1.7024269539475692
1.6919266335032197
1.682676351207007
1.6730510574663533
1.66480080568865
1.656550553910947
1.6505503707998903
1.6440501724295786
1.6391750236518448
1.6360499282815029
1.633674855800043
1.6329248329111608
1.6329248329111608
1.634424878688925
1.6371749626148258
1.6413000885036775
1.6458002258369702
1.651050386059145
1.655800531022065
1.6616757103183082
1.66717587817011
1.6719260231330302
1.6764261604663229
1.6796762596514787
1.681551316873684
1.6840513931699574
1.6834263740958892
1.6816763206884975
1.6780512100589007
1.6724260383922849
1.665300820947905
1.6574255806146427
1.6478002868739892
1.638299996948149
1.627674672688986
1.6167993408001955
1.6052989898373364
1.592798608355968
1.5805482345042268
1.568172856837672
1.5552974639118626
1.5410470290231024
1.5259215674306468
1.508421033356731
1.487295388653218
1.4645446943571276
1.4411689809869686
1.4197933286538287
1.401417767876217
1.3924174932096316
1.3944175542466506
1.4142931608020264
1.4551694082461013
1.5196713766899625
1.6069240394299142
1.7149273354289376
1.8374310739463484
1.9658099917600025
2.0834385814996796
2.1738163396099734
2.2196927396465957
2.2225678273873104
2.1750663777581107
2.082063539536729
1.960059816278573
1.8266807458723715
1.6953017365031893
1.5775481429486986
1.4800451673940245
1.4076679586169012
1.3612915433210242
1.3389158604693747
1.3382908413953063
1.353166295358135
1.3775420392468032
1.4071679433576463
1.4381688894314402
1.4680448011719107
1.493670583208716
1.5146712240974152
1.5315467390972626
1.5442971282082585
1.5565475020599995
1.5660477919858395
1.5752980742820522
1.5842983489486373
1.5934236274300364
1.6039239478743859
1.6144242683187355
1.6242995696890163
1.6356749168370617
1.647050263985107
1.6584256111331521
1.6698009582811977
1.6814263130588702
1.6920516373180334
1.7034269844660788
1.7148023316141239
1.7246776329844051
1.735802972502823
1.7450532547990356
1.752428479873043
1.760428724021119
1.7673039338358714
1.7735541245765558
1.7776792504654073
1.7823043916135137
1.7851794793542284
1.7861795098727378
1.7866795251319927
1.7870545365764336
1.7843044526505327
1.781679372539445
1.776679219946898
1.7708040406506547
1.7646788537247842
1.7574286324655906
1.7495533921323283
1.741303140354625
1.7318028504287852
1.7226775719473861
1.712052247688223
1.7026769615771966
1.6929266640217293
1.6831763664662618
1.6738010803552354
1.6656758323923462
1.6576755882442702
1.6503003631702629
1.6448001953184606
1.6398000427259134
1.6367999511703848
1.633549851985229
1.6329248329111608
1.6330498367259743
1.634424878688925
1.637549974059267
1.6411750846888638
1.6455502182073427
1.6506753746147038
1.6563005462813196
1.6614257026886807
1.6663008514664144
1.6718010193182167
1.6758011413922544
1.6794262520218513
1.6823013397625661
1.6829263588366346
1.6840513931699574
1.6818013245033114
1.6783012176885281
1.6723010345774711
1.6656758323923462
1.6573005767998292
1.6489253212073123
1.6385500045777766
1.6281746879482406
1.6171743522446362
1.6059240089114046
1.5937986388744774
1.5815482650227364
1.5684228644672995
1.55554747154149
1.5427970824304942
1.5269215979491562
1.5110461134678184
1.4886704306161689
1.4660447401348917
1.4427940305795466
1.4201683400982696
1.4024177983947264
1.3920424817651906
1.3941675466170234
1.4124181035798211
1.452169316690573
1.515796258430738
1.6024239020966218
1.7090521561326946
1.8306808679464095
1.9593097933896908
2.0786884365367597
2.1693162022766805
2.218317697683645
2.2234428540910063
2.17844148075808
2.087563707388531
1.9665600146488846
1.8326809289834285
1.7011769157994323
1.582048280281991
1.4841702932828762
1.4106680501724296
1.3627915890987885
1.3395408795434431
1.3370408032471695
1.3520412610248116
1.3762920010986663
1.405417889950255
1.4374188665425582
1.4667947630237739
1.492545548875393
1.5136711935789056
1.5311717276528216
1.5435471053193763
1.555922482985931
1.5655477767265848
1.57454805139317
1.5835483260597554
1.5930486159855952
1.6027989135410627
1.6130492263557847
1.623299539170507
1.6352999053926207
1.6468002563554796
1.6575505844294565
1.6694259468367565
1.6809262977996156
1.6915516220587787
1.7030519730216378
1.714427320169683
1.7248026367992186
1.7350529496139409
1.743678212836085
1.7529284951322976
1.7603037202063052
1.7671789300210579
1.7729291055024872
1.7779292580950348
1.7820543839838863
1.784929471724601
1.7861795098727378
1.7866795251319927
1.7868045289468062
1.7846794640949737
1.7808043458357494
1.7764292123172705
1.7710540482802821
1.7641788384655293
1.7576786400952178
1.7491783806878873
1.740928128910184
1.7324278695028534
1.7230525833918273
1.7134272896511735
1.7035519882808923
1.6929266640217293
1.6834263740958892
1.6743010956144901
1.665300820947905
1.6576755882442702
1.6511753898739585
1.6449251991332745
1.6400500503555409
1.6357999206518754
1.6339248634296701
1.6325498214667196
1.6329248329111608
1.634424878688925
1.6370499588000123
1.6404250617999818
1.6464252449110386
1.6503003631702629
1.655800531022065
1.6618007141331217
1.6663008514664144
1.6715510116885892
1.6758011413922544
1.6796762596514787
1.681926328318125
1.6833013702810755
1.6823013397625661
1.6818013245033114
1.677926206244087
1.6734260689107945
1.6656758323923462
1.656925565355388
1.6495503402813807
1.6390500198370312
1.628049684133427
1.6174243598742637
1.6072990508743554
1.5941736503189183
1.5817982726523636
1.5691728873561817
1.555922482985931
1.5425470748008667
1.5274216132084109
1.5099210791344952
1.4890454420606098
1.467544785912656
1.4444190801721244
1.4210433668019655
1.4020427869502854
1.3924174932096316
1.3942925504318369
1.4121680959501939
1.4502942594683677
1.5129211706900234
1.598673787652211
1.7054270455030978
1.8263057344279305
1.9548096560563981
2.0748133182775352
2.1671911374248483
2.2178176824243905
2.224317880794702
2.180566545609912
2.0911888180181277
1.9709351481673634
1.8379310892056033
1.7058020569475387
1.5870484328745385
1.4867953733939634
1.412918118839076
1.3639166234321116
1.3397908871730704
1.3374158146916104
1.3512912381359294
1.375291970580157
1.4050428785058138
1.4365438398388624
1.4647947019867549
1.4915455183568835
1.5129211706900234
1.5296716818750573
1.5439221167638173
1.5550474562822352
1.5647977538377027
1.57454805139317
1.5834233222449416
1.5925486007263405
1.60304892117069
1.6122992034669026
1.6235495468001342
1.6346748863185523
1.6471752677999205
1.6564255500961331
1.6686759239478743
1.6803012787255471
1.6911766106143375
1.702551957762383
1.7135522934659873
1.723927610095523
1.7335529038361768
1.7435532090212715
1.752428479873043
1.7598037049470505
1.7671789300210579
1.7736791283913693
1.7778042542802208
1.781679372539445
1.7844294564653462
1.7864295175023652
1.7868045289468062
1.7861795098727378
1.7843044526505327
1.7809293496505632
1.7763042085024567
1.771429059724723
1.7646788537247842
1.7576786400952178
1.7491783806878873
1.742178167058321
1.7324278695028534
1.7229275795770134
1.714427320169683
1.704177007354961
1.6930516678365428
1.683926389355144
1.6748011108737448
1.666050843836787
1.6576755882442702
1.6513003936887722
1.645050202948088
1.6400500503555409
1.6360499282815029
1.633174840540788
1.6321748100222786
1.6327998290963468
1.6346748863185523
1.6371749626148258
1.6421751152073734
1.644675191503647
1.6505503707998903
1.6555505233924375
1.6615507065034945
1.6665508590960418
1.671176000244148
1.6764261604663229
1.6793012482070377
1.6824263435773796
1.6840513931699574
1.683926389355144
1.6821763359477524
1.6776761986144597
1.673176061281167
1.666050843836787
1.6583006073183386
1.6486753135776848
1.6393000274666587
1.6281746879482406
1.6182993865779596
1.6066740318002868
1.5937986388744774
1.5817982726523636
1.569422894985809
1.5562974944303722
1.5422970671712395
1.5277966246528518
1.509546067690054
1.4895454573198645
1.4674197820978425
1.443294045838801
1.4209183629871518
1.4026678060243538
1.3929175084688865
1.3932925199133275
1.4106680501724296
1.4491692251350443
1.511546128727073
1.5964237189855648
1.7024269539475692
1.8231806390575884
1.9523095797601246
2.073063264870144
2.165691091647084
2.2169426557206946
2.224192876979888
2.182816614276559
2.0935638904995884
1.973560228278451
1.840431165501877
1.707677114169744
1.588423474837489
1.488170415356914
1.4144181646168401
1.364166631061739
1.3395408795434431
1.3357907650990326
1.351041230506302
1.3742919400616473
1.4044178594317454
1.4357938169499802
1.4659197363200782
1.4911705069124424
1.5126711630603962
1.5299216895046848
1.5432970976897489
1.5556724753563036
1.5651727652821437
1.57454805139317
1.5834233222449416
1.5921735892818996
1.6015488753929257
1.61254921109653
1.6230495315408795
1.6350498977629933
1.6458002258369702
1.6570505691702018
1.668800927762688
1.6803012787255471
1.6913016144291515
1.7028019653920103
1.7130522782067326
1.7238026062807095
1.7338029114658042
1.7444282357249672
1.7521784722434155
1.7596787011322368
1.7668039185766167
1.7730541093173011
1.7774292428357799
1.781679372539445
1.7839294412060915
1.7864295175023652
1.78692953276162
1.786554521317179
1.7843044526505327
1.7814293649098176
1.7771792352061526
1.7713040559099094
1.7649288613544114
1.757553636280404
1.7509284340952787
1.7414281441694388
1.7328028809472946
1.7231775872066408
1.7135522934659873
1.703676992095706
1.6935516830957975
1.6838013855403302
1.6745511032441176
1.6661758476516009
1.658550614947966
1.6511753898739585
1.644675191503647
1.6400500503555409
1.6364249397259438
1.633674855800043
1.632299813837092
1.6329248329111608
1.633674855800043
1.636674947355571
1.6409250770592365
1.6449251991332745
1.6499253517258217
1.6555505233924375
1.6610506912442398
1.666425855281228
1.671301004058962
1.675676137577441
1.6793012482070377
1.6818013245033114
1.6835513779107028
1.6836763817255165
1.6820513321329387
1.6780512100589007
1.673176061281167
1.6661758476516009
1.6579255958738974
1.6495503402813807
1.6393000274666587
1.6290497146519365
1.6175493636890774
1.6064240241706595
1.5950486770226142
1.5825482955412458
1.5695478988006226
1.5565475020599995
1.542422070986053
1.5277966246528518
1.5102960905789362
1.4900454725791192
1.4677947935422835
1.4444190801721244
1.4215433820612202
1.4029178136539813
1.3927925046540726
1.3936675313577687
1.4102930387279886
1.4484192022461622
1.51042109439375
1.5952986846522417
1.700551896725364
1.8216805932798243
1.9504345225379192
2.070938200018311
2.1643160496841336
2.216817651905881
2.224192876979888
2.183191625721
2.0949389324625387
1.9764353160191657
1.842431226538896
1.7099271828363902
1.589923520615253
1.4899204687643055
1.4146681722464676
1.3647916501358075
1.3401658986175116
1.3376658223212379
1.3507912228766747
1.3742919400616473
1.4040428479873044
1.435918820764794
1.465169713431196
1.4911705069124424
1.5126711630603962
1.5297966856898708
1.5432970976897489
1.5552974639118626
1.5649227576525162
1.5746730552079835
1.5830483108005005
1.5921735892818996
1.6024239020966218
1.6127992187261575
1.623299539170507
1.6349248939481797
1.6456752220221567
1.6571755729850153
1.6689259315775018
1.6800512710959197
1.6916766258735922
1.7030519730216378
1.7138023010956145
1.723927610095523
1.733427900021363
1.743803216650899
1.7528034913174841
1.7596787011322368
1.7668039185766167
1.7728041016876737
1.7774292428357799
1.7815543687246316
1.78455446028016
1.786554521317179
1.7870545365764336
1.7871795403912474
1.7843044526505327
1.7809293496505632
1.776679219946898
1.7711790520950956
1.7646788537247842
1.7579286477248453
1.7505534226508377
1.7415531479842525
1.7324278695028534
1.7233025910214546
1.7133022858363598
1.7033019806512648
1.6928016602069156
1.6838013855403302
1.6743010956144901
1.6656758323923462
1.6584256111331521
1.6515504013183995
1.6448001953184606
1.6401750541703544
1.635924924466689
1.6334248481704154
1.6325498214667196
1.6329248329111608
1.6341748710592976
1.6365499435407576
1.6404250617999818
1.6456752220221567
1.6500503555406356
1.6556755272072514
1.6613006988738672
1.6663008514664144
1.6710509964293345
1.675551133762627
1.6798012634662924
1.6823013397625661
1.6828013550218206
1.6836763817255165
1.6821763359477524
1.6778012024292734
1.673176061281167
1.6663008514664144
1.6580505996887114
1.6486753135776848
1.639550035096286
1.6277996765037996
1.6176743675038912
1.6062990203558458
1.5939236426892909
1.58167326883755
1.569422894985809
1.5562974944303722
1.542047059541612
1.5274216132084109
1.5106711020233772
1.4899204687643055
1.4674197820978425
1.4446690878017519
1.4214183782464065
1.4032928250984222
1.3930425122837
1.3936675313577687
1.4111680654316843
1.4494192327646718
1.511546128727073
1.5965487228003785
1.7024269539475692
1.8240556657612843
1.952559587389752
2.0728132572405165
2.165316080202643
2.2175676747947635
2.2240678731650747
2.1823165990173043
2.093188879055147
1.9730602130191963
1.8396811426129949
1.7074271065401168
1.5876734519486069
1.4887954344309824
1.4136681417279582
1.3644166386913665
1.339915890987884
1.337290810876797
1.351041230506302
1.375166966765343
1.4046678670613728
1.4355438093203527
1.4649197058015686
1.4920455336161382
1.51279616687521
1.5304217047639395
1.5432970976897489
1.5554224677266761
1.56504776146733
1.5737980285042878
1.5830483108005005
1.5925486007263405
1.6020488906521806
1.61254921109653
1.6239245582445754
1.6350498977629933
1.6461752372814111
1.6571755729850153
1.6685509201330608
1.6801762749107334
1.691426618243965
1.7019269386883145
1.7134272896511735
1.7240526139103367
1.7336779076509903
1.7439282204657125
1.752053468428602
1.7589286782433546
1.7665539109469892
1.7731791131321146
1.7771792352061526
1.7815543687246316
1.7848044679097874
1.78692953276162
1.7864295175023652
1.7860545060579243
1.7844294564653462
1.7808043458357494
1.7763042085024567
1.7716790673543503
1.764803857539598
1.757553636280404
1.750053407391583
1.741678151799066
1.732677877132481
1.7234275948362683
1.7135522934659873
1.7031769768364513
1.693801690725425
1.6838013855403302
1.675176122318186
1.6659258400219734
1.658550614947966
1.6515504013183995
1.6445501876888333
1.6400500503555409
1.635924924466689
1.633549851985229
1.6320498062074649
1.6327998290963468
1.634424878688925
1.6365499435407576
1.6404250617999818
1.6454252143925292
1.6504253669850764
1.6553005157628102
1.6611756950590533
1.666050843836787
1.6715510116885892
1.6759261452070682
1.6791762443922238
1.6820513321329387
1.6831763664662618
1.6835513779107028
1.6820513321329387
1.6783012176885281
1.6729260536515398
1.6659258400219734
1.6580505996887114
1.6491753288369395
1.6394250312814722
1.628424695577868
1.6176743675038912
1.6064240241706595
1.5945486617633595
1.5817982726523636
1.5700479140598773
1.556672505874813
1.5426720786156805
1.5280466322824793
1.5106711020233772
1.4910455030976288
1.4682948088015382
1.4446690878017519
1.4220433973204747
1.4029178136539813
1.3930425122837
1.3935425275429547
1.4104180425428021
1.448169194616535
1.510796105838191
1.5945486617633595
1.7008019043549913
1.8214305856501969
1.9495594958342235
2.070188177129429
2.1648160649433885
2.21644264046144
2.22494289986877
2.1836916409802547
2.0960639667958616
1.9764353160191657
1.8430562456129642
1.7110522171697136
1.590798547318949
1.4906704916531877
1.4151681875057223
1.3655416730246894
1.340415906247139
1.337290810876797
1.350666219061861
1.3739169286172064
1.4031678212836085
1.4351687978759118
1.4639196752830592
1.4906704916531877
1.5124211554307687
1.5292966704306161
1.5431720938749351
1.5550474562822352
1.5645477462080752
1.5732980132450332
1.5830483108005005
1.5921735892818996
1.6025489059114353
1.6120491958372754
1.6231745353556932
1.6345498825037386
1.6451752067629017
1.6575505844294565
1.6685509201330608
1.6809262977996156
1.691051606799524
1.701801934873501
1.7135522934659873
1.7231775872066408
1.7336779076509903
1.7429281899472029
1.7521784722434155
1.7593036896877956
1.7668039185766167
1.7731791131321146
1.7774292428357799
1.7811793572801906
1.7843044526505327
1.786554521317179
1.7868045289468062
1.7868045289468062
1.7841794488357188
1.7814293649098176
1.7769292275765252
1.771804071169164
1.7654288766136663
1.7580536515396588
1.7510534379100926
1.7419281594286935
1.7331778923917356
1.7231775872066408
1.7135522934659873
1.7038019959105197
1.6936766869106112
1.6844264046143986
1.6749261146885588
1.6663008514664144
1.6576755882442702
1.6515504013183995
1.645050202948088
1.6405500656147955
1.6371749626148258
1.6334248481704154
1.6321748100222786
1.6326748252815333
1.6337998596148564
1.6367999511703848
1.6405500656147955
1.6451752067629017
1.6500503555406356
1.6551755119479965
1.6604256721701711
1.6663008514664144
1.6706759849848933
1.675676137577441
1.6790512405774103
1.681551316873684
1.683926389355144
1.6836763817255165
1.6823013397625661
1.6785512253181556
1.673176061281167
1.6658008362071597
1.658550614947966
1.6496753440961944
1.639925046540727
1.629299722281564
1.6184243903927733
1.6076740623187964
1.595173680837428
1.5830483108005005
1.5704229255043185
1.5574225287636951
1.5436721091341898
1.5287966551713614
1.5112961210974456
1.491295510727256
1.4697948545793025
1.4455441145054475
1.4227934202093568
1.4040428479873044
1.3934175237281412
1.3931675160985137
1.4086679891354106
1.445794122135075
1.5059209570604573
1.5891734977263712
1.6935516830957975
1.8135553453169349
1.9416842555009612
2.0635629749443036
2.1589408856471453
2.214567583239235
2.22494289986877
2.187441755424665
2.1023141575365463
1.9846855677968689
1.8519315164647359
1.7189274575029754
1.5984237800225838
1.4965456709494307
1.419668324839015
1.3684167607654043
1.3414159367656484
1.336415784173101
1.348791161839656
1.3722918790246283
1.4012927640614032
1.433043733024079
1.4626696371349224
1.4886704306161689
1.511921140171514
1.528671651356548
1.5417970519119846
1.5534224066896571
1.564172734763634
1.5732980132450332
1.5815482650227364
1.5914235663930174
1.6019238868373669
1.6116741843928344
1.6221745048371838
1.6334248481704154
1.6455502182073427
1.6563005462813196
1.667675893429365
1.6793012482070377
1.6900515762810144
1.7015519272438735
1.7126772667622914
1.7231775872066408
1.732677877132481
1.742553178502762
1.751178441724906
1.7593036896877956
1.766303903317362
1.771804071169164
1.7776792504654073
1.7810543534653769
1.7843044526505327
1.785679494613483
1.7866795251319927
1.7863045136875517
1.7850544755394149
1.7815543687246316
1.7774292428357799
1.7725540940580462
1.7653038727988526
1.7585536667989135
1.7509284340952787
1.7424281746879482
1.7338029114658042
1.7249276406140324
1.7156773583178198
1.7044270149845882
1.6948017212439344
1.6854264351329082
1.6758011413922544
1.667675893429365
1.6591756340220343
1.6520504165776544
1.6454252143925292
1.6404250617999818
1.6361749320963164
1.633549851985229
1.6321748100222786
1.6326748252815333
1.6337998596148564
1.63629993591113
1.6398000427259134
1.6455502182073427
1.6495503402813807
1.6546754966887418
1.660550675984985
1.66480080568865
1.670800988799707
1.675176122318186
1.678676229132969
1.6805512863551746
1.6835513779107028
1.6838013855403302
1.6824263435773796
1.678676229132969
1.6739260841700492
1.667300881984924
1.658925626392407
1.6506753746147038
1.640675069429609
1.6302997528000733
1.6194244209112827
1.6082990813928648
1.5960487075411238
1.584423352763451
1.5712979522080142
1.5584225592822047
1.5451721549119541
1.5304217047639395
1.5140462050233467
1.493670583208716
1.4709198889126254
1.4475441755424665
1.4249184850611898
1.4055428937650685
1.3934175237281412
1.3922924893948179
1.4067929319132053
1.4420440076906644
1.500420789208655
1.5815482650227364
1.6849264198736535
1.8045550706503495
1.9331839960936308
2.0548127079073457
2.153065706350902
2.2121925107577747
2.226692953276162
2.1920668965727717
2.1104394054994353
1.9940608539078952
1.861431806390576
1.7280527359843745
1.6062990203558458
1.5030458693197426
1.4239184545426802
1.3710418408764915
1.342415967284158
1.3365407879879148
1.3474161198767052
1.3704168218024233
1.3997927182836392
1.4302936490981781
1.4605445722830899
1.487420392468032
1.5096710715048678
1.5276716208380383
1.5414220404675436
1.5529223914304024
1.563422711874752
1.5726729941709647
1.5817982726523636
1.590798547318949
1.6004238410596028
1.6109241615039522
1.6211744743186742
1.6325498214667196
1.6444251838740198
1.6560505386516924
1.6669258705404828
1.677926206244087
1.689426557206946
1.7006769005401776
1.7119272438734092
1.7224275643177587
1.73230286568804
1.7423031708731347
1.7505534226508377
1.758803674428541
1.7656788842432936
1.771804071169164
1.7771792352061526
1.7810543534653769
1.7843044526505327
1.7863045136875517
1.7864295175023652
1.7870545365764336
1.7848044679097874
1.781679372539445
1.7774292428357799
1.772179082613605
1.7660538956877345
1.7590536820581684
1.7519284646137883
1.743303201391644
1.734302926725059
1.7254276558732873
1.7154273506881925
1.7051770378734703
1.6955517441328165
1.685926450392163
1.675676137577441
1.667675893429365
1.6596756492812892
1.6528004394665363
1.6461752372814111
1.6411750846888638
1.6374249702444532
1.634299874874111
1.6326748252815333
1.6325498214667196
1.6339248634296701
1.6365499435407576
1.6400500503555409
1.6434251533555102
1.6493003326517535
1.6549255043183693
1.659800653096103
1.6646758018738366
1.6704259773552659
1.6750511185033723
1.678676229132969
1.6810513016144293
1.6834263740958892
1.6835513779107028
1.682676351207007
1.678676229132969
1.6745511032441176
1.6670508743552965
1.659800653096103
1.6509253822443313
1.64105008087405
1.6306747642445143
1.6197994323557239
1.6087990966521197
1.596673726615192
1.584423352763451
1.5722979827265235
1.5585475630970183
1.5459221778008363
1.5310467238380079
1.5137961973937193
1.4944206060975982
1.4725449385052034
1.4491692251350443
1.4256685079500717
1.4061679128391371
1.3936675313577687
1.3924174932096316
1.405792901394696
1.4395439313943907
1.4966706747642446
1.5770481276894437
1.6791762443922238
1.797554857020783
1.925183751945555
2.048937528611103
2.149065584276864
2.210317453535569
2.2265679494613484
2.1951919919431133
2.116064577166051
2.000811059907834
1.8694320505386517
1.7351779534287546
1.6130492263557847
1.5079210180974763
1.427918576616718
1.3735419171727652
1.3434159978026674
1.3367907956175422
1.346791100802637
1.3690417798394727
1.397417645802179
1.4292936185796687
1.459169530320139
1.4859203466902677
1.5089210486159856
1.526671590319529
1.5404220099490342
1.552672383800775
1.5629226966154972
1.5722979827265235
1.5811732535782954
1.590423535874508
1.6002988372447888
1.6104241462446975
1.6206744590594195
1.6330498367259743
1.643925168614765
1.6541754814294871
1.6661758476516009
1.677551194799646
1.6885515305032504
1.699801873836482
1.710427198095645
1.7220525528733177
1.7318028504287852
1.74180315561388
1.7499284035767695
1.7578036439100315
1.7653038727988526
1.771429059724723
1.776554216132084
1.780179326761681
1.7846794640949737
1.7858044984282968
1.786554521317179
1.7870545365764336
1.7851794793542284
1.7815543687246316
1.778179265724662
1.7728041016876737
1.7664289071321757
1.759553697317423
1.7523034760582294
1.7444282357249672
1.7348029419843134
1.7255526596881008
1.7160523697622607
1.7059270607623525
1.6955517441328165
1.6864264656514176
1.6769261757255778
1.6685509201330608
1.6596756492812892
1.6533004547257912
1.6463002410962249
1.64105008087405
1.6371749626148258
1.634299874874111
1.6330498367259743
1.6321748100222786
1.633674855800043
1.6360499282815029
1.6393000274666587
1.643925168614765
1.6489253212073123
1.6541754814294871
1.659800653096103
1.664925809503464
1.6698009582811977
1.6745511032441176
1.6790512405774103
1.6811763054292428
1.6835513779107028
1.6836763817255165
1.6825513473921934
1.6793012482070377
1.6746761070589313
1.6686759239478743
1.6599256569109164
1.6516754051332134
1.6425501266518143
1.631674794763024
1.6210494705038605
1.6095491195410014
1.5980487685781428
1.5865484176152838
1.5737980285042878
1.560672627948851
1.5467972045045322
1.5321717581713308
1.515921262245552
1.495670644245735
1.4740449842829677
1.4504192632831812
1.427918576616718
1.4079179662465284
1.3949175695059055
1.3915424665059357
1.4041678518021181
1.4352938016907255
1.4901704763939327
1.5679228492080448
1.6694259468367565
1.7861795098727378
1.912933378093814
2.0374371776482434
2.141565355388043
2.2059423200170905
2.226817957090976
2.2005671559801017
2.124439832758568
2.012686422315134
1.881557420575579
1.7481783501693777
1.6234245429853207
1.5170462965788751
1.4344187749870296
1.3770420239875485
1.3456660664693136
1.3362907803582873
1.3454160588396862
1.3667917111728265
1.394667561876278
1.425543504135258
1.4566694540238656
1.4841702932828762
1.5061709646900845
1.5247965330973237
1.5394219794305246
1.5512973418378246
1.561922666096988
1.5711729483932007
1.5805482345042268
1.5894235053559984
1.5992988067262794
1.6091741080965607
1.6201744438001648
1.6310497756889553
1.6420501113925596
1.6536754661702324
1.6651758171330913
1.6764261604663229
1.688301522873623
1.6995518662068545
1.7101771904660177
1.7213025299844356
1.7311778313547166
1.740928128910184
1.7493033845027008
1.757553636280404
1.764803857539598
1.7706790368358412
1.7759291970580158
1.7810543534653769
1.7840544450209053
1.7859295022431105
1.786554521317179
1.7866795251319927
1.7853044831690421
1.782929410687582
1.7780542619098483
1.773429120761742
1.7670539262062441
1.7603037202063052
1.7523034760582294
1.7441782280953397
1.735802972502823
1.726302682576983
1.7169273964659566
1.7068020874660481
1.6968017822809534
1.687051484725486
1.677551194799646
1.6684259163182469
1.660550675984985
1.6533004547257912
1.6468002563554796
1.6413000885036775
1.6374249702444532
1.6340498672444839
1.6325498214667196
1.6325498214667196
1.6334248481704154
1.635924924466689
1.6393000274666587
1.6435501571703237
1.6484253059480574
1.6536754661702324
1.6595506454664755
1.66480080568865
1.6695509506515702
1.6744260994293039
1.6783012176885281
1.6814263130588702
1.6831763664662618
1.6838013855403302
1.6828013550218206
1.6796762596514787
1.6744260994293039
1.6683009125034334
1.660550675984985
1.6520504165776544
1.642675130466628
1.6321748100222786
1.6214244819483017
1.609799127170629
1.59829877620777
1.5867984252449112
1.5737980285042878
1.560672627948851
1.5470472121341592
1.5324217658009582
1.516296273689993
1.496045655690176
1.4752950224311043
1.451669301431318
1.4281685842463454
1.4081679738761559
1.3945425580614643
1.3921674855800044
1.4032928250984222
1.434668782616657
1.489420453505051
1.5665478072450942
1.666800866725669
1.7835544297616506
1.910933317056795
2.0363121433149205
2.1393152867213967
2.205817316202277
2.226817957090976
2.201317178868984
2.12618988616596
2.013686452833644
1.882807458723716
1.7494283883175148
1.6246745811334575
1.5186713461714532
1.4349187902462845
1.377667043061617
1.3452910550248727
1.3365407879879148
1.345166051210059
1.3661666920987579
1.394667561876278
1.4265435346537676
1.4562944425794244
1.4839202856532487
1.5061709646900845
1.5249215369121372
1.5395469832453383
1.5514223456526384
1.5614226508377331
1.5710479445783867
1.5802982268745993
1.5896735129856259
1.5992988067262794
1.609799127170629
1.6199244361705374
1.631174779503769
1.6425501266518143
1.653800469985046
1.6651758171330913
1.6766761680959503
1.6874264961699272
1.698926847132786
1.7101771904660177
1.7210525223548083
1.7316778466139713
1.740928128910184
1.7499284035767695
1.757553636280404
1.7650538651692254
1.7711790520950956
1.776179204687643
1.7811793572801906
1.7839294412060915
1.7861795098727378
1.786554521317179
1.78692953276162
1.7853044831690421
1.7819293801690725
1.7784292733542895
1.7739291360209968
1.7670539262062441
1.7599287087618642
1.7526784875026704
1.7444282357249672
1.7356779686880093
1.725927671132542
1.7168023926511429
1.7058020569475387
1.6968017822809534
1.686676473281045
1.6773011871700187
1.6685509201330608
1.660550675984985
1.6529254432813503
1.647050263985107
1.6421751152073734
1.637549974059267
1.634424878688925
1.6327998290963468
1.6327998290963468
1.6337998596148564
1.6356749168370617
1.639550035096286
1.643925168614765
1.6484253059480574
1.6536754661702324
1.6594256416516617
1.6650508133182775
1.6695509506515702
1.6745511032441176
1.6783012176885281
1.6808012939848018
1.6833013702810755
1.683926389355144
1.6829263588366346
1.6794262520218513
1.6749261146885588
1.668800927762688
1.6608006836146123
1.6516754051332134
1.6424251228370008
1.6319248023926511
1.6217994933927427
1.61017413861507
1.5984237800225838
1.5862984099856563
1.5735480208746606
1.56029761650441
1.5467972045045322
1.532546769615772
1.5164212775048067
1.4969206823938719
1.474294991912595
1.451794305246132
1.4285435956907866
1.407792962431715
1.3945425580614643
1.3917924741355632
1.4031678212836085
1.434293771172216
1.488545426801355
1.5666728110599077
1.6661758476516009
1.7833044221320231
1.9103082979827266
2.035437116611225
2.1390652790917692
2.2054423047578355
2.227192968535417
2.201942197943053
2.126439893795587
2.0149364909817806
1.8840574968718529
1.7501784112063965
1.625674611651967
1.5185463423566392
1.4354188055055392
1.3781670583208716
1.3454160588396862
1.33604077272866
1.3445410321359905
1.3660416882839443
1.3941675466170234
1.4256685079500717
1.4559194311349835
1.4831702627643666
1.5061709646900845
1.52467152928251
1.5392969756157109
1.5512973418378246
1.561922666096988
1.5716729636524553
1.580048219244972
1.5892985015411847
1.5992988067262794
1.6089241004669332
1.6197994323557239
1.6309247718741418
1.6425501266518143
1.6536754661702324
1.665300820947905
1.6765511642811366
1.6878015076143682
1.698926847132786
1.7098021790215767
1.7208025147251809
1.7311778313547166
1.7411781365398113
1.7494283883175148
1.7573036286507766
1.7646788537247842
1.771429059724723
1.7755541856135748
1.7804293343913085
1.7839294412060915
1.7853044831690421
1.786554521317179
1.7868045289468062
1.7855544907986696
1.782554399243141
1.7783042695394757
1.77267909787286
1.7669289223914304
1.7603037202063052
1.7529284951322976
1.744553239539781
1.7356779686880093
1.7260526749473555
1.7165523850215156
1.706927091280862
1.6964267708365124
1.6871764885402998
1.677551194799646
1.6686759239478743
1.6606756797997986
1.6539254737998597
1.6469252601702933
1.6414250923184912
1.6372999664296397
1.6341748710592976
1.6320498062074649
1.6325498214667196
1.6340498672444839
1.6356749168370617
1.6391750236518448
1.6435501571703237
1.6485503097628713
1.6539254737998597
1.6593006378368482
1.6646758018738366
1.6701759697256386
1.6740510879848627
1.6781762138737144
1.6813013092440567
1.6829263588366346
1.6838013855403302
1.6829263588366346
1.679551255836665
1.6753011261329998
1.6685509201330608
1.6606756797997986
1.6519254127628407
1.6429251380962555
1.6321748100222786
1.6215494857631152
1.6111741691335797
1.59829877620777
1.5866734214300973
1.5739230323191016
1.5614226508377331
1.547547227393414
1.5332967925046541
1.5170462965788751
1.4970456862086856
1.4756700338755455
1.452544328135014
1.4290436109500413
1.4090430005798518
1.3954175847651602
1.3915424665059357
1.4022927945799126
1.4334187444685202
1.4864203619495224
1.563422711874752
1.6621757255775629
1.778679280983917
1.9059331644642477
2.031436994537187
2.1358151799066136
2.2035672475356303
2.2265679494613484
2.2039422589800712
2.1306900234992523
2.0198116397595145
1.8894326609088412
1.755553575243385
1.630049745170446
1.5236714987640003
1.4381688894314402
1.3799171117282631
1.3457910702841274
1.3362907803582873
1.344666035950804
1.3652916653950622
1.3931675160985137
1.4241684621723076
1.4544193853572192
1.4821702322458572
1.5052959379863888
1.5239215063936278
1.53892196417127
1.5509223303933837
1.5615476546525469
1.5704229255043185
1.579673207800531
1.5895485091708121
1.5989237952818385
1.6086740928373058
1.6191744132816552
1.630799768059328
1.641925107577746
1.6530504470961638
1.6645507980590228
1.6760511490218817
1.6868014770958586
1.6985518356883451
1.7098021790215767
1.7201774956511124
1.730302804651021
1.740553117465743
1.7491783806878873
1.7570536210211494
1.7644288460951567
1.769929013946959
1.776179204687643
1.7804293343913085
1.7840544450209053
1.7858044984282968
1.7868045289468062
1.786554521317179
1.7850544755394149
1.7831794183172094
1.7784292733542895
1.7735541245765558
1.7669289223914304
1.7606787316507462
1.7538035218359938
1.744553239539781
1.7361779839472642
1.7265526902066104
1.7169273964659566
1.7070520950956756
1.698176824243904
1.6873014923551135
1.6784262215033416
1.668800927762688
1.660925687429426
1.653800469985046
1.6473002716147345
1.641925107577746
1.6376749778740807
1.6339248634296701
1.6325498214667196
1.6326748252815333
1.633549851985229
1.6357999206518754
1.6391750236518448
1.6431751457258827
1.6480502945036166
1.6535504623554185
1.6599256569109164
1.6641757866145819
1.669175939207129
1.6741760917996766
1.677926206244087
1.6810513016144293
1.683051362651448
1.6836763817255165
1.6825513473921934
1.6798012634662924
1.675176122318186
1.668800927762688
1.6610506912442398
1.6526754356517228
1.643050141911069
1.6325498214667196
1.6216744895779291
1.6110491653187657
1.598798791467025
1.5870484328745385
1.5741730399487288
1.5614226508377331
1.5477972350230413
1.5337968077639088
1.5172963042085024
1.4982957243568225
1.4764200567644277
1.4532943510238958
1.4301686452833644
1.4096680196539202
1.3954175847651602
1.3914174626911222
1.4019177831354717
1.4316686910611285
1.4844203009125034
1.5615476546525469
1.6593006378368482
1.7755541856135748
1.9026830652790918
2.0288119144260994
2.1339401226844084
2.2038172551652577
2.226817957090976
2.2041922666096987
2.1316900540177617
2.0221867122409742
1.8918077333903012
1.7578036439100315
1.6319248023926511
1.5239215063936278
1.4395439313943907
1.380417126987518
1.3472911160618917
1.3366657918027283
1.3441660206915493
1.3647916501358075
1.3927925046540726
1.4245434736167486
1.4542943815424054
1.4819202246162297
1.505170934171575
1.5239215063936278
1.53892196417127
1.5509223303933837
1.5615476546525469
1.5710479445783867
1.57929819635609
1.588423474837489
1.598673787652211
1.6084240852076785
1.6195494247260964
1.6306747642445143
1.64105008087405
1.6535504623554185
1.6644257942442091
1.675676137577441
1.6869264809106725
1.6980518204290902
1.708802148503067
1.7203024994659262
1.7296777855769523
1.7400531022064882
1.7493033845027008
1.756803613391522
1.7641788384655293
1.7709290444654684
1.7755541856135748
1.7804293343913085
1.783679433576464
1.7859295022431105
1.7868045289468062
1.7866795251319927
1.784929471724601
1.7824293954283272
1.778179265724662
1.7745541550950652
1.7671789300210579
1.76080373546556
1.7530534989471116
1.7451782586138493
1.7361779839472642
1.7265526902066104
1.717177404095584
1.707677114169744
1.6969267860957673
1.6880515152439954
1.6780512100589007
1.6686759239478743
1.6613006988738672
1.6536754661702324
1.6468002563554796
1.6414250923184912
1.6374249702444532
1.6349248939481797
1.6327998290963468
1.6326748252815333
1.6332998443556017
1.6356749168370617
1.6389250160222175
1.6435501571703237
1.6484253059480574
1.654550492873928
1.6594256416516617
1.6645507980590228
1.669175939207129
1.6739260841700492
1.677551194799646
1.6814263130588702
1.6834263740958892
1.6841763969847714
1.6824263435773796
1.679551255836665
1.6749261146885588
1.6689259315775018
1.6608006836146123
1.6528004394665363
1.643050141911069
1.632424817651906
1.6221745048371838
1.6107991576891385
1.599173802911466
1.5870484328745385
1.5744230475783563
1.5616726584673606
1.5477972350230413
1.5341718192083498
1.517796319467757
1.497670705282754
1.4765450605792412
1.4534193548387098
1.429918637653737
1.4091680043946653
1.3952925809503465
1.3915424665059357
1.40254280220954
1.4317936948759424
1.48429529709769
1.56029761650441
1.6586756187627796
1.7751791741691336
1.901808038575396
2.02781188390759
2.1341901303140354
2.202567217017121
2.2269429609057894
2.2051922971282085
2.1334401074251534
2.0231867427594836
1.8933077791680655
1.7600537125766778
1.6341748710592976
1.5251715445417646
1.4407939695425276
1.381542161320841
1.3470411084322642
1.33604077272866
1.3439160130619219
1.36454164250618
1.3920424817651906
1.423543443098239
1.4537943662831507
1.4815452131717888
1.5047959227271341
1.5236714987640003
1.538046937467574
1.5502973113193153
1.561047639393292
1.5709229407635732
1.579673207800531
1.5890484939115572
1.5980487685781428
1.6086740928373058
1.618924405652028
1.6302997528000733
1.6414250923184912
1.6531754509109775
1.6641757866145819
1.675551133762627
1.6865514694662314
1.6980518204290902
1.7086771446882534
1.7205525070955536
1.7299277932065797
1.7400531022064882
1.7488033692434461
1.756428601947081
1.7644288460951567
1.7706790368358412
1.775429181798761
1.780554338206122
1.7838044373912778
1.7860545060579243
1.78692953276162
1.7868045289468062
1.7854294869838556
1.7819293801690725
1.7788042847987304
1.7740541398358105
1.7676789452803126
1.76080373546556
1.7539285256508073
1.7448032471694084
1.736552995391705
1.7274277169103063
1.7174274117252115
1.7074271065401168
1.6975518051698355
1.6874264961699272
1.6778012024292734
1.6698009582811977
1.6613006988738672
1.653800469985046
1.6478002868739892
1.6423001190221869
1.6376749778740807
1.6340498672444839
1.6325498214667196
1.632299813837092
1.6337998596148564
1.6360499282815029
1.6393000274666587
1.643050141911069
1.6476752830591754
1.6535504623554185
1.6586756187627796
1.6638007751701407
1.6690509353923155
1.6740510879848627
1.6780512100589007
1.680676290169988
1.6833013702810755
1.6840513931699574
1.6828013550218206
1.6801762749107334
1.675676137577441
1.669300943021943
1.6616757103183082
1.6535504623554185
1.6435501571703237
1.6325498214667196
1.6230495315408795
1.611424176763207
1.5997988219855341
1.5876734519486069
1.5752980742820522
1.5620476699118016
1.5477972350230413
1.5344218268379772
1.5180463270973845
1.4990457472457046
1.4774200872829373
1.454169377727592
1.4309186681722466
1.410543046357616
1.3961676076540421
1.3917924741355632
1.4012927640614032
1.4297936338389234
1.4821702322458572
1.5569225135044404
1.654550492873928
1.769929013946959
1.8964328745384076
2.0223117160557877
2.129689992980743
2.2003171483504746
2.227192968535417
2.206567339091159
2.1373152256843775
2.0279368877224035
1.8988079470198675
1.7649288613544114
1.6384250007629628
1.5291716666158026
1.4431690420239875
1.3834172185430464
1.3474161198767052
1.3362907803582873
1.3436660054322949
1.3635416119876704
1.3907924436170536
1.4217933896908477
1.4520443128757592
1.4797951597643972
1.504045899838252
1.5229214758751182
1.537671926023133
1.5501723075045015
1.5609226355784784
1.5704229255043185
1.5802982268745993
1.5882984710226753
1.5977987609485154
1.6079240699484236
1.6187994018372145
1.630049745170446
1.6409250770592365
1.6528004394665363
1.6638007751701407
1.675676137577441
1.6860514542069764
1.697801812799463
1.7094271675771355
1.7196774803918575
1.7300527970213935
1.7399280983916745
1.7484283577990052
1.7561785943174535
1.763928830835902
1.7703040253914
1.7751791741691336
1.7800543229468673
1.7835544297616506
1.785679494613483
1.786554521317179
1.7873045442060609
1.7850544755394149
1.782554399243141
1.778554277169103
1.7739291360209968
1.76792895290994
1.7613037507248146
1.754428540910062
1.7458032776879178
1.7366779992065189
1.7280527359843745
1.7181774346140937
1.7083021332438124
1.6985518356883451
1.6880515152439954
1.678676229132969
1.669675954466384
1.6618007141331217
1.6544254890591144
1.6478002868739892
1.6420501113925596
1.6380499893185219
1.6349248939481797
1.6329248329111608
1.6325498214667196
1.633549851985229
1.6354249092074344
1.6385500045777766
1.6433001495406965
1.6478002868739892
1.653800469985046
1.658925626392407
1.6644257942442091
1.6685509201330608
1.673676076540422
1.6776761986144597
1.6805512863551746
1.683051362651448
1.6833013702810755
1.6829263588366346
1.679926267281106
1.6761761528366956
1.669675954466384
1.6615507065034945
1.6536754661702324
1.6440501724295786
1.6339248634296701
1.6231745353556932
1.612174199652089
1.6001738334299753
1.588423474837489
1.5761731009857478
1.5629226966154972
1.5489222693563647
1.534546830652791
1.5191713614307079
1.500045777764214
1.479045136875515
1.4562944425794244
1.4321687063203834
1.4110430616168708
1.3964176152836694
1.3914174626911222
1.3997927182836392
1.427543565172277
1.4775450910977508
1.5517973570970793
1.6479252906888027
1.7629288003173924
1.8888076418347728
2.0154365062410355
2.123939817499313
2.1971920529801325
2.226317941831721
2.209692434461501
2.1429403973509933
2.036062135685293
1.9070581987975708
1.7730541093173011
1.6454252143925292
1.535671864986114
1.4479191869869077
1.3860422986541339
1.3495411847285377
1.33604077272866
1.342790978728599
1.3616665547654654
1.3892923978392897
1.4199183324686422
1.4504192632831812
1.4789201330607014
1.5022958464308604
1.52229645680105
1.536921903134251
1.5490472731711782
1.559797601245155
1.570172917874691
1.5786731772820215
1.587298440504166
1.5974237495040742
1.607424054689169
1.6182993865779596
1.6290497146519365
1.6401750541703544
1.6515504013183995
1.6631757560960723
1.6740510879848627
1.6851764275032808
1.6970517899105808
1.708177129428999
1.7191774651326028
1.7293027741325113
1.7389280678731651
1.747678334910123
1.7563035981322672
1.7630538041322064
1.7700540177617725
1.7748041627246927
1.7798043153172398
1.7834294259468366
1.786554521317179
1.78692953276162
1.7868045289468062
1.7858044984282968
1.7826794030579547
1.778679280983917
1.7750541703543201
1.7685539719840082
1.7616787621692556
1.754428540910062
1.746053285317545
1.7370530106509599
1.728302743614002
1.7185524460585346
1.7090521561326946
1.6985518356883451
1.689051545762505
1.6794262520218513
1.6704259773552659
1.6621757255775629
1.6550505081331828
1.6484253059480574
1.643050141911069
1.638299996948149
1.6352999053926207
1.6327998290963468
1.6326748252815333
1.6329248329111608
1.6349248939481797
1.638299996948149
1.6429251380962555
1.6469252601702933
1.6521754203924681
1.6583006073183386
1.662925748466445
1.6685509201330608
1.673676076540422
1.6778012024292734
1.6809262977996156
1.6829263588366346
1.6845514084292124
1.6828013550218206
1.6811763054292428
1.6764261604663229
1.6695509506515702
1.6625507370220038
1.6544254890591144
1.6449251991332745
1.6345498825037386
1.6244245735038303
1.61254921109653
1.6012988677632984
1.5889234900967437
1.57692312387463
1.5636727195043794
1.5505473189489425
1.5359218726157415
1.5204213995788447
1.5014208197271646
1.4804201788384654
1.4571694692831203
1.4332937406537065
1.4130431226538895
1.3977926572466202
1.3912924588763085
1.399042695394757
1.4249184850611898
1.4732949613940856
1.5457971739860226
1.6396750389110997
1.7530534989471116
1.878432325205237
2.006686239204077
2.116939603869747
2.193066927091281
2.2260679342020935
2.2131925412762845
2.1496906033509324
2.0454374217963194
1.9175585192419202
1.782929410687582
1.6555505233924375
1.5427970824304942
1.453669362468337
1.3904174321726128
1.351041230506302
1.3369157994323557
1.3409159215063937
1.35979149754326
1.3870423291726433
1.417293252357555
1.4486692098757896
1.4772950834681233
1.501170812097537
1.5207964110232857
1.536921903134251
1.5480472426526688
1.5589225745414594
1.5686728720969267
1.5781731620227668
1.5871734366893522
1.5969237342448195
1.6060490127262186
1.6167993408001955
1.6285496993926818
1.639925046540727
1.6511753898739585
1.6619257179479354
1.6734260689107945
1.6844264046143986
1.6963017670216987
1.7065520798364209
1.7185524460585346
1.7286777550584431
1.7381780449842832
1.7474283272804958
1.7558035828730125
1.7625537888729514
1.7695540025025178
1.774679158909879
1.7791792962431716
1.782929410687582
1.7858044984282968
1.785679494613483
1.78692953276162
1.7859295022431105
1.7820543839838863
1.7794293038727989
1.7749291665395062
1.7694289986877043
1.7623037812433242
1.7549285561693166
1.7463032929471725
1.7380530411694692
1.7286777550584431
1.7188024536881619
1.7095521713919493
1.6988018433179723
1.6888015381328776
1.6803012787255471
1.6706759849848933
1.6625507370220038
1.655425519577624
1.6485503097628713
1.6428001342814416
1.638299996948149
1.6350498977629933
1.6337998596148564
1.632424817651906
1.633174840540788
1.6352999053926207
1.6384250007629628
1.6420501113925596
1.6475502792443617
1.6528004394665363
1.6583006073183386
1.6638007751701407
1.6685509201330608
1.6733010650959808
1.677926206244087
1.6796762596514787
1.682676351207007
1.6838013855403302
1.6834263740958892
1.680676290169988
1.6764261604663229
1.6704259773552659
1.6626757408368176
1.6543004852443006
1.6451752067629017
1.6347998901333658
1.6242995696890163
1.6131742301705987
1.6017988830225531
1.589923520615253
1.5774231391338847
1.5639227271340068
1.5505473189489425
1.53654689168981
1.5205464033936582
1.5019208349864193
1.4817952208014162
1.4577944883571887
1.4345437788018434
1.4125431073946348
1.3980426648762476
1.3914174626911222
1.3984176763206884
1.4239184545426802
1.471544907986694
1.5427970824304942
1.6371749626148258
1.7501784112063965
1.874932218390454
2.002811120944853
2.113814508499405
2.1919418927579577
2.2244428846095157
2.2134425489059115
2.151440656758324
2.0476874904629656
1.9205586107974488
1.7860545060579243
1.6580505996887114
1.5454221625415814
1.4554194158757288
1.390292428357799
1.3516662495803706
1.3367907956175422
1.3411659291360212
1.3596664937284464
1.3860422986541339
1.4165432294686728
1.448169194616535
1.476295052949614
1.501170812097537
1.5200463881344035
1.5359218726157415
1.5477972350230413
1.5592975859859004
1.568547868282113
1.5776731467635121
1.5871734366893522
1.596798730430006
1.6062990203558458
1.616924344615009
1.627674672688986
1.639550035096286
1.6505503707998903
1.6621757255775629
1.6724260383922849
1.684301400799585
1.6961767632068852
1.7075521103549303
1.7185524460585346
1.7284277474288157
1.737803033539842
1.7473033234656818
1.7554285714285716
1.762803796502579
1.7690539872432631
1.7756791894283883
1.7790542924283579
1.7833044221320231
1.7853044831690421
1.786554521317179
1.78692953276162
1.7858044984282968
1.7830544145023959
1.7798043153172398
1.774679158909879
1.7686789757988222
1.7623037812433242
1.754428540910062
1.7470533158360546
1.7381780449842832
1.729052766502884
1.719552476577044
1.7094271675771355
1.6994268623920408
1.6895515610217597
1.6800512710959197
1.6710509964293345
1.6626757408368176
1.6568005615405743
1.6484253059480574
1.643050141911069
1.639550035096286
1.6352999053926207
1.6325498214667196
1.6325498214667196
1.6334248481704154
1.6350498977629933
1.6390500198370312
1.6429251380962555
1.6469252601702933
1.6523004242072816
1.6574255806146427
1.6631757560960723
1.6681759086886196
1.6728010498367258
1.677176183355205
1.6800512710959197
1.6825513473921934
1.683926389355144
1.6831763664662618
1.6808012939848018
1.6766761680959503
1.670050965910825
1.662925748466445
1.6546754966887418
1.6448001953184606
1.635174901577807
1.6245495773186438
1.613799249244667
1.6020488906521806
1.589923520615253
1.5776731467635121
1.5645477462080752
1.5506723227637564
1.5372969145786919
1.5215464339121678
1.502420850245674
1.4816702169866023
1.4582945036164434
1.4347937864314706
1.4136681417279582
1.3979176610614337
1.3914174626911222
1.3976676534318064
1.4224184087649159
1.4697948545793025
1.5402970061342205
1.6345498825037386
1.7465533005767997
1.870932096316416
1.9991860103152563
2.1111894283883172
2.1904418469801934
2.225442915128025
2.2141925717947935
2.154315744499039
2.05156260872219
1.9246837366863003
1.7901796319467758
1.6618007141331217
1.548797265541551
1.4577944883571887
1.3929175084688865
1.35266628009888
1.336415784173101
1.34079091769158
1.358166447950682
1.3854172795800654
1.4157932065797907
1.4465441450239571
1.4757950376903592
1.4995457625049593
1.5200463881344035
1.5351718497268594
1.5481722464674825
1.558672566911832
1.5684228644672995
1.5774231391338847
1.5866734214300973
1.5959237037263099
1.6055489974669637
1.6164243293557543
1.6275496688741722
1.6388000122074038
1.6503003631702629
1.6614257026886807
1.673176061281167
1.6840513931699574
1.6956767479476302
1.706927091280862
1.7183024384289072
1.7276777245399335
1.7383030487990967
1.7471783196508683
1.7549285561693166
1.7626787926877652
1.7691789910580769
1.774304147465438
1.7794293038727989
1.7833044221320231
1.7851794793542284
1.7861795098727378
1.7879295632801295
1.7858044984282968
1.7830544145023959
1.7795543076876126
1.7750541703543201
1.7689289834284494
1.7624287850581377
1.7550535599841306
1.7470533158360546
1.7383030487990967
1.7293027741325113
1.7201774956511124
1.7094271675771355
1.6995518662068545
1.6896765648365732
1.679551255836665
1.670800988799707
1.662925748466445
1.655425519577624
1.6485503097628713
1.6431751457258827
1.6385500045777766
1.635174901577807
1.6330498367259743
1.632299813837092
1.6332998443556017
1.635174901577807
1.6377999816888944
1.6421751152073734
1.6471752677999205
1.6520504165776544
1.6574255806146427
1.6631757560960723
1.6679259010589922
1.673176061281167
1.6773011871700187
1.6810513016144293
1.6824263435773796
1.6838013855403302
1.6833013702810755
1.6808012939848018
1.6768011719107638
1.6706759849848933
1.662800744651631
1.6544254890591144
1.6455502182073427
1.6347998901333658
1.6245495773186438
1.6136742454298534
1.6019238868373669
1.589923520615253
1.5774231391338847
1.564297738578448
1.549547288430433
1.5371719107638784
1.521796441541795
1.5029208655049286
1.481420209356975
1.460044557023835
1.4347937864314706
1.413293130283517
1.3977926572466202
1.3911674550614948
1.3975426496169927
1.4227934202093568
1.4707948850978119
1.542047059541612
1.635924924466689
1.7479283425397505
1.873307168797876
2.0011860713522753
2.113064485610523
2.1911918698690758
2.2253179113132115
2.214442579424421
2.152940702536088
2.0494375438703574
1.9221836603900266
1.7875545518356883
1.6591756340220343
1.5466722006897184
1.4567944578386791
1.3920424817651906
1.35266628009888
1.3370408032471695
1.3409159215063937
1.359041474654378
1.3857922910245064
1.4166682332834866
1.4475441755424665
1.4757950376903592
1.5019208349864193
1.5205464033936582
1.5357968688009278
1.5474222235786004
1.559047578356273
1.5692978911709952
1.5775481429486986
1.5869234290597247
1.5972987456892607
1.6065490279854733
1.6166743369853815
1.6277996765037996
1.6394250312814722
1.6496753440961944
1.6616757103183082
1.673176061281167
1.6841763969847714
1.6959267555772577
1.7071770989104893
1.7181774346140937
1.7285527512436292
1.7383030487990967
1.7469283120212409
1.7549285561693166
1.762803796502579
1.7696790063173315
1.774679158909879
1.7791792962431716
1.7823043916135137
1.7855544907986696
1.7863045136875517
1.78692953276162
1.7848044679097874
1.7823043916135137
1.7790542924283579
1.7748041627246927
1.7695540025025178
1.761928769798883
1.7549285561693166
1.7465533005767997
1.7381780449842832
1.7288027588732566
1.7190524613177893
1.7084271370586261
1.6988018433179723
1.6893015533921325
1.6800512710959197
1.670800988799707
1.6624257332071901
1.655425519577624
1.6483003021332439
1.6429251380962555
1.638299996948149
1.635174901577807
1.634299874874111
1.632299813837092
1.633174840540788
1.6347998901333658
1.6384250007629628
1.641925107577746
1.6468002563554796
1.6520504165776544
1.6576755882442702
1.6634257637256997
1.6674258857997375
1.6733010650959808
1.6769261757255778
1.679926267281106
1.6829263588366346
1.684301400799585
1.6831763664662618
1.6804262825403606
1.6763011566515091
1.6705509811700798
1.6630507522812585
1.654550492873928
1.6448001953184606
1.6347998901333658
1.624049562059389
1.6139242530594806
1.6017988830225531
1.590298532059694
1.5771731315042574
1.5640477309488205
1.5494222846156194
1.53654689168981
1.5205464033936582
1.502045838801233
1.4809201940977201
1.4565444502090519
1.4352938016907255
1.4131681264687033
1.3977926572466202
1.3915424665059357
1.3991676992095705
1.4242934659871211
1.4714199041718803
1.5432970976897489
1.6372999664296397
1.750428418836024
1.8755572374645222
2.0029361247596666
2.1144395275734733
2.1913168736838893
2.224692892239143
2.2139425641651664
2.1520656758323926
2.0476874904629656
1.9206836146122623
1.7861795098727378
1.6579255958738974
1.5455471663563953
1.455669423505356
1.3917924741355632
1.3519162572099979
1.3369157994323557
1.3412909329508347
1.359416486098819
1.385542283394879
1.4174182561723685
1.447419171727653
1.4760450453199865
1.500420789208655
1.520296395764031
1.5362968840601827
1.54842225409711
1.558672566911832
1.5686728720969267
1.5772981353190711
1.5869234290597247
1.596298715170751
1.6065490279854733
1.6166743369853815
1.628424695577868
1.6393000274666587
1.6503003631702629
1.6614257026886807
1.6734260689107945
1.684301400799585
1.6959267555772577
1.7071770989104893
1.7179274269844662
1.7281777397991884
1.737803033539842
1.7474283272804958
1.7549285561693166
1.7629288003173924
1.7696790063173315
1.7745541550950652
1.7794293038727989
1.7831794183172094
1.7863045136875517
1.7866795251319927
1.7874295480208746
1.7858044984282968
1.7831794183172094
1.7796793115024263
1.7748041627246927
1.7693039948728904
1.7620537736136967
1.7550535599841306
1.7474283272804958
1.7384280526139104
1.7291777703176978
1.7189274575029754
1.7095521713919493
1.699801873836482
1.6901765800958282
1.6791762443922238
1.6714260078737755
1.6630507522812585
1.655800531022065
1.6481752983184301
1.6431751457258827
1.6384250007629628
1.635174901577807
1.6330498367259743
1.6321748100222786
1.6330498367259743
1.6347998901333658
1.637924985503708
1.6429251380962555
1.6469252601702933
1.6521754203924681
1.6579255958738974
1.6630507522812585
1.6678008972441787
1.6728010498367258
1.677176183355205
1.6805512863551746
1.6825513473921934
1.6834263740958892
1.6834263740958892
1.6805512863551746
1.6764261604663229
1.6703009735404524
1.662925748466445
1.654550492873928
1.6451752067629017
1.635174901577807
1.6241745658742028
1.6131742301705987
1.6017988830225531
1.5896735129856259
1.5771731315042574
1.5645477462080752
1.5509223303933837
1.536921903134251
1.5210464186529131
1.5019208349864193
1.4807951902829066
1.4574194769127478
1.4349187902462845
1.4125431073946348
1.3975426496169927
1.3912924588763085
1.3986676839503158
1.4237934507278664
1.4714199041718803
1.5436721091341898
1.636674947355571
1.7499284035767695
1.8743071993163853
2.0029361247596666
2.11431452375866
2.1915668813135167
2.225567918942839
2.2133175450910976
2.1519406720175787
2.0474374828333386
1.920808618427076
1.7860545060579243
1.6574255806146427
1.5450471510971404
1.4551694082461013
1.3907924436170536
1.3519162572099979
1.336415784173101
1.3411659291360212
1.3595414899136324
1.3865423139133886
1.4170432447279275
1.448169194616535
1.4765450605792412
1.5009208044679097
1.5206714072084722
1.5359218726157415
1.5485472579119235
1.5595475936155279
1.5691728873561817
1.5777981505783258
1.5875484481337934
1.5965487228003785
1.6065490279854733
1.6171743522446362
1.6282996917630543
1.6391750236518448
1.651425397503586
1.6620507217627492
1.673676076540422
1.684676412244026
1.6955517441328165
1.7073021027253028
1.7176774193548388
1.7289277626880704
1.7381780449842832
1.747678334910123
1.7548035523545031
1.762803796502579
1.7694289986877043
1.7745541550950652
1.7795543076876126
1.7834294259468366
1.785679494613483
1.78692953276162
1.7870545365764336
1.7858044984282968
1.7828044068727684
1.7790542924283579
1.7749291665395062
1.768303964354381
1.761553758354442
1.7545535447248757
1.7470533158360546
1.7383030487990967
1.7284277474288157
1.718427442243721
1.7089271523178808
1.6984268318735312
1.6893015533921325
1.6798012634662924
1.670800988799707
1.6620507217627492
1.6549255043183693
1.6481752983184301
1.6429251380962555
1.6384250007629628
1.6347998901333658
1.6329248329111608
1.632299813837092
1.6341748710592976
1.6349248939481797
1.6388000122074038
1.6423001190221869
1.6480502945036166
1.6524254280220954
1.6583006073183386
1.663300759910886
1.6683009125034334
1.673176061281167
1.6768011719107638
1.6804262825403606
1.682676351207007
1.683926389355144
1.6835513779107028
1.6804262825403606
1.6761761528366956
1.6703009735404524
1.6621757255775629
1.6546754966887418
1.6449251991332745
1.6345498825037386
1.6239245582445754
1.612174199652089
1.6009238563188575
1.588423474837489
1.5770481276894437
1.563422711874752
1.5501723075045015
1.5359218726157415
1.5200463881344035
1.5015458235419783
1.481045197912534
1.4567944578386791
1.433043733024079
1.4124181035798211
1.3964176152836694
1.391042451246681
1.3989176915799433
1.4259185155796992
1.4740449842829677
1.5467972045045322
1.6418001037629322
1.7553035676137578
1.881557420575579
2.0090613116855374
2.1190646687215797
2.194316965239418
2.2261929380169074
2.2115674916837063
2.1473155308694722
2.0425623340556047
1.9139334086123234
1.7803043305764947
1.651425397503586
1.5406720175786617
1.452169316690573
1.388667378765221
1.3507912228766747
1.3366657918027283
1.3417909482100894
1.3609165318765832
1.3880423596911529
1.418793298135319
1.449669240394299
1.4776700949125645
1.5019208349864193
1.5214214300973539
1.5366718955046237
1.5499222998748743
1.5596725974303416
1.5686728720969267
1.5782981658375803
1.5866734214300973
1.596673726615192
1.6066740318002868
1.6175493636890774
1.629674733726005
1.6400500503555409
1.6513003936887722
1.6625507370220038
1.6738010803552354
1.6854264351329082
1.6965517746513261
1.7071770989104893
1.7186774498733484
1.7289277626880704
1.739303079317606
1.7475533310953093
1.7559285866878263
1.7634288155766473
1.7696790063173315
1.7748041627246927
1.7799293191320538
1.7834294259468366
1.7855544907986696
1.786554521317179
1.786554521317179
1.785679494613483
1.783679433576464
1.7798043153172398
1.7744291512802515
1.7684289681691947
1.7616787621692556
1.7546785485396894
1.7463032929471725
1.737428022095401
1.728302743614002
1.7190524613177893
1.7095521713919493
1.6990518509475998
1.6896765648365732
1.6790512405774103
1.6705509811700798
1.6620507217627492
1.6548005005035553
1.6481752983184301
1.6424251228370008
1.638299996948149
1.6345498825037386
1.6329248329111608
1.6321748100222786
1.633549851985229
1.635174901577807
1.63867500839259
1.642675130466628
1.6476752830591754
1.6529254432813503
1.6583006073183386
1.6630507522812585
1.6681759086886196
1.673176061281167
1.677176183355205
1.680676290169988
1.6823013397625661
1.6836763817255165
1.6831763664662618
1.6801762749107334
1.6759261452070682
1.670800988799707
1.6626757408368176
1.6536754661702324
1.644675191503647
1.6332998443556017
1.6239245582445754
1.6124242072817165
1.601048860133671
1.588423474837489
1.5767981200598165
1.5631727042451247
1.5499222998748743
1.5357968688009278
1.51992138431959
1.5009208044679097
1.4797951597643972
1.4565444502090519
1.4329187292092656
1.41204309213538
1.397042634357738
1.391042451246681
1.3995427106540117
1.4264185308389539
1.4757950376903592
1.5496722922452468
1.6451752067629017
1.759178685872982
1.8845575121311076
2.0121864070558795
2.121689748832667
2.1961920224616227
2.2260679342020935
2.210192449720756
2.144690450758385
2.0385622119815667
1.9100582903530994
1.776179204687643
1.6479252906888027
1.5370469069490644
1.4490442213202308
1.3872923368022707
1.3501662038026063
1.3357907650990326
1.342290963469344
1.361416547135838
1.3890423902096622
1.419668324839015
1.450544267097995
1.4781701101718194
1.5025458540604877
1.5219214453566088
1.5366718955046237
1.5501723075045015
1.5605476241340372
1.569422894985809
1.5785481734672078
1.5875484481337934
1.5972987456892607
1.6071740470595417
1.6180493789483323
1.6286747032074953
1.639550035096286
1.6516754051332134
1.6625507370220038
1.6743010956144901
1.6855514389477217
1.6964267708365124
1.7084271370586261
1.7189274575029754
1.729052766502884
1.739303079317606
1.7479283425397505
1.7561785943174535
1.7640538346507157
1.769804010132145
1.7753041779839474
1.7791792962431716
1.7839294412060915
1.7854294869838556
1.7864295175023652
1.7866795251319927
1.7851794793542284
1.7826794030579547
1.7790542924283579
1.7745541550950652
1.7680539567247535
1.761553758354442
1.7543035370952484
1.7459282815027315
1.737303018280587
1.7281777397991884
1.718427442243721
1.7079271217993715
1.6979268166142767
1.6884265266884364
1.6790512405774103
1.6695509506515702
1.6619257179479354
1.6546754966887418
1.6480502945036166
1.6424251228370008
1.6377999816888944
1.634424878688925
1.6326748252815333
1.632424817651906
1.6334248481704154
1.6354249092074344
1.6388000122074038
1.6428001342814416
1.6480502945036166
1.6528004394665363
1.6588006225775933
1.6640507827997681
1.669175939207129
1.6738010803552354
1.6783012176885281
1.680676290169988
1.6833013702810755
1.6844264046143986
1.6831763664662618
1.6803012787255471
1.675551133762627
1.6695509506515702
1.6620507217627492
1.6535504623554185
1.6440501724295786
1.6339248634296701
1.623299539170507
1.6119241920224616
1.6001738334299753
1.588048463393048
1.5756730857264931
1.5626726889858698
1.5497972960600603
1.5355468611713006
1.5190463576158941
1.4991707510605183
1.4781701101718194
1.4555444196905423
1.431543687246315
1.4110430616168708
1.395917600024415
1.3907924436170536
1.4004177373577074
1.4285435956907866
1.4791701406903288
1.5534224066896571
1.6505503707998903
1.7651788689840389
1.8911827143162327
2.0181865901669362
2.126064882351146
2.1984420911282694
2.2265679494613484
2.2083173924985506
2.140565324869533
2.032187017426069
1.9029330729087193
1.7686789757988222
1.6415500961333047
1.531671742912076
1.44529410687582
1.3840422376171149
1.348666158024842
1.3357907650990326
1.342790978728599
1.3626665852839748
1.390292428357799
1.421168370616779
1.451794305246132
1.4801701712088382
1.5037958922086248
1.522671468245491
1.5377969298379466
1.5502973113193153
1.560672627948851
1.5700479140598773
1.5785481734672078
1.5885484786523028
1.5980487685781428
1.6075490585039827
1.6187994018372145
1.630049745170446
1.64105008087405
1.6524254280220954
1.6638007751701407
1.6750511185033723
1.6860514542069764
1.697426801355022
1.7089271523178808
1.719927488021485
1.7295527817621388
1.7396780907620473
1.7485533616138187
1.756428601947081
1.763928830835902
1.7705540330210272
1.7755541856135748
1.7799293191320538
1.7838044373912778
1.7860545060579243
1.7864295175023652
1.7868045289468062
1.784929471724601
1.7824293954283272
1.7788042847987304
1.7739291360209968
1.7676789452803126
1.7610537430951874
1.7539285256508073
1.7454282662434768
1.7368030030213324
1.7276777245399335
1.7178024231696525
1.7078021179845577
1.6976768089846492
1.6878015076143682
1.6778012024292734
1.6695509506515702
1.6615507065034945
1.6536754661702324
1.6473002716147345
1.6420501113925596
1.6380499893185219
1.634299874874111
1.6326748252815333
1.6326748252815333
1.6332998443556017
1.6360499282815029
1.63867500839259
1.6434251533555102
1.6479252906888027
1.6531754509109775
1.6581756035035249
1.6644257942442091
1.669175939207129
1.6740510879848627
1.6776761986144597
1.6805512863551746
1.6829263588366346
1.6835513779107028
1.682676351207007
1.6800512710959197
1.6753011261329998
1.6685509201330608
1.6613006988738672
1.6526754356517228
1.643050141911069
1.6327998290963468
1.6222995086519973
1.6107991576891385
1.5994238105410932
1.5871734366893522
1.5747980590227975
1.5616726584673606
1.5482972502822963
1.5337968077639088
1.5171713003936889
1.498045716727195
1.476295052949614
1.4530443433942688
1.4301686452833644
1.408917996765038
1.3947925656910916
1.3914174626911222
1.4021677907650991
1.4317936948759424
1.4847953123569444
1.5615476546525469
1.6604256721701711
1.7763042085024567
1.9036830957976014
2.0296869411297953
2.1349401532029177
2.2030672322763754
2.2260679342020935
2.204442274239326
2.1313150425733207
2.0205616626483964
1.8908077028717916
1.756803613391522
1.630799768059328
1.5227964720603047
1.4389189123203223
1.379667104098636
1.3474161198767052
1.3354157536545914
1.344291024506363
1.3650416577654347
1.3934175237281412
1.4237934507278664
1.4550444044312876
1.482295236060671
1.5057959532456433
1.524171514023255
1.5392969756157109
1.5512973418378246
1.5615476546525469
1.5707979369487595
1.5801732230597858
1.58879848628193
1.599173802911466
1.609049104281747
1.6195494247260964
1.631174779503769
1.643050141911069
1.653425458540605
1.6646758018738366
1.6760511490218817
1.6874264961699272
1.6984268318735312
1.7095521713919493
1.7208025147251809
1.7305528122806482
1.740553117465743
1.749678395947142
1.7569286172063356
1.7641788384655293
1.7709290444654684
1.7760542008728295
1.7800543229468673
1.7834294259468366
1.7859295022431105
1.786554521317179
1.78692953276162
1.784929471724601
1.782554399243141
1.7784292733542895
1.773429120761742
1.7669289223914304
1.7603037202063052
1.7521784722434155
1.744553239539781
1.735802972502823
1.7268026978362376
1.716427381206702
1.7070520950956756
1.6965517746513261
1.687051484725486
1.677176183355205
1.6686759239478743
1.6616757103183082
1.6539254737998597
1.647050263985107
1.6423001190221869
1.6372999664296397
1.6339248634296701
1.6325498214667196
1.6327998290963468
1.633549851985229
1.6356749168370617
1.6409250770592365
1.6441751762443924
1.6488003173924985
1.6539254737998597
1.6594256416516617
1.6638007751701407
1.6699259620960112
1.6741760917996766
1.677926206244087
1.681551316873684
1.6844264046143986
1.6835513779107028
1.6825513473921934
1.6796762596514787
1.6746761070589313
1.6684259163182469
1.6608006836146123
1.651800408948027
1.6420501113925596
1.6319248023926511
1.6206744590594195
1.6099241309854426
1.59829877620777
1.5859233985412151
1.5735480208746606
1.561172643208106
1.5466722006897184
1.532546769615772
1.5154212469862973
1.4964206671346172
1.474294991912595
1.4514192938016908
1.427918576616718
1.4080429700613422
1.3945425580614643
1.3915424665059357
1.403417828913236
1.4357938169499802
1.4902954802087467
1.5689228797265542
1.669300943021943
1.7870545365764336
1.9143084200567644
2.039187231055635
2.1426903897213663
2.2069423505356
2.2265679494613484
2.2003171483504746
2.123689809869686
2.0099363383892332
1.8789323404644918
1.7451782586138493
1.6206744590594195
1.5145462202826014
1.4327937253944516
1.3761669972838526
1.3445410321359905
1.33604077272866
1.3460410779137548
1.3667917111728265
1.3954175847651602
1.4267935422833948
1.4572944730979338
1.4849203161717581
1.5074210028382216
1.5256715598010193
1.5392969756157109
1.5522973723563342
1.5629226966154972
1.5716729636524553
1.5805482345042268
1.590798547318949
1.599548814355907
1.6096741233558154
1.6200494399853511
1.6319248023926511
1.6440501724295786
1.6546754966887418
1.6659258400219734
1.6766761680959503
1.688301522873623
1.699676870021668
1.7109272133548998
1.7210525223548083
1.7316778466139713
1.741303140354625
1.7495533921323283
1.7570536210211494
1.7646788537247842
1.7713040559099094
1.7764292123172705
1.780679342020936
1.7841794488357188
1.7859295022431105
1.7871795403912474
1.7868045289468062
1.7855544907986696
1.7819293801690725
1.7784292733542895
1.77267909787286
1.7664289071321757
1.7599287087618642
1.752053468428602
1.7440532242805262
1.7351779534287546
1.7256776635029145
1.7161773735770747
1.7059270607623525
1.695801751762444
1.6854264351329082
1.6768011719107638
1.6679259010589922
1.6600506607257304
1.6526754356517228
1.6465502487258523
1.6418001037629322
1.6372999664296397
1.6340498672444839
1.6325498214667196
1.6321748100222786
1.6337998596148564
1.6361749320963164
1.639925046540727
1.6440501724295786
1.6489253212073123
1.6544254890591144
1.659800653096103
1.665300820947905
1.6704259773552659
1.6745511032441176
1.6783012176885281
1.6816763206884975
1.6835513779107028
1.6835513779107028
1.6824263435773796
1.6789262367625966
1.6743010956144901
1.6675508896145512
1.659800653096103
1.6513003936887722
1.64105008087405
1.6309247718741418
1.6206744590594195
1.6087990966521197
1.5975487533188881
1.585298379467147
1.572547990356151
1.559172582171087
1.5451721549119541
1.5315467390972626
1.5146712240974152
1.4951706289864803
1.4732949613940856
1.449669240394299
1.4262935270241401
1.4064179204687641
1.3937925351725822
1.3930425122837
1.4050428785058138
1.4381688894314402
1.494545609912412
1.5742980437635425
1.6759261452070682
1.794054750206
1.9215586413159582
2.0458124332407603
2.1469405194250313
2.208442396313364
2.2265679494613484
2.1968170415356916
2.118314645832698
2.003686147648549
1.8725571459089938
1.739303079317606
1.6155493026520584
1.5102960905789362
1.429543626209296
1.37404193243202
1.3436660054322949
1.3362907803582873
1.3465410931730095
1.368916776024659
1.3971676381725515
1.4282935880611591
1.4592945341349528
1.485420331431013
1.5086710409863584
1.5260465712454605
1.5392969756157109
1.5524223761711478
1.5626726889858698
1.5717979674672689
1.582048280281991
1.5910485549485762
1.6000488296151616
1.61017413861507
1.6207994628742333
1.6320498062074649
1.6443001800592059
1.6546754966887418
1.6665508590960418
1.6774261909848323
1.6880515152439954
1.700551896725364
1.711177220984527
1.7216775414288765
1.7311778313547166
1.741303140354625
1.7499284035767695
1.7585536667989135
1.7650538651692254
1.7716790673543503
1.777054231391339
1.7809293496505632
1.783679433576464
1.7864295175023652
1.7866795251319927
1.786554521317179
1.7848044679097874
1.7813043610950041
1.7778042542802208
1.7730541093173011
1.766303903317362
1.759553697317423
1.7526784875026704
1.7435532090212715
1.7349279457991271
1.7258026673177282
1.7159273659474472
1.70617706839198
1.695801751762444
1.6860514542069764
1.6760511490218817
1.6678008972441787
1.659800653096103
1.6526754356517228
1.6465502487258523
1.6411750846888638
1.6369249549851985
1.6341748710592976
1.6325498214667196
1.632299813837092
1.6332998443556017
1.6361749320963164
1.6394250312814722
1.6441751762443924
1.6488003173924985
1.6546754966887418
1.6595506454664755
1.6658008362071597
1.671176000244148
1.6746761070589313
1.6780512100589007
1.6816763206884975
1.681926328318125
1.6838013855403302
1.6823013397625661
1.6789262367625966
1.6740510879848627
1.6675508896145512
1.6600506607257304
1.6509253822443313
1.6411750846888638
1.6310497756889553
1.6204244514297923
1.6089241004669332
1.5969237342448195
1.5847983642078922
1.5722979827265235
1.559172582171087
1.5451721549119541
1.5309217200231942
1.5140462050233467
1.494545609912412
1.4726699423200171
1.4486692098757896
1.4257935117648854
1.4062929166539506
1.393917538987396
1.3921674855800044
1.4056678975798824
1.4404189580980864
1.4970456862086856
1.5775481429486986
1.6801762749107334
1.7993049104281746
1.9264337900936919
2.0501875667592393
2.150315622425001
2.210817468794824
2.2265679494613484
2.1945669728690453
2.113939512314219
1.9979359721671195
1.8664319589831233
1.7333028962065493
1.6099241309854426
1.5060459608752708
1.4266685384685813
1.3719168675801874
1.342790978728599
1.3374158146916104
1.3474161198767052
1.3694167912839137
1.3986676839503158
1.429543626209296
1.4597945493942077
1.4866703695791499
1.5101710867641225
1.5267965941343424
1.5412970366527299
1.5530473952452162
1.563422711874752
1.5726729941709647
1.5815482650227364
1.590798547318949
1.5997988219855341
1.6106741538743248
1.6215494857631152
1.6326748252815333
1.6440501724295786
1.6555505233924375
1.666800866725669
1.6781762138737144
1.6895515610217597
1.7004268929105502
1.7115522324289683
1.7225525681325726
1.7324278695028534
1.742553178502762
1.7508034302804651
1.7589286782433546
1.76555388042848
1.7716790673543503
1.7768042237617114
1.7809293496505632
1.7851794793542284
1.7863045136875517
1.786554521317179
1.786554521317179
1.7846794640949737
1.7821793877986998
1.7778042542802208
1.7725540940580462
1.765803888058107
1.7589286782433546
1.7508034302804651
1.7430531937620168
1.7339279152806177
1.7249276406140324
1.7154273506881925
1.7046770226142156
1.6948017212439344
1.6855514389477217
1.6765511642811366
1.667300881984924
1.6593006378368482
1.6521754203924681
1.6458002258369702
1.6409250770592365
1.6370499588000123
1.633674855800043
1.6325498214667196
1.6327998290963468
1.6337998596148564
1.6361749320963164
1.6405500656147955
1.6444251838740198
1.649425336466567
1.654550492873928
1.6600506607257304
1.6650508133182775
1.670050965910825
1.675176122318186
1.678676229132969
1.6813013092440567
1.6834263740958892
1.6840513931699574
1.6821763359477524
1.679551255836665
1.673551072725608
1.6674258857997375
1.6590506302072208
1.6504253669850764
1.6408000732444226
1.631174779503769
1.6201744438001648
1.6077990661336101
1.596298715170751
1.5842983489486373
1.5715479598376416
1.5585475630970183
1.5447971434675132
1.530171697134312
1.5126711630603962
1.492920560319834
1.471544907986694
1.4480441908017212
1.4250434888760033
1.4060429090243234
1.3931675160985137
1.392667500839259
1.4064179204687641
1.4412939848017823
1.4992957548753318
1.5806732383190405
1.6836763817255165
1.8025550096133305
1.9308089236121708
2.053687673574023
2.1521906796472057
2.212067506942961
2.2264429456465344
2.192566911832026
2.1109394207586902
1.9944358653523362
1.8624318369090855
1.7291777703176978
1.6071740470595417
1.503170873134556
1.4240434583574937
1.370916837061678
1.342415967284158
1.3365407879879148
1.3477911313211464
1.3704168218024233
1.3992927030243845
1.4309186681722466
1.460794579912717
1.487295388653218
1.5101710867641225
1.5274216132084109
1.5417970519119846
1.553547410504471
1.5635477156895659
1.572547990356151
1.5817982726523636
1.5914235663930174
1.6005488448744163
1.6111741691335797
1.62204950102237
1.6329248329111608
1.6441751762443924
1.6556755272072514
1.6669258705404828
1.6789262367625966
1.6900515762810144
1.700926908169805
1.7119272438734092
1.7225525681325726
1.73230286568804
1.742178167058321
1.7509284340952787
1.7589286782433546
1.7660538956877345
1.7725540940580462
1.7773042390209661
1.7809293496505632
1.7838044373912778
1.7861795098727378
1.7870545365764336
1.7866795251319927
1.784929471724601
1.7818043763542588
1.7776792504654073
1.7724290902432325
1.766303903317362
1.7596787011322368
1.7518034607989748
1.7428031861323894
1.7336779076509903
1.7246776329844051
1.7149273354289376
1.704927030243843
1.6951767326883755
1.6851764275032808
1.675551133762627
1.66717587817011
1.6594256416516617
1.6519254127628407
1.6455502182073427
1.64105008087405
1.6367999511703848
1.6339248634296701
1.6327998290963468
1.6327998290963468
1.6334248481704154
1.6364249397259438
1.6401750541703544
1.6444251838740198
1.649425336466567
1.6555505233924375
1.6601756645405439
1.664925809503464
1.6704259773552659
1.6745511032441176
1.6785512253181556
1.681926328318125
1.6835513779107028
1.6841763969847714
1.6824263435773796
1.6794262520218513
1.6739260841700492
1.6674258857997375
1.6591756340220343
1.6504253669850764
1.6409250770592365
1.630424756614887
1.6195494247260964
1.6079240699484236
1.596298715170751
1.5841733451338236
1.5715479598376416
1.558297555467391
1.5445471358378857
1.530171697134312
1.5130461745048374
1.492920560319834
1.4712949003570666
1.4476691793572802
1.4244184698019349
1.4055428937650685
1.393917538987396
1.3927925046540726
1.406542924283578
1.4421690115054782
1.5006707968382824
1.5824232917264323
1.6853014313180945
1.8046800744651632
1.9333089999084445
2.0556877346110416
2.153940733054598
2.2130675374614706
2.2259429303872795
2.1918168889431437
2.109314371166112
1.9924358043153172
1.86055677968688
1.7275527207251198
1.6052989898373364
1.5014208197271646
1.4232934354686118
1.3701668141727958
1.3421659596545306
1.3365407879879148
1.348291146580401
1.371291848506119
1.399417706839198
1.4311686758018738
1.461169591357158
1.4875453962828455
1.5099210791344952
1.5279216284676658
1.5419220557267983
1.5540474257637258
1.5636727195043794
1.5726729941709647
1.5821732840968048
1.5914235663930174
1.6007988525040437
1.6107991576891385
1.6221745048371838
1.6330498367259743
1.6444251838740198
1.655800531022065
1.66717587817011
1.6780512100589007
1.6891765495773186
1.700926908169805
1.7119272438734092
1.7225525681325726
1.732677877132481
1.7424281746879482
1.7510534379100926
1.758803674428541
1.765928891872921
1.771804071169164
1.7768042237617114
1.7811793572801906
1.7846794640949737
1.7858044984282968
1.7866795251319927
1.7864295175023652
1.7841794488357188
1.7811793572801906
1.7776792504654073
1.772304086428419
1.7656788842432936
1.7590536820581684
1.7519284646137883
1.7428031861323894
1.7335529038361768
1.7246776329844051
1.7146773277993104
1.704927030243843
1.6948017212439344
1.6851764275032808
1.675176122318186
1.667300881984924
1.658925626392407
1.6516754051332134
1.645925229651784
1.64105008087405
1.6367999511703848
1.6339248634296701
1.6326748252815333
1.6326748252815333
1.6341748710592976
1.6365499435407576
1.6405500656147955
1.6444251838740198
1.6495503402813807
1.6550505081331828
1.6601756645405439
1.6655508285775322
1.6706759849848933
1.6754261299478135
1.6788012329477828
1.6813013092440567
1.6836763817255165
1.683926389355144
1.6820513321329387
1.6785512253181556
1.673676076540422
1.6665508590960418
1.6583006073183386
1.6499253517258217
1.6400500503555409
1.6299247413556321
1.6187994018372145
1.6077990661336101
1.5957986999114964
1.5836733298745689
1.5709229407635732
1.5576725363933226
1.5437971129490036
1.5292966704306161
1.5120461439863278
1.4930455641346478
1.4700448622089297
1.4464191412091434
1.423168431653798
1.404542863246559
1.3931675160985137
1.3922924893948179
1.4076679586169012
1.4441690725424972
1.5039208960234383
1.5867984252449112
1.691051606799524
1.811180272835475
1.939059175389874
2.061437910092471
2.158190862758263
2.21406756797998
2.225567918942839
2.188941801202429
2.1044392223883785
1.985810602130192
1.853181554612873
1.7206775109103671
1.5990487990966522
1.4969206823938719
1.420043336283456
1.3682917569505906
1.3416659443952759
1.3369157994323557
1.349166173284097
1.3721668752098148
1.4019177831354717
1.4325437177648244
1.4626696371349224
1.489295449690237
1.5111711172826319
1.528546647541734
1.5422970671712395
1.553922421948912
1.564297738578448
1.5732980132450332
1.5821732840968048
1.5917985778374584
1.6012988677632984
1.6115491805780204
1.622924527726066
1.6347998901333658
1.6449251991332745
1.6564255500961331
1.6675508896145512
1.679551255836665
1.690301583910642
1.7019269386883145
1.7126772667622914
1.7233025910214546
1.7335529038361768
1.742553178502762
1.7516784569841608
1.7593036896877956
1.7661788995025482
1.7729291055024872
1.777054231391339
1.7813043610950041
1.783679433576464
1.7861795098727378
1.7870545365764336
1.7860545060579243
1.78455446028016
1.7813043610950041
1.7764292123172705
1.771804071169164
1.7650538651692254
1.7581786553544725
1.751178441724906
1.742553178502762
1.7329278847621081
1.7241776177251504
1.7143023163548692
1.7039269997253335
1.6943017059846797
1.684676412244026
1.6748011108737448
1.6663008514664144
1.658550614947966
1.6515504013183995
1.6454252143925292
1.6405500656147955
1.6365499435407576
1.633174840540788
1.632424817651906
1.6326748252815333
1.6340498672444839
1.6365499435407576
1.6408000732444226
1.644675191503647
1.6496753440961944
1.6555505233924375
1.6608006836146123
1.6661758476516009
1.6706759849848933
1.675551133762627
1.6790512405774103
1.6824263435773796
1.683926389355144
1.6833013702810755
1.6821763359477524
1.678676229132969
1.673176061281167
1.6663008514664144
1.6581756035035249
1.6491753288369395
1.6393000274666587
1.6286747032074953
1.6186743980224005
1.6071740470595417
1.5954236884670552
1.5827983031708732
