1.7979298684652243
1.8009299600207527
1.8036800439466536
1.805180089724418
1.8054300973540451
1.8046800744651632
1.8024300057985168
1.8005549485763115
1.7963048188726465
1.792054689168981
1.7861795098727378
1.7791792962431716
1.7740541398358105
1.7665539109469892
1.758803674428541
1.750053407391583
1.7411781365398113
1.7313028351695303
1.7214275337992493
1.7115522324289683
1.7015519272438735
1.6913016144291515
1.681551316873684
1.6705509811700798
1.6611756950590533
1.651800408948027
1.6415500961333047
1.6329248329111608
1.6241745658742028
1.6155493026520584
1.6084240852076785
1.6015488753929257
1.5956736960966826
1.590423535874508
1.5861734061708426
1.5831733146153144
1.5804232306894133
1.5780481582079533
1.5780481582079533
1.5782981658375803
1.5799232154301586
1.5824232917264323
1.5861734061708426
1.5920485854670858
1.5970487380596332
1.6036739402447586
1.6111741691335797
1.6179243751335184
1.6270496536149175
1.6354249092074344
1.6436751609851377
1.6519254127628407
1.6608006836146123
1.6675508896145512
1.6741760917996766
1.6803012787255471
1.684676412244026
1.6878015076143682
1.6895515610217597
1.6905515915402693
1.689426557206946
1.6865514694662314
1.6836763817255165
1.678676229132969
1.6721760307626576
1.66480080568865
1.6566755577257606
1.647050263985107
1.637924985503708
1.6279246803186131
1.6184243903927733
1.6076740623187964
1.5970487380596332
1.5865484176152838
1.576548112430189
1.5675478377636038
1.557797540208136
1.5466722006897184
1.5354218573564866
1.5220464491714225
1.5052959379863888
1.4887954344309824
1.4696698507644885
1.451294289986877
1.4316686910611285
1.414793176061281
1.4036678365428634
1.401417767876217
1.4115430768761255
1.4379188818018127
1.4811702017273476
1.5412970366527299
1.6200494399853511
1.7165523850215156
1.8238056581316568
1.9395591906491287
2.050687582018494
2.1426903897213663
2.208067384868923
2.2389433271279033
2.237443281350139
2.1906918546098213
2.1084393444624165
2.0033111362041076
1.883682485427412
1.763928830835902
1.6528004394665363
1.5524223761711478
1.4720449232459487
1.41204309213538
1.375166966765343
1.3575414288766137
1.3551663563951537
1.3629165929136022
1.3811671498764
1.403792840357677
1.4291686147648548
1.4551694082461013
1.479045136875515
1.5010458082827236
1.5186713461714532
1.5320467543565173
1.5431720938749351
1.552797387615589
1.5604226203192237
1.5679228492080448
1.5750480666524247
1.5822982879116183
1.5906735435041353
1.5970487380596332
1.6055489974669637
1.613799249244667
1.6226745200964385
1.63154979094821
1.6409250770592365
1.651425397503586
1.6615507065034945
1.6718010193182167
1.681551316873684
1.6919266335032197
1.702176946317942
1.7121772515030367
1.7213025299844356
1.7318028504287852
1.741303140354625
1.7505534226508377
1.7589286782433546
1.7669289223914304
1.774679158909879
1.7809293496505632
1.7868045289468062
1.7923046967986085
1.7965548265022737
1.7998049256874293
1.8038050477614673
1.8046800744651632
1.8054300973540451
1.8054300973540451
1.803930051576281
1.8029300210577714
1.7983048799096653
1.7938047425763726
1.7899296243171485
1.7831794183172094
1.7773042390209661
1.7701790215765862
1.7625537888729514
1.7543035370952484
1.7454282662434768
1.734552934354686
1.7258026673177282
1.7158023621326335
1.706052064577166
1.695426740318003
1.6869264809106725
1.675551133762627
1.666425855281228
1.656550553910947
1.6466752525406658
1.6372999664296397
1.6281746879482406
1.6202994476149783
1.612174199652089
1.6044239631336406
1.5981737723929563
1.5935486312448501
1.5881734672078616
1.5846733603930783
1.580923245948668
1.5799232154301586
1.5771731315042574
1.5784231696523943
1.5791731925412764
1.5815482650227364
1.584423352763451
1.5889234900967437
1.594298654133732
1.60067384868923
1.6071740470595417
1.6154242988372447
1.623299539170507
1.63154979094821
1.639550035096286
1.6479252906888027
1.6561755424665061
1.665300820947905
1.671176000244148
1.677551194799646
1.6828013550218206
1.6874264961699272
1.690301583910642
1.6906765953550829
1.690301583910642
1.6885515305032504
1.6856764427625355
1.6801762749107334
1.6758011413922544
1.6684259163182469
1.660925687429426
1.6524254280220954
1.6429251380962555
1.6329248329111608
1.6230495315408795
1.6119241920224616
1.6022988982818078
1.592798608355968
1.5819232764671776
1.5717979674672689
1.562297677541429
1.5520473647267068
1.5399219946897795
1.528171636097293
1.5140462050233467
1.4970456862086856
1.4789201330607014
1.4596695455793938
1.4405439619129004
1.4225434125797296
1.4080429700613422
1.4006677449873348
1.403792840357677
1.4227934202093568
1.4579194921720025
1.5096710715048678
1.579673207800531
1.6666758629108556
1.7684289681691947
1.8826824549089023
1.998060975981933
2.1005641041291545
2.1785664845728934
2.227067964720603
2.2438184759056368
2.219192724387341
2.152940702536088
2.0565627613147375
1.9431843012787255
1.8224306161687065
1.7051770378734703
1.5992988067262794
1.5092960600604266
1.439043916135136
1.3907924436170536
1.3640416272469253
1.3539163182470169
1.3582914517654958
1.3717918637653737
1.3922924893948179
1.4161682180242319
1.4422940153202919
1.4676697897274698
1.489420453505051
1.5102960905789362
1.5256715598010193
1.5374219183935056
1.5481722464674825
1.5556724753563036
1.564297738578448
1.5715479598376416
1.5791731925412764
1.5854233832819604
1.5941736503189183
1.6007988525040437
1.6096741233558154
1.6176743675038912
1.627674672688986
1.637549974059267
1.6466752525406658
1.6564255500961331
1.6670508743552965
1.6769261757255778
1.6873014923551135
1.6971767937253945
1.706927091280862
1.7166773888363294
1.7266776940214241
1.7370530106509599
1.7458032776879178
1.7543035370952484
1.762803796502579
1.7710540482802821
1.7779292580950348
1.7844294564653462
1.7903046357615895
1.7946797692800684
1.798429883724479
1.8020549943540758
1.8038050477614673
1.8050550859096042
1.805555101168859
1.8046800744651632
1.802805017242958
1.8000549333170568
1.7961798150578325
1.7914296700949126
1.7861795098727378
1.7804293343913085
1.773429120761742
1.76555388042848
1.7580536515396588
1.750053407391583
1.7411781365398113
1.7308028199102756
1.7211775261696218
1.7106772057252724
1.7004268929105502
1.691051606799524
1.6790512405774103
1.6705509811700798
1.6613006988738672
1.651425397503586
1.6415500961333047
1.6320498062074649
1.6237995544297616
1.6159243140964994
1.608174077578051
1.6017988830225531
1.5964237189855648
1.590798547318949
1.58642341380047
1.5837983336893826
1.5801732230597858
1.5784231696523943
1.578923184911649
1.5784231696523943
1.57929819635609
1.5824232917264323
1.5865484176152838
1.5905485396893215
1.5970487380596332
1.6041739555040133
1.6109241615039522
1.6191744132816552
1.6281746879482406
1.6354249092074344
1.6436751609851377
1.6521754203924681
1.6610506912442398
1.6679259010589922
1.6744260994293039
1.6804262825403606
1.6851764275032808
1.6881765190588092
1.690301583910642
1.6909266029847103
1.6895515610217597
1.6875514999847407
1.6834263740958892
1.6781762138737144
1.6721760307626576
1.6650508133182775
1.656550553910947
1.647425275429548
1.6384250007629628
1.6277996765037996
1.6177993713187049
1.6080490737632376
1.5976737571337016
1.5871734366893522
1.5767981200598165
1.5669228186895352
1.5574225287636951
1.5470472121341592
1.5344218268379772
1.5219214453566088
1.5060459608752708
1.488170415356914
1.4690448316904203
1.4500442518387402
1.4316686910611285
1.414918179876095
1.4032928250984222
1.401042756431776
1.4117930845057527
1.4372938627277445
1.4804201788384654
1.5407970213934752
1.6187994018372145
1.712802270577105
1.8218055970946379
1.9384341563158054
2.04918753624073
2.140565324869533
2.205817316202277
2.238193304239021
2.2379432966093935
2.1924419080172126
2.1109394207586902
2.004436170537431
1.8873075960570087
1.7671789300210579
1.6548005005035553
1.5549224524674214
1.4744199957274087
1.412793115024262
1.3761669972838526
1.3577914365062411
1.3549163487655262
1.3635416119876704
1.3810421460615863
1.4035428327280495
1.4282935880611591
1.4539193700979645
1.4786701254310741
1.4997957701345868
1.517921323282571
1.531671742912076
1.5425470748008667
1.5521723685415205
1.5601726126895963
1.5679228492080448
1.5754230780968657
1.582048280281991
1.5895485091708121
1.5959237037263099
1.605048982207709
1.613424237800226
1.6222995086519973
1.6320498062074649
1.6413000885036775
1.6509253822443313
1.660925687429426
1.6710509964293345
1.681551316873684
1.6911766106143375
1.7015519272438735
1.7118022400585957
1.721552537614063
1.731052827539903
1.740928128910184
1.750428418836024
1.7581786553544725
1.7665539109469892
1.774179143650624
1.781679372539445
1.7868045289468062
1.7918046815393536
1.7963048188726465
1.7999299295022433
1.8025550096133305
1.8045550706503495
1.8050550859096042
1.805180089724418
1.8038050477614673
1.8024300057985168
1.7981798760948515
1.794054750206
1.7891796014282664
1.7835544297616506
1.7775542466505936
1.7700540177617725
1.762803796502579
1.7545535447248757
1.746053285317545
1.7359279763176367
1.7268026978362376
1.7173024079103976
1.7065520798364209
1.6968017822809534
1.6869264809106725
1.6753011261329998
1.666050843836787
1.656925565355388
1.647425275429548
1.6376749778740807
1.6289247108371228
1.6204244514297923
1.6129242225409712
1.6057990050965911
1.5996738181707206
1.592798608355968
1.5881734672078616
1.5846733603930783
1.58167326883755
1.578923184911649
1.5772981353190711
1.5785481734672078
1.5785481734672078
1.581298257393109
1.5849233680227057
1.5894235053559984
1.5941736503189183
1.6001738334299753
1.6077990661336101
1.6147992797631765
1.62204950102237
1.6306747642445143
1.6393000274666587
1.6475502792443617
1.6559255348368787
1.6634257637256997
1.6709259926145208
1.6770511795403913
1.6829263588366346
1.6868014770958586
1.6893015533921325
1.6905515915402693
1.6905515915402693
1.6886765343180639
1.6854264351329082
1.681926328318125
1.6754261299478135
1.669175939207129
1.6611756950590533
1.6530504470961638
1.643050141911069
1.633674855800043
1.6239245582445754
1.6132992339854122
1.602673909726249
1.5921735892818996
1.582048280281991
1.57217297891171
1.5626726889858698
1.5530473952452162
1.542422070986053
1.5300466933194983
1.5152962431714836
1.4984207281716362
1.4799201635792107
1.461169591357158
1.4419190038758507
1.4242934659871211
1.4087929929502243
1.4011677602465895
1.4044178594317454
1.421293374431593
1.4539193700979645
1.5054209418012026
1.5731730094302194
1.6594256416516617
1.7600537125766778
1.8730571611682485
1.9888106936857204
2.092688863795892
2.1735663319803464
2.225567918942839
2.24494351023896
2.222817835016938
2.1593158970915862
2.065188024536882
1.9524345835749382
1.8321809137241738
1.7139273049104282
1.607424054689169
1.515796258430738
1.443419049653615
1.3934175237281412
1.36691671498764
1.3544163335062716
1.3576664326914274
1.3717918637653737
1.3900424207281719
1.4144181646168401
1.440293954283273
1.4656697286904508
1.4879204077272867
1.508796044801172
1.5251715445417646
1.5367968993194372
1.5467972045045322
1.5560474868007448
1.563797723319193
1.5709229407635732
1.5787981810968352
1.5854233832819604
1.592798608355968
1.6004238410596028
1.6086740928373058
1.6171743522446362
1.6267996459852903
1.635924924466689
1.6454252143925292
1.6556755272072514
1.6659258400219734
1.6761761528366956
1.686301461836604
1.6970517899105808
1.7064270760216071
1.7161773735770747
1.7261776787621694
1.735302957243568
1.7455532700582903
1.7541785332804345
1.7625537888729514
1.7704290292062137
1.7775542466505936
1.7830544145023959
1.7893046052430799
1.7939297463911863
1.7980548722800378
1.8020549943540758
1.80355504013184
1.804805078279977
1.805555101168859
1.8050550859096042
1.8034300363170261
1.800429944761498
1.7968048341319012
1.7921796929837945
1.786554521317179
1.7808043458357494
1.774179143650624
1.7670539262062441
1.7593036896877956
1.7513034455397198
1.741303140354625
1.7304278084658344
1.7220525528733177
1.7121772515030367
1.7015519272438735
1.691426618243965
1.6823013397625661
1.6715510116885892
1.6613006988738672
1.6519254127628407
1.6423001190221869
1.6334248481704154
1.6246745811334575
1.6167993408001955
1.6087990966521197
1.6022988982818078
1.596298715170751
1.5912985625782037
1.5866734214300973
1.5839233375041963
1.5807982421338542
1.578923184911649
1.5784231696523943
1.5787981810968352
1.580048219244972
1.582923306985687
1.5857983947264016
1.5915485702078311
1.5969237342448195
1.6034239326151312
1.610549150059511
1.6190494094668417
1.6262996307260353
1.6350498977629933
1.6435501571703237
1.651050386059145
1.6593006378368482
1.66717587817011
1.6740510879848627
1.679926267281106
1.684676412244026
1.688301522873623
1.6909266029847103
1.6909266029847103
1.6901765800958282
1.6875514999847407
1.683926389355144
1.6793012482070377
1.6729260536515398
1.6654258247627187
1.6574255806146427
1.6485503097628713
1.6388000122074038
1.62917471846675
1.6191744132816552
1.6082990813928648
1.59829877620777
1.587923459578234
1.5774231391338847
1.5679228492080448
1.5587975707266457
1.5485472579119235
1.5367968993194372
1.5232964873195594
1.5080460219122898
1.490545487838374
1.4714199041718803
1.4519193090609455
1.4335437482833338
1.4162932218390454
1.4044178594317454
1.4005427411725213
1.4096680196539202
1.4337937559129612
1.4760450453199865
1.5341718192083498
1.61017413861507
1.7031769768364513
1.81068025757622
1.9266837977233193
2.039187231055635
2.132690084536271
2.2008171636097296
2.2360682393871887
2.2405683767204807
2.198567094943083
2.119689687795648
2.0159365215002896
1.8985579393902403
1.7783042695394757
1.66480080568865
1.5640477309488205
1.480295175023652
1.418793298135319
1.3790420850245675
1.3589164708395642
1.3547913449507127
1.3624165776543475
1.3786670735801263
1.4004177373577074
1.4254185003204445
1.4514192938016908
1.4764200567644277
1.498045716727195
1.5165462813196202
1.530171697134312
1.5415470442823573
1.5512973418378246
1.5594225898007141
1.567047822504349
1.5740480361339153
1.581298257393109
1.5885484786523028
1.5954236884670552
1.6040489516891996
1.6126742149113438
1.621299478133488
1.6305497604297006
1.6400500503555409
1.6503003631702629
1.6601756645405439
1.670050965910825
1.6804262825403606
1.6908015991698966
1.7006769005401776
1.7105522019104589
1.7204275032807397
1.7300527970213935
1.7395530869472335
1.7488033692434461
1.7574286324655906
1.765928891872921
1.773429120761742
1.780179326761681
1.7861795098727378
1.7915546739097263
1.7958048036133916
1.799554918057802
1.8024300057985168
1.803930051576281
1.805180089724418
1.805555101168859
1.80355504013184
1.8018049867244483
1.7990549027985472
1.7945547654652547
1.790054628131962
1.7840544450209053
1.7784292733542895
1.771429059724723
1.763928830835902
1.7558035828730125
1.7470533158360546
1.7376780297250283
1.7284277474288157
1.7178024231696525
1.707677114169744
1.697801812799463
1.6879265114291817
1.6778012024292734
1.667300881984924
1.6576755882442702
1.6484253059480574
1.6390500198370312
1.629674733726005
1.6214244819483017
1.6135492416150394
1.606174016541032
1.5994238105410932
1.594798669392987
1.5889234900967437
1.5845483565782648
1.582048280281991
1.5791731925412764
1.5779231543931396
1.5780481582079533
1.5791731925412764
1.5806732383190405
1.5839233375041963
1.5891734977263712
1.5932986236152227
1.5992988067262794
1.6062990203558458
1.6135492416150394
1.6214244819483017
1.6294247260963775
1.6376749778740807
1.6461752372814111
1.6549255043183693
1.663300759910886
1.669675954466384
1.6763011566515091
1.6818013245033114
1.686301461836604
1.6893015533921325
1.690301583910642
1.6911766106143375
1.6896765648365732
1.6860514542069764
1.6821763359477524
1.6766761680959503
1.6703009735404524
1.6624257332071901
1.6541754814294871
1.6445501876888333
1.635924924466689
1.625174596392712
1.6144242683187355
1.6047989745780817
1.594298654133732
1.5836733298745689
1.5744230475783563
1.564172734763634
1.5549224524674214
1.544047120578631
1.5321717581713308
1.517796319467757
1.5010458082827236
1.483045258949553
1.4649197058015686
1.4455441145054475
1.4262935270241401
1.4110430616168708
1.401792779320658
1.4027928098391673
1.417293252357555
1.4484192022461622
1.4964206671346172
1.5616726584673606
1.6448001953184606
1.7435532090212715
1.8556816309091464
1.9709351481673634
2.07768840601825
2.162941007721183
2.218692709128086
2.2428184453871274
2.2293180333872495
2.171691274758141
2.0823135471663567
1.9704351329081087
1.8514315012054812
1.733052888576922
1.6239245582445754
1.5294216742454299
1.4547943968016601
1.4002927335428939
1.3690417798394727
1.35504135258034
1.3560413830988496
1.3677917416913359
1.3869173253578295
1.4100430310983612
1.435918820764794
1.461169591357158
1.484670308542131
1.5057959532456433
1.52229645680105
1.535671864986114
1.5461721854304635
1.5549224524674214
1.5629226966154972
1.5697979064302499
1.57692312387463
1.58404834131901
1.592798608355968
1.599173802911466
1.6075490585039827
1.6160493179113133
1.6246745811334575
1.6347998901333658
1.643925168614765
1.653800469985046
1.6643007904293954
1.6744260994293039
1.6844264046143986
1.6940516983550522
1.7048020264290291
1.7145523239844966
1.7240526139103367
1.7336779076509903
1.7439282204657125
1.752428479873043
1.7606787316507462
1.7688039796136357
1.7764292123172705
1.7823043916135137
1.7883045747245705
1.7938047425763726
1.7974298532059694
1.8006799523911254
1.802805017242958
1.8046800744651632
1.8054300973540451
1.8050550859096042
1.80355504013184
1.8000549333170568
1.7970548417615282
1.7926797082430495
1.787679555650502
1.7819293801690725
1.7753041779839474
1.7684289681691947
1.7606787316507462
1.752428479873043
1.7431781975768303
1.733427900021363
1.7238026062807095
1.7143023163548692
1.7031769768364513
1.6935516830957975
1.6835513779107028
1.6733010650959808
1.6636757713553272
1.6539254737998597
1.6444251838740198
1.6349248939481797
1.6267996459852903
1.6179243751335184
1.6104241462446975
1.6039239478743859
1.597173741874447
1.5925486007263405
1.587298440504166
1.5835483260597554
1.5806732383190405
1.5784231696523943
1.5785481734672078
1.5781731620227668
1.5795482039857174
1.5814232612079226
1.586048402356029
1.5896735129856259
1.5955486922818691
1.6019238868373669
1.609049104281747
1.616549333170568
1.624924588763085
1.6325498214667196
1.6420501113925596
1.6496753440961944
1.6581756035035249
1.6651758171330913
1.6726760460219123
1.678676229132969
1.6838013855403302
1.6875514999847407
1.6893015533921325
1.6906765953550829
1.6900515762810144
1.688301522873623
1.684676412244026
1.6794262520218513
1.6739260841700492
1.66717587817011
1.6594256416516617
1.6503003631702629
1.6404250617999818
1.6309247718741418
1.620924466689047
1.6104241462446975
1.6000488296151616
1.5896735129856259
1.579673207800531
1.5697979064302499
1.5605476241340372
1.5505473189489425
1.5395469832453383
1.5255465559862058
1.5105460982085634
1.493670583208716
1.4756700338755455
1.4564194463942381
1.4371688589129308
1.419668324839015
1.4061679128391371
1.4005427411725213
1.4066679280983916
1.427918576616718
1.4659197363200782
1.5211714224677266
1.5944236579485458
1.6835513779107028
1.7893046052430799
1.904558122501297
2.0176865749076818
2.1164395886104925
2.1905668507950073
2.2328181402020326
2.243443464461196
2.2095674306466875
2.1379402447584464
2.0380621967223123
1.921683645130772
1.8013049714651936
1.6856764427625355
1.5830483108005005
1.4955456404309213
1.4287936033204138
1.3849172643208107
1.3616665547654654
1.3540413220618306
1.3595414899136324
1.3744169438764613
1.3964176152836694
1.420793359172338
1.4471691640980255
1.4714199041718803
1.4940455946531572
1.5131711783196509
1.5279216284676658
1.5395469832453383
1.5496722922452468
1.5587975707266457
1.565422772911771
1.5726729941709647
1.5802982268745993
1.587298440504166
1.594298654133732
1.60304892117069
1.611424176763207
1.6197994323557239
1.6287997070223093
1.6394250312814722
1.6478002868739892
1.6581756035035249
1.668800927762688
1.6784262215033416
1.6889265419476913
1.6988018433179723
1.708802148503067
1.7185524460585346
1.7285527512436292
1.7383030487990967
1.7469283120212409
1.7558035828730125
1.7641788384655293
1.7725540940580462
1.778554277169103
1.78455446028016
1.7905546433912167
1.7951797845393231
1.7986798913541064
1.8025550096133305
1.8040550553910948
1.804805078279977
1.8053050935392316
1.8050550859096042
1.8026800134281442
1.7991799066133611
1.7955547959837643
1.7913046662800989
1.7855544907986696
1.7795543076876126
1.7731791131321146
1.7646788537247842
1.7570536210211494
1.7486783654286326
1.7395530869472335
1.7304278084658344
1.7198024842066715
1.7099271828363902
1.6994268623920408
1.6891765495773186
1.6791762443922238
1.669675954466384
1.6595506454664755
1.6511753898739585
1.6405500656147955
1.6321748100222786
1.6234245429853207
1.61492428357799
1.6072990508743554
1.60067384868923
1.5945486617633595
1.590423535874508
1.5855483870967744
1.5824232917264323
1.5802982268745993
1.578923184911649
1.5781731620227668
1.5791731925412764
1.5802982268745993
1.5826732993560595
1.5871734366893522
1.5921735892818996
1.5981737723929563
1.6045489669484543
1.6122992034669026
1.6195494247260964
1.6275496688741722
1.6360499282815029
1.644675191503647
1.6533004547257912
1.6610506912442398
1.6685509201330608
1.6750511185033723
1.6808012939848018
1.6855514389477217
1.6888015381328776
1.6904265877254554
1.6905515915402693
1.6895515610217597
1.6861764580217904
1.6835513779107028
1.6774261909848323
1.6709259926145208
1.6640507827997681
1.6556755272072514
1.6464252449110386
1.6377999816888944
1.6269246498001038
1.6167993408001955
1.6059240089114046
1.5955486922818691
1.5855483870967744
1.5759230933561206
1.5656727805413984
1.5564224982451857
1.5457971739860226
1.5335468001342816
1.519796380504776
1.504420911282693
1.4866703695791499
1.4680448011719107
1.4490442213202308
1.4300436414685507
1.4131681264687033
1.40254280220954
1.4015427716910305
1.4142931608020264
1.441043977172155
1.485795342875454
1.5479222388378553
1.6282996917630543
1.7238026062807095
1.8339309671315653
1.949684499649037
2.0588128299813837
2.1488155766472365
2.2106924649800104
2.2408183843501086
2.23544322031312
2.185941709646901
2.100939115573595
1.9929358195745719
1.8744322031311993
1.7549285561693166
1.6438001647999512
1.54604718161565
1.4670447706534013
1.4086679891354106
1.373291909543138
1.3567914059877317
1.3547913449507127
1.364916653950621
1.3825421918393506
1.4052928861354412
1.430668660542619
1.4567944578386791
1.4804201788384654
1.5025458540604877
1.5191713614307079
1.5331717886898404
1.5432970976897489
1.5529223914304024
1.561172643208106
1.568547868282113
1.5754230780968657
1.582923306985687
1.590423535874508
1.5972987456892607
1.6057990050965911
1.614549272133549
1.6231745353556932
1.6327998290963468
1.642675130466628
1.6523004242072816
1.6626757408368176
1.6725510422070986
1.6833013702810755
1.6924266487624744
1.702551957762383
1.7126772667622914
1.7221775566881314
1.7320528580584125
1.7414281441694388
1.7508034302804651
1.7596787011322368
1.7676789452803126
1.7753041779839474
1.7823043916135137
1.7874295480208746
1.7926797082430495
1.796054811243019
1.8001799371318705
1.8034300363170261
1.8043050630207222
1.8049300820947904
1.805180089724418
1.8034300363170261
1.8005549485763115
1.7981798760948515
1.7936797387615588
1.7886795861690117
1.7833044221320231
1.776554216132084
1.7700540177617725
1.7620537736136967
1.7538035218359938
1.7451782586138493
1.734552934354686
1.7260526749473555
1.7160523697622607
1.7059270607623525
1.6956767479476302
1.6861764580217904
1.6754261299478135
1.6658008362071597
1.6553005157628102
1.6458002258369702
1.6367999511703848
1.6279246803186131
1.6191744132816552
1.6119241920224616
1.6042989593188268
1.5979237647633289
1.5929236121707817
1.588048463393048
1.5841733451338236
1.5822982879116183
1.5794232001709037
1.5780481582079533
1.5781731620227668
1.579673207800531
1.581298257393109
1.5845483565782648
1.5885484786523028
1.594298654133732
1.6001738334299753
1.6077990661336101
1.6154242988372447
1.6245495773186438
1.6314247871333964
1.6396750389110997
1.6478002868739892
1.6560505386516924
1.6639257789849544
1.6710509964293345
1.677176183355205
1.6829263588366346
1.6873014923551135
1.6906765953550829
1.690301583910642
1.6899265724662007
1.688301522873623
1.6855514389477217
1.679926267281106
1.675176122318186
1.6681759086886196
1.6608006836146123
1.6520504165776544
1.6408000732444226
1.6325498214667196
1.6226745200964385
1.612174199652089
1.6016738792077396
1.5925486007263405
1.5811732535782954
1.5715479598376416
1.5620476699118016
1.5519223609118933
1.5410470290231024
1.528546647541734
1.5137961973937193
1.4970456862086856
1.4787951292458876
1.459169530320139
1.4406689657277139
1.4219183935056612
1.4076679586169012
1.4009177526169623
1.4047928708761863
1.4230434278389843
1.458044495986816
1.5101710867641225
1.580048219244972
1.6666758629108556
1.7694289986877043
1.8833074739829707
1.9979359721671195
2.100314096499527
2.1794415112765892
2.2276929837946717
2.2445684987945187
2.218942716757714
2.152565691091647
2.056812768944365
1.941434247871334
1.8235556505020296
1.7055520493179113
1.5999238258003479
1.5099210791344952
1.439418927579577
1.3909174474318675
1.3640416272469253
1.3545413373210853
1.3579164403210546
1.371291848506119
1.3929175084688865
1.4162932218390454
1.4421690115054782
1.4674197820978425
1.4900454725791192
1.5100460829493088
1.526171575060274
1.537671926023133
1.5481722464674825
1.5549224524674214
1.564297738578448
1.5714229560228279
1.5784231696523943
1.5857983947264016
1.592423596911527
1.6012988677632984
1.609799127170629
1.6180493789483323
1.6274246650593585
1.6365499435407576
1.6463002410962249
1.6566755577257606
1.666800866725669
1.6769261757255778
1.6869264809106725
1.6970517899105808
1.7074271065401168
1.7168023926511429
1.7264276863917967
1.7363029877620777
1.7453032624286628
1.7543035370952484
1.7625537888729514
1.7708040406506547
1.778179265724662
1.7840544450209053
1.7895546128727073
1.794429761650441
1.7983048799096653
1.801554979094821
1.8026800134281442
1.8053050935392316
1.8050550859096042
1.804805078279977
1.8023050019837032
1.7996799218726158
1.7965548265022737
1.7914296700949126
1.7864295175023652
1.7803043305764947
1.7745541550950652
1.7666789147618032
1.7581786553544725
1.7509284340952787
1.740928128910184
1.7313028351695303
1.7214275337992493
1.7115522324289683
1.701676931058687
1.6905515915402693
1.6814263130588702
1.6706759849848933
1.6616757103183082
1.651050386059145
1.6424251228370008
1.633549851985229
1.624049562059389
1.6164243293557543
1.6079240699484236
1.6012988677632984
1.5961737113559373
1.5905485396893215
1.5862984099856563
1.5831733146153144
1.5810482497634815
1.5785481734672078
1.5785481734672078
1.5785481734672078
1.5799232154301586
1.5824232917264323
1.5861734061708426
1.5914235663930174
1.5969237342448195
1.6029239173558765
1.6110491653187657
1.6190494094668417
1.6266746421704763
1.635174901577807
1.6435501571703237
1.651800408948027
1.659800653096103
1.66717587817011
1.6734260689107945
1.679926267281106
1.684676412244026
1.6881765190588092
1.690301583910642
1.6906765953550829
1.6899265724662007
1.6874264961699272
1.6834263740958892
1.6794262520218513
1.6719260231330302
1.664925809503464
1.6568005615405743
1.6476752830591754
1.6389250160222175
1.6290497146519365
1.6181743827631458
1.607424054689169
1.5975487533188881
1.5869234290597247
1.5767981200598165
1.56742283394879
1.55792254402295
1.54842225409711
1.5366718955046237
1.5227964720603047
1.506795983764153
1.4890454420606098
1.4702948698385572
1.4510442823572498
1.4321687063203834
1.4151681875057223
1.4032928250984222
1.4007927488021485
1.4119180883205664
1.4356688131351665
1.4784201178014467
1.5384219489120152
1.6161743217261269
1.7103021942808314
1.8176804712057864
1.934309030426954
2.0450624103518784
2.1380652485732594
2.204067262794885
2.2383183080538345
2.2391933347575304
2.1945669728690453
2.113939512314219
2.008436292611469
1.8900576799829099
1.7706790368358412
1.6579255958738974
1.558297555467391
1.475920041505173
1.414793176061281
1.3766670125431073
1.3585414593951233
1.35504135258034
1.3630415967284157
1.3799171117282631
1.4024177983947264
1.4274185613574633
1.4537943662831507
1.4775450910977508
1.4995457625049593
1.5172963042085024
1.5315467390972626
1.5429220862453077
1.5520473647267068
1.5595475936155279
1.567047822504349
1.57454805139317
1.582048280281991
1.5885484786523028
1.5969237342448195
1.6047989745780817
1.6132992339854122
1.62204950102237
1.6314247871333964
1.6414250923184912
1.651425397503586
1.660550675984985
1.671176000244148
1.6814263130588702
1.6915516220587787
1.700926908169805
1.7113022247993408
1.7211775261696218
1.731052827539903
1.7399280983916745
1.7491783806878873
1.7579286477248453
1.766303903317362
1.7739291360209968
1.780179326761681
1.7866795251319927
1.7921796929837945
1.7963048188726465
1.7999299295022433
1.8023050019837032
1.8050550859096042
1.8046800744651632
1.8054300973540451
1.8040550553910948
1.8019299905392623
1.7991799066133611
1.7946797692800684
1.789679616687521
1.7834294259468366
1.7768042237617114
1.7704290292062137
1.7626787926877652
1.7543035370952484
1.746053285317545
1.736552995391705
1.727052705465865
1.7166773888363294
1.7070520950956756
1.6964267708365124
1.686676473281045
1.677551194799646
1.6665508590960418
1.6564255500961331
1.647050263985107
1.6377999816888944
1.6294247260963775
1.6205494552446058
1.6126742149113438
1.6049239783928952
1.598673787652211
1.5937986388744774
1.58879848628193
1.5842983489486373
1.58167326883755
1.5791731925412764
1.5776731467635121
1.5787981810968352
1.5785481734672078
1.580923245948668
1.58404834131901
1.5889234900967437
1.5934236274300364
1.5999238258003479
1.607049043244728
1.6142992645039216
1.6215494857631152
1.630799768059328
1.6390500198370312
1.6473002716147345
1.6555505233924375
1.663300759910886
1.670800988799707
1.6770511795403913
1.682676351207007
1.6873014923551135
1.6895515610217597
1.6905515915402693
1.690301583910642
1.6884265266884364
1.6853014313180945
1.6809262977996156
1.6759261452070682
1.6689259315775018
1.6610506912442398
1.6531754509109775
1.6438001647999512
1.6341748710592976
1.6237995544297616
1.613424237800226
1.6022988982818078
1.5926736045411543
1.5826732993560595
1.5724229865413375
1.5620476699118016
1.5532974028748436
1.5427970824304942
1.5302967009491257
1.5151712393566699
1.4985457319864497
1.4804201788384654
1.4615446028015993
1.4419190038758507
1.4241684621723076
1.408542985320597
1.401417767876217
1.4041678518021181
1.419293313394574
1.454919400616474
1.5046709189123204
1.5719229712820828
1.6576755882442702
1.7576786400952178
1.8724321420941803
1.98743565172277
2.091563829462569
2.1733163243507185
2.2240678731650747
2.2443184911648917
2.223192846461379
2.1604409314249096
2.0663130588702048
1.952934598834193
1.8339309671315653
1.7160523697622607
1.6087990966521197
1.5170462965788751
1.4431690420239875
1.3945425580614643
1.3662916959135716
1.3546663411358988
1.3576664326914274
1.3706668294320505
1.3901674245429854
1.4144181646168401
1.4392939237647635
1.4650447096163823
1.4880454115421002
1.5094210638752406
1.52467152928251
1.5366718955046237
1.5470472121341592
1.5556724753563036
1.563422711874752
1.5710479445783867
1.5780481582079533
1.5849233680227057
1.592798608355968
1.6002988372447888
1.6086740928373058
1.6172993560594502
1.626424634540849
1.6357999206518754
1.6456752220221567
1.6556755272072514
1.6656758323923462
1.675676137577441
1.6856764427625355
1.6959267555772577
1.7059270607623525
1.7160523697622607
1.7258026673177282
1.735802972502823
1.7448032471694084
1.7535535142063663
1.7618037659840693
1.769804010132145
1.7778042542802208
1.7839294412060915
1.7894296090578936
1.7936797387615588
1.7976798608355968
1.8013049714651936
1.8038050477614673
1.805180089724418
1.8058051087984863
1.8045550706503495
1.803180028687399
1.8000549333170568
1.7966798303170874
1.792054689168981
1.7866795251319927
1.7810543534653769
1.775429181798761
1.7671789300210579
1.7589286782433546
1.7506784264656514
1.7419281594286935
1.732677877132481
1.7225525681325726
1.7121772515030367
1.701676931058687
1.6916766258735922
1.6813013092440567
1.6719260231330302
1.6619257179479354
1.6524254280220954
1.6429251380962555
1.6349248939481797
1.6247995849482713
1.6164243293557543
1.6089241004669332
1.6022988982818078
1.596798730430006
1.5911735587633902
1.5869234290597247
1.582923306985687
1.5814232612079226
1.578923184911649
1.5782981658375803
1.5787981810968352
1.580048219244972
1.5822982879116183
1.586048402356029
1.5906735435041353
1.5964237189855648
1.602673909726249
1.6102991424298836
1.6177993713187049
1.6259246192815942
1.6341748710592976
1.6416750999481187
1.6505503707998903
1.658925626392407
1.667300881984924
1.6734260689107945
1.679926267281106
1.684301400799585
1.6878015076143682
1.6893015533921325
1.6906765953550829
1.6900515762810144
1.6875514999847407
1.683926389355144
1.679551255836665
1.673176061281167
1.6658008362071597
1.6580505996887114
1.6489253212073123
1.6400500503555409
1.6295497299111912
1.6190494094668417
1.6091741080965607
1.5994238105410932
1.5889234900967437
1.5790481887264625
1.5686728720969267
1.5592975859859004
1.5490472731711782
1.537671926023133
1.524296517838069
1.5089210486159856
1.491295510727256
1.4725449385052034
1.4537943662831507
1.434293771172216
1.4174182561723685
1.4049178746910003
1.4000427259132666
1.4087929929502243
1.4322937101351971
1.4729199499496444
1.5310467238380079
1.6049239783928952
1.6976768089846492
1.8034300363170261
1.9195585802789392
2.032062013611255
2.127939939573351
2.197942075869015
2.2348182012390514
2.242068422498245
2.2024422132023074
2.125689870906705
2.022686727500229
1.9049331339457383
1.7854294869838556
1.670800988799707
1.5697979064302499
1.485420331431013
1.4206683553575243
1.380417126987518
1.3596664937284464
1.3539163182470169
1.3619165623950926
1.3774170354319895
1.399417706839198
1.4245434736167486
1.4504192632831812
1.4746700033570361
1.4970456862086856
1.5151712393566699
1.5302967009491257
1.5410470290231024
1.5511723380230111
1.559172582171087
1.566297799615467
1.5737980285042878
1.5807982421338542
1.588423474837489
1.5960487075411238
1.6045489669484543
1.612174199652089
1.6214244819483017
1.6299247413556321
1.6401750541703544
1.6491753288369395
1.6595506454664755
1.6699259620960112
1.6796762596514787
1.6906765953550829
1.7004268929105502
1.7101771904660177
1.7201774956511124
1.7299277932065797
1.7395530869472335
1.7479283425397505
1.7569286172063356
1.7651788689840389
1.7730541093173011
1.780679342020936
1.7860545060579243
1.79167967772454
1.796054811243019
1.7991799066133611
1.8018049867244483
1.8038050477614673
1.8050550859096042
1.8046800744651632
1.8040550553910948
1.8019299905392623
1.7985548875392925
1.7950547807245094
1.7895546128727073
1.7846794640949737
1.778554277169103
1.7703040253914
1.7638038270210883
1.755553575243385
1.7475533310953093
1.7376780297250283
1.7289277626880704
1.7183024384289072
1.708052125614185
1.6985518356883451
1.6885515305032504
1.6783012176885281
1.667675893429365
1.6579255958738974
1.6491753288369395
1.6394250312814722
1.630799768059328
1.6219244972075564
1.614174260689108
1.6060490127262186
1.599548814355907
1.595173680837428
1.5894235053559984
1.5849233680227057
1.5814232612079226
1.5790481887264625
1.5784231696523943
1.5779231543931396
1.5791731925412764
1.5801732230597858
1.5830483108005005
1.5862984099856563
1.5934236274300364
1.5989237952818385
1.6059240089114046
1.6132992339854122
1.620924466689047
1.6287997070223093
1.6376749778740807
1.6463002410962249
1.6549255043183693
1.6626757408368176
1.6698009582811977
1.6763011566515091
1.681551316873684
1.6865514694662314
1.6885515305032504
1.6895515610217597
1.6905515915402693
1.6895515610217597
1.686301461836604
1.6820513321329387
1.6766761680959503
1.670050965910825
1.6623007293923764
1.6543004852443006
1.6448001953184606
1.6349248939481797
1.625299600207526
1.61492428357799
1.6044239631336406
1.5950486770226142
1.584423352763451
1.5739230323191016
1.564172734763634
1.554797448652608
1.5436721091341898
1.5319217505417035
1.5175463118381298
1.5015458235419783
1.483045258949553
1.4640446790978727
1.445419110690634
1.4266685384685813
1.410543046357616
1.4019177831354717
1.4027928098391673
1.417668263801996
1.4482941984313487
1.4969206823938719
1.5621726737266153
1.6464252449110386
1.7463032929471725
1.8568066652424697
1.9721851863155004
2.0788134403515732
2.163691030610065
2.219317728202155
2.2438184759056368
2.2284430066835537
2.170441236610004
2.080438489944151
1.9691850947599718
1.8499314554277169
1.7311778313547166
1.6215494857631152
1.5279216284676658
1.4531693472090823
1.4000427259132666
1.3690417798394727
1.3559163792840356
1.3564163945432905
1.3681667531357768
1.3867923215430158
1.4102930387279886
1.436293832209235
1.461169591357158
1.4851703238013856
1.506420972319712
1.5229214758751182
1.5355468611713006
1.5461721854304635
1.5550474562822352
1.562297677541429
1.570172917874691
1.5767981200598165
1.5845483565782648
1.5914235663930174
1.5994238105410932
1.6077990661336101
1.6166743369853815
1.625174596392712
1.634424878688925
1.644675191503647
1.6536754661702324
1.6643007904293954
1.6741760917996766
1.685051423688467
1.6956767479476302
1.7046770226142156
1.7150523392437513
1.7245526291695914
1.734302926725059
1.7444282357249672
1.7529284951322976
1.7611787469100009
1.7690539872432631
1.7769292275765252
1.7826794030579547
1.7886795861690117
1.7936797387615588
1.7973048493911556
1.8006799523911254
1.8026800134281442
1.804805078279977
1.8053050935392316
1.8049300820947904
1.803180028687399
1.8010549638355662
1.7971798455763421
1.7929297158726767
1.7874295480208746
1.7813043610950041
1.774304147465438
1.7680539567247535
1.7601787163914915
1.7518034607989748
1.7430531937620168
1.733427900021363
1.7238026062807095
1.7138023010956145
1.7035519882808923
1.6930516678365428
1.683051362651448
1.673176061281167
1.6626757408368176
1.653425458540605
1.6444251838740198
1.635174901577807
1.6257996154667806
1.6186743980224005
1.6100491348002564
1.6029239173558765
1.597173741874447
1.591923581652272
1.5871734366893522
1.5836733298745689
1.580923245948668
1.5787981810968352
1.5780481582079533
1.5785481734672078
1.580048219244972
1.5810482497634815
1.5856733909115879
1.5896735129856259
1.5959237037263099
1.6020488906521806
1.609424115726188
1.6166743369853815
1.6257996154667806
1.633549851985229
1.6418001037629322
1.6499253517258217
1.6579255958738974
1.6661758476516009
1.673176061281167
1.678676229132969
1.6841763969847714
1.6874264961699272
1.6904265877254554
1.6901765800958282
1.6900515762810144
1.6878015076143682
1.684301400799585
1.6805512863551746
1.6738010803552354
1.6665508590960418
1.658925626392407
1.6500503555406356
1.6394250312814722
1.6302997528000733
1.6204244514297923
1.6099241309854426
1.5994238105410932
1.589923520615253
1.578923184911649
1.5700479140598773
1.559797601245155
1.550422315134129
1.5386719565416427
1.5256715598010193
1.51042109439375
1.4934205755790888
1.4741699880977814
1.4552944120609148
1.4360438245796074
1.4186682943205053
1.405417889950255
1.401042756431776
1.4074179509872737
1.4296686300241095
1.4681698049867247
1.524296517838069
1.5984237800225838
1.688301522873623
1.7930547196874904
1.9093082674642172
2.0224367198706017
2.1203147068697166
2.192941923276467
2.233818170720542
2.2431934568315683
2.2073173619800412
2.1335651112399674
2.0328120365001374
1.9155584582049012
1.7961798150578325
1.680676290169988
1.5782981658375803
1.4919205298013245
1.4256685079500717
1.3834172185430464
1.360541520432142
1.3542913296914578
1.360541520432142
1.3754169743949705
1.3969176305429243
1.4219183935056612
1.4482941984313487
1.4729199499496444
1.494545609912412
1.513921201208533
1.5287966551713614
1.5404220099490342
1.5499222998748743
1.5584225592822047
1.566172795800653
1.5724229865413375
1.5804232306894133
1.5875484481337934
1.5955486922818691
1.603173924985504
1.6122992034669026
1.6201744438001648
1.6294247260963775
1.6393000274666587
1.649050325022126
1.6588006225775933
1.669175939207129
1.679551255836665
1.6893015533921325
1.699301858577227
1.7094271675771355
1.719552476577044
1.7291777703176978
1.7380530411694692
1.748053346354564
1.7559285866878263
1.7646788537247842
1.7725540940580462
1.7796793115024263
1.7851794793542284
1.7906796472060307
1.7959298074282053
1.799554918057802
1.8019299905392623
1.8029300210577714
1.8053050935392316
1.805180089724418
1.8043050630207222
1.8023050019837032
1.7980548722800378
1.7959298074282053
1.7905546433912167
1.7851794793542284
1.7789292886135442
1.7719290749839778
1.7646788537247842
1.7563035981322672
1.7479283425397505
1.7388030640583514
1.7286777550584431
1.7191774651326028
1.709177159947508
1.6984268318735312
1.6886765343180639
1.6785512253181556
1.6683009125034334
1.6586756187627796
1.6493003326517535
1.6413000885036775
1.6305497604297006
1.6224245124668113
1.6142992645039216
1.6069240394299142
1.60067384868923
1.5944236579485458
1.5882984710226753
1.5854233832819604
1.5821732840968048
1.57929819635609
1.5781731620227668
1.5785481734672078
1.5790481887264625
1.5806732383190405
1.5839233375041963
1.5874234443189794
1.5934236274300364
1.5985487838373975
1.6059240089114046
1.6126742149113438
1.6207994628742333
1.6281746879482406
1.6370499588000123
1.6455502182073427
1.6544254890591144
1.6618007141331217
1.6695509506515702
1.6754261299478135
1.6810513016144293
1.685926450392163
1.688301522873623
1.6908015991698966
1.6905515915402693
1.6900515762810144
1.6865514694662314
1.6823013397625661
1.6773011871700187
1.670800988799707
1.662800744651631
1.6549255043183693
1.6456752220221567
1.6367999511703848
1.626049623096408
1.6156743064668722
1.6051739860225227
1.594673665578173
1.5855483870967744
1.5750480666524247
1.5649227576525162
1.5562974944303722
1.5451721549119541
1.5332967925046541
1.5190463576158941
1.5022958464308604
1.484545304727317
1.4657947325052645
1.4462941373943297
1.4280435804315317
1.4112930692464982
1.4019177831354717
1.4022927945799126
1.416043214209418
1.4450440992461928
1.4921705374309517
1.5564224982451857
1.6367999511703848
1.7364279915768914
1.8478063905758844
1.963184911648915
2.0704381847590563
2.158315866573077
2.215942625202185
2.2433184606463823
2.231818109683523
2.1774414502395705
2.088563737907041
1.9795604113895078
1.8599317606128116
1.7410531327249978
1.6306747642445143
1.5354218573564866
1.458044495986816
1.4032928250984222
1.3705418256172368
1.3557913754692221
1.3555413678395947
1.3667917111728265
1.38591729483932
1.408917996765038
1.4344187749870296
1.460044557023835
1.4835452742088078
1.5047959227271341
1.5215464339121678
1.534546830652791
1.5447971434675132
1.5541724295785393
1.5627976928006837
1.569422894985809
1.5775481429486986
1.5841733451338236
1.5914235663930174
1.598673787652211
1.6076740623187964
1.6157993102816859
1.6241745658742028
1.6340498672444839
1.6429251380962555
1.6536754661702324
1.6631757560960723
1.673551072725608
1.6840513931699574
1.6936766869106112
1.7051770378734703
1.7140523087252417
1.7238026062807095
1.7331778923917356
1.7435532090212715
1.7515534531693473
1.7601787163914915
1.7684289681691947
1.7760542008728295
1.7821793877986998
1.7878045594653156
1.7934297311319314
1.797554857020783
1.8006799523911254
1.8036800439466536
1.8050550859096042
1.805555101168859
1.8046800744651632
1.80355504013184
1.8011799676503801
1.79642982268746
1.7928047120578632
1.7884295785393842
1.7818043763542588
1.7755541856135748
1.7684289681691947
1.7609287392803734
1.7536785180211798
1.7439282204657125
1.7339279152806177
1.7238026062807095
1.7139273049104282
1.704177007354961
1.6935516830957975
1.6838013855403302
1.6740510879848627
1.663300759910886
1.653800469985046
1.644675191503647
1.6352999053926207
1.6262996307260353
1.6180493789483323
1.6104241462446975
1.6032989288003174
1.5972987456892607
1.5916735740226449
1.5870484328745385
1.583298318430128
1.58167326883755
1.5786731772820215
1.5782981658375803
1.5782981658375803
1.5801732230597858
1.58167326883755
1.5854233832819604
1.5896735129856259
1.5957986999114964
1.6014238715781122
1.6092991119113744
1.6170493484298227
1.624924588763085
1.6327998290963468
1.6413000885036775
1.6498003479110082
1.657800592059084
1.6656758323923462
1.6728010498367258
1.6785512253181556
1.6836763817255165
1.6873014923551135
1.6896765648365732
1.6895515610217597
1.6904265877254554
1.6880515152439954
1.6853014313180945
1.6801762749107334
1.6728010498367258
1.6670508743552965
1.658550614947966
1.6499253517258217
1.64105008087405
1.6306747642445143
1.6207994628742333
1.6107991576891385
1.6000488296151616
1.5896735129856259
1.5804232306894133
1.5697979064302499
1.5601726126895963
1.5505473189489425
1.5390469679860834
1.5275466170232246
1.5111711172826319
1.493670583208716
1.4747950071718496
1.456169438764611
1.4372938627277445
1.41916830957976
1.405792901394696
1.4009177526169623
1.4070429395428328
1.4294186223944823
1.4670447706534013
1.5224214606158635
1.595173680837428
1.6855514389477217
1.790929654835658
1.905808160649434
2.0188116092410047
2.117814630573443
2.1913168736838893
2.2336931669057285
2.2429434492019413
2.208817407757805
2.1354401684621727
2.0350621051667837
1.9190585650196845
1.79880489516892
1.6835513779107028
1.5799232154301586
1.4940455946531572
1.4280435804315317
1.3839172338023011
1.3609165318765832
1.3537913144322031
1.360166508987701
1.375666982024598
1.3966676229132968
1.421168370616779
1.447294167912839
1.4722949308755762
1.4950456251716666
1.513546189764092
1.5290466628009889
1.540046998504593
1.549547288430433
1.558297555467391
1.565797784356212
1.5726729941709647
1.5801732230597858
1.587298440504166
1.5954236884670552
1.6025489059114353
1.611424176763207
1.6201744438001648
1.6289247108371228
1.6385500045777766
1.6488003173924985
1.6581756035035249
1.668800927762688
1.6793012482070377
1.6889265419476913
1.6999268776512955
1.7089271523178808
1.7188024536881619
1.728302743614002
1.7375530259102145
1.7473033234656818
1.7559285866878263
1.7641788384655293
1.772179082613605
1.780179326761681
1.7858044984282968
1.7908046510208442
1.7954297921689504
1.7990549027985472
1.8019299905392623
1.8041800592059083
1.8050550859096042
1.8054300973540451
1.8044300668355358
1.8023050019837032
1.7986798913541064
1.7955547959837643
1.790929654835658
1.7851794793542284
1.7791792962431716
1.77267909787286
1.7640538346507157
1.756803613391522
1.7481783501693777
1.7391780755027926
1.729427777947325
1.719927488021485
1.7094271675771355
1.6986768395031586
1.689051545762505
1.6790512405774103
1.6684259163182469
1.658925626392407
1.649425336466567
1.6404250617999818
1.6309247718741418
1.6227995239112523
1.614549272133549
1.6069240394299142
1.6005488448744163
1.594798669392987
1.5896735129856259
1.5855483870967744
1.5822982879116183
1.5802982268745993
1.5785481734672078
1.5784231696523943
1.5787981810968352
1.5815482650227364
1.5841733451338236
1.5876734519486069
1.592298593096713
1.5984237800225838
1.6049239783928952
1.6122992034669026
1.6199244361705374
1.627674672688986
1.6365499435407576
1.6453002105777155
1.6531754509109775
1.6615507065034945
1.669175939207129
1.6760511490218817
1.6810513016144293
1.6860514542069764
1.689051545762505
1.6900515762810144
1.6904265877254554
1.6895515610217597
1.6864264656514176
1.682676351207007
1.6766761680959503
1.6709259926145208
1.6630507522812585
1.655425519577624
1.6465502487258523
1.6360499282815029
1.6267996459852903
1.6164243293557543
1.6057990050965911
1.5954236884670552
1.5856733909115879
1.5751730704672384
1.566172795800653
1.5561724906155583
1.54604718161565
1.5339218115787225
1.5191713614307079
1.5035458845789973
1.4855453352458265
1.4665447553941466
1.4470441602832118
1.4281685842463454
1.4122930997650074
1.4020427869502854
1.40254280220954
1.414793176061281
1.443419049653615
1.4900454725791192
1.552672383800775
1.633549851985229
1.730677816095462
1.8429312417981507
1.9575597399822993
2.065563035981323
2.153315713980529
2.2139425641651664
2.241318399609363
2.23306814783166
2.180566545609912
2.0933138828699605
1.9846855677968689
1.866931974242378
1.7466783043916136
1.6356749168370617
1.5397969908749656
1.4617946104312267
1.4050428785058138
1.3716668599505601
1.3565413983581043
1.355416364024781
1.3666667073580125
1.3830422070986053
1.4072929471724602
1.4327937253944516
1.4582945036164434
1.482295236060671
1.5045459150975067
1.5205464033936582
1.5339218115787225
1.5446721396526994
1.5537974181340983
1.5616726584673606
1.5691728873561817
1.5756730857264931
1.583298318430128
1.5906735435041353
1.5981737723929563
1.6065490279854733
1.6155493026520584
1.624049562059389
1.6334248481704154
1.6435501571703237
1.6521754203924681
1.662800744651631
1.6730510574663533
1.6836763817255165
1.6941767021698662
1.7028019653920103
1.7130522782067326
1.723552598651082
1.7329278847621081
1.742178167058321
1.752428479873043
1.7594286935026096
1.7671789300210579
1.7753041779839474
1.782554399243141
1.7893046052430799
1.7931797235023041
1.7965548265022737
1.8001799371318705
1.8023050019837032
1.802805017242958
1.8059301126133
1.8043050630207222
1.803930051576281
1.800804956205939
1.7980548722800378
1.7936797387615588
1.7888045899838252
1.782929410687582
1.775804193243202
1.7700540177617725
1.7616787621692556
1.7530534989471116
1.744553239539781
1.7349279457991271
1.7249276406140324
1.7146773277993104
1.704927030243843
1.6943017059846797
1.684676412244026
1.6754261299478135
1.6640507827997681
1.6546754966887418
1.6455502182073427
1.6361749320963164
1.6266746421704763
1.6184243903927733
1.6107991576891385
1.6035489364299447
1.5977987609485154
1.5920485854670858
1.587298440504166
1.583298318430128
1.5806732383190405
1.57929819635609
1.5779231543931396
1.5781731620227668
1.579673207800531
1.58167326883755
1.5851733756523332
1.589923520615253
1.5950486770226142
1.601173863948485
1.6084240852076785
1.6162993255409406
1.6244245735038303
1.632424817651906
1.640675069429609
1.6489253212073123
1.6574255806146427
1.665300820947905
1.6725510422070986
1.6790512405774103
1.6834263740958892
1.6871764885402998
1.6900515762810144
1.6915516220587787
1.6898015686513872
1.6884265266884364
1.685051423688467
1.6808012939848018
1.6746761070589313
1.667675893429365
1.6599256569109164
1.6511753898739585
1.6416750999481187
1.6317997985778374
1.6216744895779291
1.6112991729483932
1.6005488448744163
1.5905485396893215
1.580048219244972
1.5700479140598773
1.5616726584673606
1.5521723685415205
1.5399219946897795
1.5269215979491562
1.5122961516159552
1.4955456404309213
1.4765450605792412
1.4574194769127478
1.4387939085055086
1.420793359172338
1.4064179204687641
1.4006677449873348
1.4064179204687641
1.4260435193945127
1.462794640949736
1.5167962889492477
1.5881734672078616
1.6766761680959503
1.780554338206122
1.8955578478347117
2.0099363383892332
2.109814386425367
2.1858167058320874
2.2306930753502
2.2441934873500777
2.2139425641651664
2.1438154240546896
2.0450624103518784
1.9294338816492203
1.809930234687338
1.6929266640217293
1.5881734672078616
1.5005457930234687
1.4324187139500106
1.3877923520615254
1.3626665852839748
1.3545413373210853
1.3591664784691917
1.37404193243202
1.3942925504318369
1.4190433057649465
1.4449190954313793
1.4701698660237434
1.493295571764275
1.51279616687521
1.5282966399121067
1.5394219794305246
1.548797265541551
1.5574225287636951
1.5667978148747217
1.5720479750968963
1.5794232001709037
1.5869234290597247
1.594798669392987
1.6025489059114353
1.6102991424298836
1.6199244361705374
1.628049684133427
1.637924985503708
1.6481752983184301
1.657800592059084
1.66717587817011
1.677926206244087
1.6880515152439954
1.6984268318735312
1.7084271370586261
1.718427442243721
1.7275527207251198
1.7375530259102145
1.7465533005767997
1.7553035676137578
1.7638038270210883
1.772179082613605
1.7790542924283579
1.7848044679097874
1.789679616687521
1.7950547807245094
1.79880489516892
1.8014299752800074
1.80355504013184
1.8049300820947904
1.8050550859096042
1.8044300668355358
1.802805017242958
1.8000549333170568
1.7950547807245094
1.7908046510208442
1.7854294869838556
1.7800543229468673
1.7731791131321146
1.7661788995025482
1.7573036286507766
1.7483033539841915
1.7395530869472335
1.7305528122806482
1.7208025147251809
1.7105522019104589
1.699801873836482
1.6891765495773186
1.6798012634662924
1.6699259620960112
1.659800653096103
1.6495503402813807
1.6408000732444226
1.6319248023926511
1.6222995086519973
1.6150492873928037
1.6077990661336101
1.601048860133671
1.5945486617633595
1.5894235053559984
1.5854233832819604
1.5821732840968048
1.579673207800531
1.5784231696523943
1.5785481734672078
1.5790481887264625
1.5805482345042268
1.5831733146153144
1.5871734366893522
1.5901735282448806
1.5980487685781428
1.6044239631336406
1.611799188207648
1.6199244361705374
1.6281746879482406
1.6367999511703848
1.6449251991332745
1.6528004394665363
1.6610506912442398
1.668800927762688
1.675676137577441
1.6809262977996156
1.6861764580217904
1.6888015381328776
1.6909266029847103
1.6909266029847103
1.6895515610217597
1.6869264809106725
1.6829263588366346
1.678676229132969
1.6706759849848933
1.6644257942442091
1.6553005157628102
1.6473002716147345
1.637549974059267
1.6261746269112216
1.616549333170568
1.606174016541032
1.5955486922818691
1.5854233832819604
1.5760480971709343
1.5655477767265848
1.5561724906155583
1.546422193060091
1.5339218115787225
1.5209214148380994
1.5039208960234383
1.4859203466902677
1.4670447706534013
1.448169194616535
1.4281685842463454
1.4126681112094486
1.401792779320658
1.4021677907650991
1.4144181646168401
1.4422940153202919
1.488170415356914
1.5509223303933837
1.6310497756889553
1.7280527359843745
1.838431104464858
1.9545596484267709
2.062937955870235
2.1526906949064606
2.2126925260170296
2.2405683767204807
2.233818170720542
2.1829416180913723
2.096438978240303
1.9880606707968382
1.8691820429090245
1.7498033997619558
1.6385500045777766
1.542047059541612
1.4636696676534318
1.4067929319132053
1.3726668904690695
1.3562913907284768
1.3552913602099674
1.3654166692098757
1.3845422528763696
1.4066679280983916
1.4321687063203834
1.4574194769127478
1.4815452131717888
1.5030458693197426
1.5204213995788447
1.5337968077639088
1.5445471358378857
1.5532974028748436
1.561047639393292
1.5690478835413677
1.5756730857264931
1.5830483108005005
1.590298532059694
1.5981737723929563
1.6056740012817774
1.6150492873928037
1.6246745811334575
1.6332998443556017
1.642675130466628
1.6520504165776544
1.6625507370220038
1.6733010650959808
1.6831763664662618
1.6933016754661703
1.7038019959105197
1.7134272896511735
1.7233025910214546
1.7325528733176672
1.741678151799066
1.7513034455397198
1.7601787163914915
1.7673039338358714
1.7751791741691336
1.7819293801690725
1.7870545365764336
1.7935547349467453
1.7970548417615282
1.8003049409466843
1.802805017242958
1.8046800744651632
1.805180089724418
1.804805078279977
1.8041800592059083
1.8013049714651936
1.79880489516892
1.7936797387615588
1.7886795861690117
1.7826794030579547
1.7763042085024567
1.7684289681691947
1.7611787469100009
1.7530534989471116
1.7441782280953397
1.7350529496139409
1.7254276558732873
1.7148023316141239
1.706052064577166
1.6945517136143071
1.6844264046143986
1.6750511185033723
1.6644257942442091
1.6549255043183693
1.6453002105777155
1.63629993591113
1.627174657429731
1.618924405652028
1.6112991729483932
1.6037989440595721
1.5974237495040742
1.5920485854670858
1.5881734672078616
1.5839233375041963
1.581298257393109
1.5787981810968352
1.5787981810968352
1.579673207800531
1.5797982116153446
1.58167326883755
1.5847983642078922
1.5894235053559984
1.594298654133732
1.601173863948485
1.6084240852076785
1.6160493179113133
1.6237995544297616
1.6327998290963468
1.6404250617999818
1.6491753288369395
1.656925565355388
1.6643007904293954
1.6723010345774711
1.6781762138737144
1.683051362651448
1.6871764885402998
1.6895515610217597
1.6909266029847103
1.6896765648365732
1.6885515305032504
1.6849264198736535
1.6804262825403606
1.675176122318186
1.6674258857997375
1.6595506454664755
1.6513003936887722
1.641925107577746
1.6321748100222786
1.6217994933927427
1.6116741843928344
1.6012988677632984
1.590798547318949
1.5822982879116183
1.5706729331339457
1.5615476546525469
1.5517973570970793
1.5401720023194068
1.5262965788750877
1.5126711630603962
1.4950456251716666
1.477045075838496
1.4571694692831203
1.4389189123203223
1.4204183477278969
1.4066679280983916
1.4004177373577074
1.4059179052095097
1.4260435193945127
1.4617946104312267
1.5161712698751793
1.587298440504166
1.675176122318186
1.7793043000579851
1.8933077791680655
2.007561265907773
2.1083143406476026
2.184941679128391
2.2300680562761315
2.2439434797204507
2.214692587054048
2.1456904812768944
2.0478124942777796
1.9320589617603077
1.8121803033539843
1.6961767632068852
1.590423535874508
1.5026708578753014
1.4337937559129612
1.387917355876339
1.3626665852839748
1.3542913296914578
1.3589164708395642
1.3737919248023926
1.394667561876278
1.4186682943205053
1.4444190801721244
1.4701698660237434
1.4922955412457657
1.5120461439863278
1.5269215979491562
1.53892196417127
1.5485472579119235
1.5572975249488816
1.5656727805413984
1.5717979674672689
1.5785481734672078
1.58642341380047
1.5940486465041048
1.6021738944669943
1.610549150059511
1.6197994323557239
1.6279246803186131
1.637549974059267
1.6475502792443617
1.6570505691702018
1.666800866725669
1.6780512100589007
1.6881765190588092
1.6985518356883451
1.7079271217993715
1.7183024384289072
1.7271777092806788
1.737303018280587
1.7465533005767997
1.7545535447248757
1.7638038270210883
1.7713040559099094
1.778554277169103
1.7844294564653462
1.7908046510208442
1.7954297921689504
1.79880489516892
1.8018049867244483
1.8034300363170261
1.805180089724418
1.804805078279977
1.803930051576281
1.802805017242958
1.79880489516892
1.796054811243019
1.7913046662800989
1.7858044984282968
1.7795543076876126
1.7730541093173011
1.7653038727988526
1.7573036286507766
1.7484283577990052
1.7404281136509292
1.730677816095462
1.7208025147251809
1.7101771904660177
1.700176885280923
1.6896765648365732
1.6794262520218513
1.6694259468367565
1.6601756645405439
1.6500503555406356
1.6411750846888638
1.6320498062074649
1.6230495315408795
1.6151742912076175
1.6077990661336101
1.6009238563188575
1.5950486770226142
1.5901735282448806
1.5857983947264016
1.5825482955412458
1.5802982268745993
1.5787981810968352
1.5782981658375803
1.578923184911649
1.5804232306894133
1.583298318430128
1.5867984252449112
1.5921735892818996
1.5977987609485154
1.6051739860225227
1.6119241920224616
1.6195494247260964
1.627299661244545
1.635924924466689
1.6448001953184606
1.6529254432813503
1.6606756797997986
1.6674258857997375
1.675176122318186
1.6804262825403606
1.6858014465773492
1.689051545762505
1.690301583910642
1.6905515915402693
1.689426557206946
1.6871764885402998
1.6824263435773796
1.677551194799646
1.6719260231330302
1.6638007751701407
1.6560505386516924
1.6465502487258523
1.6371749626148258
1.6266746421704763
1.6172993560594502
1.6065490279854733
1.5956736960966826
1.5855483870967744
1.5756730857264931
1.566297799615467
1.5565475020599995
1.546422193060091
1.5346718344676047
1.5204213995788447
1.5046709189123204
1.4871703848384046
1.4680448011719107
1.4487942136906033
1.4297936338389234
1.4134181340983307
1.4024177983947264
1.4015427716910305
1.4130431226538895
1.4412939848017823
1.4855453352458265
1.5471722159489731
1.626424634540849
1.7228025757621999
1.8328059327982422
1.9485594653157141
2.0578127994628743
2.148690572832423
2.210817468794824
2.240943388164922
2.2351932126834924
2.1860667134617144
2.101064119388409
1.9930608233893858
1.8745572069460128
1.7550535599841306
1.6434251533555102
1.5455471663563953
1.4661697439497057
1.4084179815057831
1.3736669209875791
1.3572914212469864
1.35504135258034
1.3647916501358075
1.3829172032837918
1.4051678823206275
1.4312936796166877
1.4572944730979338
1.4809201940977201
1.502420850245674
1.5194213690603353
1.5324217658009582
1.5437971129490036
1.5542974333933532
1.5612976470229194
1.568172856837672
1.5756730857264931
1.582048280281991
1.5894235053559984
1.5976737571337016
1.6057990050965911
1.6144242683187355
1.623299539170507
1.6326748252815333
1.6418001037629322
1.6524254280220954
1.6623007293923764
1.6724260383922849
1.6829263588366346
1.6926766563921019
1.7033019806512648
1.713177282021546
1.7230525833918273
1.7320528580584125
1.74180315561388
1.7498033997619558
1.7594286935026096
1.7681789605395672
1.775429181798761
1.7820543839838863
1.7878045594653156
1.7928047120578632
1.7971798455763421
1.8014299752800074
1.8026800134281442
1.8045550706503495
1.8050550859096042
1.8050550859096042
1.8038050477614673
1.8005549485763115
1.7968048341319012
1.7941797540208135
1.7891796014282664
1.7830544145023959
1.776554216132084
1.7696790063173315
1.7624287850581377
1.7534285103915526
1.7448032471694084
1.735427961058382
1.7255526596881008
1.7153023468733786
1.704927030243843
1.6949267250587483
1.6848014160588396
1.6749261146885588
1.6651758171330913
1.6549255043183693
1.6456752220221567
1.636674947355571
1.6277996765037996
1.618924405652028
1.6116741843928344
1.6040489516891996
1.5972987456892607
1.592298593096713
1.5876734519486069
1.5839233375041963
1.581298257393109
1.57929819635609
1.5779231543931396
1.5786731772820215
1.5794232001709037
1.5815482650227364
1.5850483718375195
1.5890484939115572
1.5952986846522417
1.60067384868923
1.608174077578051
1.6161743217261269
1.6236745506149481
1.6317997985778374
1.6400500503555409
1.6495503402813807
1.6566755577257606
1.6644257942442091
1.6715510116885892
1.677926206244087
1.6825513473921934
1.6873014923551135
1.6901765800958282
1.6908015991698966
1.6905515915402693
1.6881765190588092
1.685051423688467
1.6801762749107334
1.6748011108737448
1.6683009125034334
1.659800653096103
1.6511753898739585
1.6421751152073734
1.6321748100222786
1.6222995086519973
1.6116741843928344
1.601173863948485
1.5909235511337627
1.580923245948668
1.5711729483932007
1.5614226508377331
1.5519223609118933
1.5407970213934752
1.5272966093935971
1.5121711478011413
1.4957956480605488
1.477045075838496
1.4579194921720025
1.439043916135136
1.4206683553575243
1.406542924283578
1.4006677449873348
1.4059179052095097
1.425168492690817
1.4615446028015993
1.5145462202826014
1.5857983947264016
1.6749261146885588
1.7779292580950348
1.8925577562791833
2.0065612353892637
2.107314310129093
2.1844416638691366
2.2306930753502
2.2440684835352642
2.214692587054048
2.1464405041657764
2.0478124942777796
1.9324339732047486
1.8128053224280527
1.6961767632068852
1.5906735435041353
1.5025458540604877
1.4341687673574024
1.387917355876339
1.3627915890987885
1.3547913449507127
1.359041474654378
1.37404193243202
1.3942925504318369
1.4182932828760644
1.4442940763573107
1.4701698660237434
1.4926705526902067
1.5122961516159552
1.5271716055787836
1.5391719718008974
1.5485472579119235
1.5575475325785089
1.56504776146733
1.5720479750968963
1.5790481887264625
1.5866734214300973
1.5945486617633595
1.6016738792077396
1.61017413861507
1.6195494247260964
1.6285496993926818
1.6374249702444532
1.6473002716147345
1.6581756035035249
1.668050904873806
1.6781762138737144
1.6881765190588092
1.6980518204290902
1.7079271217993715
1.7176774193548388
1.7275527207251198
1.7366779992065189
1.7466783043916136
1.755553575243385
1.7636788232062746
1.771429059724723
1.7788042847987304
1.7848044679097874
1.7906796472060307
1.7951797845393231
1.7990549027985472
1.8013049714651936
1.8044300668355358
1.8050550859096042
1.805180089724418
1.8044300668355358
1.8026800134281442
1.7990549027985472
1.7959298074282053
1.792054689168981
1.7859295022431105
1.7793043000579851
1.7719290749839778
1.765928891872921
1.7570536210211494
1.7486783654286326
1.7396780907620473
1.7300527970213935
1.7203024994659262
1.7103021942808314
1.7000518814661092
1.6895515610217597
1.6794262520218513
1.669300943021943
1.6596756492812892
1.6501753593554491
1.640675069429609
1.6320498062074649
1.6226745200964385
1.6152992950224312
1.6075490585039827
1.6005488448744163
1.5949236732078005
1.5900485244300668
1.5857983947264016
1.5824232917264323
1.5801732230597858
1.5795482039857174
1.5777981505783258
1.5787981810968352
1.5804232306894133
1.5826732993560595
1.5869234290597247
1.5921735892818996
1.598673787652211
1.6046739707632678
1.61254921109653
1.6199244361705374
1.6277996765037996
1.6361749320963164
1.6453002105777155
1.6526754356517228
1.6610506912442398
1.6686759239478743
1.675676137577441
1.6805512863551746
1.6853014313180945
1.6885515305032504
1.6895515610217597
1.6901765800958282
1.6899265724662007
1.687051484725486
1.6840513931699574
1.677551194799646
1.6714260078737755
1.6639257789849544
1.655425519577624
1.6468002563554796
1.6374249702444532
1.627299661244545
1.6166743369853815
1.606174016541032
1.5956736960966826
1.5857983947264016
1.5760480971709343
1.566297799615467
1.555922482985931
1.5465471968749047
1.5342968230231637
1.51992138431959
1.5037958922086248
1.4861703543198952
1.4674197820978425
1.447794183172094
1.4296686300241095
1.4131681264687033
1.4020427869502854
1.40254280220954
1.4141681569872129
1.4416689962462232
1.4867953733939634
1.5500473036896878
1.6299247413556321
1.7266776940214241
1.8368060548722802
1.9531846064638203
2.0618129215369123
2.1520656758323926
2.2126925260170296
2.2411933957945496
2.2348182012390514
2.1833166295358137
2.0969389934995575
1.9884356822412794
1.868932035279397
1.7501784112063965
1.6389250160222175
1.5421720633564255
1.4634196600238045
1.4070429395428328
1.3720418713950011
1.3565413983581043
1.355416364024781
1.3659166844691304
1.3839172338023011
1.406917935728019
1.4316686910611285
1.4582945036164434
1.482295236060671
1.5030458693197426
1.5206714072084722
1.5339218115787225
1.544422132023072
1.5532974028748436
1.5615476546525469
1.5686728720969267
1.5755480819116796
1.582923306985687
1.5910485549485762
1.5981737723929563
1.6065490279854733
1.6152992950224312
1.6246745811334575
1.6332998443556017
1.6428001342814416
1.6531754509109775
1.6626757408368176
1.6730510574663533
1.6835513779107028
1.693801690725425
1.703676992095706
1.7136772972808008
1.7231775872066408
1.7331778923917356
1.742178167058321
1.7523034760582294
1.7599287087618642
1.7680539567247535
1.775804193243202
1.7819293801690725
1.7878045594653156
1.7934297311319314
1.7971798455763421
1.8003049409466843
1.8029300210577714
1.804805078279977
1.8059301126133
1.8049300820947904
1.8036800439466536
1.8011799676503801
1.7979298684652243
1.7933047273171179
1.788929593798639
1.7821793877986998
1.7763042085024567
1.7686789757988222
1.7614287545396283
1.753178502761925
1.7435532090212715
1.734552934354686
1.7244276253547777
1.7150523392437513
1.7045520187994019
1.6943017059846797
1.683926389355144
1.6741760917996766
1.6641757866145819
1.6544254890591144
1.644675191503647
1.6357999206518754
1.6270496536149175
1.618549394207587
1.6109241615039522
1.6036739402447586
1.5974237495040742
1.5920485854670858
1.5877984557634206
1.5836733298745689
1.5807982421338542
1.5794232001709037
1.5785481734672078
1.5784231696523943
1.5799232154301586
1.5819232764671776
1.5851733756523332
1.5891734977263712
1.595173680837428
1.6017988830225531
1.6087990966521197
1.616549333170568
1.6242995696890163
1.6327998290963468
1.6409250770592365
1.6495503402813807
1.6575505844294565
1.664925809503464
1.6729260536515398
1.6784262215033416
1.6833013702810755
1.6871764885402998
1.6898015686513872
1.6911766106143375
1.6905515915402693
1.688301522873623
1.6848014160588396
1.6808012939848018
1.6745511032441176
1.6670508743552965
1.6590506302072208
1.651425397503586
1.6413000885036775
1.6314247871333964
1.6210494705038605
1.6106741538743248
1.6002988372447888
1.589923520615253
1.5794232001709037
1.570547929319132
1.5600476088747826
1.5509223303933837
1.5399219946897795
1.526671590319529
1.5114211249122593
1.4944206060975982
1.4755450300607318
1.4564194463942381
1.4375438703573717
1.4194183172093875
1.4060429090243234
1.4002927335428939
1.4067929319132053
1.4276685689870905
1.4650447096163823
1.5201713919492172
1.5929236121707817
1.6825513473921934
1.786554521317179
1.9026830652790918
2.0156865138706626
2.1151895504623552
2.189941831720939
2.2320681173131507
2.2436934720908233
2.2106924649800104
2.1385652638325143
2.0374371776482434
1.9223086642048401
1.8019299905392623
1.6864264656514176
1.5825482955412458
1.495670644245735
1.4291686147648548
1.3849172643208107
1.361416547135838
1.3537913144322031
1.359041474654378
1.375291970580157
1.3964176152836694
1.420793359172338
1.4465441450239571
1.471919919431135
1.4941705984679707
1.5130461745048374
1.5284216437269205
1.539671987060152
1.5500473036896878
1.557797540208136
1.56504776146733
1.57217297891171
1.5805482345042268
1.5870484328745385
1.5950486770226142
1.6029239173558765
1.6120491958372754
1.6202994476149783
1.6290497146519365
1.638299996948149
1.6481752983184301
1.657800592059084
1.6681759086886196
1.6789262367625966
1.6893015533921325
1.6991768547624133
1.709177159947508
1.7194274727622303
1.7289277626880704
1.7381780449842832
1.7471783196508683
1.7558035828730125
1.7644288460951567
1.772179082613605
1.7789292886135442
1.7854294869838556
1.7904296395764032
1.7954297921689504
1.7991799066133611
1.8019299905392623
1.8040550553910948
1.8050550859096042
1.8049300820947904
1.803930051576281
1.8024300057985168
1.799554918057802
1.7951797845393231
1.790929654835658
1.7855544907986696
1.7790542924283579
1.7716790673543503
1.764803857539598
1.756428601947081
1.7478033387249368
1.7389280678731651
1.7291777703176978
1.7193024689474166
1.7093021637623218
1.699301858577227
1.6885515305032504
1.6793012482070377
1.6685509201330608
1.6586756187627796
1.6495503402813807
1.6400500503555409
1.6312997833185827
1.6226745200964385
1.614549272133549
1.607424054689169
1.5999238258003479
1.5941736503189183
1.5891734977263712
1.5854233832819604
1.5824232917264323
1.5801732230597858
1.5790481887264625
1.5780481582079533
1.5787981810968352
1.5804232306894133
1.583298318430128
1.5871734366893522
1.5926736045411543
1.5980487685781428
1.6051739860225227
1.6124242072817165
1.6202994476149783
1.6286747032074953
1.636674947355571
1.6453002105777155
1.6530504470961638
1.6610506912442398
1.6690509353923155
1.6758011413922544
1.6811763054292428
1.685926450392163
1.688301522873623
1.6901765800958282
1.6908015991698966
1.6896765648365732
1.6861764580217904
1.6821763359477524
1.6773011871700187
1.6709259926145208
1.6630507522812585
1.6546754966887418
1.6461752372814111
1.6361749320963164
1.6261746269112216
1.6159243140964994
1.6055489974669637
1.5950486770226142
1.5849233680227057
1.5752980742820522
1.5651727652821437
1.5552974639118626
1.5451721549119541
1.532921781060213
1.5184213385418257
1.5025458540604877
1.484670308542131
1.4657947325052645
1.4470441602832118
1.427918576616718
1.4116680806909392
1.401792779320658
1.40254280220954
1.4159182103946044
1.4450440992461928
1.491795525986511
1.5572975249488816
1.6376749778740807
1.735302957243568
1.846681356242561
1.9629349040192878
2.070188177129429
2.157690847499008
2.21644264046144
2.2424434339426864
2.231443098239082
2.1774414502395705
2.088563737907041
1.9784353770561847
1.8596817529831844
1.7404281136509292
1.6299247413556321
1.5347968382824184
1.4582945036164434
1.4031678212836085
1.3706668294320505
1.3560413830988496
1.3559163792840356
1.3672917264320812
1.3856672872096927
1.4091680043946653
1.434293771172216
1.4594195379497665
1.4832952665791803
1.5047959227271341
1.5215464339121678
1.5347968382824184
1.5450471510971404
1.5540474257637258
1.5624226813562427
1.5696729026154363
1.5764231086153753
1.5830483108005005
1.5911735587633902
1.599173802911466
1.607424054689169
1.6159243140964994
1.6250495925778985
1.6339248634296701
1.6441751762443924
1.653425458540605
1.6636757713553272
1.673676076540422
1.6844264046143986
1.6941767021698662
1.7048020264290291
1.7146773277993104
1.724302621539964
1.7338029114658042
1.7428031861323894
1.752053468428602
1.7605537278359324
1.768303964354381
1.7768042237617114
1.7823043916135137
1.7883045747245705
1.7935547349467453
1.7983048799096653
1.8001799371318705
1.802805017242958
1.8053050935392316
1.8054300973540451
1.804805078279977
1.8036800439466536
1.8016799829096348
1.7973048493911556
1.7928047120578632
1.7878045594653156
1.7820543839838863
1.7751791741691336
1.7688039796136357
1.7601787163914915
1.7519284646137883
1.743678212836085
1.7338029114658042
1.724302621539964
1.7148023316141239
1.7045520187994019
1.6936766869106112
1.6833013702810755
1.6734260689107945
1.6634257637256997
1.6540504776146734
1.6438001647999512
1.635549913022248
1.6265496383556628
1.618549394207587
1.6110491653187657
1.6034239326151312
1.597173741874447
1.5914235663930174
1.5875484481337934
1.5830483108005005
1.5810482497634815
1.57929819635609
1.5784231696523943
1.5782981658375803
1.5797982116153446
1.5822982879116183
1.5849233680227057
1.589923520615253
1.5957986999114964
1.6017988830225531
1.6082990813928648
1.616549333170568
1.6245495773186438
1.6327998290963468
1.6416750999481187
1.6496753440961944
1.657800592059084
1.6656758323923462
1.6725510422070986
1.6781762138737144
1.683926389355144
1.6878015076143682
1.6898015686513872
1.6906765953550829
1.6905515915402693
1.6880515152439954
1.684301400799585
1.679926267281106
1.6741760917996766
1.666800866725669
1.6583006073183386
1.6499253517258217
1.6408000732444226
1.6306747642445143
1.6210494705038605
1.6104241462446975
1.5999238258003479
1.5897985168004394
1.5795482039857174
1.569422894985809
1.5601726126895963
1.5502973113193153
1.5392969756157109
1.525796563615833
1.5110461134678184
1.493670583208716
1.4749200109866634
1.456044434949797
1.4364188360240486
1.419293313394574
1.405417889950255
1.4004177373577074
1.407792962431715
1.4294186223944823
1.4680448011719107
1.522671468245491
1.5970487380596332
1.687051484725486
1.7921796929837945
1.9076832178716392
2.0213116855372784
2.1186896572771388
2.1928169194616536
2.233818170720542
2.2430684530167544
2.2081923886837367
2.1353151646473587
2.0339370708334608
1.9179335306863612
1.7970548417615282
1.6816763206884975
1.578923184911649
1.4927955565050204
1.4267935422833948
1.383667226172674
1.3611665395062105
1.3540413220618306
1.3607915280617695
1.3762920010986663
1.3969176305429243
1.421668385876034
1.4475441755424665
1.4732949613940856
1.4950456251716666
1.5137961973937193
1.5289216589861752
1.540922025208289
1.5492972808008056
1.5584225592822047
1.565797784356212
1.5731730094302194
1.5802982268745993
1.5876734519486069
1.5945486617633595
1.6040489516891996
1.6116741843928344
1.6204244514297923
1.6290497146519365
1.63867500839259
1.6481752983184301
1.6584256111331521
1.6679259010589922
1.6791762443922238
1.6896765648365732
1.6995518662068545
1.7093021637623218
1.7189274575029754
1.7289277626880704
1.73942808313242
1.7473033234656818
1.7561785943174535
1.7646788537247842
1.7724290902432325
1.7794293038727989
1.785679494613483
1.7911796624652854
1.7958048036133916
1.799554918057802
1.8019299905392623
1.8043050630207222
1.805180089724418
1.8050550859096042
1.8040550553910948
1.8025550096133305
1.7989298989837337
1.7954297921689504
1.7905546433912167
1.7854294869838556
1.7789292886135442
1.772179082613605
1.7638038270210883
1.7566786095767084
1.747678334910123
1.7388030640583514
1.7293027741325113
1.7188024536881619
1.7090521561326946
1.6991768547624133
1.6884265266884364
1.6783012176885281
1.6686759239478743
1.658550614947966
1.6491753288369395
1.6400500503555409
1.6312997833185827
1.6222995086519973
1.6144242683187355
1.608174077578051
1.60067384868923
1.5941736503189183
1.5896735129856259
1.5854233832819604
1.582048280281991
1.5799232154301586
1.5785481734672078
1.57929819635609
1.57929819635609
1.5807982421338542
1.5835483260597554
1.5881734672078616
1.5925486007263405
1.5989237952818385
1.60542399365215
1.6122992034669026
1.6204244514297923
1.6286747032074953
1.6372999664296397
1.6458002258369702
1.653800469985046
1.6616757103183082
1.6694259468367565
1.6759261452070682
1.6810513016144293
1.6855514389477217
1.6896765648365732
1.6906765953550829
1.6909266029847103
1.6893015533921325
1.686301461836604
1.6823013397625661
1.6774261909848323
1.670050965910825
1.6630507522812585
1.654550492873928
1.6456752220221567
1.6367999511703848
1.626424634540849
1.6156743064668722
1.6052989898373364
1.594298654133732
1.584423352763451
1.5741730399487288
1.5649227576525162
1.5554224677266761
1.5451721549119541
1.532546769615772
1.5187963499862667
1.5026708578753014
1.484670308542131
1.4645446943571276
1.4459191259498887
1.427168553727836
1.4115430768761255
1.401417767876217
1.4022927945799126
1.4161682180242319
1.445794122135075
1.493295571764275
1.5581725516525773
1.6398000427259134
1.7370530106509599
1.8494314401684622
1.965559984130375
2.0723132419812615
2.1591908932767723
2.2170676595355086
2.2429434492019413
2.2308180791650134
2.176191412091433
2.087688711203345
1.9774353465376753
1.8579316995757926
1.7390530716879788
1.6289247108371228
1.5331717886898404
1.4570444654683066
1.4022927945799126
1.3700418103579821
1.3560413830988496
1.356166386913663
1.3671667226172672
1.3861673024689474
1.4090430005798518
1.434668782616657
1.4601695608386487
1.4844203009125034
1.5049209265419476
1.5214214300973539
1.5350468459120459
1.5454221625415814
1.5545474410229805
1.562297677541429
1.5689228797265542
1.5760480971709343
1.5837983336893826
1.5914235663930174
1.5994238105410932
1.6072990508743554
1.6161743217261269
1.6250495925778985
1.6340498672444839
1.6436751609851377
1.6539254737998597
1.6640507827997681
1.673176061281167
1.6840513931699574
1.6941767021698662
1.704177007354961
1.7145523239844966
1.7241776177251504
1.7340529190954315
1.7428031861323894
1.7518034607989748
1.7606787316507462
1.7686789757988222
1.776179204687643
1.7823043916135137
1.7885545823541977
1.7933047273171179
1.797554857020783
1.8006799523911254
1.803180028687399
1.8046800744651632
1.8056801049836726
1.804805078279977
1.803180028687399
1.8011799676503801
1.7978048646504103
1.7936797387615588
1.7879295632801295
1.7820543839838863
1.775804193243202
1.7684289681691947
1.7613037507248146
1.752053468428602
1.743303201391644
1.734302926725059
1.724302621539964
1.714427320169683
1.704052003540147
1.693801690725425
1.6831763664662618
1.6738010803552354
1.663300759910886
1.6536754661702324
1.644675191503647
1.6357999206518754
1.6274246650593585
1.6187994018372145
1.6106741538743248
1.6036739402447586
1.5970487380596332
1.5929236121707817
1.5874234443189794
1.5834233222449416
1.5806732383190405
1.5794232001709037
1.5782981658375803
1.578923184911649
1.5797982116153446
1.5819232764671776
1.5854233832819604
1.5895485091708121
1.5952986846522417
1.6016738792077396
1.608174077578051
