1.7333028962065493
1.7304278084658344
1.7268026978362376
1.7226775719473861
1.7181774346140937
1.713177282021546
1.7075521103549303
1.7019269386883145
1.695426740318003
1.689051545762505
1.6816763206884975
1.6746761070589313
1.6669258705404828
1.6599256569109164
1.6526754356517228
1.6455502182073427
1.6391750236518448
1.6321748100222786
1.6257996154667806
1.6194244209112827
1.613799249244667
1.608174077578051
1.6024239020966218
1.5972987456892607
1.592298593096713
1.587298440504166
1.5835483260597554
1.5799232154301586
1.5757980895413068
1.5726729941709647
1.5706729331339457
1.5660477919858395
1.5624226813562427
1.5581725516525773
1.55317239906003
1.5469222083193457
1.5397969908749656
1.532546769615772
1.5245465254676962
1.5141712088381603
1.5035458845789973
1.4921705374309517
1.4800451673940245
1.4686698202459794
1.458044495986816
1.449794244209113
1.4465441450239571
1.447794183172094
1.4542943815424054
1.467544785912656
1.4889204382457961
1.518296334727012
1.55554747154149
1.6009238563188575
1.6551755119479965
1.7178024231696525
1.7911796624652854
1.870932096316416
1.9538096255378887
2.033812067018647
2.1069392986846522
2.1691911984618675
2.218692709128086
2.2518187200537123
2.267569200720237
2.2721943418683432
2.250068666646321
2.2093174230170596
2.153065706350902
2.0854386425366984
2.010311349833674
1.9293088778344067
1.84630634479812
1.7641788384655293
1.6851764275032808
1.6136742454298534
1.5505473189489425
1.4995457625049593
1.4572944730979338
1.4250434888760033
1.4024177983947264
1.3890423902096622
1.3830422070986053
1.384417249061556
1.3915424665059357
1.403792840357677
1.419293313394574
1.4375438703573717
1.4565444502090519
1.4741699880977814
1.4904204840235602
1.5052959379863888
1.5185463423566392
1.5295466780602436
1.5387969603564562
1.5462971892452775
1.552672383800775
1.5574225287636951
1.561172643208106
1.5645477462080752
1.5672978301339764
1.570172917874691
1.57217297891171
1.57454805139317
1.5766731162450025
1.5795482039857174
1.5811732535782954
1.5836733298745689
1.5870484328745385
1.5895485091708121
1.5930486159855952
1.596673726615192
1.6004238410596028
1.6036739402447586
1.607424054689169
1.6115491805780204
1.6156743064668722
1.6199244361705374
1.6247995849482713
1.6294247260963775
1.6341748710592976
1.639925046540727
1.6458002258369702
1.6515504013183995
1.656550553910947
1.6630507522812585
1.6689259315775018
1.6753011261329998
1.681551316873684
1.6879265114291817
1.6950517288735618
1.7019269386883145
1.7095521713919493
1.7159273659474472
1.7214275337992493
1.7298027893917662
1.7368030030213324
1.7435532090212715
1.7516784569841608
1.7574286324655906
1.7646788537247842
1.771429059724723
1.7780542619098483
1.7838044373912778
1.7908046510208442
1.79642982268746
1.8021799981688895
1.8073051545762506
1.8125553147984252
1.8168054445020907
1.8216805932798243
1.8256807153538621
1.830055848872341
1.8335559556871244
1.836056031983398
1.8383061006500443
1.8401811578722496
1.8411811883907592
1.8440562761314738
1.8429312417981507
1.8441812799462873
1.8440562761314738
1.8440562761314738
1.842806237983337
1.8409311807611317
1.8383061006500443
1.8355560167241434
1.83205590990936
1.8286808069093905
1.8244306772057253
1.8218055970946379
1.816305429242836
1.8115552842799159
1.8063051240577412
1.800429944761498
1.7950547807245094
1.7884295785393842
1.7820543839838863
1.775429181798761
1.7690539872432631
1.7621787774285103
1.7553035676137578
1.7490533768730736
1.7419281594286935
1.734552934354686
1.7275527207251198
1.7205525070955536
1.712802270577105
1.7066770836512346
1.698176824243904
1.6920516373180334
1.6853014313180945
1.6783012176885281
1.6721760307626576
1.665300820947905
1.6588006225775933
1.6524254280220954
1.6461752372814111
1.639925046540727
1.6341748710592976
1.62917471846675
1.6236745506149481
1.618549394207587
1.6142992645039216
1.6095491195410014
1.6051739860225227
1.6007988525040437
1.596798730430006
1.5926736045411543
1.5895485091708121
1.5862984099856563
1.5831733146153144
1.5802982268745993
1.5780481582079533
1.5755480819116796
1.5726729941709647
1.5704229255043185
1.5679228492080448
1.5655477767265848
1.5644227423932615
1.5625476851710562
1.5615476546525469
1.5596725974303416
1.559172582171087
1.5574225287636951
1.556672505874813
1.556797509689627
1.555172460097049
1.5537974181340983
1.55317239906003
1.552672383800775
1.5524223761711478
1.5517973570970793
1.5519223609118933
1.5516723532822658
1.5514223456526384
1.5505473189489425
1.5512973418378246
1.5510473342081972
1.5505473189489425
1.5506723227637564
1.5510473342081972
1.5502973113193153
1.5509223303933837
1.5509223303933837
1.5510473342081972
1.5506723227637564
1.5511723380230111
1.5510473342081972
1.5509223303933837
1.5514223456526384
1.5519223609118933
1.5517973570970793
1.5522973723563342
1.5534224066896571
1.5536724143192846
1.5540474257637258
1.5545474410229805
1.555172460097049
1.5556724753563036
1.5569225135044404
1.5584225592822047
1.559047578356273
1.5609226355784784
1.5626726889858698
1.5647977538377027
1.565797784356212
1.5679228492080448
1.5700479140598773
1.57217297891171
1.5757980895413068
1.57929819635609
1.5825482955412458
1.58642341380047
1.5910485549485762
1.5950486770226142
1.5996738181707206
1.605048982207709
1.6102991424298836
1.6157993102816859
1.6221745048371838
1.628424695577868
1.6349248939481797
1.6416750999481187
1.6491753288369395
1.6559255348368787
1.662925748466445
1.6695509506515702
1.6769261757255778
1.6836763817255165
1.6900515762810144
1.6970517899105808
1.7035519882808923
1.7101771904660177
1.7153023468733786
1.7198024842066715
1.7244276253547777
1.7284277474288157
1.731052827539903
1.7333028962065493
1.7350529496139409
1.736552995391705
1.7369280068361461
1.7363029877620777
1.7350529496139409
1.7336779076509903
1.730302804651021
1.7266776940214241
1.7229275795770134
1.7181774346140937
1.712802270577105
1.7073021027253028
1.701301919614246
1.6949267250587483
1.688301522873623
1.681551316873684
1.6743010956144901
1.66717587817011
1.6594256416516617
1.6524254280220954
1.6449251991332745
1.6381749931333354
1.632299813837092
1.625299600207526
1.6192994170964692
1.6135492416150394
1.607424054689169
1.6017988830225531
1.5970487380596332
1.5920485854670858
1.5871734366893522
1.5834233222449416
1.5795482039857174
1.5755480819116796
1.5726729941709647
1.5696729026154363
1.5659227881710258
1.5624226813562427
1.5580475478377636
1.552672383800775
1.5465471968749047
1.5402970061342205
1.5321717581713308
1.5230464796899321
1.5131711783196509
1.5030458693197426
1.491295510727256
1.4795451521347698
1.4677947935422835
1.4575444807275613
1.449669240394299
1.4455441145054475
1.4469191564683983
1.454044373912778
1.4685448164311656
1.4902954802087467
1.51992138431959
1.5574225287636951
1.6041739555040133
1.6590506302072208
1.7223025605029452
1.7953047883541369
1.8761822565385906
1.959184789574877
2.038437208166753
2.1111894283883172
2.1729413129062776
2.2209427777947326
2.2530687582018496
2.267944212164678
2.271944334238716
2.2481936094241157
2.206567339091159
2.149190588091678
2.080563493758965
2.004561174352245
1.9241837214270456
1.8409311807611317
1.7580536515396588
1.6805512863551746
1.6089241004669332
1.546422193060091
1.4957956480605488
1.4544193853572192
1.4232934354686118
1.4011677602465895
1.3881673635059664
1.3834172185430464
1.384292245246742
1.3924174932096316
1.4047928708761863
1.4206683553575243
1.439043916135136
1.4575444807275613
1.4751700186162908
1.4914205145420698
1.5065459761345255
1.5190463576158941
1.530546708578753
1.5390469679860834
1.5469222083193457
1.5524223761711478
1.5576725363933226
1.5614226508377331
1.5645477462080752
1.5676728415784174
1.5704229255043185
1.5729230018005922
1.57454805139317
1.57692312387463
1.5790481887264625
1.5814232612079226
1.58404834131901
1.5871734366893522
1.590298532059694
1.5929236121707817
1.5969237342448195
1.6005488448744163
1.6040489516891996
1.6079240699484236
1.6120491958372754
1.6157993102816859
1.6204244514297923
1.6255496078371532
1.6301747489852596
1.6352999053926207
1.640675069429609
1.6463002410962249
1.6519254127628407
1.6574255806146427
1.6636757713553272
1.669675954466384
1.675551133762627
1.6823013397625661
1.689051545762505
1.6960517593920712
1.7028019653920103
1.7103021942808314
1.7163023773918882
1.723927610095523
1.730677816095462
1.7376780297250283
1.744553239539781
1.7515534531693473
1.7585536667989135
1.7656788842432936
1.7728041016876737
1.7794293038727989
1.785679494613483
1.7913046662800989
1.7973048493911556
1.8034300363170261
1.807930173650319
1.8129303262428662
1.818555497909482
1.8223056123538928
1.8261807306131168
1.8305558641315958
1.833305948057497
1.8363060396130253
1.8389311197241127
1.8406811731315043
1.842306222724082
1.8434312570574054
1.8434312570574054
1.8444312875759148
1.8445562913907285
1.8439312723166599
1.8425562303537095
1.8401811578722496
1.8379310892056033
1.8351810052797022
1.8319309060945466
1.8283057954649493
1.8246806848353525
1.8203055513168738
1.8155554063539538
1.8108052613910337
1.8056801049836726
1.8000549333170568
1.7941797540208135
1.787679555650502
1.7814293649098176
1.7749291665395062
1.7685539719840082
1.7616787621692556
1.7548035523545031
1.747678334910123
1.7411781365398113
1.7340529190954315
1.7266776940214241
1.7198024842066715
1.7123022553178504
1.7046770226142156
1.698176824243904
1.6911766106143375
1.6838013855403302
1.6773011871700187
1.671176000244148
1.6643007904293954
1.6581756035035249
1.651425397503586
1.6451752067629017
1.6391750236518448
1.6334248481704154
1.6281746879482406
1.6230495315408795
1.6181743827631458
1.613424237800226
1.6089241004669332
1.6042989593188268
1.6002988372447888
1.5965487228003785
1.5921735892818996
1.5892985015411847
1.5854233832819604
1.5825482955412458
1.5797982116153446
1.5776731467635121
1.5746730552079835
1.5717979674672689
1.5697979064302499
1.567797845393231
1.5656727805413984
1.564297738578448
1.5625476851710562
1.561172643208106
1.5596725974303416
1.558672566911832
1.5576725363933226
1.5570475173192542
1.55554747154149
1.554797448652608
1.5536724143192846
1.5532974028748436
1.552797387615589
1.5525473799859615
1.5520473647267068
1.5517973570970793
1.5521723685415205
1.5520473647267068
1.5510473342081972
1.5506723227637564
1.5505473189489425
1.5502973113193153
1.5505473189489425
1.5502973113193153
1.5505473189489425
1.5509223303933837
1.5509223303933837
1.5514223456526384
1.55079732657857
1.5510473342081972
1.5510473342081972
1.5510473342081972
1.5514223456526384
1.5521723685415205
1.5524223761711478
1.5529223914304024
1.5534224066896571
1.5537974181340983
1.5537974181340983
1.554672444837794
1.5552974639118626
1.5561724906155583
1.556797509689627
1.55792254402295
1.5595475936155279
1.561172643208106
1.5629226966154972
1.5645477462080752
1.566297799615467
1.568547868282113
1.5706729331339457
1.5731730094302194
1.5755480819116796
1.57929819635609
1.5831733146153144
1.5869234290597247
1.5915485702078311
1.5959237037263099
1.6004238410596028
1.6057990050965911
1.6111741691335797
1.6166743369853815
1.6226745200964385
1.6294247260963775
1.6361749320963164
1.6428001342814416
1.6501753593554491
1.656925565355388
1.6636757713553272
1.6709259926145208
1.677926206244087
1.6848014160588396
1.6916766258735922
1.6986768395031586
1.704927030243843
1.7105522019104589
1.7163023773918882
1.7213025299844356
1.7254276558732873
1.7285527512436292
1.7315528427991578
1.7336779076509903
1.7351779534287546
1.735802972502823
1.7369280068361461
1.7360529801324502
1.735302957243568
1.7331778923917356
1.7298027893917662
1.7264276863917967
1.7223025605029452
1.717177404095584
1.712052247688223
1.7066770836512346
1.700551896725364
1.6943017059846797
1.6876765037995543
1.6805512863551746
1.6738010803552354
1.6663008514664144
1.658550614947966
1.6509253822443313
1.643925168614765
1.6370499588000123
1.630799768059328
1.6244245735038303
1.6187994018372145
1.61254921109653
1.607424054689169
1.6009238563188575
1.5961737113559373
1.5911735587633902
1.5866734214300973
1.5826732993560595
1.5787981810968352
1.5750480666524247
1.5717979674672689
1.5696729026154363
1.565797784356212
1.5620476699118016
1.557172521134068
1.5516723532822658
1.5446721396526994
1.5384219489120152
1.530671712393567
1.5214214300973539
1.5111711172826319
1.5006707968382824
1.4891704458754236
1.4776700949125645
1.4665447553941466
1.455669423505356
1.4484192022461622
1.4455441145054475
1.4487942136906033
1.4565444502090519
1.4720449232459487
1.4954206366161078
1.5260465712454605
1.565797784356212
1.614174260689108
1.670050965910825
1.7359279763176367
1.8104302499465927
1.893057771538438
1.9751852778710288
2.053187658314768
2.1243148289437546
2.1836916409802547
2.2284430066835537
2.257568895535142
2.2704442884609515
2.269069246498001
2.240943388164922
2.1958170110171817
2.136440198980682
2.0664380626850183
1.9890607013153478
1.9070581987975708
1.8236806543168431
1.741303140354625
1.6646758018738366
1.5950486770226142
1.5355468611713006
1.4861703543198952
1.4466691488387708
1.4179182714316232
1.3975426496169927
1.3861673024689474
1.3825421918393506
1.385542283394879
1.395042573320719
1.4079179662465284
1.4246684774315623
1.4430440382091738
1.4612945951719718
1.479420148319956
1.4947956175420394
1.5096710715048678
1.5219214453566088
1.5322967619861447
1.5407970213934752
1.5486722617267374
1.5541724295785393
1.5584225592822047
1.5621726737266153
1.56504776146733
1.5680478530228583
1.5704229255043185
1.5731730094302194
1.57454805139317
1.5774231391338847
1.5799232154301586
1.5821732840968048
1.5854233832819604
1.5874234443189794
1.5906735435041353
1.5944236579485458
1.5972987456892607
1.6014238715781122
1.605048982207709
1.6086740928373058
1.6126742149113438
1.616924344615009
1.6215494857631152
1.626424634540849
1.6310497756889553
1.6365499435407576
1.6420501113925596
1.6471752677999205
1.6533004547257912
1.6595506454664755
1.6650508133182775
1.6710509964293345
1.6769261757255778
1.6838013855403302
1.6911766106143375
1.697426801355022
1.7044270149845882
1.7114272286141545
1.7181774346140937
1.7255526596881008
1.7321778618732262
1.7390530716879788
1.7459282815027315
1.753178502761925
1.7610537430951874
1.7670539262062441
1.773804132206183
1.780554338206122
1.7879295632801295
1.7928047120578632
1.7986798913541064
1.803930051576281
1.809180211798456
1.813805352946562
1.8188055055391095
1.8231806390575884
1.8271807611316264
1.8314308908352916
1.83443098239082
1.837306070131535
1.8390561235389262
1.8415561998352001
1.8420562150944548
1.8435562608722191
1.844306283761101
1.844306283761101
1.844306283761101
1.8434312570574054
1.8420562150944548
1.8400561540574358
1.8374310739463484
1.8348059938352612
1.8315558946501054
1.8273057649464401
1.8236806543168431
1.8193055207983642
1.8148053834650717
1.8096802270577106
1.8041800592059083
1.7980548722800378
1.7928047120578632
1.7866795251319927
1.780554338206122
1.7736791283913693
1.7670539262062441
1.76080373546556
1.7536785180211798
1.7461782891323587
1.7399280983916745
1.7329278847621081
1.7256776635029145
1.7180524307992797
1.7109272133548998
1.7033019806512648
1.6970517899105808
1.6896765648365732
1.6834263740958892
1.6761761528366956
1.6701759697256386
1.6630507522812585
1.6573005767998292
1.6498003479110082
1.6440501724295786
1.637924985503708
1.6320498062074649
1.6270496536149175
1.6219244972075564
1.6172993560594502
1.6126742149113438
1.6080490737632376
1.6034239326151312
1.5990487990966522
1.5956736960966826
1.5914235663930174
1.5886734824671163
1.585298379467147
1.582048280281991
1.5791731925412764
1.57692312387463
1.5740480361339153
1.5715479598376416
1.569422894985809
1.5672978301339764
1.565797784356212
1.5631727042451247
1.5616726584673606
1.56029761650441
1.5601726126895963
1.558672566911832
1.5575475325785089
1.5562974944303722
1.5556724753563036
1.554797448652608
1.5544224372081668
1.5521723685415205
1.5530473952452162
1.5522973723563342
1.5520473647267068
1.5519223609118933
1.5512973418378246
1.5519223609118933
1.5509223303933837
1.55079732657857
1.550422315134129
1.5501723075045015
1.5499222998748743
1.55079732657857
1.5506723227637564
1.5509223303933837
1.5511723380230111
1.5510473342081972
1.5511723380230111
1.5509223303933837
1.5506723227637564
1.5511723380230111
1.5519223609118933
1.5512973418378246
1.5525473799859615
1.552672383800775
1.5532974028748436
1.5534224066896571
1.5540474257637258
1.55554747154149
1.5560474868007448
1.555922482985931
1.5570475173192542
1.5595475936155279
1.5595475936155279
1.5612976470229194
1.5635477156895659
1.5647977538377027
1.5666728110599077
1.5682978606524856
1.5712979522080142
1.5736730246894741
1.5766731162450025
1.580048219244972
1.5835483260597554
1.5877984557634206
1.5925486007263405
1.5969237342448195
1.6012988677632984
1.6065490279854733
1.6115491805780204
1.6177993713187049
1.6242995696890163
1.630424756614887
1.6365499435407576
1.643925168614765
1.6513003936887722
1.6581756035035249
1.6650508133182775
1.6721760307626576
1.6789262367625966
1.6855514389477217
1.6923016449476609
1.6995518662068545
1.7054270455030978
1.711177220984527
1.7168023926511429
1.7218025452436905
1.7258026673177282
1.7293027741325113
1.7320528580584125
1.7341779229102452
1.735427961058382
1.736552995391705
1.736552995391705
1.735802972502823
1.7346779381694999
1.732677877132481
1.7295527817621388
1.725927671132542
1.721927549058504
1.716427381206702
1.7114272286141545
1.7053020416882838
1.699676870021668
1.6929266640217293
1.6858014465773492
1.6796762596514787
1.6720510269478437
1.665300820947905
1.6573005767998292
1.6504253669850764
1.6428001342814416
1.6361749320963164
1.630049745170446
1.6234245429853207
1.6172993560594502
1.6116741843928344
1.6056740012817774
1.6004238410596028
1.5955486922818691
1.5906735435041353
1.5857983947264016
1.5822982879116183
1.5781731620227668
1.57454805139317
1.5716729636524553
1.568547868282113
1.5646727500228887
1.5607976317636647
1.556672505874813
1.55079732657857
1.5441721243934445
1.5370469069490644
1.5296716818750573
1.5200463881344035
1.5100460829493088
1.499670766319773
1.4882954191717277
1.476295052949614
1.464419690542314
1.454919400616474
1.4485442060609761
1.445419110690634
1.4484192022461622
1.4577944883571887
1.4741699880977814
1.4979207129123815
1.5297966856898708
1.5695478988006226
1.6190494094668417
1.675551133762627
1.74180315561388
1.817430463576159
1.8995579699087497
1.9816854762413403
2.0601878719443345
2.1298149967955564
2.1879417706839197
2.231818109683523
2.258818933683279
2.270319284646138
2.267569200720237
2.2385683156834624
2.1913168736838893
2.131940061647389
2.060687887203589
1.98268550675985
1.9006830042420728
1.8173054597613454
1.735802972502823
1.6591756340220343
1.5905485396893215
1.5310467238380079
1.4827952513199256
1.4445440839869381
1.4156682027649772
1.3966676229132968
1.385542283394879
1.382292184209723
1.3869173253578295
1.3954175847651602
1.4092930082094792
1.4257935117648854
1.4441690725424972
1.4629196447645496
1.4799201635792107
1.4962956633198035
1.5102960905789362
1.522671468245491
1.5326717734305857
1.5419220557267983
1.5490472731711782
1.5541724295785393
1.558672566911832
1.5624226813562427
1.5649227576525162
1.5682978606524856
1.5707979369487595
1.5729230018005922
1.574923062837611
1.5776731467635121
1.5797982116153446
1.5827983031708732
1.5847983642078922
1.5876734519486069
1.5914235663930174
1.5941736503189183
1.5975487533188881
1.6012988677632984
1.605048982207709
1.6086740928373058
1.6131742301705987
1.6166743369853815
1.6215494857631152
1.6267996459852903
1.6317997985778374
1.6367999511703848
1.6425501266518143
1.6479252906888027
1.6536754661702324
1.6590506302072208
1.6646758018738366
1.6710509964293345
1.677551194799646
1.6844264046143986
1.6913016144291515
1.6975518051698355
1.7048020264290291
1.7116772362437818
1.7186774498733484
1.7254276558732873
1.7324278695028534
1.73942808313242
1.7459282815027315
1.7530534989471116
1.760428724021119
1.7671789300210579
1.774679158909879
1.7804293343913085
1.78692953276162
1.7929297158726767
1.7985548875392925
1.803930051576281
1.8096802270577106
1.8144303720206305
1.8198055360576189
1.8230556352427747
1.8279307840205086
1.8314308908352916
1.8343059785760063
1.8369310586870937
1.8393061311685537
1.8410561845759452
1.8421812189092686
1.8433062532425917
1.844681295205542
1.8445562913907285
1.8441812799462873
1.8438062685018464
1.8426812341685233
1.8395561387981811
1.8379310892056033
1.8345559862056338
1.8310558793908505
1.8268057496871855
1.8236806543168431
1.8193055207983642
1.814305368205817
1.8094302194280831
1.8041800592059083
1.7981798760948515
1.7921796929837945
1.7860545060579243
1.7796793115024263
1.7736791283913693
1.7660538956877345
1.7598037049470505
1.753178502761925
1.7463032929471725
1.73942808313242
1.7321778618732262
1.7248026367992186
1.7179274269844662
1.710427198095645
1.7030519730216378
1.6959267555772577
1.6895515610217597
1.6833013702810755
1.6761761528366956
1.6690509353923155
1.6631757560960723
1.6556755272072514
1.6503003631702629
1.643925168614765
1.6371749626148258
1.6325498214667196
1.626424634540849
1.6222995086519973
1.6167993408001955
1.6124242072817165
1.6079240699484236
1.60304892117069
1.599548814355907
1.5955486922818691
1.5914235663930174
1.588048463393048
1.5845483565782648
1.5821732840968048
1.578923184911649
1.5766731162450025
1.5740480361339153
1.5722979827265235
1.5692978911709952
1.56742283394879
1.56504776146733
1.563422711874752
1.5621726737266153
1.560672627948851
1.5594225898007141
1.558672566911832
1.5570475173192542
1.555922482985931
1.555172460097049
1.5545474410229805
1.553547410504471
1.5529223914304024
1.552672383800775
1.5530473952452162
1.5522973723563342
1.5517973570970793
1.5519223609118933
1.5510473342081972
1.5509223303933837
1.5502973113193153
1.5509223303933837
1.5501723075045015
1.550422315134129
1.550422315134129
1.5506723227637564
1.550422315134129
1.5510473342081972
1.5509223303933837
1.5510473342081972
1.5510473342081972
1.5505473189489425
1.5510473342081972
1.5514223456526384
1.551547349467452
1.5520473647267068
1.55317239906003
1.5541724295785393
1.553922421948912
1.553547410504471
1.55554747154149
1.5554224677266761
1.5565475020599995
1.557172521134068
1.5596725974303416
1.559922605059969
1.561172643208106
1.5631727042451247
1.56504776146733
1.5665478072450942
1.5695478988006226
1.5712979522080142
1.5736730246894741
1.5766731162450025
1.580048219244972
1.5837983336893826
1.5877984557634206
1.592798608355968
1.596298715170751
1.6020488906521806
1.607049043244728
1.6127992187261575
1.6177993713187049
1.6241745658742028
1.6312997833185827
1.6380499893185219
1.6443001800592059
1.6513003936887722
1.658925626392407
1.6659258400219734
1.6726760460219123
1.6801762749107334
1.6860514542069764
1.693426679280984
1.6994268623920408
1.705677053132725
1.7115522324289683
1.717177404095584
1.7220525528733177
1.725927671132542
1.7295527817621388
1.7324278695028534
1.7338029114658042
1.7356779686880093
1.736552995391705
1.7366779992065189
1.7359279763176367
1.734552934354686
1.7325528733176672
1.7291777703176978
1.7253026520584733
1.7211775261696218
1.7160523697622607
1.7110522171697136
1.7054270455030978
1.6990518509475998
1.6931766716513565
1.6858014465773492
1.6788012329477828
1.6718010193182167
1.6646758018738366
1.6566755577257606
1.6498003479110082
1.642675130466628
1.63629993591113
1.6299247413556321
1.6230495315408795
1.6171743522446362
1.6111741691335797
1.6055489974669637
1.6001738334299753
1.5952986846522417
1.5906735435041353
1.5855483870967744
1.582048280281991
1.5780481582079533
1.5744230475783563
1.5714229560228279
1.5679228492080448
1.5647977538377027
1.5615476546525469
1.5561724906155583
1.5506723227637564
1.5442971282082585
1.5370469069490644
1.5292966704306161
1.5192963652455214
1.5096710715048678
1.4986707358012636
1.487420392468032
1.4755450300607318
1.4641696829126867
1.4544193853572192
1.4476691793572802
1.44529410687582
1.4486692098757896
1.458794518875698
1.4760450453199865
1.4991707510605183
1.5321717581713308
1.5726729941709647
1.6231745353556932
1.6808012939848018
1.7471783196508683
1.8233056428724022
1.905433149204993
1.9876856593523973
2.065438032166509
2.1341901303140354
2.1915668813135167
2.2341931821649834
2.260318979461043
2.2705692922757654
2.2660691549424725
2.2348182012390514
2.1875667592394787
2.1263148899807733
2.0549377117221597
1.9764353160191657
1.8944328135013888
1.811055269020661
1.730677816095462
1.653800469985046
1.5857983947264016
1.5271716055787836
1.4799201635792107
1.4417940000610372
1.415293191320536
1.3955425885799737
1.3852922757652517
1.3827921994689778
1.386667317728202
1.3961676076540421
1.4101680349131749
1.4270435499130223
1.445794122135075
1.4639196752830592
1.481420209356975
1.4979207129123815
1.5112961210974456
1.5232964873195594
1.5337968077639088
1.542422070986053
1.5494222846156194
1.5542974333933532
1.559047578356273
1.5626726889858698
1.5651727652821437
1.567797845393231
1.5709229407635732
1.5734230170598467
1.5757980895413068
1.5771731315042574
1.5797982116153446
1.5826732993560595
1.5846733603930783
1.587923459578234
1.590798547318949
1.594798669392987
1.5980487685781428
1.6017988830225531
1.605048982207709
1.6100491348002564
1.6132992339854122
1.6176743675038912
1.6215494857631152
1.6266746421704763
1.6320498062074649
1.6371749626148258
1.6424251228370008
1.6481752983184301
1.6536754661702324
1.6595506454664755
1.6661758476516009
1.671301004058962
1.6781762138737144
1.6845514084292124
1.6919266335032197
1.6985518356883451
1.704927030243843
1.712427259132664
1.7189274575029754
1.7258026673177282
1.733052888576922
1.740178106021302
1.7465533005767997
1.7536785180211798
1.7614287545396283
1.76792895290994
1.7745541550950652
1.7811793572801906
1.7873045442060609
1.7931797235023041
1.7990549027985472
1.804805078279977
1.809180211798456
1.815055391094699
1.8196805322428053
1.8236806543168431
1.8276807763908811
1.8315558946501054
1.8345559862056338
1.8370560625019074
1.8398061464278084
1.8411811883907592
1.8425562303537095
1.8434312570574054
1.844306283761101
1.844681295205542
1.8434312570574054
1.8436812646870329
1.841931211279641
1.8395561387981811
1.8374310739463484
1.8343059785760063
1.8310558793908505
1.826930753501999
1.8235556505020296
1.8190555131687367
1.814180364391003
1.8089302041688284
1.803930051576281
1.7979298684652243
1.7919296853541673
1.7859295022431105
1.7793043000579851
1.77267909787286
1.765803888058107
1.7584286629841
1.7529284951322976
1.746053285317545
1.7391780755027926
1.7316778466139713
1.7236776024658955
1.717177404095584
1.710052186651204
1.7028019653920103
1.6956767479476302
1.6885515305032504
1.6823013397625661
1.6758011413922544
1.6689259315775018
1.662800744651631
1.6556755272072514
1.6499253517258217
1.6435501571703237
1.6372999664296397
1.6320498062074649
1.626424634540849
1.6214244819483017
1.6171743522446362
1.612174199652089
1.6077990661336101
1.6037989440595721
1.5990487990966522
1.5952986846522417
1.5912985625782037
1.5877984557634206
1.5845483565782648
1.58167326883755
1.578923184911649
1.5764231086153753
1.5739230323191016
1.5712979522080142
1.5691728873561817
1.5671728263191627
1.5649227576525162
1.563422711874752
1.561922666096988
1.5607976317636647
1.559172582171087
1.558297555467391
1.5574225287636951
1.5557974791711173
1.5554224677266761
1.5545474410229805
1.5532974028748436
1.552797387615589
1.5529223914304024
1.5524223761711478
1.5519223609118933
1.5516723532822658
1.5512973418378246
1.5512973418378246
1.5509223303933837
1.5510473342081972
1.5506723227637564
1.5501723075045015
1.5510473342081972
1.5502973113193153
1.55079732657857
1.5509223303933837
1.5510473342081972
1.5512973418378246
1.5510473342081972
1.5510473342081972
1.5512973418378246
1.5512973418378246
1.5511723380230111
1.5517973570970793
1.5524223761711478
1.5530473952452162
1.553547410504471
1.5540474257637258
1.553922421948912
1.5552974639118626
1.55554747154149
1.5561724906155583
1.5574225287636951
1.5585475630970183
1.5595475936155279
1.5609226355784784
1.5636727195043794
1.5645477462080752
1.5664228034302805
1.5695478988006226
1.5712979522080142
1.5735480208746606
1.5770481276894437
1.5807982421338542
1.5842983489486373
1.5881734672078616
1.5929236121707817
1.5975487533188881
1.6021738944669943
1.6071740470595417
1.6130492263557847
1.6184243903927733
1.6246745811334575
1.6317997985778374
1.6377999816888944
1.6451752067629017
1.652550431836909
1.6595506454664755
1.666050843836787
1.6729260536515398
1.679926267281106
1.686301461836604
1.6935516830957975
1.7000518814661092
1.7065520798364209
1.712427259132664
1.7176774193548388
1.7229275795770134
1.726302682576983
1.7301778008362072
1.7328028809472946
1.734302926725059
1.7356779686880093
1.736552995391705
1.7366779992065189
1.735802972502823
1.7341779229102452
1.7325528733176672
1.7288027588732566
1.7246776329844051
1.7209275185399944
1.7159273659474472
1.7116772362437818
1.7045520187994019
1.6984268318735312
1.6929266640217293
1.6853014313180945
1.677926206244087
1.671176000244148
1.6634257637256997
1.6564255500961331
1.649425336466567
1.6420501113925596
1.635174901577807
1.6289247108371228
1.6221745048371838
1.6164243293557543
1.6109241615039522
1.6052989898373364
1.5996738181707206
1.594798669392987
1.589923520615253
1.5854233832819604
1.5814232612079226
1.5777981505783258
1.5744230475783563
1.5710479445783867
1.5680478530228583
1.5644227423932615
1.56029761650441
1.555922482985931
1.5505473189489425
1.5436721091341898
1.53654689168981
1.5279216284676658
1.5189213538010804
1.5086710409863584
1.497670705282754
1.4864203619495224
1.473919980468154
1.4634196600238045
1.4537943662831507
1.447294167912839
1.4459191259498887
1.4490442213202308
1.4599195532090212
1.4766700643940551
1.5015458235419783
1.5350468459120459
1.57692312387463
1.6265496383556628
1.6854264351329082
1.7529284951322976
1.8301808526871548
1.9121833552049319
1.99456086916715
2.071438215277566
2.1396902981658377
2.1959420148319957
2.237068269905698
2.2616940214239936
2.2723193456831567
2.264569109164708
2.2309430829798274
2.182816614276559
2.1210647297585985
2.0494375438703574
1.9698101138340405
1.8874325998718222
1.8050550859096042
1.7238026062807095
1.6485503097628713
1.5801732230597858
1.5231714835047456
1.4760450453199865
1.4400439466536454
1.4126681112094486
1.3941675466170234
1.385167271950438
1.3827921994689778
1.3874173406170842
1.3969176305429243
1.4114180730613117
1.4282935880611591
1.4469191564683983
1.4649197058015686
1.482295236060671
1.4974206976531268
1.511921140171514
1.5240465102084415
1.5342968230231637
1.5425470748008667
1.5497972960600603
1.554672444837794
1.5595475936155279
1.5629226966154972
1.5656727805413984
1.5686728720969267
1.5710479445783867
1.5735480208746606
1.5757980895413068
1.5776731467635121
1.5802982268745993
1.5825482955412458
1.5854233832819604
1.587923459578234
1.5914235663930174
1.594673665578173
1.5990487990966522
1.6019238868373669
1.6056740012817774
1.6091741080965607
1.6136742454298534
1.6172993560594502
1.62204950102237
1.627174657429731
1.6320498062074649
1.6374249702444532
1.6429251380962555
1.6485503097628713
1.6541754814294871
1.6600506607257304
1.6661758476516009
1.6725510422070986
1.6785512253181556
1.6851764275032808
1.6918016296884062
1.6986768395031586
1.7055520493179113
1.7125522629474779
1.7196774803918575
1.7265526902066104
1.7336779076509903
1.7408031250953704
1.7473033234656818
1.7548035523545031
1.7620537736136967
1.7680539567247535
1.7750541703543201
1.7821793877986998
1.788054567094943
1.7935547349467453
1.7994299142429884
1.804805078279977
1.8096802270577106
1.815055391094699
1.82018054750206
1.8241806695760978
1.8280557878353223
1.8321809137241738
1.8348059938352612
1.8375560777611624
1.8395561387981811
1.8415561998352001
1.8426812341685233
1.842806237983337
1.8441812799462873
1.8441812799462873
1.8433062532425917
1.8431812494277782
1.8415561998352001
1.8398061464278084
1.8374310739463484
1.8334309518723106
1.8305558641315958
1.826930753501999
1.8229306314279612
1.8184304940946685
1.813430341502121
1.8088052003540147
1.802805017242958
1.7976798608355968
1.7915546739097263
1.7855544907986696
1.778679280983917
1.772304086428419
1.765803888058107
1.758803674428541
1.7523034760582294
1.7453032624286628
1.738553056428724
1.731052827539903
1.723552598651082
1.7168023926511429
1.7096771752067628
1.7031769768364513
1.6953017365031893
1.688301522873623
1.6821763359477524
1.6749261146885588
1.6684259163182469
1.6625507370220038
1.655425519577624
1.6493003326517535
1.6429251380962555
1.6369249549851985
1.631674794763024
1.626049623096408
1.6205494552446058
1.6162993255409406
1.6115491805780204
1.6067990356151007
1.6025489059114353
1.5989237952818385
1.5949236732078005
1.590423535874508
1.5875484481337934
1.584423352763451
1.5817982726523636
1.5787981810968352
1.5760480971709343
1.5737980285042878
1.5715479598376416
1.5690478835413677
1.567047822504349
1.5647977538377027
1.563047700430311
1.561797662282174
1.5605476241340372
1.559047578356273
1.558297555467391
1.5570475173192542
1.5561724906155583
1.555172460097049
1.554797448652608
1.5534224066896571
1.5529223914304024
1.5525473799859615
1.5522973723563342
1.5521723685415205
1.5519223609118933
1.5512973418378246
1.55079732657857
1.55079732657857
1.5506723227637564
1.5505473189489425
1.5502973113193153
1.5505473189489425
1.5505473189489425
1.550422315134129
1.5502973113193153
1.5510473342081972
1.55079732657857
1.5512973418378246
1.5510473342081972
1.5512973418378246
1.5509223303933837
1.5517973570970793
1.5519223609118933
1.5520473647267068
1.552672383800775
1.553547410504471
1.5540474257637258
1.5541724295785393
1.5542974333933532
1.5552974639118626
1.5560474868007448
1.5575475325785089
1.5585475630970183
1.559922605059969
1.5614226508377331
1.5635477156895659
1.56504776146733
1.5665478072450942
1.5691728873561817
1.5716729636524553
1.57454805139317
1.5771731315042574
1.580923245948668
1.584423352763451
1.5882984710226753
1.592798608355968
1.597173741874447
1.6024239020966218
1.6084240852076785
1.6130492263557847
1.6187994018372145
1.625174596392712
1.63154979094821
1.6384250007629628
1.644675191503647
1.6526754356517228
1.658925626392407
1.6663008514664144
1.6729260536515398
1.6804262825403606
1.686676473281045
1.6940516983550522
1.7008019043549913
1.7064270760216071
1.7123022553178504
1.7176774193548388
1.7225525681325726
1.7264276863917967
1.7298027893917662
1.732677877132481
1.734302926725059
1.735802972502823
1.736552995391705
1.7371780144657736
1.7350529496139409
1.7344279305398724
1.7321778618732262
1.7289277626880704
1.7253026520584733
1.7206775109103671
1.7159273659474472
1.7101771904660177
1.7044270149845882
1.6986768395031586
1.6916766258735922
1.6849264198736535
1.6781762138737144
1.6706759849848933
1.6638007751701407
1.6560505386516924
1.649050325022126
1.6420501113925596
1.635174901577807
1.6286747032074953
1.6222995086519973
1.6160493179113133
1.6106741538743248
1.6049239783928952
1.6000488296151616
1.5945486617633595
1.5906735435041353
1.5849233680227057
1.5815482650227364
1.5777981505783258
1.5741730399487288
1.5715479598376416
1.5676728415784174
1.5646727500228887
1.560672627948851
1.5557974791711173
1.5501723075045015
1.5432970976897489
1.5360468764305553
1.5277966246528518
1.5181713309121982
1.508421033356731
1.497670705282754
1.4859203466902677
1.473919980468154
1.462794640949736
1.453669362468337
1.4471691640980255
1.4455441145054475
1.4494192327646718
1.4595445417645803
1.4775450910977508
1.5030458693197426
1.5361718802453688
1.5777981505783258
1.6285496993926818
1.6871764885402998
1.755178563798944
1.8319309060945466
1.9140584124271371
1.9969359416486099
2.073063264870144
2.141065340128788
2.196942045350505
2.237693288979766
2.2618190252388075
2.27106930753502
2.2641940977202673
2.231068086794641
2.1820665913876764
2.1199396954252756
2.0470624713888976
1.9691850947599718
1.8860575579088719
1.8033050325022126
1.721927549058504
1.6468002563554796
1.5795482039857174
1.5219214453566088
1.4756700338755455
1.4385439008758814
1.41204309213538
1.3940425428022096
1.3847922605059968
1.3829172032837918
1.3874173406170842
1.397417645802179
1.4121680959501939
1.4285435956907866
1.4470441602832118
1.4662947477645192
1.4829202551347391
1.4981707205420087
1.5125461592455824
1.52467152928251
1.5347968382824184
1.5429220862453077
1.5502973113193153
1.5554224677266761
1.5594225898007141
1.563047700430311
1.565422772911771
1.568547868282113
1.5710479445783867
1.5737980285042878
1.5759230933561206
1.5777981505783258
1.5801732230597858
1.5825482955412458
1.585298379467147
1.5882984710226753
1.5916735740226449
1.594798669392987
1.5985487838373975
1.6024239020966218
1.60542399365215
1.6092991119113744
1.6135492416150394
1.6182993865779596
1.6227995239112523
1.6274246650593585
1.6325498214667196
1.637549974059267
1.6431751457258827
1.6488003173924985
1.654550492873928
1.6601756645405439
1.6659258400219734
1.6723010345774711
1.6785512253181556
1.6853014313180945
1.6916766258735922
1.698926847132786
1.7055520493179113
1.7126772667622914
1.7198024842066715
1.7266776940214241
1.7335529038361768
1.7410531327249978
1.7471783196508683
1.7548035523545031
1.7613037507248146
1.7684289681691947
1.7751791741691336
1.7818043763542588
1.788054567094943
1.7938047425763726
1.799554918057802
1.805555101168859
1.8096802270577106
1.815055391094699
1.8200555436872463
1.8244306772057253
1.8280557878353223
1.8318059022797326
1.8349309976500747
1.8376810815759759
1.840431165501877
1.8416812036500139
1.842431226538896
1.8436812646870329
1.844806299020356
1.8441812799462873
1.8444312875759148
1.8434312570574054
1.8416812036500139
1.8398061464278084
1.8376810815759759
1.8338059633167516
1.8305558641315958
1.8270557573168127
1.8228056276131475
1.8183054902798548
1.8129303262428662
1.8084301889095737
1.803180028687399
1.7971798455763421
1.7911796624652854
1.784929471724601
1.778679280983917
1.7719290749839778
1.7650538651692254
1.7594286935026096
1.7519284646137883
1.7448032471694084
1.7388030640583514
1.7304278084658344
1.7238026062807095
1.7170524002807703
1.7089271523178808
1.701801934873501
1.6951767326883755
1.6889265419476913
1.6818013245033114
1.6744260994293039
1.6685509201330608
1.6618007141331217
1.6550505081331828
1.6488003173924985
1.6429251380962555
1.636674947355571
1.6312997833185827
1.6257996154667806
1.6205494552446058
1.6159243140964994
1.611799188207648
1.6071740470595417
1.60304892117069
1.598673787652211
1.594673665578173
1.589923520615253
1.5867984252449112
1.5846733603930783
1.5811732535782954
1.5784231696523943
1.5762981048005615
1.5735480208746606
1.5711729483932007
1.5689228797265542
1.5667978148747217
1.5649227576525162
1.5629226966154972
1.561797662282174
1.560672627948851
1.5592975859859004
1.5584225592822047
1.5570475173192542
1.5562974944303722
1.5554224677266761
1.5544224372081668
1.5536724143192846
1.55317239906003
1.5522973723563342
1.5524223761711478
1.5520473647267068
1.5517973570970793
1.5519223609118933
1.5512973418378246
1.5506723227637564
1.5506723227637564
1.5501723075045015
1.549547288430433
1.5499222998748743
1.5500473036896878
1.55079732657857
1.55079732657857
1.5512973418378246
1.5511723380230111
1.5509223303933837
1.55079732657857
1.5514223456526384
1.5512973418378246
1.551547349467452
1.5521723685415205
1.5522973723563342
1.552672383800775
1.5530473952452162
1.553922421948912
1.5544224372081668
1.5549224524674214
1.5554224677266761
1.5562974944303722
1.5574225287636951
1.559047578356273
1.56029761650441
1.5614226508377331
1.563797723319193
1.5649227576525162
1.5672978301339764
1.5692978911709952
1.5719229712820828
1.5746730552079835
1.5776731467635121
1.5810482497634815
1.5846733603930783
1.5892985015411847
1.5934236274300364
1.5980487685781428
1.6027989135410627
1.6080490737632376
1.6135492416150394
1.6190494094668417
1.6255496078371532
1.632424817651906
1.63867500839259
1.6458002258369702
1.6533004547257912
1.660550675984985
1.667675893429365
1.6740510879848627
1.6808012939848018
1.6879265114291817
1.693801690725425
1.7010519119846188
1.7066770836512346
1.712802270577105
1.7185524460585346
1.7224275643177587
1.7268026978362376
1.7300527970213935
1.7328028809472946
1.7350529496139409
1.735802972502823
1.7355529648731955
1.7359279763176367
1.7361779839472642
1.7341779229102452
1.7316778466139713
1.7289277626880704
1.7246776329844051
1.7201774956511124
1.715177343058565
1.7095521713919493
1.7034269844660788
1.697426801355022
1.6915516220587787
1.684301400799585
1.6773011871700187
1.6701759697256386
1.6621757255775629
1.655800531022065
1.6484253059480574
1.64105008087405
1.634424878688925
1.627674672688986
1.6215494857631152
1.6155493026520584
1.610549150059511
1.6046739707632678
1.598673787652211
1.5941736503189183
1.5897985168004394
1.5846733603930783
1.5815482650227364
1.5774231391338847
1.5734230170598467
1.5707979369487595
1.5675478377636038
1.563797723319193
1.5595475936155279
1.55554747154149
1.5492972808008056
1.5435471053193763
1.5352968535416731
1.5267965941343424
1.5176713156529436
1.5074210028382216
1.4962956633198035
1.4851703238013856
1.4725449385052034
1.4617946104312267
1.4534193548387098
1.4469191564683983
1.4456691183202612
1.449669240394299
1.4617946104312267
1.4797951597643972
1.505545945616016
1.5394219794305246
1.5824232917264323
1.6337998596148564
1.6935516830957975
1.7626787926877652
1.840306161687063
1.9228086794640948
2.004811181981872
2.080938505203406
2.1475655384990997
2.202067201757866
2.2411933957945496
2.2640690939054537
2.2721943418683432
2.2614440137943665
2.2264429456465344
2.1756913968321787
2.1119394512771996
2.038812219611194
1.9593097933896908
1.8768072756126593
1.7938047425763726
1.713177282021546
1.6389250160222175
1.5730480056154057
1.515921262245552
1.4716699118015075
1.4355438093203527
1.409793023468734
1.3930425122837
1.384292245246742
1.3834172185430464
1.38829236732078
1.3986676839503158
1.4134181340983307
1.4307936643574328
1.4490442213202308
1.4679197973570972
1.4844203009125034
1.500045777764214
1.513921201208533
1.5264215826899015
1.5362968840601827
1.544047120578631
1.5501723075045015
1.5561724906155583
1.5600476088747826
1.5629226966154972
1.5659227881710258
1.5684228644672995
1.5724229865413375
1.5736730246894741
1.5760480971709343
1.5786731772820215
1.5802982268745993
1.582923306985687
1.5861734061708426
1.5890484939115572
1.5912985625782037
1.5954236884670552
1.6000488296151616
1.603173924985504
1.606174016541032
1.6096741233558154
1.6144242683187355
1.6184243903927733
1.6231745353556932
1.6275496688741722
1.6329248329111608
1.6380499893185219
1.6431751457258827
1.649425336466567
1.6553005157628102
1.660925687429426
1.6669258705404828
1.6734260689107945
1.6793012482070377
1.6856764427625355
1.6924266487624744
1.6995518662068545
1.7066770836512346
1.7136772972808008
1.7206775109103671
1.7274277169103063
1.734302926725059
1.7408031250953704
1.7479283425397505
1.7553035676137578
1.7621787774285103
1.7691789910580769
1.775804193243202
1.7826794030579547
1.7886795861690117
1.7946797692800684
1.8005549485763115
1.8050550859096042
1.81068025757622
1.8156804101687674
1.8203055513168738
1.8248056886501665
1.8288058107242042
1.83205590990936
1.8366810510574663
1.8376810815759759
1.8396811426129949
1.841931211279641
1.8426812341685233
1.8438062685018464
1.8444312875759148
1.8439312723166599
1.8435562608722191
1.842806237983337
1.8418062074648274
1.8391811273537402
1.8368060548722802
1.8335559556871244
1.8304308603167823
1.8264307382427443
1.8224306161687065
1.8183054902798548
1.8128053224280527
1.8081801812799463
1.8024300057985168
1.7965548265022737
1.7904296395764032
1.78455446028016
1.778179265724662
1.7716790673543503
1.7644288460951567
1.757553636280404
1.751178441724906
1.7439282204657125
1.737428022095401
1.7300527970213935
1.7233025910214546
1.7153023468733786
1.7086771446882534
1.7014269234290598
1.6944267097994934
1.6885515305032504
1.6814263130588702
1.6743010956144901
1.667300881984924
1.660925687429426
1.6544254890591144
1.6480502945036166
1.6421751152073734
1.6360499282815029
1.6309247718741418
1.624924588763085
1.6205494552446058
1.6154242988372447
1.6107991576891385
1.6062990203558458
1.6024239020966218
1.5977987609485154
1.5945486617633595
1.5905485396893215
1.5870484328745385
1.5846733603930783
1.5810482497634815
1.5779231543931396
1.5760480971709343
1.5734230170598467
1.5709229407635732
1.5691728873561817
1.5664228034302805
1.564297738578448
1.5631727042451247
1.5607976317636647
1.56029761650441
1.5587975707266457
1.5575475325785089
1.5572975249488816
1.5557974791711173
1.5550474562822352
1.553922421948912
1.553547410504471
1.5532974028748436
1.5525473799859615
1.5522973723563342
1.5520473647267068
1.5516723532822658
1.5516723532822658
1.5511723380230111
1.55079732657857
1.55079732657857
1.5509223303933837
1.550422315134129
1.5511723380230111
1.5502973113193153
1.5505473189489425
1.5506723227637564
1.5510473342081972
1.5510473342081972
1.5509223303933837
1.5511723380230111
1.5514223456526384
1.5514223456526384
1.5517973570970793
1.5521723685415205
1.552672383800775
1.5529223914304024
1.553547410504471
1.553922421948912
1.5542974333933532
1.5554224677266761
1.5560474868007448
1.5562974944303722
1.5575475325785089
1.5587975707266457
1.559922605059969
1.5612976470229194
1.5636727195043794
1.565422772911771
1.5671728263191627
1.5697979064302499
1.5716729636524553
1.57454805139317
1.5772981353190711
1.5814232612079226
1.5849233680227057
1.5885484786523028
1.5934236274300364
1.5976737571337016
1.6025489059114353
1.6084240852076785
1.614174260689108
1.6195494247260964
1.6261746269112216
1.6321748100222786
1.6394250312814722
1.6456752220221567
1.6531754509109775
1.6604256721701711
1.666800866725669
1.6743010956144901
1.6813013092440567
1.6880515152439954
1.6944267097994934
1.7011769157994323
1.707677114169744
1.7130522782067326
1.7181774346140937
1.7231775872066408
1.7271777092806788
1.7304278084658344
1.7329278847621081
1.7348029419843134
1.7359279763176367
1.736552995391705
1.7361779839472642
1.735302957243568
1.734302926725059
1.7311778313547166
1.7286777550584431
1.724302621539964
1.7201774956511124
1.715177343058565
1.7093021637623218
1.703676992095706
1.697301797540208
1.6908015991698966
1.6838013855403302
1.6773011871700187
1.670050965910825
1.6619257179479354
1.6553005157628102
1.6479252906888027
1.6408000732444226
1.6340498672444839
1.6275496688741722
1.6214244819483017
1.6151742912076175
1.61017413861507
1.6041739555040133
1.598673787652211
1.5940486465041048
1.5892985015411847
1.5846733603930783
1.5805482345042268
1.5774231391338847
1.5736730246894741
1.5704229255043185
1.5675478377636038
1.5640477309488205
1.5607976317636647
1.5549224524674214
1.5496722922452468
1.5426720786156805
1.5347968382824184
1.5260465712454605
1.5167962889492477
1.506420972319712
1.4954206366161078
1.4836702780236213
1.4724199346903897
1.4610445875423446
1.4522943205053866
1.4466691488387708
1.4456691183202612
1.450544267097995
1.4636696676534318
1.4809201940977201
1.5074210028382216
1.5427970824304942
1.585298379467147
1.6371749626148258
1.6976768089846492
1.7669289223914304
1.8450563066499832
1.9280588396862697
2.009311319315165
2.08481362346263
2.1509406414990693
2.2051922971282085
2.2429434492019413
2.264319101535081
2.272819360942411
2.2599439680166022
2.2238178655354472
2.172316293832209
2.107814325388348
2.0345620899075287
1.9544346446119572
1.8721821344645528
1.7881795709097568
1.708802148503067
1.6345498825037386
1.568547868282113
1.5132961821344646
1.4682948088015382
1.4331687368388928
1.4081679738761559
1.3917924741355632
1.384417249061556
1.3841672414319286
1.3887923825800348
1.4001677297280801
1.4142931608020264
1.4321687063203834
1.4504192632831812
1.4687948240607929
1.4851703238013856
1.5007958006530961
1.5145462202826014
1.526546586504715
1.5362968840601827
1.5439221167638173
1.5511723380230111
1.555922482985931
1.559797601245155
1.5636727195043794
1.5671728263191627
1.5689228797265542
1.5717979674672689
1.5737980285042878
1.5762981048005615
1.5781731620227668
1.5807982421338542
1.5831733146153144
1.5854233832819604
1.58879848628193
1.5925486007263405
1.5955486922818691
1.5989237952818385
1.60304892117069
1.606174016541032
1.61017413861507
1.6144242683187355
1.6190494094668417
1.6230495315408795
1.6282996917630543
1.633549851985229
1.6380499893185219
1.6441751762443924
1.6500503555406356
1.6556755272072514
1.6615507065034945
1.6670508743552965
1.673676076540422
1.6796762596514787
1.6861764580217904
1.6933016754661703
1.7000518814661092
1.706927091280862
1.7149273354289376
1.7209275185399944
1.7281777397991884
1.7344279305398724
1.74180315561388
1.7488033692434461
1.755553575243385
1.7623037812433242
1.7690539872432631
1.7760542008728295
1.7833044221320231
1.7891796014282664
1.7951797845393231
1.8006799523911254
1.8061801202429273
1.8108052613910337
1.8156804101687674
1.8208055665761285
1.8250556962797937
1.8285558030945768
1.8323059175389873
1.8355560167241434
1.8379310892056033
1.8400561540574358
1.841931211279641
1.8430562456129642
1.8436812646870329
1.8444312875759148
1.8453063142796107
1.8434312570574054
1.8429312417981507
1.8413061922055727
1.8391811273537402
1.8366810510574663
1.8334309518723106
1.8298058412427136
1.8260557267983033
1.822180608539079
1.8173054597613454
1.8124303109836117
1.8074301583910641
1.8023050019837032
1.79642982268746
1.7901796319467758
1.7840544450209053
1.7779292580950348
1.7715540635395368
1.7640538346507157
1.7570536210211494
1.7503034150212105
1.743303201391644
1.7369280068361461
1.7296777855769523
1.721927549058504
1.7159273659474472
1.7083021332438124
1.700551896725364
1.6939266945402387
1.6871764885402998
1.6803012787255471
1.673551072725608
1.6675508896145512
1.6600506607257304
1.654550492873928
1.6478002868739892
1.6413000885036775
1.6354249092074344
1.630049745170446
1.625299600207526
1.6206744590594195
1.6152992950224312
1.6111741691335797
1.6062990203558458
1.6015488753929257
1.5979237647633289
1.5941736503189183
1.5900485244300668
1.5869234290597247
1.5839233375041963
1.5802982268745993
1.5782981658375803
1.5759230933561206
1.5727979979857785
1.5706729331339457
1.5680478530228583
1.5664228034302805
1.5645477462080752
1.5629226966154972
1.5615476546525469
1.5604226203192237
1.5589225745414594
1.55792254402295
1.5569225135044404
1.5564224982451857
1.5554224677266761
1.5541724295785393
1.55317239906003
1.552672383800775
1.5519223609118933
1.5519223609118933
1.5516723532822658
1.5517973570970793
1.5512973418378246
1.551547349467452
1.5511723380230111
1.5506723227637564
1.5502973113193153
1.5497972960600603
1.5500473036896878
1.5502973113193153
1.5510473342081972
1.5506723227637564
1.5510473342081972
1.5509223303933837
1.5516723532822658
1.5512973418378246
1.5511723380230111
1.5514223456526384
1.5520473647267068
1.5521723685415205
1.552797387615589
1.5524223761711478
1.5534224066896571
1.5552974639118626
1.5544224372081668
1.5554224677266761
1.555172460097049
1.5565475020599995
1.5570475173192542
1.558672566911832
1.559922605059969
1.5612976470229194
1.5639227271340068
1.5655477767265848
1.56742283394879
1.5696729026154363
1.5722979827265235
1.57454805139317
1.5779231543931396
1.5814232612079226
1.5850483718375195
1.5894235053559984
1.594673665578173
1.59829877620777
1.6036739402447586
1.6089241004669332
1.6140492568742943
1.6200494399853511
1.626424634540849
1.6334248481704154
1.6396750389110997
1.6469252601702933
1.6539254737998597
1.6611756950590533
1.668800927762688
1.6750511185033723
1.6820513321329387
1.6886765343180639
1.6950517288735618
1.7019269386883145
1.7079271217993715
1.7135522934659873
1.7188024536881619
1.7230525833918273
1.7271777092806788
1.7304278084658344
1.7331778923917356
1.734552934354686
1.7359279763176367
1.7370530106509599
1.7360529801324502
1.7355529648731955
1.7328028809472946
1.731427838984344
1.7281777397991884
1.7240526139103367
1.719552476577044
1.7145523239844966
1.7085521408734399
1.7030519730216378
1.6968017822809534
1.6899265724662007
1.683051362651448
1.6761761528366956
1.669175939207129
1.6620507217627492
1.654550492873928
1.6473002716147345
1.639925046540727
1.633549851985229
1.6269246498001038
1.6211744743186742
1.61492428357799
1.6100491348002564
1.6039239478743859
1.598798791467025
1.5937986388744774
1.58879848628193
1.584423352763451
1.5801732230597858
1.576548112430189
1.5727979979857785
1.5700479140598773
1.567047822504349
1.563422711874752
1.5592975859859004
1.5537974181340983
1.5489222693563647
1.5417970519119846
1.5341718192083498
1.5255465559862058
1.515796258430738
1.5054209418012026
1.4947956175420394
1.4832952665791803
1.4710448927274393
1.460044557023835
1.451669301431318
1.4459191259498887
1.4460441297647022
1.451669301431318
1.464419690542314
1.4831702627643666
1.5106711020233772
1.5462971892452775
1.5901735282448806
1.643050141911069
1.7043020111697744
1.7751791741691336
1.8536815698721276
1.9356840723899047
2.017311563463241
2.0911888180181277
2.157315836054567
2.2093174230170596
2.246068544572283
2.2656941434980316
2.2731943723868526
2.2570688802758876
2.218942716757714
2.166191106906339
2.101064119388409
2.026936857203894
1.9464344004638814
1.8635568712424084
1.7809293496505632
1.701301919614246
1.6274246650593585
1.5629226966154972
1.5085460371715445
1.464419690542314
1.4307936643574328
1.4071679433576463
1.39066743980224
1.38354222235786
1.3832922147282327
1.3890423902096622
1.4009177526169623
1.4162932218390454
1.4335437482833338
1.4522943205053866
1.4704198736533707
1.4870453810235909
1.5021708426160465
1.5160462660603655
1.5275466170232246
1.5370469069490644
1.5454221625415814
1.5516723532822658
1.5565475020599995
1.5604226203192237
1.5639227271340068
1.5665478072450942
1.5692978911709952
1.5714229560228279
1.5742980437635425
1.5762981048005615
1.5786731772820215
1.5804232306894133
1.583298318430128
1.5856733909115879
1.5886734824671163
1.591923581652272
1.5959237037263099
1.5999238258003479
1.60304892117069
1.6064240241706595
1.6112991729483932
1.6152992950224312
1.618924405652028
1.6234245429853207
1.6282996917630543
1.6337998596148564
1.6391750236518448
1.6444251838740198
1.6506753746147038
1.6561755424665061
1.6618007141331217
1.6678008972441787
1.6748011108737448
1.6803012787255471
1.6871764885402998
1.693801690725425
1.7004268929105502
1.7075521103549303
1.7149273354289376
1.7214275337992493
1.7291777703176978
1.7355529648731955
1.7426781823175757
1.7490533768730736
1.7565536057618945
1.7636788232062746
1.7703040253914
1.777054231391339
1.783679433576464
1.789679616687521
1.7961798150578325
1.8013049714651936
1.8063051240577412
1.811180272835475
1.8164304330576495
1.8213055818353832
1.82493069246498
1.829305825983459
1.8328059327982422
1.8350560014648885
1.8375560777611624
1.8398061464278084
1.8411811883907592
1.8430562456129642
1.844306283761101
1.8438062685018464
1.8445562913907285
1.8436812646870329
1.8430562456129642
1.8411811883907592
1.8389311197241127
1.8370560625019074
1.8336809595019379
1.8296808374279
1.8259307229834896
1.8214305856501969
1.8171804559465317
1.811930295724357
1.8076801660206916
1.8016799829096348
1.7956797997985778
1.7903046357615895
1.7833044221320231
1.7769292275765252
1.7703040253914
1.7633038117618336
1.7565536057618945
1.7499284035767695
1.743303201391644
1.7359279763176367
1.7295527817621388
1.7213025299844356
1.7145523239844966
1.7074271065401168
1.7006769005401776
1.6931766716513565
1.686301461836604
1.6800512710959197
1.6729260536515398
1.666425855281228
1.6600506607257304
1.6535504623554185
1.647050263985107
1.6413000885036775
1.635174901577807
1.629674733726005
1.624924588763085
1.6195494247260964
1.6147992797631765
1.6096741233558154
1.6059240089114046
1.601048860133671
1.5975487533188881
1.5937986388744774
1.5896735129856259
1.5865484176152838
1.5834233222449416
1.5811732535782954
1.5786731772820215
1.5755480819116796
1.5729230018005922
1.570547929319132
1.5684228644672995
1.5672978301339764
1.5649227576525162
1.5631727042451247
1.561172643208106
1.5596725974303416
1.559047578356273
1.55792254402295
1.557172521134068
1.5560474868007448
1.554797448652608
1.5544224372081668
1.553922421948912
1.5517973570970793
1.5521723685415205
1.5521723685415205
1.5519223609118933
1.5522973723563342
1.5512973418378246
1.55079732657857
1.55079732657857
1.5510473342081972
1.550422315134129
1.549547288430433
1.5499222998748743
1.5514223456526384
1.55079732657857
1.55079732657857
1.5506723227637564
1.5501723075045015
1.5511723380230111
1.5511723380230111
1.5512973418378246
1.5511723380230111
1.5509223303933837
1.5520473647267068
1.552797387615589
1.5530473952452162
1.5536724143192846
1.5530473952452162
1.5542974333933532
1.55554747154149
1.55554747154149
1.5564224982451857
1.55792254402295
1.5589225745414594
1.5605476241340372
1.5620476699118016
1.564172734763634
1.565422772911771
1.5672978301339764
1.5699229102450638
1.5724229865413375
1.5746730552079835
1.5771731315042574
1.5815482650227364
1.5854233832819604
1.5895485091708121
1.594298654133732
1.5990487990966522
1.603173924985504
1.6091741080965607
1.6151742912076175
1.6207994628742333
1.6266746421704763
1.6334248481704154
1.640675069429609
1.6468002563554796
1.6544254890591144
1.6615507065034945
1.6686759239478743
1.675551133762627
1.6824263435773796
1.6889265419476913
1.695426740318003
1.702176946317942
1.7079271217993715
1.7136772972808008
1.7191774651326028
1.7236776024658955
1.7271777092806788
1.7305528122806482
1.733427900021363
1.7356779686880093
1.7368030030213324
1.736552995391705
1.7363029877620777
1.7350529496139409
1.7333028962065493
1.7311778313547166
1.727927732169561
1.7233025910214546
1.7188024536881619
1.714427320169683
1.7084271370586261
1.7014269234290598
1.6965517746513261
1.6899265724662007
1.6831763664662618
1.6761761528366956
1.669300943021943
1.6615507065034945
1.6543004852443006
1.6471752677999205
1.640300057985168
1.6317997985778374
1.6266746421704763
1.6205494552446058
1.614549272133549
1.609424115726188
1.6025489059114353
1.5984237800225838
1.5930486159855952
1.5886734824671163
1.5839233375041963
1.57929819635609
1.5764231086153753
1.5730480056154057
1.5700479140598773
1.5669228186895352
1.563422711874752
1.559172582171087
1.5542974333933532
1.54842225409711
1.541672048097171
1.5340468153935363
1.5251715445417646
1.5160462660603655
1.5054209418012026
1.4942956022827847
1.4827952513199256
1.4706698812829981
1.4596695455793938
1.4514192938016908
1.4459191259498887
1.4467941526535844
1.451794305246132
1.4641696829126867
1.4850453199865719
1.511921140171514
1.5479222388378553
1.5917985778374584
1.6451752067629017
1.7055520493179113
1.776554216132084
1.8556816309091464
1.938309152500992
2.019061616870632
2.0939389019440293
2.1588158818323313
2.210067445905942
2.246193548387097
2.2653191320535906
2.273069368572039
2.2559438459425643
2.2181926938688314
2.1649410687582016
2.0993140659810177
2.0244367809076205
1.9441843317972352
1.8615568102053894
1.7799293191320538
1.6995518662068545
1.6262996307260353
1.5614226508377331
1.507170995208594
1.4640446790978727
1.4301686452833644
1.4059179052095097
1.39066743980224
1.3839172338023011
1.38354222235786
1.3897924130985444
1.4005427411725213
1.4162932218390454
1.4337937559129612
1.4527943357646413
1.4706698812829981
1.487295388653218
1.5022958464308604
1.5161712698751793
1.5276716208380383
1.537671926023133
1.5452971587267679
1.5517973570970793
1.5565475020599995
1.5604226203192237
1.5636727195043794
1.5665478072450942
1.5691728873561817
1.5719229712820828
1.5741730399487288
1.57692312387463
1.5786731772820215
1.5811732535782954
1.582923306985687
1.5859233985412151
1.5891734977263712
1.592423596911527
1.5954236884670552
1.5990487990966522
1.6032989288003174
1.6067990356151007
1.6107991576891385
1.6147992797631765
1.6190494094668417
1.6236745506149481
1.6285496993926818
1.6332998443556017
1.6391750236518448
1.6443001800592059
1.6504253669850764
1.6563005462813196
1.6618007141331217
1.6679259010589922
1.6741760917996766
1.6803012787255471
1.6869264809106725
1.6940516983550522
1.700926908169805
1.7075521103549303
1.7146773277993104
1.721927549058504
1.7281777397991884
1.7355529648731955
1.7429281899472029
1.7494283883175148
1.756428601947081
1.7636788232062746
1.7704290292062137
1.7773042390209661
1.7835544297616506
1.7895546128727073
1.7953047883541369
1.8010549638355662
1.8065551316873685
1.8113052766502884
1.8164304330576495
1.820555558946501
1.8254307077242347
1.829305825983459
1.8328059327982422
1.8355560167241434
1.838431104464858
1.8401811578722496
1.8418062074648274
1.8431812494277782
1.8436812646870329
1.844306283761101
1.8440562761314738
1.8435562608722191
1.8429312417981507
1.8416812036500139
1.8389311197241127
1.8365560472426528
1.834055970946379
1.8298058412427136
1.8255557115390486
1.8209305703909422
1.8168054445020907
1.811930295724357
1.8069301431318094
1.8018049867244483
1.7959298074282053
1.789679616687521
1.7830544145023959
1.7764292123172705
1.7701790215765862
1.7636788232062746
1.7569286172063356
1.7498033997619558
1.7430531937620168
1.7364279915768914
1.7293027741325113
1.721927549058504
1.7145523239844966
1.7075521103549303
1.6999268776512955
1.693426679280984
1.686301461836604
1.679551255836665
1.6730510574663533
1.6669258705404828
1.6604256721701711
1.653800469985046
1.647425275429548
1.6415500961333047
1.6350498977629933
1.630049745170446
1.6242995696890163
1.6195494247260964
1.6147992797631765
1.6102991424298836
1.6059240089114046
1.6017988830225531
1.5977987609485154
1.5936736350596639
1.5896735129856259
1.5865484176152838
1.5841733451338236
1.5804232306894133
1.5782981658375803
1.5754230780968657
1.5731730094302194
1.570172917874691
1.5686728720969267
1.566297799615467
1.564297738578448
1.5626726889858698
1.5612976470229194
1.559797601245155
1.5587975707266457
1.5581725516525773
1.556797509689627
1.5560474868007448
1.554797448652608
1.5542974333933532
1.553547410504471
1.55317239906003
1.5534224066896571
1.5520473647267068
1.5522973723563342
1.5511723380230111
1.5519223609118933
1.5511723380230111
1.5509223303933837
1.5506723227637564
1.5502973113193153
1.5494222846156194
1.5496722922452468
1.5512973418378246
1.5500473036896878
1.5505473189489425
1.5511723380230111
1.5512973418378246
1.5510473342081972
1.5510473342081972
1.5511723380230111
1.5510473342081972
1.5512973418378246
1.5520473647267068
1.5520473647267068
1.5529223914304024
1.5537974181340983
1.5537974181340983
1.5542974333933532
1.5549224524674214
1.55554747154149
1.5564224982451857
1.55792254402295
1.5589225745414594
1.5604226203192237
1.5620476699118016
1.5640477309488205
1.5655477767265848
1.56742283394879
1.5696729026154363
1.5719229712820828
1.5742980437635425
1.5780481582079533
1.581298257393109
1.5855483870967744
1.589923520615253
1.5941736503189183
1.5984237800225838
1.6040489516891996
1.6091741080965607
1.6151742912076175
1.6211744743186742
1.6274246650593585
1.633674855800043
1.640300057985168
1.6473002716147345
1.6549255043183693
1.6619257179479354
1.6686759239478743
1.6753011261329998
1.6825513473921934
1.6889265419476913
1.6955517441328165
1.702176946317942
1.708177129428999
1.7138023010956145
1.7193024689474166
1.7241776177251504
1.727927732169561
1.7311778313547166
1.7336779076509903
1.7349279457991271
1.735427961058382
1.7364279915768914
1.7361779839472642
1.7351779534287546
1.733427900021363
1.7313028351695303
1.7276777245399335
1.7233025910214546
1.7191774651326028
1.7140523087252417
1.7079271217993715
1.7024269539475692
1.6964267708365124
1.6896765648365732
1.682676351207007
1.6760511490218817
1.6684259163182469
1.6615507065034945
1.6539254737998597
1.6465502487258523
1.6389250160222175
1.6327998290963468
1.6266746421704763
1.6201744438001648
1.614549272133549
1.609424115726188
1.6032989288003174
1.5980487685781428
1.5921735892818996
1.588048463393048
1.58404834131901
1.5804232306894133
1.5764231086153753
1.5727979979857785
1.5697979064302499
1.5669228186895352
1.563422711874752
1.5589225745414594
1.5537974181340983
1.5480472426526688
1.5410470290231024
1.5331717886898404
1.5244215216528825
1.5151712393566699
1.5049209265419476
1.493670583208716
1.4820452284310435
1.4704198736533707
1.4585445112460709
1.450544267097995
1.4465441450239571
1.4462941373943297
1.4524193243202002
1.4652947172460096
1.484545304727317
1.5131711783196509
1.549547288430433
1.5939236426892909
1.6471752677999205
1.7093021637623218
1.7795543076876126
1.859056733909116
1.9425592822046573
2.022936735129856
2.097189001129185
2.161315958128605
2.212817529831843
2.2475685903500473
2.2663191625721
2.273319376201666
2.254568803979614
2.215317606128117
2.161690969573046
2.0956889553514206
2.0209366740928374
1.9398091982787562
1.8578066957609791
1.7735541245765558
1.6948017212439344
1.6219244972075564
1.5581725516525773
1.5045459150975067
1.4612945951719718
1.4281685842463454
1.4049178746910003
1.3900424207281719
1.3834172185430464
1.3837922299874874
1.3904174321726128
1.4021677907650991
1.4174182561723685
1.4351687978759118
1.4531693472090823
1.4711698965422528
1.4887954344309824
1.5032958769493698
1.517796319467757
1.528671651356548
1.538046937467574
1.5455471663563953
1.5519223609118933
1.556672505874813
1.5607976317636647
1.564172734763634
1.5667978148747217
1.5700479140598773
1.5722979827265235
1.5739230323191016
1.5766731162450025
1.5787981810968352
1.5815482650227364
1.5836733298745689
1.5862984099856563
1.5891734977263712
1.5929236121707817
1.5964237189855648
1.5996738181707206
1.6036739402447586
1.6071740470595417
1.6110491653187657
1.6151742912076175
1.6195494247260964
1.6241745658742028
1.6290497146519365
1.6340498672444839
1.6393000274666587
1.6451752067629017
1.6511753898739585
1.6560505386516924
1.6621757255775629
1.6681759086886196
1.6744260994293039
1.6808012939848018
1.6880515152439954
1.6944267097994934
1.7010519119846188
1.7083021332438124
1.715177343058565
1.7224275643177587
1.729427777947325
1.7360529801324502
1.743303201391644
1.7494283883175148
1.7565536057618945
1.7636788232062746
1.7709290444654684
1.7768042237617114
1.7844294564653462
1.7901796319467758
1.7959298074282053
1.8016799829096348
1.8069301431318094
1.8116802880947296
1.8166804406872767
1.8215555894650106
1.8256807153538621
1.828930814539018
1.8325559251686148
1.836056031983398
1.8385561082796718
1.8400561540574358
1.8418062074648274
1.842806237983337
1.8438062685018464
1.8440562761314738
1.844306283761101
1.8439312723166599
1.842306222724082
1.8418062074648274
1.838806115909299
1.836056031983398
1.8330559404278695
1.8295558336130864
1.8253057039094212
1.8213055818353832
1.8165554368724632
1.812305307168798
1.8064301278725547
1.801554979094821
1.7954297921689504
1.7886795861690117
1.7828044068727684
1.7764292123172705
1.7693039948728904
1.7630538041322064
1.7561785943174535
1.7495533921323283
1.742553178502762
1.735427961058382
1.7285527512436292
1.7211775261696218
1.7140523087252417
1.7068020874660481
1.6994268623920408
1.6925516525772883
1.6858014465773492
1.6791762443922238
1.6721760307626576
1.6661758476516009
1.6591756340220343
1.6529254432813503
1.6464252449110386
1.6408000732444226
1.6350498977629933
1.6290497146519365
1.6236745506149481
1.6194244209112827
1.6144242683187355
1.6099241309854426
1.6056740012817774
1.601173863948485
1.5974237495040742
1.5930486159855952
1.5896735129856259
1.5859233985412151
1.5830483108005005
1.5801732230597858
1.5777981505783258
1.5756730857264931
1.5727979979857785
1.5700479140598773
1.568172856837672
1.566297799615467
1.5639227271340068
1.5624226813562427
1.5615476546525469
1.5595475936155279
1.558297555467391
1.557797540208136
1.557172521134068
1.5556724753563036
1.5544224372081668
1.5541724295785393
1.552797387615589
1.5524223761711478
1.5520473647267068
1.5520473647267068
1.5517973570970793
1.5517973570970793
1.551547349467452
1.5509223303933837
1.5516723532822658
1.5506723227637564
1.5505473189489425
1.550422315134129
1.5502973113193153
1.5500473036896878
1.5505473189489425
1.5501723075045015
1.5512973418378246
1.5506723227637564
1.5506723227637564
1.5514223456526384
1.551547349467452
1.5512973418378246
1.5520473647267068
1.5522973723563342
1.5524223761711478
1.552672383800775
1.5540474257637258
1.5540474257637258
1.554672444837794
1.554672444837794
1.5560474868007448
1.5564224982451857
1.557797540208136
1.5592975859859004
1.5605476241340372
1.5621726737266153
1.5647977538377027
1.5660477919858395
1.5689228797265542
1.570172917874691
1.5727979979857785
1.5750480666524247
1.578923184911649
1.5817982726523636
1.5861734061708426
1.5905485396893215
1.594673665578173
1.5999238258003479
1.605048982207709
1.6095491195410014
1.6154242988372447
1.621299478133488
1.627674672688986
1.6346748863185523
1.6414250923184912
1.6483003021332439
1.6555505233924375
1.6634257637256997
1.670800988799707
1.6763011566515091
1.6836763817255165
1.6904265877254554
1.6968017822809534
1.7034269844660788
1.7098021790215767
1.7146773277993104
1.7200524918362987
1.7248026367992186
1.7281777397991884
1.731052827539903
1.7333028962065493
1.7351779534287546
1.7360529801324502
1.736552995391705
1.7360529801324502
1.7348029419843134
1.7333028962065493
1.7316778466139713
1.7274277169103063
1.7224275643177587
1.7180524307992797
1.7135522934659873
1.7075521103549303
1.7014269234290598
1.6955517441328165
1.6881765190588092
1.681551316873684
1.6749261146885588
1.667675893429365
1.6600506607257304
1.6531754509109775
1.6456752220221567
1.63867500839259
1.6321748100222786
1.626049623096408
1.6194244209112827
1.613424237800226
1.6079240699484236
1.6025489059114353
1.5969237342448195
1.592798608355968
1.5877984557634206
1.5835483260597554
1.5795482039857174
1.5757980895413068
1.5727979979857785
1.5695478988006226
1.5665478072450942
1.5626726889858698
1.558297555467391
1.5529223914304024
1.5481722464674825
1.5402970061342205
1.5324217658009582
1.5235464949491868
1.513921201208533
1.503170873134556
1.4922955412457657
1.4805451826532792
1.4682948088015382
1.45816949980163
1.450169255653554
1.445794122135075
1.4465441450239571
1.453669362468337
1.4677947935422835
1.488545426801355
1.5171713003936889
1.554797448652608
1.6009238563188575
1.6549255043183693
1.7180524307992797
1.7903046357615895
1.8701820734275338
1.9530596026490068
2.033437055574206
2.1064392834253973
2.1691911984618675
2.218567705313273
2.2515687124240853
2.2678192083498643
2.2721943418683432
2.2506936857203894
2.2093174230170596
2.153440717795343
2.086438673055208
2.010436353648488
1.9298088930936614
1.8465563524277475
1.763553819391461
1.6856764427625355
1.6129242225409712
1.5505473189489425
1.4984207281716362
1.4565444502090519
1.4245434736167486
1.4022927945799126
1.3884173711355938
1.3830422070986053
1.384417249061556
1.3917924741355632
1.4041678518021181
1.4197933286538287
1.4375438703573717
1.4562944425794244
1.4745449995422222
1.4902954802087467
1.5054209418012026
1.5186713461714532
1.5299216895046848
1.5390469679860834
1.5467972045045322
1.5529223914304024
1.55792254402295
1.5612976470229194
1.5644227423932615
1.5675478377636038
1.5699229102450638
1.57217297891171
1.574923062837611
1.5767981200598165
1.5794232001709037
1.5815482650227364
1.5842983489486373
1.5865484176152838
1.5896735129856259
1.592298593096713
1.596673726615192
1.5996738181707206
1.6040489516891996
1.6075490585039827
1.6116741843928344
1.6159243140964994
1.6202994476149783
1.6247995849482713
1.630049745170446
1.635174901577807
1.6401750541703544
1.6461752372814111
1.6516754051332134
1.6571755729850153
1.6625507370220038
1.669175939207129
1.675551133762627
1.681926328318125
1.6885515305032504
1.695426740318003
1.7023019501327556
1.708802148503067
1.7169273964659566
1.7230525833918273
1.730302804651021
1.7371780144657736
1.7439282204657125
1.7513034455397198
1.7583036591692862
1.7651788689840389
1.771804071169164
1.778554277169103
1.7859295022431105
1.7908046510208442
1.7968048341319012
1.802805017242958
1.807805169835505
1.8126803186132388
1.817430463576159
1.8220556047242653
1.8258057191686758
1.829305825983459
1.8334309518723106
1.836056031983398
1.8395561387981811
1.8406811731315043
1.8421812189092686
1.8434312570574054
1.8441812799462873
1.8436812646870329
1.8438062685018464
1.8435562608722191
1.8426812341685233
1.8410561845759452
1.8385561082796718
1.8359310281685843
1.8321809137241738
1.828930814539018
1.8248056886501665
1.8208055665761285
1.816180425428022
1.8109302652058474
1.8058051087984863
1.800429944761498
1.7945547654652547
1.788054567094943
1.7820543839838863
1.7755541856135748
1.7691789910580769
1.7621787774285103
1.7546785485396894
1.7484283577990052
1.7415531479842525
1.7348029419843134
1.7271777092806788
1.7201774956511124
1.7130522782067326
1.7058020569475387
1.6979268166142767
1.6915516220587787
1.684676412244026
1.6778012024292734
1.671301004058962
1.6651758171330913
1.6584256111331521
1.6529254432813503
1.6460502334665976
1.6401750541703544
1.6339248634296701
1.629299722281564
1.623299539170507
1.6186743980224005
1.6132992339854122
1.6095491195410014
1.6055489974669637
1.60067384868923
1.5969237342448195
1.5935486312448501
1.5886734824671163
1.5859233985412151
1.5824232917264323
1.5805482345042268
1.5770481276894437
1.5752980742820522
1.5724229865413375
1.5697979064302499
1.5679228492080448
1.5660477919858395
1.564172734763634
1.5624226813562427
1.561047639393292
1.56029761650441
1.5589225745414594
1.5574225287636951
1.5569225135044404
1.5552974639118626
1.554797448652608
1.5540474257637258
1.5542974333933532
1.552672383800775
1.5519223609118933
1.551547349467452
1.5522973723563342
1.5511723380230111
1.551547349467452
1.5512973418378246
1.5512973418378246
1.5501723075045015
1.5505473189489425
1.550422315134129
1.5510473342081972
1.5502973113193153
1.550422315134129
1.55079732657857
1.5510473342081972
1.55079732657857
1.5512973418378246
1.5512973418378246
1.5510473342081972
1.551547349467452
1.5517973570970793
1.5520473647267068
1.552672383800775
1.5530473952452162
1.5536724143192846
1.5544224372081668
1.5542974333933532
1.555172460097049
1.555922482985931
1.5565475020599995
1.557797540208136
1.5595475936155279
1.560672627948851
1.5620476699118016
1.5645477462080752
1.5659227881710258
1.5682978606524856
1.570547929319132
1.5731730094302194
1.5756730857264931
1.580048219244972
1.5824232917264323
1.5865484176152838
1.5906735435041353
1.5955486922818691
1.6005488448744163
1.6056740012817774
1.6100491348002564
1.6162993255409406
1.62204950102237
1.6286747032074953
1.635549913022248
1.6424251228370008
1.6488003173924985
1.6563005462813196
1.6631757560960723
1.6705509811700798
1.677551194799646
1.6836763817255165
1.6906765953550829
1.697301797540208
1.7038019959105197
1.7098021790215767
1.7153023468733786
1.7203024994659262
1.7249276406140324
1.7286777550584431
1.7315528427991578
1.7339279152806177
1.7351779534287546
1.7366779992065189
1.7359279763176367
1.7363029877620777
1.734552934354686
1.732677877132481
1.7311778313547166
1.7264276863917967
1.7226775719473861
1.7179274269844662
1.7130522782067326
1.706927091280862
1.701301919614246
1.6949267250587483
1.6881765190588092
1.6813013092440567
1.6741760917996766
1.6674258857997375
1.6591756340220343
1.6521754203924681
1.6454252143925292
1.63867500839259
1.6314247871333964
1.625299600207526
1.6187994018372145
1.6129242225409712
1.6072990508743554
1.6021738944669943
1.597173741874447
1.5920485854670858
1.587923459578234
1.583298318430128
1.578923184911649
1.5754230780968657
1.5722979827265235
1.5691728873561817
1.566172795800653
1.562297677541429
1.55792254402295
1.5525473799859615
1.5474222235786004
1.5390469679860834
1.5315467390972626
1.5227964720603047
1.5129211706900234
1.5022958464308604
1.4910455030976288
1.4804201788384654
1.468419812616352
1.4572944730979338
1.4499192480239265
1.4455441145054475
1.447794183172094
1.4544193853572192
1.4687948240607929
1.4904204840235602
1.520296395764031
1.558672566911832
1.6049239783928952
1.6596756492812892
1.723927610095523
1.7969298379467147
1.877682302316355
1.9601848200933867
2.0403122653889585
2.112189458906827
2.1734413281655325
2.2218178044984285
2.2538187810907315
2.26869423505356
2.2716943266090888
2.2479436017944883
2.2051922971282085
2.1484405652027956
2.079813470870083
2.003936155278176
1.9228086794640948
1.8398061464278084
1.7573036286507766
1.6794262520218513
1.6079240699484236
1.5461721854304635
1.4947956175420394
1.4539193700979645
1.4227934202093568
1.4019177831354717
1.387917355876339
1.3830422070986053
1.3845422528763696
1.391917477950377
1.4051678823206275
1.421168370616779
1.4389189123203223
1.4577944883571887
1.4751700186162908
1.4914205145420698
1.5069209875789666
1.51992138431959
1.530671712393567
1.5397969908749656
1.5479222388378553
1.55317239906003
1.55792254402295
1.561172643208106
1.5647977538377027
1.56742283394879
1.570547929319132
1.5724229865413375
1.5751730704672384
1.5771731315042574
1.5797982116153446
1.58167326883755
1.5841733451338236
1.5869234290597247
1.5892985015411847
1.592798608355968
1.596798730430006
1.6002988372447888
1.6037989440595721
1.6082990813928648
1.6127992187261575
1.6157993102816859
1.621299478133488
1.6247995849482713
1.6299247413556321
1.635174901577807
1.6405500656147955
1.6461752372814111
1.6520504165776544
1.657800592059084
1.663300759910886
1.670050965910825
1.6760511490218817
1.681926328318125
1.6888015381328776
1.695801751762444
1.7028019653920103
1.7095521713919493
1.7169273964659566
1.723552598651082
1.7305528122806482
1.7375530259102145
1.7446782433545946
1.7513034455397198
1.7583036591692862
1.76555388042848
1.772179082613605
1.7790542924283579
1.7859295022431105
1.7915546739097263
1.797554857020783
1.8023050019837032
1.8076801660206916
1.8128053224280527
1.8176804712057864
1.8226806237983337
1.8266807458723715
1.8299308450575276
1.8343059785760063
1.836431043427839
1.8389311197241127
1.8411811883907592
1.842431226538896
1.8433062532425917
1.844681295205542
1.8436812646870329
1.8434312570574054
1.8435562608722191
1.8426812341685233
1.8409311807611317
