1.6501753593554491
1.6436751609851377
1.6389250160222175
1.6360499282815029
1.6339248634296701
1.6325498214667196
1.633549851985229
1.6354249092074344
1.6376749778740807
1.6418001037629322
1.645925229651784
1.6506753746147038
1.6570505691702018
1.6625507370220038
1.6670508743552965
1.671676015503403
1.6769261757255778
1.6801762749107334
1.6834263740958892
1.683926389355144
1.6833013702810755
1.6811763054292428
1.677176183355205
1.6720510269478437
1.664925809503464
1.6568005615405743
1.6471752677999205
1.6372999664296397
1.627674672688986
1.6161743217261269
1.6041739555040133
1.5925486007263405
1.5805482345042268
1.5671728263191627
1.553922421948912
1.5410470290231024
1.5251715445417646
1.508421033356731
1.4875453962828455
1.4647947019867549
1.440293954283273
1.4177932676168097
1.4002927335428939
1.39066743980224
1.3945425580614643
1.4162932218390454
1.4575444807275613
1.5227964720603047
1.6116741843928344
1.7200524918362987
1.8426812341685233
1.9709351481673634
2.088438734092227
2.17606640827662
2.2213177892391736
2.221067781609546
2.1714412671285133
2.07768840601825
1.95418463698233
1.819430524613178
1.6885515305032504
1.5711729483932007
1.4752950224311043
1.4035428327280495
1.3584164555803095
1.3382908413953063
1.33841584521012
1.3546663411358988
1.379667104098636
1.408917996765038
1.4405439619129004
1.469544846949675
1.4946706137272256
1.5150462355418564
1.531671742912076
1.5454221625415814
1.5569225135044404
1.5667978148747217
1.576548112430189
1.5841733451338236
1.5941736503189183
1.6039239478743859
1.6139242530594806
1.6250495925778985
1.6367999511703848
1.6479252906888027
1.6591756340220343
1.6718010193182167
1.6828013550218206
1.6936766869106112
1.704927030243843
1.715177343058565
1.7258026673177282
1.735427961058382
1.7453032624286628
1.7538035218359938
1.7613037507248146
1.768303964354381
1.7740541398358105
1.7784292733542895
1.7824293954283272
1.7850544755394149
1.7859295022431105
1.78692953276162
1.7851794793542284
1.7838044373912778
1.7803043305764947
1.776179204687643
1.7703040253914
1.7641788384655293
1.756803613391522
1.7493033845027008
1.740178106021302
1.730302804651021
1.7213025299844356
1.711177220984527
1.701676931058687
1.691426618243965
1.682676351207007
1.673676076540422
1.6645507980590228
1.6566755577257606
1.649425336466567
1.6433001495406965
1.6393000274666587
1.635549913022248
1.6332998443556017
1.632299813837092
1.633674855800043
1.6350498977629933
1.6380499893185219
1.6415500961333047
1.6461752372814111
1.6509253822443313
1.6563005462813196
1.6624257332071901
1.6674258857997375
1.6723010345774711
1.6773011871700187
1.680676290169988
1.6834263740958892
1.6838013855403302
1.6833013702810755
1.6813013092440567
1.6768011719107638
1.671301004058962
1.6645507980590228
1.6563005462813196
1.6478002868739892
1.6376749778740807
1.6269246498001038
1.6155493026520584
1.6044239631336406
1.591923581652272
1.57929819635609
1.5665478072450942
1.5534224066896571
1.5401720023194068
1.5250465407269511
1.5070459913937804
1.485795342875454
1.4625446333201089
1.4397939390240182
1.4170432447279275
1.3997927182836392
1.3917924741355632
1.3949175695059055
1.4167932370983
1.4599195532090212
1.526546586504715
1.616924344615009
1.7261776787621694
1.848806421094394
1.9776853541673025
2.0933138828699605
2.179191503646962
2.2218178044984285
2.2200677510910367
2.168316171758171
2.0723132419812615
1.9479344462416457
1.8135553453169349
1.6829263588366346
1.566297799615467
1.4711698965422528
1.4016677755058444
1.3579164403210546
1.3391658680990022
1.3397908871730704
1.3555413678395947
1.3814171575060274
1.410918057802057
1.4415439924314097
1.4707948850978119
1.4957956480605488
1.5164212775048067
1.5324217658009582
1.5461721854304635
1.557172521134068
1.56742283394879
1.5764231086153753
1.5854233832819604
1.5945486617633595
1.6042989593188268
1.6144242683187355
1.6254246040223395
1.6370499588000123
1.6481752983184301
1.6599256569109164
1.6718010193182167
1.683051362651448
1.6943017059846797
1.7055520493179113
1.7156773583178198
1.7255526596881008
1.735427961058382
1.7450532547990356
1.7536785180211798
1.7614287545396283
1.7688039796136357
1.774304147465438
1.7790542924283579
1.7831794183172094
1.7854294869838556
1.786554521317179
1.78692953276162
1.7851794793542284
1.7835544297616506
1.7804293343913085
1.776179204687643
1.7708040406506547
1.7638038270210883
1.7570536210211494
1.7485533616138187
1.7396780907620473
1.7304278084658344
1.7208025147251809
1.7118022400585957
1.7014269234290598
1.6915516220587787
1.6825513473921934
1.673551072725608
1.6640507827997681
1.6568005615405743
1.6495503402813807
1.6435501571703237
1.6385500045777766
1.6352999053926207
1.6332998443556017
1.6329248329111608
1.633674855800043
1.635174901577807
1.637924985503708
1.6416750999481187
1.6461752372814111
1.6506753746147038
1.6564255500961331
1.6615507065034945
1.667300881984924
1.6721760307626576
1.6765511642811366
1.6804262825403606
1.683051362651448
1.6836763817255165
1.6833013702810755
1.6810513016144293
1.6770511795403913
1.6719260231330302
1.6644257942442091
1.656550553910947
1.6475502792443617
1.6380499893185219
1.627674672688986
1.6152992950224312
1.6041739555040133
1.5915485702078311
1.5794232001709037
1.566297799615467
1.552672383800775
1.5397969908749656
1.52467152928251
1.506795983764153
1.4856703390606403
1.4629196447645496
1.4389189123203223
1.4169182409131138
1.3997927182836392
1.3915424665059357
1.3966676229132968
1.4167932370983
1.4601695608386487
1.5272966093935971
1.6157993102816859
1.7255526596881008
1.848806421094394
1.9774353465376753
2.092813867610706
2.179066499832148
2.2221928159428694
2.220442762535478
2.168816187017426
2.072188238166448
1.9479344462416457
1.8136803491317484
1.6825513473921934
1.5664228034302805
1.4710448927274393
1.4016677755058444
1.3580414441358686
1.337915829950865
1.3389158604693747
1.355416364024781
1.3807921384319588
1.4111680654316843
1.4416689962462232
1.4709198889126254
1.4955456404309213
1.5167962889492477
1.5324217658009582
1.5457971739860226
1.5572975249488816
1.5675478377636038
1.5764231086153753
1.5854233832819604
1.5944236579485458
1.6042989593188268
1.614549272133549
1.6255496078371532
1.6369249549851985
1.6479252906888027
1.659800653096103
1.671676015503403
1.6823013397625661
1.6941767021698662
1.704927030243843
1.7159273659474472
1.7261776787621694
1.7364279915768914
1.7451782586138493
1.7533035065767388
1.7613037507248146
1.7685539719840082
1.774304147465438
1.7790542924283579
1.7823043916135137
1.7851794793542284
1.7863045136875517
1.786554521317179
1.7858044984282968
1.7835544297616506
1.7800543229468673
1.7763042085024567
1.7705540330210272
1.7643038422803432
1.756428601947081
1.7483033539841915
1.7396780907620473
1.7301778008362072
1.7206775109103671
1.711177220984527
1.7014269234290598
1.6916766258735922
1.6824263435773796
1.6728010498367258
1.6640507827997681
1.6566755577257606
1.6496753440961944
1.6433001495406965
1.6388000122074038
1.6354249092074344
1.6330498367259743
1.632299813837092
1.6332998443556017
1.635174901577807
1.6372999664296397
1.6415500961333047
1.6463002410962249
1.651050386059145
1.6566755577257606
1.6621757255775629
1.6670508743552965
1.6721760307626576
1.677551194799646
1.6803012787255471
1.6824263435773796
1.6836763817255165
1.6834263740958892
1.680676290169988
1.6768011719107638
1.6710509964293345
1.6643007904293954
1.6564255500961331
1.6471752677999205
1.6367999511703848
1.6269246498001038
1.6154242988372447
1.6037989440595721
1.5914235663930174
1.5795482039857174
1.5660477919858395
1.5529223914304024
1.5392969756157109
1.524296517838069
1.506420972319712
1.4856703390606403
1.4621696218756677
1.4392939237647635
1.416418225653859
1.399042695394757
1.3912924588763085
1.3956675923947877
1.4179182714316232
1.4617946104312267
1.5289216589861752
1.6195494247260964
1.7289277626880704
1.8521815240943633
1.9808104495376446
2.0958139591662346
2.1813165684987945
2.2234428540910063
2.219567735831782
2.166191106906339
2.0688131351664785
1.9446843470564898
1.8101802423169653
1.6788012329477828
1.564172734763634
1.4691698355052338
1.4001677297280801
1.3571664174321727
1.3371658070619832
1.3392908719138157
1.3560413830988496
1.381667165135655
1.4121680959501939
1.4425440229499193
1.471544907986694
1.4961706595049897
1.5164212775048067
1.5331717886898404
1.5470472121341592
1.5570475173192542
1.567797845393231
1.5766731162450025
1.5856733909115879
1.594798669392987
1.6046739707632678
1.6144242683187355
1.6254246040223395
1.637549974059267
1.6484253059480574
1.6601756645405439
1.671301004058962
1.683051362651448
1.6941767021698662
1.7055520493179113
1.7163023773918882
1.7264276863917967
1.7360529801324502
1.7453032624286628
1.7543035370952484
1.7614287545396283
1.7685539719840082
1.7745541550950652
1.7793043000579851
1.782554399243141
1.784929471724601
1.7863045136875517
1.7864295175023652
1.7858044984282968
1.7834294259468366
1.780179326761681
1.775429181798761
1.7704290292062137
1.763553819391461
1.756803613391522
1.7484283577990052
1.7399280983916745
1.7296777855769523
1.7211775261696218
1.7110522171697136
1.7008019043549913
1.6911766106143375
1.6820513321329387
1.6726760460219123
1.6638007751701407
1.6571755729850153
1.6496753440961944
1.6431751457258827
1.638299996948149
1.635549913022248
1.6330498367259743
1.632424817651906
1.6337998596148564
1.6350498977629933
1.638299996948149
1.6415500961333047
1.645925229651784
1.6504253669850764
1.656925565355388
1.6615507065034945
1.6674258857997375
1.6719260231330302
1.677176183355205
1.6801762749107334
1.682676351207007
1.683926389355144
1.6828013550218206
1.6810513016144293
1.6770511795403913
1.671676015503403
1.6634257637256997
1.6560505386516924
1.6468002563554796
1.6374249702444532
1.6269246498001038
1.6152992950224312
1.6035489364299447
1.590798547318949
1.578923184911649
1.5664228034302805
1.5534224066896571
1.5390469679860834
1.524171514023255
1.5062959685048982
1.4860453505050812
1.4626696371349224
1.438293893246254
1.4165432294686728
1.3992927030243845
1.3912924588763085
1.3955425885799737
1.4182932828760644
1.4614195989867855
1.5294216742454299
1.6194244209112827
1.729052766502884
1.8524315317239908
1.9808104495376446
2.096438978240303
2.18081655323954
2.223067842646565
2.219192724387341
2.165816095461898
2.0691881466109194
1.9441843317972352
1.8095552232428969
1.6793012482070377
1.5635477156895659
1.4694198431348613
1.4000427259132666
1.3572914212469864
1.3370408032471695
1.3392908719138157
1.3567914059877317
1.3817921689504684
1.4116680806909392
1.4424190191351054
1.4709198889126254
1.4971706900234993
1.5174213080233163
1.5324217658009582
1.546422193060091
1.5574225287636951
1.567797845393231
1.5767981200598165
1.5857983947264016
1.594673665578173
1.6046739707632678
1.6147992797631765
1.625299600207526
1.6371749626148258
1.6491753288369395
1.6600506607257304
1.671301004058962
1.6831763664662618
1.6941767021698662
1.7054270455030978
1.7165523850215156
1.727052705465865
1.735802972502823
1.7461782891323587
1.753178502761925
1.7611787469100009
1.7688039796136357
1.7745541550950652
1.7789292886135442
1.7828044068727684
1.7854294869838556
1.7861795098727378
1.7864295175023652
1.7854294869838556
1.7830544145023959
1.780179326761681
1.775804193243202
1.7701790215765862
1.7640538346507157
1.7559285866878263
1.7493033845027008
1.7395530869472335
1.7300527970213935
1.7201774956511124
1.710802209540086
1.7010519119846188
1.6911766106143375
1.681926328318125
1.6725510422070986
1.6643007904293954
1.6563005462813196
1.6495503402813807
1.6434251533555102
1.6388000122074038
1.6357999206518754
1.6329248329111608
1.6326748252815333
1.633174840540788
1.6350498977629933
1.6388000122074038
1.6423001190221869
1.6463002410962249
1.6508003784295175
1.6568005615405743
1.6630507522812585
1.6670508743552965
1.6723010345774711
1.6769261757255778
1.679926267281106
1.6828013550218206
1.6838013855403302
1.682676351207007
1.6808012939848018
1.6768011719107638
1.6710509964293345
1.6639257789849544
1.6559255348368787
1.6473002716147345
1.6371749626148258
1.626424634540849
1.6151742912076175
1.6034239326151312
1.5915485702078311
1.5787981810968352
1.566172795800653
1.552672383800775
1.5391719718008974
1.5244215216528825
1.5065459761345255
1.4862953581347087
1.4621696218756677
1.4387939085055086
1.4155431989501632
1.3995427106540117
1.3909174474318675
1.3942925504318369
1.417668263801996
1.4615446028015993
1.5295466780602436
1.6199244361705374
1.7300527970213935
1.853056550798059
1.9815604724265268
2.096313974425489
2.1813165684987945
2.2233178502761928
2.220317758720664
2.1659410992767114
2.06818811609241
1.9441843317972352
1.809180211798456
1.6793012482070377
1.563797723319193
1.4687948240607929
1.3997927182836392
1.357041413617359
1.3375408185064244
1.3390408642841882
1.355416364024781
1.3817921689504684
1.4116680806909392
1.4425440229499193
1.471919919431135
1.4961706595049897
1.5167962889492477
1.5334217963194676
1.5462971892452775
1.5570475173192542
1.5676728415784174
1.5770481276894437
1.5856733909115879
1.5944236579485458
1.6042989593188268
1.6147992797631765
1.626424634540849
1.636674947355571
1.6481752983184301
1.6599256569109164
1.6723010345774711
1.6835513779107028
1.6944267097994934
1.7054270455030978
1.7159273659474472
1.7260526749473555
1.7360529801324502
1.7453032624286628
1.754053529465621
1.7618037659840693
1.7685539719840082
1.7744291512802515
1.7790542924283579
1.7813043610950041
1.7851794793542284
1.7863045136875517
1.7861795098727378
1.7854294869838556
1.7834294259468366
1.780179326761681
1.7755541856135748
1.7700540177617725
1.763928830835902
1.7563035981322672
1.7483033539841915
1.740178106021302
1.7299277932065797
1.7209275185399944
1.7109272133548998
1.701301919614246
1.6911766106143375
1.681551316873684
1.6726760460219123
1.6640507827997681
1.656550553910947
1.6499253517258217
1.6434251533555102
1.6388000122074038
1.635174901577807
1.633174840540788
1.632424817651906
1.6330498367259743
1.6356749168370617
1.6376749778740807
1.6418001037629322
1.6466752525406658
1.6506753746147038
1.656550553910947
1.6619257179479354
1.66717587817011
1.6724260383922849
1.6770511795403913
1.6796762596514787
1.6833013702810755
1.6835513779107028
1.6834263740958892
1.680676290169988
1.6768011719107638
1.6709259926145208
1.6640507827997681
1.6555505233924375
1.647425275429548
1.6370499588000123
1.6265496383556628
1.6155493026520584
1.6035489364299447
1.5910485549485762
1.5787981810968352
1.5660477919858395
1.5521723685415205
1.53892196417127
1.5239215063936278
1.506420972319712
1.4851703238013856
1.4616696066164128
1.4385439008758814
1.416418225653859
1.3991676992095705
1.391042451246681
1.3960426038392286
1.418043275246437
1.462419629505295
1.530671712393567
1.620924466689047
1.731427838984344
1.8548066042054507
1.9833105258339183
2.0983140354625083
2.182441602832118
2.223067842646565
2.219067720572527
2.1643160496841336
2.0668130741294592
1.941434247871334
1.807180150761437
1.6768011719107638
1.5614226508377331
1.4665447553941466
1.3991676992095705
1.3560413830988496
1.337915829950865
1.3395408795434431
1.3565413983581043
1.3825421918393506
1.4124181035798211
1.4439190649128697
1.4722949308755762
1.4966706747642446
1.5169212927640614
1.533671803949095
1.5465471968749047
1.5575475325785089
1.568172856837672
1.57692312387463
1.58642341380047
1.5950486770226142
1.605048982207709
1.61492428357799
1.6259246192815942
1.6371749626148258
1.6485503097628713
1.6600506607257304
1.6720510269478437
1.6831763664662618
1.6946767174291208
1.706052064577166
1.7168023926511429
1.7264276863917967
1.7361779839472642
1.7455532700582903
1.754428540910062
1.7620537736136967
1.768303964354381
1.7745541550950652
1.7795543076876126
1.7820543839838863
1.784929471724601
1.78692953276162
1.7858044984282968
1.785679494613483
1.7835544297616506
1.7803043305764947
1.7753041779839474
1.7706790368358412
1.763928830835902
1.7559285866878263
1.7483033539841915
1.7395530869472335
1.7295527817621388
1.7204275032807397
1.7114272286141545
1.7008019043549913
1.6915516220587787
1.6823013397625661
1.6726760460219123
1.6641757866145819
1.6561755424665061
1.649425336466567
1.6438001647999512
1.6385500045777766
1.635549913022248
1.6332998443556017
1.632424817651906
1.633674855800043
1.635174901577807
1.6380499893185219
1.6415500961333047
1.6463002410962249
1.6506753746147038
1.6564255500961331
1.6626757408368176
1.66717587817011
1.6726760460219123
1.6770511795403913
1.6805512863551746
1.6829263588366346
1.6836763817255165
1.6834263740958892
1.6809262977996156
1.6763011566515091
1.671176000244148
1.6643007904293954
1.6560505386516924
1.647425275429548
1.637549974059267
1.6266746421704763
1.6156743064668722
1.6037989440595721
1.5912985625782037
1.578923184911649
1.5660477919858395
1.5529223914304024
1.5391719718008974
1.5239215063936278
1.5061709646900845
1.485795342875454
1.4626696371349224
1.4387939085055086
1.4169182409131138
1.3992927030243845
1.3915424665059357
1.3961676076540421
1.417668263801996
1.461169591357158
1.5287966551713614
1.6186743980224005
1.728302743614002
1.8514315012054812
1.9800604266487625
2.0954389477217936
2.180316537980285
2.222817835016938
2.2200677510910367
2.167566148869289
2.0704381847590563
1.9464344004638814
1.8114302804651021
1.6809262977996156
1.5645477462080752
1.469544846949675
1.4012927640614032
1.3569164098025452
1.3374158146916104
1.3392908719138157
1.356166386913663
1.3811671498764
1.4110430616168708
1.4424190191351054
1.4712949003570666
1.4961706595049897
1.5165462813196202
1.5317967467268898
1.5457971739860226
1.557172521134068
1.5679228492080448
1.5761731009857478
1.585298379467147
1.594673665578173
1.6045489669484543
1.614174260689108
1.6254246040223395
1.6369249549851985
1.6479252906888027
1.6599256569109164
1.6720510269478437
1.683051362651448
1.6936766869106112
1.7051770378734703
1.7153023468733786
1.7266776940214241
1.7364279915768914
1.7450532547990356
1.7536785180211798
1.7613037507248146
1.7681789605395672
1.774179143650624
1.7789292886135442
1.7826794030579547
1.7853044831690421
1.786554521317179
1.7864295175023652
1.785679494613483
1.7839294412060915
1.780179326761681
1.7756791894283883
1.7705540330210272
1.7646788537247842
1.7563035981322672
1.7486783654286326
1.7400531022064882
1.7299277932065797
1.7206775109103671
1.7109272133548998
1.701301919614246
1.6915516220587787
1.6821763359477524
1.673176061281167
1.6646758018738366
1.6570505691702018
1.6491753288369395
1.6435501571703237
1.6396750389110997
1.6356749168370617
1.633174840540788
1.631674794763024
1.6334248481704154
1.6352999053926207
1.6372999664296397
1.6418001037629322
1.6460502334665976
1.6508003784295175
1.6560505386516924
1.6619257179479354
1.6669258705404828
1.6724260383922849
1.6769261757255778
1.6803012787255471
1.6824263435773796
1.6841763969847714
1.6835513779107028
1.680676290169988
1.6764261604663229
1.671176000244148
1.6644257942442091
1.6564255500961331
1.6476752830591754
1.6376749778740807
1.6261746269112216
1.6152992950224312
1.6044239631336406
1.591923581652272
1.5794232001709037
1.5667978148747217
1.5534224066896571
1.5395469832453383
1.5244215216528825
1.5077960142826623
1.485420331431013
1.4629196447645496
1.4400439466536454
1.4170432447279275
1.4001677297280801
1.3912924588763085
1.3951675771355327
1.417668263801996
1.4597945493942077
1.5264215826899015
1.6164243293557543
1.7254276558732873
1.84868141727958
1.9769353312784204
2.0930638752403334
2.179066499832148
2.2220678121280555
2.220442762535478
2.1685661793877986
2.072188238166448
1.948934476760155
1.8148053834650717
1.6844264046143986
1.5676728415784174
1.4712949003570666
1.4011677602465895
1.3577914365062411
1.3376658223212379
1.3391658680990022
1.355416364024781
1.3811671498764
1.4106680501724296
1.4415439924314097
1.4709198889126254
1.4954206366161078
1.516296273689993
1.5324217658009582
1.546422193060091
1.557172521134068
1.5672978301339764
1.576548112430189
1.5859233985412151
1.5954236884670552
1.6049239783928952
1.614549272133549
1.625174596392712
1.6370499588000123
1.6481752983184301
1.6590506302072208
1.6720510269478437
1.6831763664662618
1.6936766869106112
1.705677053132725
1.7159273659474472
1.7258026673177282
1.7360529801324502
1.7444282357249672
1.753178502761925
1.761553758354442
1.76792895290994
1.7744291512802515
1.7795543076876126
1.7823043916135137
1.7851794793542284
1.7864295175023652
1.7860545060579243
1.785679494613483
1.7835544297616506
1.7804293343913085
1.776179204687643
1.7710540482802821
1.763928830835902
1.7560535905026398
1.7481783501693777
1.7400531022064882
1.7300527970213935
1.7211775261696218
1.7114272286141545
1.701301919614246
1.6916766258735922
1.6823013397625661
1.6730510574663533
1.6645507980590228
1.6563005462813196
1.6498003479110082
1.6434251533555102
1.6389250160222175
1.6354249092074344
1.6334248481704154
1.632424817651906
1.633674855800043
1.635549913022248
1.6380499893185219
1.641925107577746
1.6461752372814111
1.6513003936887722
1.6560505386516924
1.6615507065034945
1.6670508743552965
1.6720510269478437
1.6769261757255778
1.6800512710959197
1.682676351207007
1.6836763817255165
1.6836763817255165
1.6809262977996156
1.6768011719107638
1.6719260231330302
1.6641757866145819
1.6564255500961331
1.6468002563554796
1.6381749931333354
1.6270496536149175
1.6162993255409406
1.6041739555040133
1.5920485854670858
1.578923184911649
1.566297799615467
1.5534224066896571
1.539671987060152
1.524296517838069
1.5069209875789666
1.4860453505050812
1.462794640949736
1.4391689199499496
1.4167932370983
1.3992927030243845
1.391042451246681
1.3954175847651602
1.4167932370983
1.4601695608386487
1.5274216132084109
1.6176743675038912
1.7275527207251198
1.8500564592425306
1.9780603656117435
2.0938138981292154
2.1795665150914028
2.2221928159428694
2.220317758720664
2.1678161564989162
2.071438215277566
1.9473094271675773
1.8133053376873074
1.6821763359477524
1.5656727805413984
1.4707948850978119
1.4011677602465895
1.357041413617359
1.3375408185064244
1.338790856654561
1.3555413678395947
1.3812921536912137
1.410918057802057
1.4420440076906644
1.4711698965422528
1.4959206518753625
1.515921262245552
1.532546769615772
1.5450471510971404
1.5570475173192542
1.567047822504349
1.5766731162450025
1.5854233832819604
1.5950486770226142
1.6044239631336406
1.6142992645039216
1.625174596392712
1.636674947355571
1.6486753135776848
1.659800653096103
1.671301004058962
1.682676351207007
1.6939266945402387
1.7053020416882838
1.7161773735770747
1.7258026673177282
1.735427961058382
1.7451782586138493
1.7530534989471116
1.761553758354442
1.7684289681691947
1.7745541550950652
1.7789292886135442
1.782554399243141
1.7853044831690421
1.786554521317179
1.786554521317179
1.7855544907986696
1.7844294564653462
1.7803043305764947
1.7759291970580158
1.7708040406506547
1.7638038270210883
1.756803613391522
1.7485533616138187
1.7400531022064882
1.7300527970213935
1.7206775109103671
1.7116772362437818
1.701301919614246
1.6915516220587787
1.6824263435773796
1.6730510574663533
1.6644257942442091
1.6564255500961331
1.6496753440961944
1.6434251533555102
1.63867500839259
1.6352999053926207
1.6332998443556017
1.6319248023926511
1.6334248481704154
1.635174901577807
1.638299996948149
1.6414250923184912
1.6468002563554796
1.6516754051332134
1.6563005462813196
1.6615507065034945
1.6675508896145512
1.6723010345774711
1.6766761680959503
1.680676290169988
1.682676351207007
1.684676412244026
1.6836763817255165
1.6810513016144293
1.6764261604663229
1.6710509964293345
1.6644257942442091
1.6564255500961331
1.6469252601702933
1.6380499893185219
1.6269246498001038
1.616924344615009
1.6041739555040133
1.5916735740226449
1.5791731925412764
1.566297799615467
1.5530473952452162
1.539671987060152
1.5245465254676962
1.506795983764153
1.4860453505050812
1.462794640949736
1.4392939237647635
1.4169182409131138
1.3989176915799433
1.3911674550614948
1.3954175847651602
1.4169182409131138
1.460419568468276
1.5276716208380383
1.6172993560594502
1.7274277169103063
1.8499314554277169
1.9784353770561847
2.0941889095736563
2.1796915189062167
2.222817835016938
2.219942747276223
2.167566148869289
2.071813226722007
1.9473094271675773
1.8124303109836117
1.6820513321329387
1.5655477767265848
1.4705448774681846
1.4011677602465895
1.357041413617359
1.337915829950865
1.338790856654561
1.3552913602099674
1.3811671498764
1.4111680654316843
1.4425440229499193
1.4706698812829981
1.4961706595049897
1.5164212775048067
1.5321717581713308
1.5459221778008363
1.5570475173192542
1.567047822504349
1.5766731162450025
1.5850483718375195
1.5945486617633595
1.6042989593188268
1.6152992950224312
1.625174596392712
1.6371749626148258
1.6479252906888027
1.6604256721701711
1.671301004058962
1.6836763817255165
1.6943017059846797
1.7050520340586566
1.7161773735770747
1.7258026673177282
1.735802972502823
1.7453032624286628
1.754053529465621
1.7614287545396283
1.7684289681691947
1.774304147465438
1.7790542924283579
1.782929410687582
1.7853044831690421
1.7866795251319927
1.786554521317179
1.7861795098727378
1.7834294259468366
1.7790542924283579
1.7756791894283883
1.7709290444654684
1.7640538346507157
1.756428601947081
1.7486783654286326
1.739803094576861
1.7304278084658344
1.7208025147251809
1.7114272286141545
1.701676931058687
1.691426618243965
1.6823013397625661
1.6734260689107945
1.6644257942442091
1.6571755729850153
1.6496753440961944
1.643925168614765
1.63867500839259
1.6356749168370617
1.6329248329111608
1.6320498062074649
1.633549851985229
1.6352999053926207
1.6381749931333354
1.641925107577746
1.6458002258369702
1.651050386059145
1.6561755424665061
1.6619257179479354
1.6669258705404828
1.6721760307626576
1.6766761680959503
1.6810513016144293
1.6825513473921934
1.6834263740958892
1.6835513779107028
1.6810513016144293
1.6769261757255778
1.6714260078737755
1.6644257942442091
1.6563005462813196
1.6475502792443617
1.637924985503708
1.6269246498001038
1.6152992950224312
1.6044239631336406
1.5920485854670858
1.57929819635609
1.5669228186895352
1.5530473952452162
1.5395469832453383
1.524171514023255
1.507546006653035
1.4861703543198952
1.4635446638386183
1.4392939237647635
1.4174182561723685
1.3996677144688254
1.391042451246681
1.3951675771355327
1.4165432294686728
1.4592945341349528
1.526671590319529
1.6160493179113133
1.7254276558732873
1.8476813867610706
1.9760603045747245
2.0918138370921966
2.1780664693136385
2.2219428083132424
2.220692770165105
2.1695662099063084
2.073813287759026
1.9500595110934782
1.8159304177983948
1.6851764275032808
1.5684228644672995
1.4731699575792718
1.40254280220954
1.3582914517654958
1.3375408185064244
1.338790856654561
1.3544163335062716
1.380042115543077
1.4100430310983612
1.4406689657277139
1.4702948698385572
1.4950456251716666
1.515546250801111
1.5320467543565173
1.5451721549119541
1.5572975249488816
1.5667978148747217
1.5770481276894437
1.5857983947264016
1.594673665578173
1.6041739555040133
1.614174260689108
1.6245495773186438
1.6361749320963164
1.6479252906888027
1.6590506302072208
1.6704259773552659
1.6824263435773796
1.6935516830957975
1.7048020264290291
1.7153023468733786
1.7255526596881008
1.7355529648731955
1.7451782586138493
1.7533035065767388
1.7609287392803734
1.76792895290994
1.7740541398358105
1.7788042847987304
1.7823043916135137
1.7851794793542284
1.7864295175023652
1.7864295175023652
1.7855544907986696
1.783679433576464
1.7804293343913085
1.7763042085024567
1.771429059724723
1.764803857539598
1.7570536210211494
1.749678395947142
1.7400531022064882
1.730677816095462
1.721927549058504
1.7121772515030367
1.7019269386883145
1.6915516220587787
1.6828013550218206
1.6739260841700492
1.6651758171330913
1.656925565355388
1.6501753593554491
1.6440501724295786
1.6390500198370312
1.6356749168370617
1.633674855800043
1.632424817651906
1.6334248481704154
1.6352999053926207
1.6377999816888944
1.6414250923184912
1.6460502334665976
1.6506753746147038
1.6556755272072514
1.6613006988738672
1.6665508590960418
1.6721760307626576
1.6763011566515091
1.6803012787255471
1.6828013550218206
1.6834263740958892
1.683926389355144
1.6813013092440567
1.6773011871700187
1.6719260231330302
1.664925809503464
1.6571755729850153
1.6481752983184301
1.6380499893185219
1.628049684133427
1.6161743217261269
1.6051739860225227
1.5930486159855952
1.5804232306894133
1.567797845393231
1.5544224372081668
1.5407970213934752
1.5260465712454605
1.508421033356731
1.4882954191717277
1.4652947172460096
1.441043977172155
1.418793298135319
1.4001677297280801
1.39066743980224
1.3947925656910916
1.414043153172399
1.455669423505356
1.5200463881344035
1.6082990813928648
1.7149273354289376
1.8376810815759759
1.9660599993896297
2.083688589129307
2.172816309091464
2.2198177434614093
2.2220678121280555
2.1753163853877377
2.0830635700552387
1.9606848353526414
1.8273057649464401
1.6949267250587483
1.5771731315042574
1.4797951597643972
1.4070429395428328
1.3612915433210242
1.338790856654561
1.338040833765679
1.3529162877285075
1.378042054506058
1.4074179509872737
1.4384188970610674
1.4680448011719107
1.4935455793939025
1.5140462050233467
1.5312967314676351
1.5442971282082585
1.5560474868007448
1.566172795800653
1.5752980742820522
1.5845483565782648
1.5936736350596639
1.6040489516891996
1.6132992339854122
1.624049562059389
1.6354249092074344
1.6468002563554796
1.658550614947966
1.6699259620960112
1.6818013245033114
1.693801690725425
1.704052003540147
1.7143023163548692
1.725052644428846
1.7344279305398724
1.7439282204657125
1.752428479873043
1.760428724021119
1.7673039338358714
1.7736791283913693
1.778554277169103
1.7823043916135137
1.7855544907986696
1.7863045136875517
1.7863045136875517
1.7851794793542284
1.783679433576464
1.7811793572801906
1.7768042237617114
1.772179082613605
1.7650538651692254
1.7576786400952178
1.7495533921323283
1.7411781365398113
1.731427838984344
1.721927549058504
1.712427259132664
1.7030519730216378
1.6933016754661703
1.6831763664662618
1.6744260994293039
1.6658008362071597
1.657800592059084
1.6508003784295175
1.6443001800592059
1.6393000274666587
1.6354249092074344
1.633174840540788
1.632424817651906
1.6330498367259743
1.6346748863185523
1.6376749778740807
1.6418001037629322
1.6456752220221567
1.6506753746147038
1.6550505081331828
1.6608006836146123
1.6670508743552965
1.671676015503403
1.6759261452070682
1.6803012787255471
1.682676351207007
1.6835513779107028
1.683926389355144
1.681551316873684
1.6778012024292734
1.6723010345774711
1.6654258247627187
1.6574255806146427
1.649050325022126
1.6389250160222175
1.6281746879482406
1.6172993560594502
1.60542399365215
1.5935486312448501
1.5806732383190405
1.5679228492080448
1.5550474562822352
1.5417970519119846
1.5267965941343424
1.509546067690054
1.4891704458754236
1.4661697439497057
1.4431690420239875
1.420043336283456
1.401792779320658
1.3912924588763085
1.3941675466170234
1.4125431073946348
1.4526693319498276
1.5164212775048067
1.60304892117069
1.7096771752067628
1.831305887020478
1.9596848048341318
2.0788134403515732
2.1694412060914945
2.2188177129429
2.22356785790582
2.1783164769432664
2.08718869594409
1.9669350260933258
1.8331809442426834
1.7014269234290598
1.5819232764671776
1.483420270393994
1.4096680196539202
1.362541581469161
1.3386658528397473
1.3377908261360516
1.3524162724692528
1.3766670125431073
1.4062929166539506
1.4367938474684896
1.4667947630237739
1.4926705526902067
1.5134211859492783
1.5300466933194983
1.5439221167638173
1.5560474868007448
1.5659227881710258
1.5752980742820522
1.5839233375041963
1.5936736350596639
1.602673909726249
1.6132992339854122
1.6234245429853207
1.6346748863185523
1.6463002410962249
1.657800592059084
1.6694259468367565
1.6813013092440567
1.6925516525772883
1.7031769768364513
1.7141773125400557
1.7246776329844051
1.7336779076509903
1.7435532090212715
1.7526784875026704
1.7603037202063052
1.7673039338358714
1.7733041169469284
1.7784292733542895
1.782554399243141
1.7855544907986696
1.7863045136875517
1.7861795098727378
1.7859295022431105
1.7841794488357188
1.7813043610950041
1.776554216132084
1.7719290749839778
1.76555388042848
1.7578036439100315
1.7501784112063965
1.7411781365398113
1.7320528580584125
1.7229275795770134
1.712802270577105
1.7030519730216378
1.6935516830957975
1.6836763817255165
1.6748011108737448
1.6663008514664144
1.6580505996887114
1.6511753898739585
1.644675191503647
1.6394250312814722
1.635924924466689
1.633674855800043
1.6325498214667196
1.6327998290963468
1.6346748863185523
1.6370499588000123
1.6408000732444226
1.6455502182073427
1.6503003631702629
1.655425519577624
1.6615507065034945
1.6661758476516009
1.6715510116885892
1.6761761528366956
1.6800512710959197
1.6824263435773796
1.6840513931699574
1.6836763817255165
1.6813013092440567
1.677551194799646
1.6726760460219123
1.6655508285775322
1.657800592059084
1.6488003173924985
1.6393000274666587
1.6289247108371228
1.6172993560594502
1.6057990050965911
1.5940486465041048
1.581298257393109
1.5686728720969267
1.5552974639118626
1.5414220404675436
1.5264215826899015
1.5102960905789362
1.4896704611346783
1.4667947630237739
1.4427940305795466
1.4210433668019655
1.4020427869502854
1.3921674855800044
1.3934175237281412
1.4111680654316843
1.4511692861720633
1.5144212164677877
1.6004238410596028
1.7065520798364209
1.8279307840205086
1.9564347056489761
2.0759383526108586
2.1671911374248483
2.218067690054018
2.223192846461379
2.180191534165471
2.0908138065736868
1.9701851252784814
1.8368060548722802
1.7051770378734703
1.5851733756523332
1.485795342875454
1.4116680806909392
1.3627915890987885
1.339915890987884
1.3374158146916104
1.3515412457655567
1.3759169896542252
1.405792901394696
1.4364188360240486
1.4657947325052645
1.491795525986511
1.51279616687521
1.5294216742454299
1.5437971129490036
1.5552974639118626
1.5649227576525162
1.5746730552079835
1.5839233375041963
1.5926736045411543
1.602673909726249
1.6127992187261575
1.6236745506149481
1.6341748710592976
1.6455502182073427
1.6571755729850153
1.6689259315775018
1.6809262977996156
1.6921766411328472
1.7033019806512648
1.7138023010956145
1.7241776177251504
1.7339279152806177
1.7430531937620168
1.752053468428602
1.7594286935026096
1.7673039338358714
1.7733041169469284
1.778554277169103
1.7826794030579547
1.7858044984282968
1.7863045136875517
1.7863045136875517
1.785679494613483
1.7830544145023959
1.7810543534653769
1.777054231391339
1.7719290749839778
1.7660538956877345
1.758803674428541
1.7499284035767695
1.741678151799066
1.7319278542435987
1.7225525681325726
1.712802270577105
1.7028019653920103
1.6933016754661703
1.6836763817255165
1.6750511185033723
1.6658008362071597
1.6583006073183386
1.6509253822443313
1.6449251991332745
1.639550035096286
1.6356749168370617
1.6340498672444839
1.6319248023926511
1.633174840540788
1.6347998901333658
1.6371749626148258
1.640675069429609
1.6451752067629017
1.6505503707998903
1.6553005157628102
1.660925687429426
1.666425855281228
1.6710509964293345
1.6760511490218817
1.679926267281106
1.6825513473921934
1.6840513931699574
1.6836763817255165
1.681551316873684
1.6780512100589007
1.6724260383922849
1.6650508133182775
1.6583006073183386
1.6489253212073123
1.639925046540727
1.629299722281564
1.6179243751335184
1.6065490279854733
1.5941736503189183
1.5819232764671776
1.5692978911709952
1.5562974944303722
1.542047059541612
1.5279216284676658
1.510796105838191
1.4906704916531877
1.4680448011719107
1.4444190801721244
1.421668385876034
1.4024177983947264
1.3916674703207497
1.3929175084688865
1.410918057802057
1.4487942136906033
1.511546128727073
1.5970487380596332
1.702176946317942
1.8226806237983337
1.9514345530564288
2.0715632190923796
2.165316080202643
2.217192663350322
2.225067903683584
2.1829416180913723
2.0948139286477248
1.9749352702414014
1.841931211279641
1.710052186651204
1.5890484939115572
1.4889204382457961
1.4139181493575854
1.3644166386913665
1.3395408795434431
1.3375408185064244
1.350666219061861
1.3750419629505295
1.4044178594317454
1.4352938016907255
1.4652947172460096
1.4911705069124424
1.5125461592455824
1.5300466933194983
1.5432970976897489
1.5545474410229805
1.56504776146733
1.574923062837611
1.5835483260597554
1.5926736045411543
1.6022988982818078
1.6124242072817165
1.6226745200964385
1.6341748710592976
1.645925229651784
1.6571755729850153
1.6689259315775018
1.680676290169988
1.6921766411328472
1.702926969206824
1.7139273049104282
1.723927610095523
1.7336779076509903
1.7431781975768303
1.7521784722434155
1.7599287087618642
1.7670539262062441
1.7725540940580462
1.778679280983917
1.7820543839838863
1.7846794640949737
1.786554521317179
1.7863045136875517
1.7858044984282968
1.7835544297616506
1.7815543687246316
1.7768042237617114
1.771804071169164
1.76555388042848
1.759178685872982
1.7509284340952787
1.7420531632435072
1.732677877132481
1.7226775719473861
1.7123022553178504
1.7043020111697744
1.693801690725425
1.684301400799585
1.675176122318186
1.6658008362071597
1.658550614947966
1.6509253822443313
1.6449251991332745
1.639550035096286
1.6361749320963164
1.6339248634296701
1.6326748252815333
1.6326748252815333
1.6350498977629933
1.6374249702444532
1.64105008087405
1.6453002105777155
1.6501753593554491
1.6550505081331828
1.6615507065034945
1.666800866725669
1.6720510269478437
1.6759261452070682
1.6800512710959197
1.6828013550218206
1.6831763664662618
1.6838013855403302
1.6824263435773796
1.6776761986144597
1.6729260536515398
1.6654258247627187
1.6581756035035249
1.6491753288369395
1.6396750389110997
1.6302997528000733
1.6175493636890774
1.6060490127262186
1.5941736503189183
1.5819232764671776
1.5690478835413677
1.5565475020599995
1.5415470442823573
1.5275466170232246
1.51042109439375
1.4907954954680014
1.4676697897274698
1.4440440687276832
1.421293374431593
1.4022927945799126
1.3917924741355632
1.3932925199133275
1.4117930845057527
1.4499192480239265
1.5121711478011413
1.5984237800225838
1.7046770226142156
1.8253057039094212
1.953684621723075
2.0735632801293984
2.166191106906339
2.2178176824243905
2.22356785790582
2.181566576128422
2.0916888332773826
1.9718101748710595
1.8383061006500443
1.7054270455030978
1.5859233985412151
1.4870453810235909
1.4121680959501939
1.363416608172857
1.3394158757286294
1.3374158146916104
1.3517912533951841
1.37641700491348
1.405417889950255
1.437043855098117
1.4661697439497057
1.4919205298013245
1.5126711630603962
1.530171697134312
1.544047120578631
1.555172460097049
1.5656727805413984
1.5750480666524247
1.5841733451338236
1.5926736045411543
1.6027989135410627
1.6129242225409712
1.6230495315408795
1.6349248939481797
1.6454252143925292
1.6580505996887114
1.6699259620960112
1.6811763054292428
1.6923016449476609
1.702926969206824
1.7139273049104282
1.724302621539964
1.734302926725059
1.7435532090212715
1.7523034760582294
1.7601787163914915
1.7673039338358714
1.7735541245765558
1.7780542619098483
1.7820543839838863
1.784929471724601
1.7870545365764336
1.786554521317179
1.7858044984282968
1.78455446028016
1.7808043458357494
1.7769292275765252
1.7716790673543503
1.7651788689840389
1.7579286477248453
1.7495533921323283
1.741678151799066
1.7316778466139713
1.7220525528733177
1.7125522629474779
1.7030519730216378
1.6926766563921019
1.6835513779107028
1.6744260994293039
1.6658008362071597
1.6575505844294565
1.6508003784295175
1.6444251838740198
1.6390500198370312
1.635549913022248
1.6332998443556017
1.632299813837092
1.6329248329111608
1.6349248939481797
1.6377999816888944
1.6408000732444226
1.6455502182073427
1.6506753746147038
1.655800531022065
1.660925687429426
1.6675508896145512
1.6718010193182167
1.6761761528366956
1.679926267281106
1.6823013397625661
1.6835513779107028
1.6831763664662618
1.6816763206884975
1.6773011871700187
1.6719260231330302
1.6658008362071597
1.6570505691702018
1.6485503097628713
1.6385500045777766
1.628424695577868
1.6174243598742637
1.6057990050965911
1.5935486312448501
1.5805482345042268
1.5679228492080448
1.5549224524674214
1.5415470442823573
1.5264215826899015
1.508796044801172
1.489795464949492
1.4660447401348917
1.4419190038758507
1.419668324839015
1.4012927640614032
1.391917477950377
1.393917538987396
1.4135431379131442
1.4534193548387098
1.5169212927640614
1.6055489974669637
1.712802270577105
1.83443098239082
1.9629349040192878
2.0819385357219153
2.1713162633136998
2.2196927396465957
2.222817835016938
2.17606640827662
2.084438612018189
1.9629349040192878
1.8288058107242042
1.6971767937253945
1.5785481734672078
1.4809201940977201
1.4080429700613422
1.3619165623950926
1.3389158604693747
1.3376658223212379
1.3535413068025757
1.3777920468764306
1.407792962431715
1.4380438856166264
1.4676697897274698
1.4926705526902067
1.513921201208533
1.5307967162083804
1.5449221472823267
1.555922482985931
1.5660477919858395
1.5757980895413068
1.584423352763451
1.5935486312448501
1.6035489364299447
1.6129242225409712
1.6236745506149481
1.6354249092074344
1.6466752525406658
1.6580505996887114
1.669675954466384
1.6810513016144293
1.6933016754661703
1.7035519882808923
1.7145523239844966
1.725052644428846
1.7346779381694999
1.7439282204657125
1.7526784875026704
1.7610537430951874
1.767803949095126
1.773429120761742
1.7783042695394757
1.7824293954283272
1.7846794640949737
1.786554521317179
1.786554521317179
1.785679494613483
1.7841794488357188
1.7808043458357494
1.7764292123172705
1.7710540482802821
1.7650538651692254
1.757553636280404
1.7494283883175148
1.7404281136509292
1.7316778466139713
1.721927549058504
1.7116772362437818
1.7020519425031282
1.6931766716513565
1.683051362651448
1.6739260841700492
1.6654258247627187
1.6576755882442702
1.6505503707998903
1.6444251838740198
1.6393000274666587
1.6356749168370617
1.633174840540788
1.6326748252815333
1.6330498367259743
1.6350498977629933
1.6376749778740807
1.6414250923184912
1.6458002258369702
1.6503003631702629
1.6559255348368787
1.6614257026886807
1.6666758629108556
1.6714260078737755
1.6761761528366956
1.6803012787255471
1.6829263588366346
1.6838013855403302
1.6836763817255165
1.681551316873684
1.6770511795403913
1.671676015503403
1.664925809503464
1.656925565355388
1.6479252906888027
1.63867500839259
1.6282996917630543
1.616924344615009
1.605048982207709
1.5925486007263405
1.5801732230597858
1.56742283394879
1.5545474410229805
1.5407970213934752
1.525796563615833
1.5086710409863584
1.488170415356914
1.4650447096163823
1.4406689657277139
1.4189183019501328
1.4004177373577074
1.3914174626911222
1.3942925504318369
1.4144181646168401
1.4564194463942381
1.5220464491714225
1.6099241309854426
1.7179274269844662
1.840806176946318
1.9700601214636677
2.0868136844996488
2.174441358684042
2.220567766350291
2.2218178044984285
2.1730663167210915
2.0789384441663867
1.9565597094637899
1.8220556047242653
1.6906765953550829
1.5732980132450332
1.4765450605792412
1.4049178746910003
1.359416486098819
1.338040833765679
1.33841584521012
1.3536663106173896
1.3789170812097538
1.4092930082094792
1.4400439466536454
1.4694198431348613
1.4944206060975982
1.515796258430738
1.531671742912076
1.5451721549119541
1.5564224982451857
1.5665478072450942
1.5760480971709343
1.5850483718375195
1.5941736503189183
1.6037989440595721
1.6139242530594806
1.6246745811334575
1.6370499588000123
1.6476752830591754
1.6586756187627796
1.6710509964293345
1.6824263435773796
1.693801690725425
1.7045520187994019
1.7150523392437513
1.7258026673177282
1.7351779534287546
1.7444282357249672
1.7534285103915526
1.7601787163914915
1.7686789757988222
1.7748041627246927
1.7791792962431716
1.7824293954283272
1.7848044679097874
1.78692953276162
1.7863045136875517
1.785679494613483
1.7833044221320231
1.7800543229468673
1.7760542008728295
1.769929013946959
1.764803857539598
1.757178624835963
1.7491783806878873
1.740553117465743
1.7309278237250891
1.7213025299844356
1.7115522324289683
1.701676931058687
1.6920516373180334
1.6820513321329387
1.6739260841700492
1.664925809503464
1.6570505691702018
1.6501753593554491
1.6440501724295786
1.6389250160222175
1.6360499282815029
1.6332998443556017
1.632299813837092
1.6329248329111608
1.6349248939481797
1.6377999816888944
1.6418001037629322
1.6458002258369702
1.651050386059145
1.6560505386516924
1.6619257179479354
1.66717587817011
1.6714260078737755
1.6765511642811366
1.6803012787255471
1.6836763817255165
1.6845514084292124
1.6835513779107028
1.6811763054292428
1.6768011719107638
1.6715510116885892
1.6646758018738366
1.6568005615405743
1.6475502792443617
1.637924985503708
1.6275496688741722
1.6157993102816859
1.6044239631336406
1.592298593096713
1.5791731925412764
1.5667978148747217
1.553922421948912
1.5404220099490342
1.5254215521713919
1.507546006653035
1.4867953733939634
1.4639196752830592
1.4404189580980864
1.4182932828760644
1.4000427259132666
1.3912924588763085
1.3949175695059055
1.416418225653859
1.4577944883571887
1.5240465102084415
1.6140492568742943
1.7220525528733177
1.844681295205542
1.9731852168340098
2.0903137913144323
2.1773164464247565
2.2213177892391736
2.22119278542436
2.170441236610004
2.075688344981231
1.952934598834193
1.818555497909482
1.687051484725486
1.5706729331339457
1.4744199957274087
1.403417828913236
1.3585414593951233
1.338040833765679
1.3385408490249338
1.3541663258766443
1.3801671193578906
1.4099180272835474
1.4411689809869686
1.4700448622089297
1.4951706289864803
1.515546250801111
1.5320467543565173
1.5454221625415814
1.556672505874813
1.5671728263191627
1.5764231086153753
1.585298379467147
1.594673665578173
1.6044239631336406
1.6142992645039216
1.6255496078371532
1.6364249397259438
1.6478002868739892
1.6591756340220343
1.6709259926145208
1.6825513473921934
1.693801690725425
1.7046770226142156
1.7158023621326335
1.725927671132542
1.7351779534287546
1.7449282509842219
1.7533035065767388
1.7616787621692556
1.767803949095126
1.7739291360209968
1.7790542924283579
1.782554399243141
1.785679494613483
1.786554521317179
1.7864295175023652
1.7853044831690421
1.7834294259468366
1.7799293191320538
1.776554216132084
1.7713040559099094
1.7641788384655293
1.7570536210211494
1.7495533921323283
1.739803094576861
1.730677816095462
1.7209275185399944
1.710802209540086
1.7011769157994323
1.6915516220587787
1.6820513321329387
1.673551072725608
1.6646758018738366
1.6566755577257606
1.6496753440961944
1.6440501724295786
1.6388000122074038
1.6352999053926207
1.6326748252815333
1.632424817651906
1.6337998596148564
1.6349248939481797
1.637924985503708
1.6415500961333047
1.6460502334665976
1.6509253822443313
1.6560505386516924
1.6614257026886807
1.6670508743552965
1.6723010345774711
1.6765511642811366
1.6809262977996156
1.6829263588366346
1.6841763969847714
1.6834263740958892
1.6813013092440567
1.6766761680959503
1.671176000244148
1.6641757866145819
1.6563005462813196
1.6475502792443617
1.6376749778740807
1.6269246498001038
1.6160493179113133
1.60304892117069
1.591923581652272
1.5791731925412764
1.5660477919858395
1.55317239906003
1.5399219946897795
1.5244215216528825
1.506795983764153
1.4861703543198952
1.4625446333201089
1.4392939237647635
1.4175432599871822
1.4000427259132666
1.3911674550614948
1.3949175695059055
1.4167932370983
1.460044557023835
1.526546586504715
1.6166743369853815
1.7261776787621694
1.849181432538835
1.97793536179693
2.0943139133884703
2.179066499832148
2.2221928159428694
2.2196927396465957
2.1681911679433576
2.071438215277566
1.9475594347972045
1.8133053376873074
1.6829263588366346
1.566172795800653
1.4716699118015075
1.4009177526169623
1.3571664174321727
1.3376658223212379
1.3391658680990022
1.3551663563951537
1.3812921536912137
1.4110430616168708
1.4420440076906644
1.4709198889126254
1.4962956633198035
1.515921262245552
1.5327967772453994
1.5450471510971404
1.557172521134068
1.5671728263191627
1.576548112430189
1.5854233832819604
1.594798669392987
1.6046739707632678
1.614549272133549
1.6254246040223395
1.6360499282815029
1.6480502945036166
1.6599256569109164
1.671176000244148
1.682676351207007
1.6944267097994934
1.7053020416882838
1.7158023621326335
1.726302682576983
1.735802972502823
1.7454282662434768
1.7538035218359938
1.7611787469100009
1.7681789605395672
1.7745541550950652
1.7790542924283579
1.7826794030579547
1.785679494613483
1.7866795251319927
1.786554521317179
1.7855544907986696
1.7833044221320231
1.780554338206122
1.775804193243202
1.7709290444654684
1.7641788384655293
1.7566786095767084
1.7489283730582599
1.739803094576861
1.7304278084658344
1.7205525070955536
1.7106772057252724
1.7008019043549913
1.6915516220587787
1.6813013092440567
1.6729260536515398
1.6645507980590228
1.656925565355388
1.6493003326517535
1.6434251533555102
1.6381749931333354
1.6350498977629933
1.6326748252815333
1.6319248023926511
1.6330498367259743
1.6349248939481797
1.6381749931333354
1.6420501113925596
1.6466752525406658
1.651425397503586
1.6561755424665061
1.6619257179479354
1.667300881984924
1.6721760307626576
1.6769261757255778
1.6811763054292428
1.683051362651448
1.6840513931699574
1.6835513779107028
1.6810513016144293
1.6761761528366956
1.6706759849848933
1.6639257789849544
1.655800531022065
1.647050263985107
1.6371749626148258
1.6265496383556628
1.6151742912076175
1.6039239478743859
1.5914235663930174
1.578923184911649
1.5652977690969574
1.552672383800775
1.5386719565416427
1.5230464796899321
1.5054209418012026
1.485295327616199
1.462044618060854
1.438293893246254
1.4161682180242319
1.3992927030243845
1.3907924436170536
1.3962926114688559
1.4182932828760644
1.4622946256904814
1.530171697134312
1.6214244819483017
1.7311778313547166
1.855056611835078
1.98268550675985
2.0985640430921353
2.1820665913876764
2.222817835016938
2.219317728202155
2.1646910611285746
2.0664380626850183
1.941434247871334
1.8075551622058779
1.677176183355205
1.5612976470229194
1.4674197820978425
1.399042695394757
1.356166386913663
1.3375408185064244
1.3392908719138157
1.3557913754692221
1.3829172032837918
1.4125431073946348
1.4430440382091738
1.4720449232459487
1.4966706747642446
1.5165462813196202
1.5330467848750269
1.5471722159489731
1.5569225135044404
1.56742283394879
1.5767981200598165
1.5857983947264016
1.594798669392987
1.6042989593188268
1.6151742912076175
1.6257996154667806
1.6365499435407576
1.6483003021332439
1.6601756645405439
1.671676015503403
1.6831763664662618
1.6945517136143071
1.7051770378734703
1.7161773735770747
1.7268026978362376
1.7359279763176367
1.7451782586138493
1.7539285256508073
1.7621787774285103
1.7685539719840082
1.7745541550950652
1.7794293038727989
1.782554399243141
1.7850544755394149
1.7863045136875517
1.7864295175023652
1.7854294869838556
1.7835544297616506
1.780554338206122
1.7755541856135748
1.7704290292062137
1.7633038117618336
1.7563035981322672
1.7491783806878873
1.7390530716879788
1.7301778008362072
1.7204275032807397
1.7105522019104589
1.7004268929105502
1.6915516220587787
1.6818013245033114
1.6728010498367258
1.6643007904293954
1.6564255500961331
1.6496753440961944
1.6435501571703237
1.638299996948149
1.6349248939481797
1.6337998596148564
1.6321748100222786
1.6332998443556017
1.6354249092074344
1.6381749931333354
1.6420501113925596
1.6464252449110386
1.651800408948027
1.6561755424665061
1.6616757103183082
1.66717587817011
1.6724260383922849
1.6774261909848323
1.680676290169988
1.683051362651448
1.683926389355144
1.6833013702810755
1.6809262977996156
1.6760511490218817
1.6706759849848933
1.6636757713553272
1.6563005462813196
1.647425275429548
1.6372999664296397
1.626424634540849
1.6152992950224312
1.602673909726249
1.590423535874508
1.5786731772820215
1.565797784356212
1.5524223761711478
1.5386719565416427
1.5232964873195594
1.5056709494308298
1.485295327616199
1.4612945951719718
1.438293893246254
1.4162932218390454
1.3987926877651295
1.3907924436170536
1.3961676076540421
1.4199183324686422
1.4636696676534318
1.5315467390972626
1.6231745353556932
1.733052888576922
1.8566816614276558
1.9850605792413099
2.0998140812402726
2.183191625721
2.2234428540910063
2.218442701498459
2.163691030610065
2.065188024536882
1.9409342326120793
1.805555101168859
1.6763011566515091
1.5601726126895963
1.466419751579333
1.3981676686910611
1.3557913754692221
1.3370408032471695
1.3396658833582569
1.3567914059877317
1.382417188024537
1.4126681112094486
1.4435440534684285
1.4725449385052034
1.4977957090975678
1.5169212927640614
1.5332967925046541
1.5465471968749047
1.5574225287636951
1.56742283394879
1.5770481276894437
1.5859233985412151
1.595173680837428
1.605048982207709
1.6151742912076175
1.626049623096408
1.6370499588000123
1.6485503097628713
1.6596756492812892
1.6719260231330302
1.6835513779107028
1.6951767326883755
1.7068020874660481
1.7163023773918882
1.7273027130954923
1.736552995391705
1.7455532700582903
1.7541785332804345
1.7620537736136967
1.7686789757988222
1.7745541550950652
1.7796793115024263
1.782929410687582
1.7850544755394149
1.7870545365764336
1.7864295175023652
1.7854294869838556
1.7839294412060915
1.7795543076876126
1.7755541856135748
1.7701790215765862
1.763928830835902
1.756428601947081
1.7483033539841915
1.73942808313242
1.7305528122806482
1.7204275032807397
1.7106772057252724
1.7004268929105502
1.6908015991698966
1.681551316873684
1.6729260536515398
1.6645507980590228
1.6564255500961331
1.649425336466567
1.6436751609851377
1.638299996948149
1.6354249092074344
1.633174840540788
1.632299813837092
1.633174840540788
1.635549913022248
1.638299996948149
1.641925107577746
1.645925229651784
1.6511753898739585
1.656550553910947
1.6619257179479354
1.6675508896145512
1.673176061281167
1.6770511795403913
1.6803012787255471
1.6835513779107028
1.6836763817255165
1.6840513931699574
1.6811763054292428
1.6766761680959503
1.6704259773552659
1.6638007751701407
1.6559255348368787
1.6466752525406658
1.6371749626148258
1.625674611651967
1.6150492873928037
1.6032989288003174
1.5912985625782037
1.5786731772820215
1.5656727805413984
1.5524223761711478
1.5386719565416427
1.5232964873195594
1.5056709494308298
1.485420331431013
1.4619196142460402
1.4376688741721853
1.4159182103946044
1.3989176915799433
1.3909174474318675
1.3957925962096012
1.4190433057649465
1.4632946562089908
1.5319217505417035
1.6235495468001342
1.7336779076509903
1.8573066805017244
1.9856855983153783
2.1000640888698996
2.1829416180913723
2.223192846461379
2.218317697683645
2.162941007721183
2.0645630054628135
1.9405592211676383
1.8058051087984863
1.6759261452070682
1.5600476088747826
1.4662947477645192
1.3977926572466202
1.3556663716544084
1.3369157994323557
1.3396658833582569
1.3567914059877317
1.3829172032837918
1.4126681112094486
1.4435440534684285
1.4725449385052034
1.4974206976531268
1.5172963042085024
1.5326717734305857
1.5466722006897184
1.5575475325785089
1.56742283394879
1.5771731315042574
1.5869234290597247
1.595173680837428
1.6055489974669637
1.6154242988372447
1.6261746269112216
1.6371749626148258
1.6500503555406356
1.6596756492812892
1.6720510269478437
1.6838013855403302
1.6950517288735618
1.7059270607623525
1.7166773888363294
1.7265526902066104
1.736552995391705
1.7455532700582903
1.754053529465621
1.7623037812433242
1.7686789757988222
1.774179143650624
1.7795543076876126
1.7828044068727684
1.7848044679097874
1.7871795403912474
1.7866795251319927
1.7851794793542284
1.7831794183172094
1.7800543229468673
1.7755541856135748
1.7694289986877043
1.7636788232062746
1.7563035981322672
1.7481783501693777
1.738553056428724
1.7300527970213935
1.7206775109103671
1.710427198095645
1.7003018890957367
1.6909266029847103
1.6810513016144293
1.673176061281167
1.6638007751701407
1.6560505386516924
1.6493003326517535
1.643050141911069
1.638299996948149
1.635174901577807
1.633549851985229
1.632424817651906
1.6334248481704154
1.6354249092074344
1.6388000122074038
1.6433001495406965
1.6461752372814111
1.651425397503586
1.656550553910947
1.6620507217627492
1.667675893429365
1.6718010193182167
1.6770511795403913
1.6805512863551746
1.6829263588366346
1.6838013855403302
1.683051362651448
1.6809262977996156
1.6763011566515091
1.6706759849848933
1.6636757713553272
1.6556755272072514
1.6463002410962249
1.636674947355571
1.626424634540849
1.6150492873928037
1.6037989440595721
1.5916735740226449
1.5779231543931396
1.565422772911771
1.5520473647267068
1.5384219489120152
1.5231714835047456
1.5050459303567616
1.484670308542131
1.4614195989867855
1.4377938779869992
1.4155431989501632
1.3987926877651295
1.3907924436170536
1.3961676076540421
1.4194183172093875
1.464419690542314
1.5331717886898404
1.6241745658742028
1.7355529648731955
1.8588067262794887
1.9879356669820247
2.10143913083285
2.1836916409802547
2.2234428540910063
2.2173176671651356
2.162190984832301
2.062687948240608
1.9376841334269232
1.8029300210577714
1.6739260841700492
1.558672566911832
1.4652947172460096
1.397042634357738
1.35504135258034
1.3367907956175422
1.3394158757286294
1.3562913907284768
1.3839172338023011
1.4139181493575854
1.4439190649128697
1.4726699423200171
1.4979207129123815
1.517796319467757
1.5335468001342816
1.5461721854304635
1.5576725363933226
1.5679228492080448
1.5771731315042574
1.5861734061708426
1.5954236884670552
1.6049239783928952
1.6160493179113133
1.6261746269112216
1.6374249702444532
1.6485503097628713
1.6606756797997986
1.6723010345774711
1.684301400799585
1.695426740318003
1.705677053132725
1.7160523697622607
1.727052705465865
1.7363029877620777
1.7453032624286628
1.7535535142063663
1.7618037659840693
1.7689289834284494
1.7744291512802515
1.7794293038727989
1.7830544145023959
1.7850544755394149
1.7866795251319927
1.7866795251319927
1.7854294869838556
1.7831794183172094
1.7798043153172398
1.7755541856135748
1.769929013946959
1.7633038117618336
1.7563035981322672
1.7481783501693777
1.7395530869472335
1.7301778008362072
1.7204275032807397
1.7105522019104589
1.7006769005401776
1.6913016144291515
1.6810513016144293
1.6726760460219123
1.6643007904293954
1.6560505386516924
1.649425336466567
1.6436751609851377
1.6384250007629628
1.6350498977629933
1.6319248023926511
1.632424817651906
1.6330498367259743
1.635174901577807
1.6384250007629628
1.642675130466628
1.6461752372814111
1.6519254127628407
1.6568005615405743
1.6621757255775629
1.6678008972441787
1.6728010498367258
1.6776761986144597
1.6810513016144293
1.6835513779107028
1.6841763969847714
1.6834263740958892
1.6810513016144293
1.6765511642811366
1.6704259773552659
1.6639257789849544
1.6559255348368787
1.6468002563554796
1.6369249549851985
1.6269246498001038
1.6157993102816859
1.6039239478743859
1.5915485702078311
1.5790481887264625
1.565797784356212
1.5529223914304024
1.5386719565416427
1.5239215063936278
1.505545945616016
1.485420331431013
1.4619196142460402
1.4371688589129308
1.416418225653859
1.399042695394757
1.3905424359874266
1.3954175847651602
1.4174182561723685
1.4617946104312267
1.5299216895046848
1.6207994628742333
1.7309278237250891
1.8548066042054507
1.9833105258339183
2.0978140202032534
2.181566576128422
2.2225678273873104
2.219942747276223
2.165691091647084
2.0676881008331556
1.943434308908353
1.809055207983642
1.678676229132969
1.5632977080599384
1.4687948240607929
1.399417706839198
1.3564163945432905
1.3370408032471695
1.3389158604693747
1.3556663716544084
1.3819171727652821
1.4119180883205664
1.443419049653615
1.4720449232459487
1.4970456862086856
1.5166712851344342
1.532546769615772
1.5459221778008363
1.556672505874813
1.5672978301339764
1.576548112430189
1.5856733909115879
1.595173680837428
1.6037989440595721
1.614549272133549
1.6255496078371532
1.6367999511703848
1.6479252906888027
1.659800653096103
1.6714260078737755
1.6829263588366346
1.6945517136143071
1.7058020569475387
1.7161773735770747
1.7264276863917967
1.7361779839472642
1.7450532547990356
1.7535535142063663
1.761553758354442
1.7686789757988222
1.7740541398358105
1.7788042847987304
1.7830544145023959
1.7855544907986696
1.7868045289468062
1.7863045136875517
1.7860545060579243
1.7835544297616506
1.7799293191320538
1.775804193243202
1.7705540330210272
1.7641788384655293
1.7561785943174535
1.7490533768730736
1.739803094576861
1.7305528122806482
1.7206775109103671
1.7106772057252724
1.7011769157994323
1.691426618243965
1.6814263130588702
1.673551072725608
1.664925809503464
1.656925565355388
1.6491753288369395
1.6438001647999512
1.6390500198370312
1.6352999053926207
1.6326748252815333
1.6317997985778374
1.6332998443556017
1.6346748863185523
1.6385500045777766
1.641925107577746
1.6466752525406658
1.651800408948027
1.656550553910947
1.6619257179479354
1.6674258857997375
1.6719260231330302
1.6769261757255778
1.680676290169988
1.6829263588366346
1.6844264046143986
1.6836763817255165
1.6814263130588702
1.6770511795403913
1.671176000244148
1.6640507827997681
1.6573005767998292
1.6476752830591754
1.6372999664296397
1.6270496536149175
1.6159243140964994
1.6046739707632678
1.5929236121707817
1.579673207800531
1.5664228034302805
1.5529223914304024
1.5397969908749656
1.52467152928251
1.5069209875789666
1.4862953581347087
1.4634196600238045
1.4397939390240182
1.4174182561723685
1.4000427259132666
1.3909174474318675
1.3952925809503465
1.4162932218390454
1.4592945341349528
1.5267965941343424
1.6160493179113133
1.725052644428846
1.8479313943906979
1.9764353160191657
2.09293887142552
2.1785664845728934
2.2220678121280555
2.22019275490585
2.1685661793877986
2.0724382457960755
1.9480594500564592
1.8144303720206305
1.683926389355144
1.567047822504349
1.4717949156163215
1.4016677755058444
1.3576664326914274
1.3376658223212379
1.3385408490249338
1.35504135258034
1.3807921384319588
1.4114180730613117
1.4417940000610372
1.4707948850978119
1.495670644245735
1.515796258430738
1.5322967619861447
1.5456721701712088
1.5569225135044404
1.567047822504349
1.5764231086153753
1.5854233832819604
1.5950486770226142
1.6045489669484543
1.6147992797631765
1.6255496078371532
1.6364249397259438
1.6476752830591754
1.6591756340220343
1.6710509964293345
1.682676351207007
1.6940516983550522
1.7050520340586566
1.7154273506881925
1.7260526749473555
1.735427961058382
1.7449282509842219
1.7535535142063663
1.7609287392803734
1.768303964354381
1.774179143650624
1.7796793115024263
1.7828044068727684
1.785679494613483
1.7863045136875517
1.7866795251319927
1.7855544907986696
1.7835544297616506
1.780179326761681
1.775804193243202
1.7706790368358412
1.7643038422803432
1.7569286172063356
1.7489283730582599
1.739803094576861
1.7304278084658344
1.7206775109103671
1.7109272133548998
1.7011769157994323
1.691426618243965
1.6820513321329387
1.6738010803552354
1.6645507980590228
1.6575505844294565
1.6499253517258217
1.6440501724295786
1.6391750236518448
1.6349248939481797
1.6329248329111608
1.6319248023926511
1.633174840540788
1.635174901577807
1.637924985503708
1.6420501113925596
1.6463002410962249
1.6521754203924681
1.656550553910947
1.6614257026886807
1.667300881984924
1.6719260231330302
1.6765511642811366
1.6800512710959197
1.6831763664662618
1.6838013855403302
1.683051362651448
1.6813013092440567
1.6769261757255778
1.6710509964293345
1.6643007904293954
1.6564255500961331
1.6475502792443617
1.6372999664296397
1.627299661244545
1.6160493179113133
1.605048982207709
1.5921735892818996
1.5794232001709037
1.5664228034302805
1.5530473952452162
1.540046998504593
1.5247965330973237
1.5077960142826623
1.4871703848384046
1.4636696676534318
1.4395439313943907
1.4175432599871822
1.4004177373577074
1.39066743980224
1.3947925656910916
1.416043214209418
1.4584195074312571
1.5249215369121372
1.6147992797631765
1.723552598651082
1.846681356242561
1.9748102664265876
2.0921888485366376
2.1785664845728934
2.221567796868801
2.220317758720664
2.169691213721122
2.074188299203467
1.9508095339823603
1.817055452131718
1.6851764275032808
1.5686728720969267
1.4732949613940856
1.4027928098391673
1.358166447950682
1.3376658223212379
1.338790856654561
1.3546663411358988
1.3799171117282631
1.4107930539872433
1.4415439924314097
1.4702948698385572
1.4952956328012939
1.515546250801111
1.5320467543565173
1.5454221625415814
1.556797509689627
1.5669228186895352
1.5760480971709343
1.5851733756523332
1.5945486617633595
1.6045489669484543
1.6142992645039216
1.625299600207526
1.635924924466689
1.647425275429548
1.658925626392407
1.6709259926145208
1.6823013397625661
1.6941767021698662
1.704927030243843
1.715552354503006
1.7261776787621694
1.7359279763176367
1.7446782433545946
1.7538035218359938
1.7616787621692556
1.7684289681691947
1.774679158909879
1.7789292886135442
1.7828044068727684
1.784929471724601
1.7861795098727378
1.786554521317179
1.7853044831690421
1.7834294259468366
1.780179326761681
1.7755541856135748
1.7706790368358412
1.7643038422803432
1.7566786095767084
1.7491783806878873
1.73942808313242
1.7308028199102756
1.7206775109103671
1.710802209540086
1.701676931058687
1.6915516220587787
1.6821763359477524
1.6733010650959808
1.6651758171330913
1.656550553910947
1.6503003631702629
1.643925168614765
1.6391750236518448
1.635174901577807
1.633549851985229
1.6325498214667196
1.6329248329111608
1.6350498977629933
1.6380499893185219
1.6420501113925596
1.6463002410962249
1.651800408948027
1.656550553910947
1.6614257026886807
1.6665508590960418
1.6724260383922849
1.6761761528366956
1.6803012787255471
1.6829263588366346
1.6838013855403302
1.683926389355144
1.6814263130588702
1.6774261909848323
1.6706759849848933
1.6641757866145819
1.6561755424665061
1.6471752677999205
1.6377999816888944
1.6274246650593585
1.616549333170568
1.6037989440595721
1.591923581652272
1.5794232001709037
1.5660477919858395
1.5534224066896571
1.539671987060152
1.5244215216528825
1.5066709799493394
1.4864203619495224
1.4632946562089908
1.4392939237647635
1.417168248542741
1.3996677144688254
1.3909174474318675
1.3956675923947877
1.417168248542741
1.460419568468276
1.5275466170232246
1.6180493789483323
1.727927732169561
1.8508064821314127
1.9791853999450668
2.0951889400921657
2.17981652272103
2.2221928159428694
2.2198177434614093
2.1673161412396618
2.070188177129429
1.9456843775749992
1.8113052766502884
1.6818013245033114
1.5645477462080752
1.4700448622089297
1.4002927335428939
1.3565413983581043
1.3375408185064244
1.3391658680990022
1.3555413678395947
1.3811671498764
1.4116680806909392
1.4425440229499193
1.4714199041718803
1.4965456709494307
1.5166712851344342
1.532546769615772
1.5457971739860226
1.5570475173192542
1.5672978301339764
1.576548112430189
1.5857983947264016
1.5952986846522417
1.6049239783928952
1.6147992797631765
1.6265496383556628
1.6370499588000123
1.6481752983184301
1.6600506607257304
1.671301004058962
1.6833013702810755
1.6953017365031893
1.7051770378734703
1.7169273964659566
1.726302682576983
1.736552995391705
1.7453032624286628
1.7538035218359938
1.76080373546556
1.7684289681691947
1.774179143650624
1.7790542924283579
1.782929410687582
1.785679494613483
1.7864295175023652
1.7868045289468062
1.7850544755394149
1.7824293954283272
1.7800543229468673
1.775804193243202
1.7705540330210272
1.7643038422803432
1.756803613391522
1.7483033539841915
1.7400531022064882
1.7309278237250891
1.7205525070955536
1.7109272133548998
1.7008019043549913
1.691426618243965
1.6818013245033114
1.6726760460219123
1.6644257942442091
1.6576755882442702
1.6489253212073123
1.6438001647999512
1.63867500839259
1.6350498977629933
1.6325498214667196
1.631674794763024
1.633174840540788
1.6354249092074344
1.638299996948149
1.6423001190221869
1.645925229651784
1.6513003936887722
1.656550553910947
1.6616757103183082
1.6670508743552965
1.6720510269478437
1.6768011719107638
1.6803012787255471
1.6828013550218206
1.6841763969847714
1.6833013702810755
1.6811763054292428
1.6770511795403913
1.6704259773552659
1.6635507675405132
1.655800531022065
1.6468002563554796
1.6369249549851985
1.6266746421704763
1.6156743064668722
1.6040489516891996
1.5915485702078311
1.578923184911649
1.5659227881710258
1.552797387615589
1.53892196417127
1.5235464949491868
1.5061709646900845
1.4856703390606403
1.4622946256904814
1.4385439008758814
1.416418225653859
1.3996677144688254
1.39066743980224
1.3956675923947877
1.418043275246437
1.4619196142460402
1.528671651356548
1.6197994323557239
1.729427777947325
1.8534315622425002
1.981060457167272
2.097063997314371
2.181191564683981
2.222692831202124
2.219192724387341
2.16656611835078
2.0680631122775965
1.9436843165379802
1.8094302194280831
1.6788012329477828
1.5629226966154972
1.4686698202459794
1.4000427259132666
1.3562913907284768
1.3375408185064244
1.3389158604693747
1.3560413830988496
1.3807921384319588
1.41204309213538
1.4430440382091738
1.4717949156163215
1.4964206671346172
1.5164212775048067
1.5327967772453994
1.5454221625415814
1.55792254402295
1.567047822504349
1.576548112430189
1.5856733909115879
1.5955486922818691
1.6045489669484543
1.6152992950224312
1.625674611651967
1.636674947355571
1.6481752983184301
1.6603006683553576
1.6718010193182167
1.6833013702810755
1.6945517136143071
1.7055520493179113
1.7160523697622607
1.7264276863917967
1.7370530106509599
1.745678273873104
1.7536785180211798
1.7614287545396283
1.7689289834284494
1.774304147465438
1.7798043153172398
1.7830544145023959
1.7851794793542284
1.7868045289468062
1.7868045289468062
1.7851794793542284
1.7833044221320231
1.7800543229468673
1.7751791741691336
1.7695540025025178
1.763928830835902
1.756803613391522
1.7485533616138187
1.7395530869472335
1.7304278084658344
1.7206775109103671
1.7105522019104589
1.7004268929105502
1.691426618243965
1.6816763206884975
1.6725510422070986
1.6645507980590228
1.6561755424665061
1.6493003326517535
1.643050141911069
1.6385500045777766
1.6354249092074344
1.6327998290963468
1.632424817651906
1.633674855800043
1.6354249092074344
1.638299996948149
1.6421751152073734
1.6464252449110386
1.6515504013183995
1.656550553910947
1.6620507217627492
1.6678008972441787
1.6720510269478437
1.6770511795403913
1.6803012787255471
1.6833013702810755
1.6841763969847714
1.6841763969847714
1.6811763054292428
1.6773011871700187
1.6705509811700798
1.6640507827997681
1.655800531022065
1.6466752525406658
1.6367999511703848
1.6281746879482406
1.6155493026520584
1.6039239478743859
1.5911735587633902
1.5790481887264625
1.565797784356212
1.552797387615589
1.5390469679860834
1.5234214911343729
1.5056709494308298
1.4851703238013856
1.4621696218756677
1.4380438856166264
1.4162932218390454
1.3996677144688254
1.3909174474318675
1.3952925809503465
1.4177932676168097
1.4617946104312267
1.5297966856898708
1.6210494705038605
1.7308028199102756
1.8551816156498917
1.9825605029450364
2.0979390240180673
2.1814415723136085
2.2225678273873104
2.219317728202155
2.165816095461898
2.0676881008331556
1.9435593127231665
1.8089302041688284
1.6791762443922238
1.5629226966154972
1.4692948393200476
1.4000427259132666
1.3564163945432905
1.3370408032471695
1.3391658680990022
1.355416364024781
1.3812921536912137
1.41204309213538
1.4425440229499193
1.4711698965422528
1.4961706595049897
1.5166712851344342
1.532546769615772
1.546422193060091
1.5574225287636951
1.5671728263191627
1.5764231086153753
1.5861734061708426
1.594798669392987
1.6044239631336406
1.6147992797631765
1.6255496078371532
1.6365499435407576
1.6485503097628713
1.6599256569109164
1.6714260078737755
1.6829263588366346
1.6944267097994934
1.705677053132725
1.7166773888363294
1.7264276863917967
1.7361779839472642
1.7450532547990356
1.7538035218359938
1.7614287545396283
1.7681789605395672
1.774304147465438
1.7793043000579851
1.782929410687582
1.7851794793542284
1.7863045136875517
1.7863045136875517
1.7858044984282968
1.7846794640949737
1.7800543229468673
1.775804193243202
1.7705540330210272
1.7640538346507157
1.7569286172063356
1.7488033692434461
1.7396780907620473
1.730677816095462
1.7210525223548083
1.711177220984527
1.7014269234290598
1.6911766106143375
1.6821763359477524
1.6726760460219123
1.6651758171330913
1.6566755577257606
1.6500503555406356
1.643925168614765
1.6394250312814722
1.635174901577807
1.632424817651906
1.632424817651906
1.6332998443556017
1.6349248939481797
1.6381749931333354
1.6421751152073734
1.6460502334665976
1.6509253822443313
1.6566755577257606
1.6621757255775629
1.66717587817011
1.6724260383922849
1.6765511642811366
1.679926267281106
1.6831763664662618
1.6840513931699574
1.6838013855403302
1.681551316873684
1.677176183355205
1.671301004058962
1.6644257942442091
1.6559255348368787
1.6473002716147345
1.6374249702444532
1.627299661244545
1.6162993255409406
1.6044239631336406
1.5921735892818996
1.5797982116153446
1.5666728110599077
1.55317239906003
1.5397969908749656
1.5247965330973237
1.507170995208594
1.4864203619495224
1.4636696676534318
1.4401689504684592
1.4174182561723685
1.4001677297280801
1.3911674550614948
1.3947925656910916
1.4157932065797907
1.4584195074312571
1.5245465254676962
1.6140492568742943
1.7236776024658955
1.8460563371684928
1.974310251167333
2.0911888180181277
2.1773164464247565
2.2214427930539875
2.220442762535478
2.170691244239632
2.075188329721976
1.9515595568712425
1.8176804712057864
1.6873014923551135
1.5692978911709952
1.4737949766533405
1.4032928250984222
1.358166447950682
1.33841584521012
1.3385408490249338
1.3545413373210853
1.3797921079134496
1.4101680349131749
1.4411689809869686
1.4696698507644885
1.4950456251716666
1.515796258430738
1.5317967467268898
1.5451721549119541
1.5565475020599995
1.5666728110599077
1.5760480971709343
1.585298379467147
1.5940486465041048
1.6037989440595721
1.6136742454298534
1.625174596392712
1.6364249397259438
1.6484253059480574
1.6593006378368482
1.6706759849848933
1.6821763359477524
1.6939266945402387
1.7046770226142156
1.7156773583178198
1.7264276863917967
1.7355529648731955
1.7453032624286628
1.753178502761925
1.76080373546556
1.7674289376506853
1.7735541245765558
1.778554277169103
1.7828044068727684
1.7851794793542284
1.7863045136875517
1.7866795251319927
1.7855544907986696
1.7831794183172094
1.7809293496505632
1.776179204687643
1.7704290292062137
1.7641788384655293
1.7581786553544725
1.7494283883175148
1.740553117465743
1.731427838984344
1.7214275337992493
1.7119272438734092
1.701801934873501
1.6926766563921019
1.682676351207007
1.673551072725608
1.664925809503464
1.6571755729850153
1.6501753593554491
1.6440501724295786
1.6393000274666587
1.6349248939481797
1.6330498367259743
1.6325498214667196
1.6329248329111608
1.6350498977629933
1.63867500839259
1.6413000885036775
1.645925229651784
1.6515504013183995
1.6560505386516924
1.6608006836146123
1.666800866725669
1.6719260231330302
1.6763011566515091
1.6798012634662924
1.6829263588366346
1.6840513931699574
1.6835513779107028
1.6813013092440567
1.677551194799646
1.6715510116885892
1.6645507980590228
1.6571755729850153
1.6480502945036166
1.637924985503708
1.627674672688986
1.616924344615009
1.60542399365215
1.5934236274300364
1.5805482345042268
1.5671728263191627
1.5541724295785393
1.5406720175786617
1.5262965788750877
1.508421033356731
1.488170415356914
1.4649197058015686
1.4412939848017823
1.4181682790612506
1.401042756431776
1.3912924588763085
1.3944175542466506
1.4144181646168401
1.4562944425794244
1.5209214148380994
1.609049104281747
1.7176774193548388
1.8399311502426223
1.9680600604266487
2.085688650166326
2.1741913510544144
2.219567735831782
2.222442823572497
2.173191320535905
2.0808135013885924
1.9583097628711814
1.8243056733909115
1.6939266945402387
1.5752980742820522
1.4786701254310741
1.4064179204687641
1.35979149754326
1.33841584521012
1.33841584521012
1.353166295358135
1.3781670583208716
1.4082929776909696
1.439418927579577
1.468419812616352
1.4941705984679707
1.5152962431714836
1.5311717276528216
1.5446721396526994
1.5560474868007448
1.5656727805413984
1.5751730704672384
1.5849233680227057
1.5936736350596639
1.6037989440595721
1.6135492416150394
1.624049562059389
1.6357999206518754
1.6465502487258523
1.6590506302072208
1.6701759697256386
1.681551316873684
1.6931766716513565
1.704177007354961
1.7149273354289376
1.7254276558732873
1.735302957243568
1.7441782280953397
1.752428479873043
1.760428724021119
1.7681789605395672
1.7735541245765558
1.778554277169103
1.7826794030579547
1.7850544755394149
1.786554521317179
1.7866795251319927
1.7861795098727378
1.783679433576464
1.7799293191320538
1.776679219946898
1.7708040406506547
1.7645538499099704
1.757553636280404
1.7488033692434461
1.7404281136509292
1.731427838984344
1.7220525528733177
1.7119272438734092
1.7019269386883145
1.6925516525772883
1.6824263435773796
1.673676076540422
1.6656758323923462
1.6575505844294565
1.6499253517258217
1.6444251838740198
1.639550035096286
1.6354249092074344
1.633549851985229
1.6325498214667196
1.633174840540788
1.6347998901333658
1.637924985503708
1.6418001037629322
1.6458002258369702
1.6504253669850764
1.6561755424665061
1.6610506912442398
1.6663008514664144
1.671676015503403
1.6765511642811366
1.6798012634662924
1.6829263588366346
1.683926389355144
1.6840513931699574
1.6824263435773796
1.6776761986144597
1.6710509964293345
1.66480080568865
1.656925565355388
1.6484253059480574
1.6384250007629628
1.628049684133427
1.6170493484298227
1.60542399365215
1.5934236274300364
1.5815482650227364
1.5682978606524856
1.5550474562822352
1.5414220404675436
1.526171575060274
1.508421033356731
1.4884204229865414
1.4659197363200782
1.4417940000610372
1.4189183019501328
1.401417767876217
1.3922924893948179
1.3936675313577687
1.4130431226538895
1.4544193853572192
1.518296334727012
1.6057990050965911
1.7139273049104282
1.8356810205389569
1.9645599536118656
2.0819385357219153
2.1718162785729542
2.2200677510910367
2.22356785790582
2.1769414349803156
2.083688589129307
1.9625598925748469
1.8295558336130864
1.6979268166142767
1.5791731925412764
1.481045197912534
1.4087929929502243
1.3611665395062105
1.3386658528397473
1.3376658223212379
1.353166295358135
1.3777920468764306
1.4079179662465284
1.4387939085055086
1.4677947935422835
1.4934205755790888
1.5140462050233467
1.5302967009491257
1.544047120578631
1.5557974791711173
1.5656727805413984
1.5750480666524247
1.5841733451338236
1.5937986388744774
1.6036739402447586
1.613799249244667
1.624049562059389
1.6352999053926207
1.6466752525406658
1.6583006073183386
1.6698009582811977
1.6818013245033114
1.6929266640217293
1.704177007354961
1.7148023316141239
1.7245526291695914
1.7349279457991271
1.7440532242805262
1.7523034760582294
1.760428724021119
1.7670539262062441
1.7736791283913693
1.7784292733542895
1.7823043916135137
1.7855544907986696
1.7860545060579243
1.78692953276162
1.7861795098727378
1.783679433576464
1.7808043458357494
1.7763042085024567
1.7711790520950956
1.764803857539598
1.7579286477248453
1.7503034150212105
1.7410531327249978
1.7318028504287852
1.7221775566881314
1.7121772515030367
1.7031769768364513
1.6928016602069156
1.6835513779107028
1.6740510879848627
1.6656758323923462
1.657800592059084
1.6503003631702629
1.644675191503647
1.6393000274666587
1.6357999206518754
1.633174840540788
1.6320498062074649
1.6329248329111608
1.6347998901333658
1.638299996948149
1.6416750999481187
1.6463002410962249
1.6504253669850764
1.6561755424665061
1.6611756950590533
1.6663008514664144
1.6715510116885892
1.6759261452070682
1.6796762596514787
1.6829263588366346
1.6840513931699574
1.6838013855403302
1.6814263130588702
1.6776761986144597
1.6721760307626576
1.665300820947905
1.6574255806146427
1.6476752830591754
1.6390500198370312
1.6286747032074953
1.6177993713187049
1.6055489974669637
1.5937986388744774
1.5804232306894133
