1.6347998901333658
1.643925168614765
1.6540504776146734
1.6636757713553272
1.6748011108737448
1.6840513931699574
1.6941767021698662
1.704052003540147
1.7135522934659873
1.7231775872066408
1.7340529190954315
1.7423031708731347
1.7518034607989748
1.760428724021119
1.7688039796136357
1.7753041779839474
1.7820543839838863
1.788054567094943
1.7929297158726767
1.7968048341319012
1.8005549485763115
1.80355504013184
1.8045550706503495
1.8054300973540451
1.8050550859096042
1.8038050477614673
1.8013049714651936
1.7969298379467147
1.7929297158726767
1.7878045594653156
1.7819293801690725
1.7756791894283883
1.7688039796136357
1.7609287392803734
1.7529284951322976
1.7435532090212715
1.7344279305398724
1.7248026367992186
1.714427320169683
1.703676992095706
1.6943017059846797
1.684676412244026
1.6738010803552354
1.6639257789849544
1.6540504776146734
1.6445501876888333
1.6360499282815029
1.6267996459852903
1.6181743827631458
1.6106741538743248
1.6037989440595721
1.5981737723929563
1.5920485854670858
1.5875484481337934
1.5841733451338236
1.5806732383190405
1.5794232001709037
1.5781731620227668
1.5785481734672078
1.57929819635609
1.5814232612079226
1.5859233985412151
1.5906735435041353
1.595173680837428
1.6024239020966218
1.6092991119113744
1.616549333170568
1.624049562059389
1.6325498214667196
1.640300057985168
1.6493003326517535
1.6579255958738974
1.6656758323923462
1.6726760460219123
1.678676229132969
1.6836763817255165
1.686676473281045
1.6896765648365732
1.6909266029847103
1.6898015686513872
1.6884265266884364
1.684676412244026
1.6810513016144293
1.6748011108737448
1.6679259010589922
1.6594256416516617
1.6506753746147038
1.6413000885036775
1.6319248023926511
1.6207994628742333
1.6110491653187657
1.60067384868923
1.590423535874508
1.5805482345042268
1.5711729483932007
1.5614226508377331
1.5509223303933837
1.540046998504593
1.52704660176397
1.5117961363567003
1.4951706289864803
1.477045075838496
1.4575444807275613
1.4385439008758814
1.4204183477278969
1.406917935728019
1.4006677449873348
1.405792901394696
1.4262935270241401
1.4635446638386183
1.5165462813196202
1.5885484786523028
1.6774261909848323
1.780554338206122
1.8948078249458296
2.0095613269447923
2.109064363536485
2.1856917020172735
2.2304430677205724
2.2438184759056368
2.2130675374614706
2.1439404278695027
2.0458124332407603
1.9301839045381024
1.8104302499465927
1.6948017212439344
1.590298532059694
1.5014208197271646
1.4332937406537065
1.3874173406170842
1.362541581469161
1.3551663563951537
1.360166508987701
1.3745419476912748
1.394667561876278
1.4194183172093875
1.4447940916165654
1.4691698355052338
1.493295571764275
1.511921140171514
1.526671590319529
1.5387969603564562
1.5492972808008056
1.557172521134068
1.5647977538377027
1.5722979827265235
1.5794232001709037
1.5861734061708426
1.5934236274300364
1.6017988830225531
1.61017413861507
1.6186743980224005
1.628424695577868
1.637924985503708
1.6471752677999205
1.6573005767998292
1.668050904873806
1.677926206244087
1.6875514999847407
1.6979268166142767
1.7083021332438124
1.7173024079103976
1.7278027283547472
1.7369280068361461
1.7464282967619862
1.755178563798944
1.7643038422803432
1.7711790520950956
1.7790542924283579
1.7841794488357188
1.790054628131962
1.7945547654652547
1.7983048799096653
1.8016799829096348
1.8036800439466536
1.8049300820947904
1.8053050935392316
1.8040550553910948
1.8030550248725852
1.7996799218726158
1.7959298074282053
1.7908046510208442
1.7860545060579243
1.780179326761681
1.773429120761742
1.765803888058107
1.7585536667989135
1.7494283883175148
1.7391780755027926
1.7300527970213935
1.7201774956511124
1.7096771752067628
1.7004268929105502
1.6909266029847103
1.6798012634662924
1.670050965910825
1.6604256721701711
1.6509253822443313
1.6413000885036775
1.632299813837092
1.6236745506149481
1.6151742912076175
1.6077990661336101
1.601173863948485
1.5952986846522417
1.590298532059694
1.5869234290597247
1.5825482955412458
1.5801732230597858
1.5785481734672078
1.5782981658375803
1.5787981810968352
1.5801732230597858
1.5830483108005005
1.5869234290597247
1.5917985778374584
1.5977987609485154
1.6047989745780817
1.6110491653187657
1.6195494247260964
1.627299661244545
1.635924924466689
1.643925168614765
1.6531754509109775
1.6600506607257304
1.6678008972441787
1.6746761070589313
1.6814263130588702
1.685051423688467
1.6879265114291817
1.6900515762810144
1.6901765800958282
1.6895515610217597
1.6869264809106725
1.6836763817255165
1.6783012176885281
1.6714260078737755
1.6646758018738366
1.6559255348368787
1.6476752830591754
1.6376749778740807
1.6279246803186131
1.6172993560594502
1.6069240394299142
1.5965487228003785
1.5869234290597247
1.5762981048005615
1.567047822504349
1.5572975249488816
1.5470472121341592
1.5342968230231637
1.5211714224677266
1.505545945616016
1.487795403912473
1.469919858394116
1.449669240394299
1.4309186681722466
1.414793176061281
1.4030428174687948
1.4015427716910305
1.413293130283517
1.439043916135136
1.4827952513199256
1.5441721243934445
1.6230495315408795
1.7185524460585346
1.826930753501999
1.943434308908353
2.052687643055513
2.1440654316843166
2.2078173772392957
2.2391933347575304
2.2364432508316296
2.1888167973876156
2.105814264351329
1.9986859950560016
1.8805573900570696
1.7611787469100009
1.6496753440961944
1.5509223303933837
1.4701698660237434
1.4112930692464982
1.3747919553209023
1.3572914212469864
1.355416364024781
1.3647916501358075
1.3821671803949096
1.4044178594317454
1.4296686300241095
1.455669423505356
1.4797951597643972
1.501170812097537
1.5187963499862667
1.5320467543565173
1.5432970976897489
1.552797387615589
1.5604226203192237
1.5676728415784174
1.5750480666524247
1.5821732840968048
1.5895485091708121
1.5972987456892607
1.60542399365215
1.6139242530594806
1.6230495315408795
1.632299813837092
1.6416750999481187
1.651800408948027
1.6623007293923764
1.6718010193182167
1.6820513321329387
1.6924266487624744
1.702551957762383
1.7116772362437818
1.7220525528733177
1.7316778466139713
1.7411781365398113
1.750428418836024
1.7583036591692862
1.7666789147618032
1.7736791283913693
1.7814293649098176
1.786554521317179
1.7923046967986085
1.7965548265022737
1.800429944761498
1.803180028687399
1.8044300668355358
1.8046800744651632
1.804805078279977
1.8036800439466536
1.801554979094821
1.7980548722800378
1.7934297311319314
1.7891796014282664
1.7831794183172094
1.776179204687643
1.769929013946959
1.7624287850581377
1.7543035370952484
1.7454282662434768
1.735802972502823
1.7254276558732873
1.7159273659474472
1.706052064577166
1.6961767632068852
1.6864264656514176
1.6768011719107638
1.666050843836787
1.6568005615405743
1.6465502487258523
1.6370499588000123
1.628424695577868
1.6202994476149783
1.6124242072817165
1.6045489669484543
1.5992988067262794
1.5935486312448501
1.5881734672078616
1.584423352763451
1.581298257393109
1.5786731772820215
1.5780481582079533
1.5781731620227668
1.578923184911649
1.5815482650227364
1.5857983947264016
1.5894235053559984
1.5940486465041048
1.6005488448744163
1.6071740470595417
1.6146742759483628
1.6222995086519973
1.6309247718741418
1.6390500198370312
1.6475502792443617
1.655800531022065
1.662925748466445
1.6710509964293345
1.677926206244087
1.6828013550218206
1.6856764427625355
1.6893015533921325
1.6904265877254554
1.6899265724662007
1.6885515305032504
1.685926450392163
1.6825513473921934
1.675676137577441
1.6689259315775018
1.6611756950590533
1.652550431836909
1.6421751152073734
1.6337998596148564
1.6231745353556932
1.6130492263557847
1.6035489364299447
1.5925486007263405
1.5825482955412458
1.57217297891171
1.5631727042451247
1.552797387615589
1.542047059541612
1.5292966704306161
1.5150462355418564
1.4982957243568225
1.4809201940977201
1.461169591357158
1.4422940153202919
1.4237934507278664
1.4087929929502243
1.4001677297280801
1.4047928708761863
1.421168370616779
1.454919400616474
1.506420972319712
1.5750480666524247
1.6600506607257304
1.76080373546556
1.874932218390454
1.9895607165746025
2.092438856166265
2.1746913663136693
2.2244428846095157
2.2444434949797056
2.221567796868801
2.1584408703878903
2.0649380169072544
1.952934598834193
1.831680898464919
1.7154273506881925
1.6067990356151007
1.5160462660603655
1.443794061098056
1.3934175237281412
1.3652916653950622
1.3555413678395947
1.3579164403210546
1.3716668599505601
1.3907924436170536
1.4150431836909085
1.4404189580980864
1.4652947172460096
1.4884204229865414
1.5096710715048678
1.5245465254676962
1.5371719107638784
1.5469222083193457
1.556672505874813
1.5635477156895659
1.5709229407635732
1.5780481582079533
1.5849233680227057
1.5926736045411543
1.6004238410596028
1.6086740928373058
1.6179243751335184
1.6270496536149175
1.635174901577807
1.6454252143925292
1.655800531022065
1.6658008362071597
1.6759261452070682
1.6858014465773492
1.6964267708365124
1.706052064577166
1.7156773583178198
1.725927671132542
1.7360529801324502
1.7450532547990356
1.7534285103915526
1.7618037659840693
1.769929013946959
1.7768042237617114
1.7838044373912778
1.7891796014282664
1.7935547349467453
1.7985548875392925
1.8014299752800074
1.8040550553910948
1.8046800744651632
1.8056801049836726
1.8041800592059083
1.8030550248725852
1.7996799218726158
1.7965548265022737
1.7914296700949126
1.7870545365764336
1.7810543534653769
1.774679158909879
1.7670539262062441
1.759178685872982
1.7508034302804651
1.74180315561388
1.7318028504287852
1.7226775719473861
1.7126772667622914
1.7020519425031282
1.6916766258735922
1.6824263435773796
1.6719260231330302
1.6624257332071901
1.652550431836909
1.6428001342814416
1.6339248634296701
1.6250495925778985
1.616549333170568
1.609049104281747
1.602673909726249
1.5959237037263099
1.5914235663930174
1.5865484176152838
1.5842983489486373
1.5804232306894133
1.57929819635609
1.5782981658375803
1.5784231696523943
1.5797982116153446
1.5822982879116183
1.5857983947264016
1.5905485396893215
1.596673726615192
1.6039239478743859
1.609799127170629
1.616924344615009
1.6259246192815942
1.6337998596148564
1.6424251228370008
1.6515504013183995
1.6594256416516617
1.6666758629108556
1.6734260689107945
1.6800512710959197
1.6836763817255165
1.686676473281045
1.6901765800958282
1.6904265877254554
1.6891765495773186
1.6876765037995543
1.6848014160588396
1.6791762443922238
1.6730510574663533
1.6659258400219734
1.6576755882442702
1.6486753135776848
1.6393000274666587
1.62917471846675
1.6191744132816552
1.609049104281747
1.598673787652211
1.58879848628193
1.5784231696523943
1.5690478835413677
1.5592975859859004
1.5482972502822963
1.5370469069490644
1.5244215216528825
1.5082960295419172
1.4922955412457657
1.4729199499496444
1.4545443891720329
1.4352938016907255
1.4179182714316232
1.405417889950255
1.4006677449873348
1.4092930082094792
1.4324187139500106
1.4724199346903897
1.5297966856898708
1.605048982207709
1.6969267860957673
1.8030550248725852
1.9190585650196845
2.030811975463118
2.1266899014252147
2.197317056794946
2.2345681936094244
2.240943388164922
2.201942197943053
2.126064882351146
2.0239367656483656
1.906558183538316
1.7868045289468062
1.6724260383922849
1.570547929319132
1.4859203466902677
1.4221684011352886
1.3809171422467728
1.35979149754326
1.3545413373210853
1.3620415662099064
1.3779170506912441
1.3995427106540117
1.4245434736167486
1.4500442518387402
1.4744199957274087
1.4969206823938719
1.5154212469862973
1.5295466780602436
1.5410470290231024
1.5505473189489425
1.5594225898007141
1.5666728110599077
1.5735480208746606
1.5807982421338542
1.5882984710226753
1.5956736960966826
1.6032989288003174
1.6120491958372754
1.6216744895779291
1.6302997528000733
1.6396750389110997
1.6493003326517535
1.659800653096103
1.669675954466384
1.679926267281106
1.6896765648365732
1.699801873836482
1.7094271675771355
1.7193024689474166
1.7296777855769523
1.7388030640583514
1.7483033539841915
1.7573036286507766
1.76555388042848
1.7729291055024872
1.7803043305764947
1.7851794793542284
1.790929654835658
1.7953047883541369
1.7994299142429884
1.8021799981688895
1.8044300668355358
1.805180089724418
1.805555101168859
1.8040550553910948
1.7998049256874293
1.7990549027985472
1.7945547654652547
1.7901796319467758
1.7844294564653462
1.7776792504654073
1.7716790673543503
1.7641788384655293
1.7560535905026398
1.7470533158360546
1.737803033539842
1.7281777397991884
1.7189274575029754
1.7083021332438124
1.698176824243904
1.6898015686513872
1.677551194799646
1.668050904873806
1.6586756187627796
1.6488003173924985
1.6394250312814722
1.6301747489852596
1.6214244819483017
1.6140492568742943
1.6060490127262186
1.5996738181707206
1.5944236579485458
1.5894235053559984
1.5851733756523332
1.5822982879116183
1.5795482039857174
1.5782981658375803
1.5779231543931396
1.5784231696523943
1.580923245948668
1.5836733298745689
1.5881734672078616
1.5931736198004092
1.5989237952818385
1.6056740012817774
1.6126742149113438
1.6205494552446058
1.6290497146519365
1.6374249702444532
1.6456752220221567
1.654550492873928
1.6616757103183082
1.6695509506515702
1.6763011566515091
1.6816763206884975
1.6856764427625355
1.6884265266884364
1.690301583910642
1.690301583910642
1.689426557206946
1.6860514542069764
1.6823013397625661
1.6769261757255778
1.6709259926145208
1.663300759910886
1.6539254737998597
1.645050202948088
1.6357999206518754
1.6261746269112216
1.6151742912076175
1.6052989898373364
1.595173680837428
1.5847983642078922
1.5744230475783563
1.5652977690969574
1.5550474562822352
1.5446721396526994
1.532546769615772
1.5185463423566392
1.5017958311716058
1.4844203009125034
1.4657947325052645
1.4461691335795162
1.4277935728019044
1.4122930997650074
1.401792779320658
1.4030428174687948
1.4162932218390454
1.4459191259498887
1.492920560319834
1.557172521134068
1.6391750236518448
1.7370530106509599
1.8479313943906979
1.9643099459822382
2.071438215277566
2.157690847499008
2.216317636646626
2.242193426313059
2.2313180944242683
2.1765664235358746
2.088563737907041
1.979060396130253
1.8589317300943022
1.740553117465743
1.630424756614887
1.5351718497268594
1.45816949980163
1.4036678365428634
1.3707918332468643
1.3564163945432905
1.3564163945432905
1.3674167302468947
1.3856672872096927
1.4095430158391065
1.4345437788018434
1.4596695455793938
1.4839202856532487
1.5046709189123204
1.5210464186529131
1.5341718192083498
1.5451721549119541
1.5550474562822352
1.561922666096988
1.5692978911709952
1.5770481276894437
1.5835483260597554
1.5909235511337627
1.598673787652211
1.6065490279854733
1.6155493026520584
1.624924588763085
1.6337998596148564
1.6434251533555102
1.653425458540605
1.6640507827997681
1.6730510574663533
1.6836763817255165
1.693801690725425
1.7035519882808923
1.7136772972808008
1.7233025910214546
1.7335529038361768
1.7430531937620168
1.7516784569841608
1.7603037202063052
1.7685539719840082
1.7751791741691336
1.7818043763542588
1.7874295480208746
1.792429700613422
1.7970548417615282
1.8006799523911254
1.8030550248725852
1.8046800744651632
1.805180089724418
1.804805078279977
1.803180028687399
1.800804956205939
1.797554857020783
1.7929297158726767
1.7881795709097568
1.7826794030579547
1.7756791894283883
1.7689289834284494
1.7613037507248146
1.7525534836878567
1.743803216650899
1.7340529190954315
1.7248026367992186
1.7141773125400557
1.7045520187994019
1.6944267097994934
1.6841763969847714
1.6740510879848627
1.664925809503464
1.6544254890591144
1.6448001953184606
1.6357999206518754
1.6265496383556628
1.6186743980224005
1.6109241615039522
1.6041739555040133
1.5977987609485154
1.5921735892818996
1.5876734519486069
1.584423352763451
1.5810482497634815
1.57929819635609
1.5782981658375803
1.5785481734672078
1.578923184911649
1.582048280281991
1.5861734061708426
1.5901735282448806
1.5952986846522417
1.6019238868373669
1.6085490890224923
1.6161743217261269
1.6241745658742028
1.6319248023926511
1.6405500656147955
1.6484253059480574
1.657800592059084
1.6656758323923462
1.671676015503403
1.6785512253181556
1.6833013702810755
1.687051484725486
1.6895515610217597
1.6905515915402693
1.6900515762810144
1.6881765190588092
1.685051423688467
1.6805512863551746
1.6741760917996766
1.6674258857997375
1.6595506454664755
1.651050386059145
1.6413000885036775
1.632299813837092
1.6214244819483017
1.6111741691335797
1.6009238563188575
1.5910485549485762
1.5807982421338542
1.5709229407635732
1.5615476546525469
1.551547349467452
1.5406720175786617
1.52704660176397
1.5120461439863278
1.4950456251716666
1.4769200720236824
1.45816949980163
1.4389189123203223
1.421293374431593
1.4070429395428328
1.4005427411725213
1.405792901394696
1.4260435193945127
1.462044618060854
1.5164212775048067
1.5890484939115572
1.675551133762627
1.778679280983917
1.8940578020569476
2.007936277352214
2.1081893368327895
2.184316660054323
2.229568041016877
2.2436934720908233
2.2141925717947935
2.14519046601764
2.0471874752037107
1.932683980834376
1.8120552995391705
1.6960517593920712
1.5912985625782037
1.5019208349864193
1.4337937559129612
1.38829236732078
1.3627915890987885
1.3545413373210853
1.359416486098819
1.37404193243202
1.3942925504318369
1.4189183019501328
1.4445440839869381
1.4702948698385572
1.4926705526902067
1.5117961363567003
1.5276716208380383
1.5390469679860834
1.5485472579119235
1.5572975249488816
1.5649227576525162
1.5724229865413375
1.57929819635609
1.5865484176152838
1.5940486465041048
1.6025489059114353
1.610549150059511
1.6187994018372145
1.6289247108371228
1.6376749778740807
1.647425275429548
1.6576755882442702
1.6675508896145512
1.677551194799646
1.6874264961699272
1.6975518051698355
1.7070520950956756
1.7174274117252115
1.7278027283547472
1.737428022095401
1.7463032929471725
1.7554285714285716
1.7633038117618336
1.7713040559099094
1.7780542619098483
1.78455446028016
1.7899296243171485
1.7948047730948822
1.79880489516892
1.8018049867244483
1.8038050477614673
1.805180089724418
1.805555101168859
1.803930051576281
1.8025550096133305
1.7994299142429884
1.7955547959837643
1.7911796624652854
1.7860545060579243
1.7793043000579851
1.7731791131321146
1.7668039185766167
1.7580536515396588
1.7490533768730736
1.7400531022064882
1.7304278084658344
1.7201774956511124
1.7099271828363902
1.7000518814661092
1.6908015991698966
1.680676290169988
1.6698009582811977
1.6600506607257304
1.6505503707998903
1.640675069429609
1.631674794763024
1.6237995544297616
1.61492428357799
1.608174077578051
1.6014238715781122
1.5957986999114964
1.5900485244300668
1.5865484176152838
1.5824232917264323
1.5805482345042268
1.5785481734672078
1.5781731620227668
1.5786731772820215
1.5804232306894133
1.5831733146153144
1.587298440504166
1.5916735740226449
1.5980487685781428
1.6041739555040133
1.6120491958372754
1.6196744285409101
1.6275496688741722
1.6356749168370617
1.643925168614765
1.6526754356517228
1.6610506912442398
1.6681759086886196
1.6748011108737448
1.6801762749107334
1.6849264198736535
1.6881765190588092
1.6900515762810144
1.6904265877254554
1.6889265419476913
1.687051484725486
1.6834263740958892
1.6781762138737144
1.6719260231330302
1.6651758171330913
1.6560505386516924
1.6468002563554796
1.6370499588000123
1.627299661244545
1.6172993560594502
1.607049043244728
1.5970487380596332
1.5865484176152838
1.576548112430189
1.5671728263191627
1.5570475173192542
1.5466722006897184
1.5352968535416731
1.5211714224677266
1.5049209265419476
1.487295388653218
1.4687948240607929
1.4494192327646718
1.4310436719870603
1.415293191320536
1.4029178136539813
1.401417767876217
1.412793115024262
1.4397939390240182
1.4831702627643666
1.5452971587267679
1.6245495773186438
1.7194274727622303
1.8286808069093905
1.9449343546861173
2.0540626850184633
2.144815454573199
2.2086924039429916
2.2393183385723443
2.2359432355723747
2.1884417859431746
2.105064241462447
1.997685964537492
1.879182348094119
1.7605537278359324
1.6480502945036166
1.5492972808008056
1.469919858394116
1.410918057802057
1.3745419476912748
1.3574164250618
1.3551663563951537
1.364916653950621
1.382292184209723
1.4050428785058138
1.4302936490981781
1.4557944273201697
1.4801701712088382
1.5014208197271646
1.5184213385418257
1.5321717581713308
1.544047120578631
1.5534224066896571
1.5612976470229194
1.568172856837672
1.574923062837611
1.5821732840968048
1.5892985015411847
1.5974237495040742
1.6055489974669637
1.6142992645039216
1.623299539170507
1.63154979094821
1.6423001190221869
1.6524254280220954
1.6620507217627492
1.6720510269478437
1.6821763359477524
1.6923016449476609
1.702176946317942
1.711177220984527
1.7218025452436905
1.7321778618732262
1.7414281441694388
1.750428418836024
1.7596787011322368
1.7675539414654988
1.7744291512802515
1.7815543687246316
1.7871795403912474
1.7923046967986085
1.7961798150578325
1.8001799371318705
1.8026800134281442
1.8046800744651632
1.8054300973540451
1.8046800744651632
1.8033050325022126
1.8010549638355662
1.7980548722800378
1.7936797387615588
1.788929593798639
1.7830544145023959
1.776679219946898
1.769929013946959
1.7623037812433242
1.7535535142063663
1.7446782433545946
1.735302957243568
1.725927671132542
1.7160523697622607
1.705677053132725
1.6951767326883755
1.6855514389477217
1.6753011261329998
1.6658008362071597
1.6560505386516924
1.6464252449110386
1.63629993591113
1.627674672688986
1.6194244209112827
1.6115491805780204
1.6057990050965911
1.5984237800225838
1.5930486159855952
1.5877984557634206
1.5846733603930783
1.5814232612079226
1.57929819635609
1.5784231696523943
1.5782981658375803
1.5794232001709037
1.5817982726523636
1.5850483718375195
1.5892985015411847
1.5949236732078005
1.6012988677632984
1.6076740623187964
1.6150492873928037
1.622924527726066
1.631674794763024
1.6401750541703544
1.6484253059480574
1.656925565355388
1.6650508133182775
1.6719260231330302
1.6781762138737144
1.6829263588366346
1.6875514999847407
1.689426557206946
1.6900515762810144
1.6898015686513872
1.6884265266884364
1.6854264351329082
1.6810513016144293
1.675176122318186
1.6684259163182469
1.6603006683553576
1.651425397503586
1.641925107577746
1.632424817651906
1.6217994933927427
1.6119241920224616
1.601173863948485
1.5915485702078311
1.581298257393109
1.5717979674672689
1.561922666096988
1.551547349467452
1.5406720175786617
1.5280466322824793
1.51279616687521
1.4964206671346172
1.4776700949125645
1.4589195226905116
1.4397939390240182
1.4222934049501021
1.4076679586169012
1.4007927488021485
1.4050428785058138
1.425168492690817
1.4606695760979034
1.5136711935789056
1.5845483565782648
1.6720510269478437
1.7749291665395062
1.8901826837977234
2.003561143833735
2.105439252906888
2.1823165990173043
2.228568010498367
2.2438184759056368
2.2156926175725578
2.147440534684286
2.0504375743888668
1.9354340647602772
1.8153053987243264
1.6986768395031586
1.5940486465041048
1.5039208960234383
1.4352938016907255
1.3890423902096622
1.3627915890987885
1.3547913449507127
1.359041474654378
1.3734169133579517
1.393917538987396
1.4186682943205053
1.4441690725424972
1.4689198278756064
1.4920455336161382
1.5114211249122593
1.5262965788750877
1.53892196417127
1.548797265541551
1.5574225287636951
1.5649227576525162
1.5722979827265235
1.5791731925412764
1.5865484176152838
1.5935486312448501
1.6019238868373669
1.609799127170629
1.6190494094668417
1.6282996917630543
1.6371749626148258
1.647425275429548
1.6570505691702018
1.6674258857997375
1.6778012024292734
1.6874264961699272
1.697801812799463
1.7074271065401168
1.7176774193548388
1.7274277169103063
1.7366779992065189
1.7464282967619862
1.7554285714285716
1.763553819391461
1.7710540482802821
1.7780542619098483
1.784929471724601
1.7894296090578936
1.7946797692800684
1.7983048799096653
1.8014299752800074
1.8038050477614673
1.8050550859096042
1.8050550859096042
1.8043050630207222
1.802805017242958
1.7998049256874293
1.7951797845393231
1.7913046662800989
1.785679494613483
1.7804293343913085
1.7733041169469284
1.765803888058107
1.757553636280404
1.7486783654286326
1.739803094576861
1.7305528122806482
1.7200524918362987
1.710052186651204
1.7004268929105502
1.6899265724662007
1.679551255836665
1.670050965910825
1.660550675984985
1.6506753746147038
1.6414250923184912
1.6321748100222786
1.622924527726066
1.6150492873928037
1.609049104281747
1.6012988677632984
1.595173680837428
1.590423535874508
1.5865484176152838
1.5824232917264323
1.5799232154301586
1.5781731620227668
1.5781731620227668
1.5784231696523943
1.5805482345042268
1.5839233375041963
1.588048463393048
1.5930486159855952
1.5981737723929563
1.6046739707632678
1.6115491805780204
1.6191744132816552
1.627174657429731
1.635549913022248
1.6443001800592059
1.6529254432813503
1.6615507065034945
1.6685509201330608
1.6753011261329998
1.6814263130588702
1.6849264198736535
1.6880515152439954
1.6899265724662007
1.6901765800958282
1.6893015533921325
1.6871764885402998
1.6838013855403302
1.6778012024292734
1.6718010193182167
1.6634257637256997
1.655425519577624
1.6466752525406658
1.6380499893185219
1.627174657429731
1.616924344615009
1.6067990356151007
1.5964237189855648
1.5865484176152838
1.5766731162450025
1.5666728110599077
1.5570475173192542
1.546422193060091
1.5344218268379772
1.5211714224677266
1.5052959379863888
1.4867953733939634
1.469544846949675
1.4490442213202308
1.430668660542619
1.4141681569872129
1.4027928098391673
1.4019177831354717
1.4130431226538895
1.4405439619129004
1.4860453505050812
1.5467972045045322
1.627299661244545
1.7223025605029452
1.8319309060945466
1.947809442426832
2.057062776573992
2.147440534684286
2.209692434461501
2.2398183538315988
2.2351932126834924
2.1863167210913423
2.1018141422772914
1.993685842463454
1.875182226020081
1.7563035981322672
1.6445501876888333
1.5466722006897184
1.4670447706534013
1.4091680043946653
1.3734169133579517
1.3572914212469864
1.3559163792840356
1.3652916653950622
1.383667226172674
1.4060429090243234
1.4314186834315012
1.4567944578386791
1.480670186468093
1.5022958464308604
1.51992138431959
1.5330467848750269
1.5441721243934445
1.5534224066896571
1.5614226508377331
1.5691728873561817
1.5761731009857478
1.5831733146153144
1.5897985168004394
1.5977987609485154
1.6051739860225227
1.6144242683187355
1.6237995544297616
1.632299813837092
1.6424251228370008
1.6531754509109775
1.6625507370220038
1.6720510269478437
1.682676351207007
1.6929266640217293
1.7033019806512648
1.712802270577105
1.7236776024658955
1.7333028962065493
1.741678151799066
1.7510534379100926
1.7594286935026096
1.7676789452803126
1.7753041779839474
1.7815543687246316
1.7873045442060609
1.79167967772454
1.7969298379467147
1.8009299600207527
1.8029300210577714
1.8044300668355358
1.8053050935392316
1.8046800744651632
1.80355504013184
1.8011799676503801
1.7973048493911556
1.7931797235023041
1.7884295785393842
1.7831794183172094
1.776679219946898
1.769804010132145
1.7614287545396283
1.7538035218359938
1.7441782280953397
1.734552934354686
1.7253026520584733
1.7154273506881925
1.7058020569475387
1.6953017365031893
1.6845514084292124
1.6743010956144901
1.6646758018738366
1.6553005157628102
1.6451752067629017
1.6367999511703848
1.628049684133427
1.6194244209112827
1.611424176763207
1.6046739707632678
1.5985487838373975
1.592798608355968
1.588048463393048
1.5842983489486373
1.5815482650227364
1.5794232001709037
1.5781731620227668
1.5780481582079533
1.5795482039857174
1.5817982726523636
1.5856733909115879
1.5892985015411847
1.5955486922818691
1.6012988677632984
1.6077990661336101
1.6156743064668722
1.6241745658742028
1.631174779503769
1.639925046540727
1.6484253059480574
1.6573005767998292
1.6646758018738366
1.671676015503403
1.6785512253181556
1.683051362651448
1.6868014770958586
1.6891765495773186
1.690301583910642
1.6901765800958282
1.6880515152439954
1.6860514542069764
1.6809262977996156
1.6744260994293039
1.6685509201330608
1.6600506607257304
1.6516754051332134
1.6423001190221869
1.632299813837092
1.6221745048371838
1.6124242072817165
1.6009238563188575
1.5917985778374584
1.5810482497634815
1.5715479598376416
1.5616726584673606
1.5521723685415205
1.5412970366527299
1.5280466322824793
1.5131711783196509
1.4964206671346172
1.478295113986633
1.459169530320139
1.4397939390240182
1.4226684163945433
1.4079179662465284
1.4011677602465895
1.4056678975798824
1.4246684774315623
1.4599195532090212
1.5131711783196509
1.5842983489486373
1.6719260231330302
1.7740541398358105
1.8891826532792138
2.0030611285744806
2.1038142033143106
2.1816915799432355
2.228192999053926
2.2438184759056368
2.216317636646626
2.1488155766472365
2.0509375896481217
1.937059114352855
1.8166804406872767
1.7006769005401776
1.5949236732078005
1.504420911282693
1.436293832209235
1.3891673940244758
1.363416608172857
1.3542913296914578
1.3592914822840054
1.373291909543138
1.393917538987396
1.4179182714316232
1.443419049653615
1.468419812616352
1.4915455183568835
1.5116711325418866
1.526546586504715
1.5391719718008974
1.5480472426526688
1.5572975249488816
1.5652977690969574
1.5726729941709647
1.5791731925412764
1.5861734061708426
1.5937986388744774
1.6019238868373669
1.6100491348002564
1.6190494094668417
1.6289247108371228
1.6372999664296397
1.6473002716147345
1.6570505691702018
1.6669258705404828
1.677176183355205
1.6873014923551135
1.6970517899105808
1.7068020874660481
1.717177404095584
1.7276777245399335
1.7371780144657736
1.746053285317545
1.7553035676137578
1.7633038117618336
1.7709290444654684
1.7774292428357799
1.7844294564653462
1.7895546128727073
1.7946797692800684
1.7985548875392925
1.8024300057985168
1.8033050325022126
1.8049300820947904
1.8059301126133
1.8046800744651632
1.8020549943540758
1.7996799218726158
1.7955547959837643
1.7910546586504716
1.7858044984282968
1.7796793115024263
1.774304147465438
1.7664289071321757
1.7584286629841
1.7490533768730736
1.740178106021302
1.730302804651021
1.7213025299844356
1.710427198095645
1.7006769005401776
1.6904265877254554
1.6800512710959197
1.6706759849848933
1.6601756645405439
1.6505503707998903
1.640300057985168
1.632424817651906
1.6237995544297616
1.6155493026520584
1.608174077578051
1.6021738944669943
1.5957986999114964
1.5901735282448806
1.5861734061708426
1.5830483108005005
1.5797982116153446
1.5787981810968352
1.5780481582079533
1.5781731620227668
1.580923245948668
1.5826732993560595
1.5865484176152838
1.5920485854670858
1.5980487685781428
1.6045489669484543
1.6112991729483932
1.618924405652028
1.6270496536149175
1.6361749320963164
1.6443001800592059
1.6530504470961638
1.6606756797997986
1.6679259010589922
1.6750511185033723
1.6805512863551746
1.6851764275032808
1.6879265114291817
1.6901765800958282
1.6904265877254554
1.6899265724662007
1.6876765037995543
1.6825513473921934
1.6783012176885281
1.6723010345774711
1.66480080568865
1.655800531022065
1.647425275429548
1.6372999664296397
1.6270496536149175
1.6177993713187049
1.6072990508743554
1.5959237037263099
1.5857983947264016
1.576548112430189
1.5664228034302805
1.556672505874813
1.5469222083193457
1.5357968688009278
1.5212964262825404
1.5054209418012026
1.4880454115421002
1.4687948240607929
1.449794244209113
1.4314186834315012
1.414793176061281
1.4029178136539813
1.4016677755058444
1.4131681264687033
1.439418927579577
1.483045258949553
1.5441721243934445
1.623299539170507
1.718427442243721
1.8276807763908811
1.9433093050935393
2.053062654499954
2.144565446943571
2.208442396313364
2.2393183385723443
2.2360682393871887
2.188191778313547
2.105314249092074
1.9986859950560016
1.880057374797815
1.7613037507248146
1.6485503097628713
1.55079732657857
1.4701698660237434
1.410918057802057
1.3742919400616473
1.3579164403210546
1.355416364024781
1.364916653950621
1.3821671803949096
1.4049178746910003
1.429543626209296
1.4551694082461013
1.4799201635792107
1.5009208044679097
1.5186713461714532
1.532546769615772
1.5441721243934445
1.5532974028748436
1.561047639393292
1.568172856837672
1.5754230780968657
1.5830483108005005
1.5896735129856259
1.5970487380596332
1.6059240089114046
1.6140492568742943
1.6234245429853207
1.6321748100222786
1.6423001190221869
1.6519254127628407
1.6625507370220038
1.6728010498367258
1.6816763206884975
1.6921766411328472
1.702176946317942
1.7116772362437818
1.7225525681325726
1.7320528580584125
1.7410531327249978
1.750428418836024
1.759178685872982
1.7665539109469892
1.7735541245765558
1.7815543687246316
1.7870545365764336
1.7919296853541673
1.7961798150578325
1.8001799371318705
1.8030550248725852
1.803930051576281
1.8053050935392316
1.8044300668355358
1.802805017242958
1.8016799829096348
1.7980548722800378
1.7935547349467453
1.7886795861690117
1.7826794030579547
1.7768042237617114
1.769929013946959
1.7624287850581377
1.7539285256508073
1.7454282662434768
1.735427961058382
1.7260526749473555
1.715552354503006
1.706052064577166
1.6961767632068852
1.6856764427625355
1.6763011566515091
1.6656758323923462
1.6564255500961331
1.6461752372814111
1.637549974059267
1.6285496993926818
1.6204244514297923
1.612174199652089
1.6049239783928952
1.598798791467025
1.5930486159855952
1.5886734824671163
1.5846733603930783
1.5815482650227364
1.5797982116153446
1.5784231696523943
1.5781731620227668
1.5797982116153446
1.5811732535782954
1.5851733756523332
1.5892985015411847
1.5944236579485458
1.6004238410596028
1.607424054689169
1.6144242683187355
1.6225495162816248
1.630799768059328
1.639550035096286
1.6486753135776848
1.656925565355388
1.6641757866145819
1.6714260078737755
1.677926206244087
1.6824263435773796
1.6871764885402998
1.6889265419476913
1.691051606799524
1.6898015686513872
1.6886765343180639
1.685051423688467
1.6811763054292428
1.6760511490218817
1.669300943021943
1.6610506912442398
1.6515504013183995
1.6431751457258827
1.6329248329111608
1.6221745048371838
1.61254921109653
1.6024239020966218
1.5921735892818996
1.5819232764671776
1.5727979979857785
1.562297677541429
1.5524223761711478
1.5417970519119846
1.5289216589861752
1.5145462202826014
1.4979207129123815
1.4786701254310741
1.4605445722830899
1.441043977172155
1.423168431653798
1.408917996765038
1.401042756431776
1.4049178746910003
1.4226684163945433
1.4566694540238656
1.5080460219122898
1.5779231543931396
1.6658008362071597
1.7664289071321757
1.880432386242256
1.9951858882412183
2.097063997314371
2.1781914731284524
2.2265679494613484
2.2440684835352642
2.2196927396465957
2.154190740684225
2.0596878566850796
1.9455593737601855
1.8253057039094212
1.707677114169744
1.6014238715781122
1.5114211249122593
1.4397939390240182
1.3916674703207497
1.3654166692098757
1.3549163487655262
1.3591664784691917
1.3720418713950011
1.3924174932096316
1.4166682332834866
1.4421690115054782
1.4670447706534013
1.4902954802087467
1.509546067690054
1.5252965483565784
1.537671926023133
1.5494222846156194
1.556797509689627
1.564172734763634
1.5717979674672689
1.5784231696523943
1.58642341380047
1.5929236121707817
1.601173863948485
1.609049104281747
1.6184243903927733
1.626424634540849
1.6367999511703848
1.6466752525406658
1.656550553910947
1.666425855281228
1.6766761680959503
1.6865514694662314
1.6966767784661398
1.7064270760216071
1.7166773888363294
1.7274277169103063
1.7366779992065189
1.7454282662434768
1.7548035523545031
1.7629288003173924
1.7705540330210272
1.7775542466505936
1.7841794488357188
1.788929593798639
1.7936797387615588
1.7981798760948515
1.8014299752800074
1.8034300363170261
1.805555101168859
1.805180089724418
1.8045550706503495
1.8034300363170261
1.7998049256874293
1.7965548265022737
1.7913046662800989
1.7864295175023652
1.7810543534653769
1.7739291360209968
1.7665539109469892
1.7583036591692862
1.7495533921323283
1.7411781365398113
1.7308028199102756
1.7210525223548083
1.710802209540086
1.700551896725364
1.6901765800958282
1.6808012939848018
1.6710509964293345
1.6604256721701711
1.6513003936887722
1.642675130466628
1.6325498214667196
1.624049562059389
1.6157993102816859
1.6085490890224923
1.6024239020966218
1.5955486922818691
1.590798547318949
1.587298440504166
1.5825482955412458
1.5806732383190405
1.5787981810968352
1.5780481582079533
1.5786731772820215
1.5805482345042268
1.582923306985687
1.5866734214300973
1.5917985778374584
1.597173741874447
1.603173924985504
1.6104241462446975
1.6184243903927733
1.627174657429731
1.6347998901333658
1.6438001647999512
1.652550431836909
1.6604256721701711
1.6678008972441787
1.6745511032441176
1.6800512710959197
1.6845514084292124
1.6876765037995543
1.6901765800958282
1.6898015686513872
1.6900515762810144
1.6874264961699272
1.6838013855403302
1.6785512253181556
1.6721760307626576
1.6639257789849544
1.6563005462813196
1.6473002716147345
1.6377999816888944
1.6277996765037996
1.6184243903927733
1.6076740623187964
1.5977987609485154
1.5869234290597247
1.5771731315042574
1.5669228186895352
1.5576725363933226
1.5467972045045322
1.5352968535416731
1.5215464339121678
1.5062959685048982
1.4886704306161689
1.4696698507644885
1.4499192480239265
1.4316686910611285
1.4145431684316538
1.4026678060243538
1.3999177220984527
1.4119180883205664
1.4381688894314402
1.4816702169866023
1.5425470748008667
1.621299478133488
1.7154273506881925
1.8246806848353525
1.9405592211676383
2.0498125553147983
2.1426903897213663
2.2068173467207863
2.2384433118686484
2.236943266090884
2.189441816461684
2.108689352092044
2.0021861018707847
1.8829324625385297
1.763553819391461
1.651050386059145
1.5524223761711478
1.4711698965422528
1.4121680959501939
1.3754169743949705
1.3577914365062411
1.3555413678395947
1.36454164250618
1.3825421918393506
1.4047928708761863
1.4292936185796687
1.4545443891720329
1.4792951445051423
1.5006707968382824
1.5189213538010804
1.5322967619861447
1.5435471053193763
1.5529223914304024
1.5609226355784784
1.5686728720969267
1.5750480666524247
1.582048280281991
1.590298532059694
1.597173741874447
1.605048982207709
1.6144242683187355
1.6227995239112523
1.6326748252815333
1.6420501113925596
1.651800408948027
1.6621757255775629
1.6721760307626576
1.6824263435773796
1.6920516373180334
1.7024269539475692
1.712052247688223
1.721927549058504
1.7311778313547166
1.741303140354625
1.7503034150212105
1.758803674428541
1.7668039185766167
1.7745541550950652
1.780679342020936
1.78692953276162
1.7923046967986085
1.796054811243019
1.7998049256874293
1.8026800134281442
1.8046800744651632
1.8054300973540451
1.8050550859096042
1.8041800592059083
1.8011799676503801
1.7983048799096653
1.7938047425763726
1.7891796014282664
1.7824293954283272
1.7769292275765252
1.769929013946959
1.7625537888729514
1.753178502761925
1.7443032319101537
1.7356779686880093
1.725927671132542
1.715552354503006
1.705677053132725
1.6960517593920712
1.6854264351329082
1.6754261299478135
1.6659258400219734
1.6560505386516924
1.6458002258369702
1.636674947355571
1.6279246803186131
1.6195494247260964
1.6116741843928344
1.6042989593188268
1.59829877620777
1.5930486159855952
1.588423474837489
1.5841733451338236
1.5814232612079226
1.57929819635609
1.5779231543931396
1.5781731620227668
1.5795482039857174
1.5824232917264323
1.5850483718375195
1.5896735129856259
1.5949236732078005
1.6005488448744163
1.6085490890224923
1.6152992950224312
1.6227995239112523
1.631174779503769
1.6398000427259134
1.6483003021332439
1.6564255500961331
1.6641757866145819
1.671301004058962
1.6778012024292734
1.6829263588366346
1.685926450392163
1.689426557206946
1.6905515915402693
1.6900515762810144
1.6885515305032504
1.686301461836604
1.6808012939848018
1.6753011261329998
1.6685509201330608
1.6601756645405439
1.6515504013183995
1.6416750999481187
1.632424817651906
1.6222995086519973
1.6122992034669026
1.6029239173558765
1.591923581652272
1.5815482650227364
1.5717979674672689
1.561797662282174
1.5524223761711478
1.5407970213934752
1.528171636097293
1.5136711935789056
1.4967956785790582
1.4789201330607014
1.4594195379497665
1.4404189580980864
1.4222934049501021
1.4079179662465284
1.401042756431776
1.405417889950255
1.4240434583574937
1.459169530320139
1.511921140171514
1.582923306985687
1.669300943021943
1.771429059724723
1.8865575731681266
2.000811059907834
2.1021891537217323
2.180191534165471
2.227567979979858
2.243443464461196
2.2170676595355086
2.1506906338694423
2.0544376964629047
1.9396841944639422
1.8198055360576189
1.7030519730216378
1.5964237189855648
1.5074210028382216
1.4374188665425582
1.389917416913358
1.364166631061739
1.35504135258034
1.3592914822840054
1.3730419019135105
1.3936675313577687
1.4175432599871822
1.4427940305795466
1.4690448316904203
1.4910455030976288
1.5102960905789362
1.5264215826899015
1.538046937467574
1.5471722159489731
1.5572975249488816
1.5647977538377027
1.5719229712820828
1.5786731772820215
1.5841733451338236
1.5934236274300364
1.601173863948485
1.609799127170629
1.6186743980224005
1.6282996917630543
1.6372999664296397
1.6468002563554796
1.656550553910947
1.6675508896145512
1.6766761680959503
1.6869264809106725
1.6969267860957673
1.7074271065401168
1.7166773888363294
1.7274277169103063
1.7366779992065189
1.746053285317545
1.7546785485396894
1.7630538041322064
1.7706790368358412
1.7779292580950348
1.7843044526505327
1.7898046205023346
1.7946797692800684
1.7986798913541064
1.8016799829096348
1.8036800439466536
1.8049300820947904
1.8049300820947904
1.8043050630207222
1.8019299905392623
1.7996799218726158
1.7955547959837643
1.7914296700949126
1.7860545060579243
1.7798043153172398
1.7733041169469284
1.7660538956877345
1.7579286477248453
1.749678395947142
1.739803094576861
1.7308028199102756
1.7205525070955536
1.7105522019104589
1.700926908169805
1.6901765800958282
1.6801762749107334
1.6705509811700798
1.6606756797997986
1.6508003784295175
1.64105008087405
1.6326748252815333
1.6235495468001342
1.6157993102816859
1.6082990813928648
1.6024239020966218
1.5955486922818691
1.590423535874508
1.5867984252449112
1.5824232917264323
1.5794232001709037
1.5786731772820215
1.5774231391338847
1.5784231696523943
1.5805482345042268
1.583298318430128
1.58642341380047
1.592298593096713
1.5976737571337016
1.6040489516891996
1.6115491805780204
1.618924405652028
1.6274246650593585
1.6349248939481797
1.6440501724295786
1.6523004242072816
1.660550675984985
1.6679259010589922
1.6750511185033723
1.6804262825403606
1.6855514389477217
1.6878015076143682
1.6901765800958282
1.6905515915402693
1.6901765800958282
1.6875514999847407
1.6833013702810755
1.6788012329477828
1.6720510269478437
1.6644257942442091
1.6560505386516924
1.6471752677999205
1.637924985503708
1.6274246650593585
1.6177993713187049
1.6076740623187964
1.596798730430006
1.5867984252449112
1.57692312387463
1.5672978301339764
1.5570475173192542
1.5472972197637866
1.5352968535416731
1.5219214453566088
1.5052959379863888
1.4882954191717277
1.469544846949675
1.450169255653554
1.4316686910611285
1.4146681722464676
1.40254280220954
1.4001677297280801
1.4121680959501939
1.439043916135136
1.4816702169866023
1.5421720633564255
1.621299478133488
1.7161773735770747
1.8250556962797937
1.9411842402417065
2.0504375743888668
2.1424403820917384
2.2070673543504133
2.2384433118686484
2.237068269905698
2.1901918393505664
2.1079393292031616
2.002061098055971
1.8834324777977844
1.763928830835902
1.6516754051332134
1.5519223609118933
1.4716699118015075
1.4125431073946348
1.3750419629505295
1.3574164250618
1.3546663411358988
1.3644166386913665
1.3817921689504684
1.4040428479873044
1.4291686147648548
1.4532943510238958
1.479045136875515
1.5009208044679097
1.5180463270973845
1.5322967619861447
1.5442971282082585
1.5529223914304024
1.560672627948851
1.568172856837672
1.5755480819116796
1.5824232917264323
1.5892985015411847
1.596798730430006
1.6046739707632678
1.6144242683187355
1.623299539170507
1.6321748100222786
1.6415500961333047
1.6516754051332134
1.6616757103183082
1.671176000244148
1.6816763206884975
1.6916766258735922
1.700926908169805
1.7116772362437818
1.721927549058504
1.7311778313547166
1.740928128910184
1.7505534226508377
1.758803674428541
1.7666789147618032
1.773804132206183
1.7808043458357494
1.7868045289468062
1.792429700613422
1.7961798150578325
1.7986798913541064
1.8026800134281442
1.8044300668355358
1.8050550859096042
1.8046800744651632
1.8041800592059083
1.8013049714651936
1.7978048646504103
1.7936797387615588
1.7895546128727073
1.7834294259468366
1.7775542466505936
1.7704290292062137
1.7630538041322064
1.7541785332804345
1.7451782586138493
1.7359279763176367
1.7260526749473555
1.7165523850215156
1.70617706839198
1.6956767479476302
1.6861764580217904
1.6758011413922544
1.666425855281228
1.6561755424665061
1.6458002258369702
1.6369249549851985
1.6287997070223093
1.6196744285409101
1.6122992034669026
1.605048982207709
1.598798791467025
1.5931736198004092
1.58879848628193
1.5849233680227057
1.5821732840968048
1.5794232001709037
1.5785481734672078
1.5780481582079533
1.5794232001709037
1.5821732840968048
1.5846733603930783
1.5892985015411847
1.594798669392987
1.6002988372447888
1.6075490585039827
1.61492428357799
1.6227995239112523
1.6302997528000733
1.6394250312814722
1.6475502792443617
1.6566755577257606
1.6638007751701407
1.671301004058962
1.6778012024292734
1.6821763359477524
1.6856764427625355
1.689426557206946
1.6901765800958282
1.6901765800958282
1.6889265419476913
1.6855514389477217
1.6811763054292428
1.6763011566515091
1.669300943021943
1.6610506912442398
1.6530504470961638
1.6428001342814416
1.6329248329111608
1.6226745200964385
1.6131742301705987
1.6034239326151312
1.5925486007263405
1.5819232764671776
1.5724229865413375
1.563047700430311
1.5532974028748436
1.5417970519119846
1.5295466780602436
1.5149212317270424
1.4979207129123815
1.479420148319956
1.461169591357158
1.4419190038758507
1.4246684774315623
1.4087929929502243
1.401042756431776
1.4040428479873044
1.4224184087649159
1.4559194311349835
1.5069209875789666
1.5756730857264931
1.6623007293923764
1.763928830835902
1.8778073061311686
1.992560808130131
2.0948139286477248
2.175816400646992
2.225442915128025
2.2436934720908233
2.220692770165105
2.1575658436841945
2.0621879329813533
1.948934476760155
1.8295558336130864
1.7116772362437818
1.6042989593188268
1.513921201208533
1.441418988616596
1.392667500839259
1.3652916653950622
1.3552913602099674
1.3585414593951233
1.3719168675801874
1.391042451246681
1.4156682027649772
1.4406689657277139
1.4665447553941466
1.4890454420606098
1.509546067690054
1.5250465407269511
1.5377969298379466
1.5469222083193457
1.5562974944303722
1.5639227271340068
1.5712979522080142
1.5782981658375803
1.5842983489486373
1.5925486007263405
1.6005488448744163
1.6089241004669332
1.6179243751335184
1.6279246803186131
1.6364249397259438
1.6456752220221567
1.6563005462813196
1.6661758476516009
1.6758011413922544
1.6860514542069764
1.6960517593920712
1.70617706839198
1.7163023773918882
1.7258026673177282
1.7361779839472642
1.7453032624286628
1.7539285256508073
1.7620537736136967
1.7701790215765862
1.7771792352061526
1.7835544297616506
1.7888045899838252
1.7938047425763726
1.7981798760948515
1.8010549638355662
1.8034300363170261
1.8053050935392316
1.805555101168859
1.8044300668355358
1.8023050019837032
1.7999299295022433
1.7959298074282053
1.792054689168981
1.7870545365764336
1.7808043458357494
1.7744291512802515
1.7671789300210579
1.7593036896877956
1.7510534379100926
1.741678151799066
1.7315528427991578
1.7218025452436905
1.7116772362437818
1.702176946317942
1.6913016144291515
1.6816763206884975
1.6715510116885892
1.6618007141331217
1.6521754203924681
1.6424251228370008
1.6332998443556017
1.6247995849482713
1.6170493484298227
1.6091741080965607
1.6024239020966218
1.5960487075411238
1.5911735587633902
1.58642341380047
1.5830483108005005
1.5802982268745993
1.5787981810968352
1.5777981505783258
1.5782981658375803
1.5804232306894133
1.5817982726523636
1.5865484176152838
1.5914235663930174
1.5970487380596332
1.603173924985504
1.6102991424298836
1.6179243751335184
1.6259246192815942
1.6337998596148564
1.642675130466628
1.6520504165776544
1.6596756492812892
1.6669258705404828
1.6740510879848627
1.679551255836665
1.6840513931699574
1.6875514999847407
1.6898015686513872
1.6904265877254554
1.6899265724662007
1.6893015533921325
1.6841763969847714
1.6793012482070377
1.6730510574663533
1.6650508133182775
1.6584256111331521
1.6483003021332439
1.6388000122074038
1.6285496993926818
1.6190494094668417
1.6091741080965607
1.5989237952818385
1.5885484786523028
1.5781731620227668
1.568172856837672
1.5589225745414594
1.5494222846156194
1.5367968993194372
1.5235464949491868
1.5080460219122898
1.4906704916531877
1.4732949613940856
1.4537943662831507
1.4347937864314706
1.4169182409131138
1.4044178594317454
1.401417767876217
1.4095430158391065
1.4331687368388928
1.4740449842829677
1.531671742912076
1.6075490585039827
1.699301858577227
1.8066801355021822
1.9229336832789088
2.0343120822779017
2.1294399853511154
2.1990671102023374
2.2353182164983063
2.2408183843501086
2.2001921445356607
2.123939817499313
2.020311655018769
1.9030580767235328
1.7834294259468366
1.669175939207129
1.567797845393231
1.4839202856532487
1.420793359172338
1.3797921079134496
1.359416486098819
1.3549163487655262
1.3624165776543475
1.3785420697653128
1.4002927335428939
1.4250434888760033
1.450544267097995
1.4754200262459183
1.4972956938383128
1.5156712546159246
1.5297966856898708
1.541672048097171
1.5510473342081972
1.5592975859859004
1.56742283394879
1.5737980285042878
1.5811732535782954
1.5881734672078616
1.5955486922818691
1.6039239478743859
1.6120491958372754
1.6214244819483017
1.630424756614887
1.6398000427259134
1.6501753593554491
1.6601756645405439
1.669675954466384
1.6793012482070377
1.6901765800958282
1.7000518814661092
1.7103021942808314
1.7203024994659262
1.7298027893917662
1.73942808313242
1.7486783654286326
1.757553636280404
1.7649288613544114
1.7728041016876737
1.7800543229468673
1.7855544907986696
1.790929654835658
1.7956797997985778
1.79880489516892
1.8021799981688895
1.8040550553910948
1.805180089724418
1.8049300820947904
1.8034300363170261
1.8016799829096348
1.7981798760948515
1.7948047730948822
1.790054628131962
1.7838044373912778
1.778554277169103
1.7713040559099094
1.7646788537247842
1.7558035828730125
1.7465533005767997
1.7376780297250283
1.7280527359843745
1.7179274269844662
1.708052125614185
1.698176824243904
1.6881765190588092
1.6783012176885281
1.6678008972441787
1.6580505996887114
1.6483003021332439
1.6390500198370312
1.6301747489852596
1.6210494705038605
1.6135492416150394
1.6064240241706595
1.5999238258003479
1.5937986388744774
1.5894235053559984
1.5850483718375195
1.582048280281991
1.579673207800531
1.5784231696523943
1.5772981353190711
1.5786731772820215
1.5815482650227364
1.5830483108005005
1.5876734519486069
1.5935486312448501
1.5989237952818385
1.6060490127262186
1.6122992034669026
1.6211744743186742
1.6286747032074953
1.6370499588000123
1.6464252449110386
1.654550492873928
1.6621757255775629
1.6699259620960112
1.6765511642811366
1.6818013245033114
1.685926450392163
1.689051545762505
1.6898015686513872
1.6900515762810144
1.6886765343180639
1.6876765037995543
1.6825513473921934
1.6770511795403913
1.6705509811700798
1.6630507522812585
1.6546754966887418
1.645050202948088
1.6350498977629933
1.625299600207526
1.6142992645039216
1.60542399365215
1.5952986846522417
1.5850483718375195
1.5752980742820522
1.5652977690969574
1.5550474562822352
1.544047120578631
1.5324217658009582
1.5181713309121982
1.5021708426160465
1.484670308542131
1.4654197210608235
1.4455441145054475
1.4276685689870905
1.4116680806909392
1.4011677602465895
1.40254280220954
1.4167932370983
1.4464191412091434
1.492920560319834
1.5589225745414594
1.6414250923184912
1.7395530869472335
1.8509314859462265
1.9668100222785119
2.0733132724997714
2.159690908536027
2.2173176671651356
2.2424434339426864
2.229818048646504
2.1746913663136693
2.0851886349070714
1.9755602893154698
1.8560566423535876
1.737303018280587
1.6277996765037996
1.5334217963194676
1.4562944425794244
1.4015427716910305
1.3697918027283549
1.3562913907284768
1.3562913907284768
1.3679167455061494
1.3864173100985748
1.4095430158391065
1.4354188055055392
1.4606695760979034
1.48429529709769
1.5047959227271341
1.5215464339121678
1.5346718344676047
1.5459221778008363
1.5542974333933532
1.5624226813562427
1.5706729331339457
1.5762981048005615
1.5841733451338236
1.590798547318949
1.598798791467025
1.6069240394299142
1.6156743064668722
1.6244245735038303
1.6340498672444839
1.6434251533555102
1.6539254737998597
1.6636757713553272
1.6739260841700492
1.683926389355144
1.6939266945402387
1.7038019959105197
1.7141773125400557
1.7241776177251504
1.7336779076509903
1.7430531937620168
1.7526784875026704
1.7606787316507462
1.76792895290994
1.7756791894283883
1.7820543839838863
1.7873045442060609
1.7929297158726767
1.7973048493911556
1.8006799523911254
1.8030550248725852
1.8050550859096042
1.805180089724418
1.8045550706503495
1.802805017242958
1.8003049409466843
1.79642982268746
1.7929297158726767
1.788054567094943
1.7820543839838863
1.775804193243202
1.7684289681691947
1.76080373546556
1.7526784875026704
1.7440532242805262
1.7338029114658042
1.7234275948362683
1.7141773125400557
1.7048020264290291
1.6948017212439344
1.6836763817255165
1.673551072725608
1.6635507675405132
1.6539254737998597
1.644675191503647
1.635174901577807
1.625674611651967
1.6179243751335184
1.6106741538743248
1.6035489364299447
1.5972987456892607
1.5916735740226449
1.5877984557634206
1.5837983336893826
1.582048280281991
1.5786731772820215
1.5785481734672078
1.5776731467635121
1.5799232154301586
1.5825482955412458
1.5857983947264016
1.590298532059694
1.5959237037263099
1.6015488753929257
1.6087990966521197
1.6162993255409406
1.624049562059389
1.6325498214667196
1.6409250770592365
1.6493003326517535
1.658550614947966
1.6646758018738366
1.6728010498367258
1.678676229132969
1.6836763817255165
1.6868014770958586
1.6893015533921325
1.6904265877254554
1.6901765800958282
1.6888015381328776
1.6856764427625355
1.679926267281106
1.6740510879848627
1.6670508743552965
1.6593006378368482
1.6504253669850764
1.6405500656147955
1.631174779503769
1.6206744590594195
1.6109241615039522
1.6007988525040437
1.590423535874508
1.5802982268745993
1.5702979216895046
1.5605476241340372
1.5501723075045015
1.5394219794305246
1.5260465712454605
1.5112961210974456
1.4944206060975982
1.4761700491348004
1.4564194463942381
1.4377938779869992
1.419668324839015
1.4060429090243234
1.4011677602465895
1.406917935728019
1.4277935728019044
1.4656697286904508
1.5207964110232857
1.5934236274300364
1.6824263435773796
1.7870545365764336
1.9031830805383465
2.0156865138706626
2.11331449324015
2.188691793572802
2.2313180944242683
2.2426934415723134
2.210567461165197
2.1398153019806516
2.039187231055635
1.9229336832789088
1.803930051576281
1.6876765037995543
1.5839233375041963
1.4965456709494307
1.429543626209296
1.3852922757652517
1.361791558580279
1.3545413373210853
1.360541520432142
1.3750419629505295
1.3965426190984833
1.4206683553575243
1.4467941526535844
1.4710448927274393
1.49379558702353
1.5124211554307687
1.5280466322824793
1.540046998504593
1.5497972960600603
1.5581725516525773
1.5656727805413984
1.5729230018005922
1.580048219244972
1.5867984252449112
1.5944236579485458
1.6021738944669943
1.6107991576891385
1.6194244209112827
1.6289247108371228
1.6384250007629628
1.6485503097628713
1.6579255958738974
1.6681759086886196
1.6785512253181556
1.6885515305032504
1.6979268166142767
1.7083021332438124
1.7179274269844662
1.7285527512436292
1.7375530259102145
1.7478033387249368
1.7559285866878263
1.7636788232062746
1.7715540635395368
1.7783042695394757
1.7844294564653462
1.7903046357615895
1.7946797692800684
1.7989298989837337
1.8020549943540758
1.8046800744651632
1.8053050935392316
1.8053050935392316
1.8041800592059083
1.8019299905392623
1.7994299142429884
1.7950547807245094
1.7905546433912167
1.7855544907986696
1.7799293191320538
1.772304086428419
1.765928891872921
1.757178624835963
1.7484283577990052
1.73942808313242
1.7299277932065797
1.7198024842066715
1.7099271828363902
1.699801873836482
1.6898015686513872
1.6791762443922238
1.6703009735404524
1.6603006683553576
1.6500503555406356
1.640675069429609
1.6320498062074649
1.6227995239112523
1.6150492873928037
1.607424054689169
1.6009238563188575
1.5954236884670552
1.5905485396893215
1.5856733909115879
1.583298318430128
1.5807982421338542
1.5785481734672078
1.5777981505783258
1.5784231696523943
1.5806732383190405
1.5839233375041963
1.5881734672078616
1.5926736045411543
1.59829877620777
1.6046739707632678
1.6112991729483932
1.6195494247260964
1.6274246650593585
1.6361749320963164
1.6448001953184606
1.6524254280220954
1.6613006988738672
1.668800927762688
1.675176122318186
1.6809262977996156
1.6848014160588396
1.6881765190588092
1.6896765648365732
1.690301583910642
1.6896765648365732
1.6868014770958586
1.6829263588366346
1.6780512100589007
1.671676015503403
1.6646758018738366
1.6553005157628102
1.6465502487258523
1.6369249549851985
1.626424634540849
1.6166743369853815
1.6062990203558458
1.596673726615192
1.586048402356029
1.5762981048005615
1.566172795800653
1.557172521134068
1.5462971892452775
1.5341718192083498
1.5201713919492172
1.5050459303567616
1.4867953733939634
1.4681698049867247
1.449294228949858
1.4307936643574328
1.4137931455427717
1.4024177983947264
1.4015427716910305
1.4130431226538895
1.4404189580980864
1.485295327616199
1.5469222083193457
1.626424634540849
1.7216775414288765
1.831305887020478
1.9479344462416457
2.0560627460554826
2.1471905270546587
2.210067445905942
2.2391933347575304
2.2351932126834924
2.1863167210913423
2.10143913083285
1.9951858882412183
1.8761822565385906
1.756428601947081
1.6455502182073427
1.5465471968749047
1.4674197820978425
1.4091680043946653
1.3737919248023926
1.3571664174321727
1.3552913602099674
1.3651666615802482
1.3830422070986053
1.4060429090243234
1.4312936796166877
1.455669423505356
1.480670186468093
1.5012958159123508
1.5195463728751488
1.532546769615772
1.5439221167638173
1.5529223914304024
1.561172643208106
1.5687978759117405
1.5754230780968657
1.5824232917264323
1.5892985015411847
1.5980487685781428
1.606174016541032
1.614549272133549
1.6235495468001342
1.6329248329111608
1.6421751152073734
1.6526754356517228
1.6619257179479354
1.6724260383922849
1.6823013397625661
1.6924266487624744
1.7019269386883145
1.7125522629474779
1.7226775719473861
1.7321778618732262
1.741678151799066
1.7508034302804651
1.7590536820581684
1.7676789452803126
1.774304147465438
1.7810543534653769
1.7870545365764336
1.7921796929837945
1.7968048341319012
1.8005549485763115
1.8029300210577714
1.804805078279977
1.8054300973540451
1.8044300668355358
1.8030550248725852
1.8010549638355662
1.7974298532059694
1.7928047120578632
1.7890545976134526
1.7828044068727684
1.7771792352061526
1.7704290292062137
1.761928769798883
1.754053529465621
1.744553239539781
1.7356779686880093
1.7251776482436598
1.7154273506881925
1.705677053132725
1.6964267708365124
1.6851764275032808
1.6764261604663229
1.6658008362071597
1.6555505233924375
1.645925229651784
1.636674947355571
1.6277996765037996
1.6195494247260964
1.6116741843928344
1.605048982207709
1.5984237800225838
1.5931736198004092
1.5881734672078616
1.5846733603930783
1.5815482650227364
1.5799232154301586
1.5786731772820215
1.5784231696523943
1.5799232154301586
1.5819232764671776
1.5849233680227057
1.5895485091708121
1.5954236884670552
1.6009238563188575
1.6075490585039827
1.6150492873928037
1.622924527726066
1.6309247718741418
1.6393000274666587
1.6481752983184301
1.6566755577257606
1.6644257942442091
1.6715510116885892
1.6769261757255778
1.6823013397625661
1.6865514694662314
1.6891765495773186
1.6899265724662007
1.6898015686513872
1.6889265419476913
1.685926450392163
1.6811763054292428
1.675676137577441
1.6683009125034334
1.6606756797997986
1.6524254280220954
1.6429251380962555
1.6325498214667196
1.6224245124668113
1.6129242225409712
1.6014238715781122
1.5920485854670858
1.582048280281991
1.5717979674672689
1.5621726737266153
1.5529223914304024
1.5415470442823573
1.5282966399121067
1.5145462202826014
1.4972956938383128
1.4801701712088382
1.4601695608386487
1.441418988616596
1.4234184392834255
1.4084179815057831
1.401042756431776
1.4047928708761863
1.4226684163945433
1.4572944730979338
1.5085460371715445
1.5775481429486986
1.6643007904293954
1.7656788842432936
1.8801823786126286
1.9949358806115909
2.096813989684744
2.1770664387951295
2.2259429303872795
2.2439434797204507
2.2196927396465957
2.1555657826471757
2.060312875759148
1.9470594195379498
1.826930753501999
1.709177159947508
1.6027989135410627
1.5124211554307687
1.4411689809869686
1.3921674855800044
1.3651666615802482
1.3555413678395947
1.3585414593951233
1.3717918637653737
1.3916674703207497
1.4156682027649772
1.4412939848017823
1.4665447553941466
1.4899204687643055
1.5096710715048678
1.5251715445417646
1.5379219336527605
1.5479222388378553
1.5565475020599995
1.5640477309488205
1.5719229712820828
1.5784231696523943
1.5854233832819604
1.592798608355968
1.601173863948485
1.6089241004669332
1.6182993865779596
1.6265496383556628
1.636674947355571
1.6466752525406658
1.656550553910947
1.666425855281228
1.6760511490218817
1.6865514694662314
1.6961767632068852
1.7065520798364209
1.7168023926511429
1.7266776940214241
1.7360529801324502
1.7449282509842219
1.7550535599841306
1.7631788079470199
1.7695540025025178
1.777054231391339
1.7838044373912778
1.7890545976134526
1.7950547807245094
1.7986798913541064
1.8014299752800074
1.8034300363170261
1.8049300820947904
1.805180089724418
1.8044300668355358
1.8023050019837032
1.7993049104281746
1.7968048341319012
1.7918046815393536
1.78692953276162
1.780679342020936
1.7740541398358105
1.7668039185766167
1.7585536667989135
1.7501784112063965
1.7410531327249978
1.7320528580584125
1.7211775261696218
1.7118022400585957
1.701801934873501
1.691426618243965
1.6814263130588702
1.671301004058962
1.6616757103183082
1.6519254127628407
1.6423001190221869
1.633174840540788
1.6244245735038303
1.6156743064668722
1.6099241309854426
1.6021738944669943
1.5964237189855648
1.5916735740226449
1.5870484328745385
1.5827983031708732
1.579673207800531
1.5790481887264625
1.5782981658375803
1.5782981658375803
1.5802982268745993
1.5834233222449416
1.5870484328745385
1.5916735740226449
1.596798730430006
1.6034239326151312
1.6095491195410014
1.6181743827631458
1.6259246192815942
1.634299874874111
1.643050141911069
1.651050386059145
1.6595506454664755
1.66717587817011
1.6739260841700492
1.6796762596514787
1.6838013855403302
1.6876765037995543
1.6895515610217597
1.6900515762810144
1.689426557206946
1.689051545762505
1.6840513931699574
1.6789262367625966
1.6729260536515398
1.665300820947905
1.6564255500961331
1.6481752983184301
1.638299996948149
1.6285496993926818
1.6186743980224005
1.6085490890224923
1.5981737723929563
1.5885484786523028
1.5780481582079533
1.568172856837672
1.5580475478377636
1.5481722464674825
1.5364218878749962
1.5230464796899321
1.507546006653035
1.4914205145420698
1.4720449232459487
1.452169316690573
1.433918759727775
1.4165432294686728
1.4041678518021181
1.4006677449873348
1.4104180425428021
1.4349187902462845
1.4760450453199865
1.5364218878749962
1.6111741691335797
1.7053020416882838
1.8129303262428662
1.9281838435010834
2.0394372386852626
2.1338151188695944
2.201317178868984
2.2356932279427473
2.2398183538315988
2.19744206060976
2.118939664906766
2.0140614642780847
1.8963078707235939
1.7771792352061526
1.6626757408368176
1.5621726737266153
1.4796701559495833
1.4177932676168097
1.3782920621356853
1.3592914822840054
1.3552913602099674
1.3627915890987885
1.3797921079134496
1.4012927640614032
1.4260435193945127
1.4526693319498276
1.4765450605792412
1.498045716727195
1.5161712698751793
1.5304217047639395
1.542047059541612
1.5517973570970793
1.5596725974303416
1.5672978301339764
1.5736730246894741
1.58167326883755
1.5885484786523028
1.5961737113559373
1.6039239478743859
1.6127992187261575
1.6219244972075564
1.631174779503769
1.6405500656147955
1.6498003479110082
1.6604256721701711
1.6704259773552659
1.6803012787255471
1.6905515915402693
1.701301919614246
1.710802209540086
1.7218025452436905
1.7304278084658344
1.7399280983916745
1.7494283883175148
1.7583036591692862
1.76555388042848
1.7731791131321146
1.780679342020936
1.7859295022431105
1.7914296700949126
1.7958048036133916
1.8005549485763115
1.8023050019837032
1.8044300668355358
1.8053050935392316
1.8044300668355358
1.8033050325022126
1.8019299905392623
1.7983048799096653
1.794429761650441
1.7893046052430799
1.7838044373912778
1.7775542466505936
1.7706790368358412
1.7643038422803432
1.755178563798944
1.7459282815027315
1.7369280068361461
1.7276777245399335
1.7170524002807703
1.7079271217993715
1.6975518051698355
1.6873014923551135
1.6773011871700187
1.66717587817011
1.6570505691702018
1.647425275429548
1.6384250007629628
1.6295497299111912
1.6214244819483017
1.613424237800226
1.6065490279854733
1.5996738181707206
1.5939236426892909
1.5891734977263712
1.5851733756523332
1.5814232612079226
1.579673207800531
1.5779231543931396
1.5781731620227668
1.578923184911649
1.5814232612079226
1.5845483565782648
1.5882984710226753
1.5936736350596639
1.5999238258003479
1.6062990203558458
1.6139242530594806
1.6215494857631152
1.629674733726005
1.6377999816888944
1.6466752525406658
1.6550505081331828
1.6631757560960723
1.670050965910825
1.6768011719107638
1.6814263130588702
1.685926450392163
1.6889265419476913
1.690301583910642
1.6898015686513872
1.6899265724662007
1.6873014923551135
1.6828013550218206
1.6766761680959503
1.6698009582811977
1.6619257179479354
1.653425458540605
1.6445501876888333
1.6341748710592976
1.6245495773186438
1.613799249244667
1.6032989288003174
1.5939236426892909
1.5834233222449416
1.5737980285042878
1.5640477309488205
1.5544224372081668
1.5427970824304942
1.5309217200231942
1.5160462660603655
1.500420789208655
1.4821702322458572
1.4640446790978727
1.4441690725424972
1.4261685232093266
1.4102930387279886
1.401417767876217
1.4035428327280495
1.4186682943205053
1.450169255653554
1.4997957701345868
1.566297799615467
1.6501753593554491
1.750428418836024
1.8623068330942716
1.977060335093234
2.0823135471663567
2.166691122165594
2.221067781609546
2.2433184606463823
2.2258179265724665
2.1674411450544753
2.075563341166417
1.9638099307229835
1.844306283761101
1.7265526902066104
1.6174243598742637
1.5245465254676962
1.4499192480239265
1.3976676534318064
1.3676667378765222
1.3560413830988496
1.3574164250618
1.3690417798394727
1.3889173863948485
1.4125431073946348
1.4372938627277445
1.462794640949736
1.486545365764336
1.5080460219122898
1.5224214606158635
1.5360468764305553
1.5476722312082278
1.5552974639118626
1.5636727195043794
1.5712979522080142
1.5775481429486986
1.5846733603930783
1.5912985625782037
1.599548814355907
1.6077990661336101
1.616924344615009
1.6257996154667806
1.635174901577807
1.6451752067629017
1.6548005005035553
1.6646758018738366
1.6748011108737448
1.6849264198736535
1.6946767174291208
1.7053020416882838
1.7153023468733786
1.7251776482436598
1.7348029419843134
1.7440532242805262
1.7530534989471116
1.7618037659840693
1.7695540025025178
1.7759291970580158
1.7828044068727684
1.7878045594653156
1.794429761650441
1.7989298989837337
1.8014299752800074
1.80355504013184
1.8050550859096042
1.805180089724418
1.803930051576281
1.8029300210577714
1.8000549333170568
1.7966798303170874
1.792429700613422
1.7873045442060609
1.7820543839838863
1.7745541550950652
1.7680539567247535
1.7594286935026096
1.7514284493545336
1.7423031708731347
1.733052888576922
1.7228025757621999
1.7136772972808008
1.702926969206824
1.6930516678365428
1.6824263435773796
1.6730510574663533
1.6623007293923764
1.6529254432813503
1.643050141911069
1.634299874874111
1.6254246040223395
1.6172993560594502
1.6106741538743248
1.6024239020966218
1.5970487380596332
1.5916735740226449
1.5871734366893522
1.5830483108005005
1.5804232306894133
1.578923184911649
1.5775481429486986
1.5791731925412764
1.5799232154301586
1.5822982879116183
1.5857983947264016
1.590798547318949
1.5965487228003785
1.6027989135410627
1.6095491195410014
1.6174243598742637
1.625299600207526
1.6337998596148564
1.6428001342814416
1.6500503555406356
1.6586756187627796
1.666800866725669
1.673551072725608
1.680676290169988
1.6836763817255165
1.6874264961699272
1.689051545762505
1.6891765495773186
1.6884265266884364
1.6889265419476913
1.683926389355144
1.6793012482070377
1.6733010650959808
1.666050843836787
1.658925626392407
1.6488003173924985
1.6394250312814722
1.6290497146519365
1.6192994170964692
1.609424115726188
1.5999238258003479
1.5885484786523028
1.5781731620227668
1.5691728873561817
1.5581725516525773
1.5490472731711782
1.5371719107638784
1.5240465102084415
1.508796044801172
1.491795525986511
1.4731699575792718
1.4542943815424054
1.4352938016907255
1.4174182561723685
1.4041678518021181
1.4004177373577074
1.4091680043946653
1.4327937253944516
1.4727949461348309
1.530671712393567
1.6066740318002868
1.698176824243904
1.8053050935392316
1.920808618427076
2.0330620441297644
2.1281899472029786
2.197942075869015
2.2351932126834924
2.2410683919797356
2.200942167424543
2.124189825128941
2.020311655018769
1.9039331034272287
1.7839294412060915
1.669300943021943
1.5672978301339764
1.4832952665791803
1.4202933439130834
1.379667104098636
1.3589164708395642
1.3549163487655262
1.362541581469161
1.379292092654195
1.4002927335428939
1.4246684774315623
1.450544267097995
1.4752950224311043
1.4974206976531268
1.515546250801111
1.5297966856898708
1.540922025208289
1.5512973418378246
1.5595475936155279
1.5669228186895352
1.5739230323191016
1.5806732383190405
1.5881734672078616
1.5957986999114964
1.6035489364299447
1.6126742149113438
1.6211744743186742
1.6314247871333964
1.6401750541703544
1.6501753593554491
1.6599256569109164
1.6698009582811977
1.6801762749107334
1.6901765800958282
1.7004268929105502
1.7103021942808314
1.7204275032807397
1.7305528122806482
1.7396780907620473
1.7488033692434461
1.757553636280404
1.765803888058107
1.7736791283913693
1.7800543229468673
1.785679494613483
1.7913046662800989
1.7955547959837643
1.7998049256874293
1.8024300057985168
1.8049300820947904
1.805555101168859
1.8049300820947904
1.8040550553910948
1.8011799676503801
1.7986798913541064
1.794429761650441
1.7899296243171485
1.7839294412060915
1.7780542619098483
1.7711790520950956
1.7631788079470199
1.755178563798944
1.7464282967619862
1.737803033539842
1.7274277169103063
1.7173024079103976
1.7074271065401168
1.6988018433179723
1.6873014923551135
1.6774261909848323
1.6670508743552965
1.6571755729850153
1.6476752830591754
1.638299996948149
1.6297997375408186
1.621299478133488
1.6127992187261575
1.607049043244728
1.5996738181707206
1.5940486465041048
1.5891734977263712
1.5854233832819604
1.5814232612079226
1.57929819635609
1.5781731620227668
1.5775481429486986
1.578923184911649
1.5822982879116183
1.5845483565782648
1.5885484786523028
1.5939236426892909
1.599548814355907
1.6059240089114046
1.6140492568742943
1.6215494857631152
1.6297997375408186
1.63867500839259
1.6469252601702933
1.6555505233924375
1.6634257637256997
1.6709259926145208
1.6769261757255778
1.681926328318125
1.685926450392163
1.6889265419476913
1.6896765648365732
1.6900515762810144
1.6891765495773186
1.6860514542069764
1.6818013245033114
1.6761761528366956
1.669300943021943
1.6615507065034945
1.6529254432813503
1.643925168614765
1.6334248481704154
1.625174596392712
1.614174260689108
1.6036739402447586
1.5935486312448501
1.5834233222449416
1.5734230170598467
1.5635477156895659
1.553547410504471
1.5427970824304942
1.5304217047639395
1.515796258430738
1.4997957701345868
1.4821702322458572
1.462044618060854
1.443419049653615
1.4249184850611898
1.4096680196539202
1.4011677602465895
1.403417828913236
1.4199183324686422
1.452169316690573
1.5025458540604877
1.5704229255043185
1.6553005157628102
1.7558035828730125
1.868932035279397
1.9838105410931732
2.0878137150181586
2.1711912594988863
2.222817835016938
2.2429434492019413
2.2240678731650747
2.162190984832301
2.069438154240547
1.9575597399822993
1.8378060853907896
1.7191774651326028
1.6107991576891385
1.5194213690603353
1.4461691335795162
1.3956675923947877
1.3661666920987579
1.3551663563951537
1.3577914365062411
1.3701668141727958
1.390292428357799
1.4144181646168401
1.4391689199499496
1.4649197058015686
1.4875453962828455
1.5081710257271035
1.5240465102084415
1.5374219183935056
1.5472972197637866
1.5560474868007448
1.5636727195043794
1.5710479445783867
1.5776731467635121
1.5846733603930783
1.5925486007263405
1.5997988219855341
1.6089241004669332
1.6174243598742637
1.6265496383556628
1.6360499282815029
1.645925229651784
1.6551755119479965
1.6656758323923462
1.6753011261329998
1.6856764427625355
1.695426740318003
1.7054270455030978
1.7158023621326335
1.7249276406140324
1.7351779534287546
1.7448032471694084
1.7535535142063663
1.7623037812433242
1.7704290292062137
1.7769292275765252
1.7834294259468366
1.7891796014282664
1.7936797387615588
1.7985548875392925
1.8013049714651936
1.8036800439466536
1.8053050935392316
1.8053050935392316
1.8044300668355358
1.802805017242958
1.8001799371318705
1.7959298074282053
1.7921796929837945
1.7873045442060609
1.7814293649098176
1.7744291512802515
1.7676789452803126
1.7593036896877956
1.7508034302804651
1.7414281441694388
1.7321778618732262
1.7229275795770134
1.7118022400585957
1.701801934873501
1.6920516373180334
1.6818013245033114
1.6718010193182167
1.6618007141331217
1.6520504165776544
1.6424251228370008
1.6334248481704154
1.6246745811334575
1.6161743217261269
1.6091741080965607
1.6027989135410627
1.5961737113559373
1.5915485702078311
1.5867984252449112
1.5827983031708732
1.5801732230597858
1.5787981810968352
1.5781731620227668
1.5785481734672078
1.5805482345042268
1.5835483260597554
1.5866734214300973
1.5916735740226449
1.5974237495040742
1.6032989288003174
1.6099241309854426
1.6172993560594502
1.626049623096408
1.6339248634296701
1.6423001190221869
1.6516754051332134
1.6601756645405439
1.6670508743552965
1.6739260841700492
1.6796762596514787
1.6841763969847714
1.6873014923551135
1.6896765648365732
1.6905515915402693
1.6898015686513872
1.687051484725486
1.684301400799585
1.6789262367625966
1.6733010650959808
1.6656758323923462
1.6571755729850153
1.6486753135776848
1.6390500198370312
1.6287997070223093
1.6191744132816552
1.6082990813928648
1.5984237800225838
1.5885484786523028
1.5781731620227668
1.5686728720969267
1.559172582171087
1.5481722464674825
1.5372969145786919
1.5234214911343729
1.5080460219122898
1.4910455030976288
1.4726699423200171
1.4532943510238958
1.433918759727775
1.4169182409131138
1.4040428479873044
1.4009177526169623
1.4099180272835474
1.4335437482833338
1.4745449995422222
1.5330467848750269
1.6091741080965607
1.701801934873501
1.8095552232428969
1.9248087405011138
2.0363121433149205
2.1306900234992523
2.1999421369060337
2.2355682241279338
2.2401933652760397
2.1986920987578964
2.1214397412030395
2.0169365520187994
1.8998079775383772
1.7798043153172398
1.664925809503464
1.5646727500228887
1.4816702169866023
1.4189183019501328
1.3794170964690085
1.3586664632099368
1.3547913449507127
1.3627915890987885
1.379167088839381
1.4009177526169623
1.4264185308389539
1.451794305246132
1.475920041505173
1.4979207129123815
1.5167962889492477
1.5304217047639395
1.5421720633564255
1.5516723532822658
1.5596725974303416
1.5671728263191627
1.5737980285042878
1.580923245948668
1.588048463393048
1.5956736960966826
1.6036739402447586
1.6124242072817165
1.6205494552446058
1.6312997833185827
1.640675069429609
1.6504253669850764
1.660550675984985
1.669175939207129
1.6804262825403606
1.6906765953550829
1.6999268776512955
1.7105522019104589
1.7205525070955536
1.7304278084658344
1.7399280983916745
1.7490533768730736
1.7583036591692862
1.7649288613544114
1.7728041016876737
1.7799293191320538
1.7854294869838556
1.7914296700949126
1.796054811243019
1.7991799066133611
1.8021799981688895
1.8044300668355358
1.8049300820947904
1.804805078279977
1.8034300363170261
1.8021799981688895
1.7973048493911556
1.794429761650441
1.7905546433912167
1.7835544297616506
1.7778042542802208
1.771429059724723
1.763928830835902
1.7546785485396894
1.7458032776879178
1.7368030030213324
1.727052705465865
1.7168023926511429
1.7074271065401168
1.6975518051698355
1.6876765037995543
1.6780512100589007
1.6665508590960418
1.6575505844294565
1.647050263985107
1.6381749931333354
1.6286747032074953
1.6201744438001648
1.6130492263557847
1.6052989898373364
1.5994238105410932
1.5940486465041048
1.5885484786523028
1.5846733603930783
1.5817982726523636
1.5795482039857174
1.5780481582079533
1.5779231543931396
1.5795482039857174
1.5806732383190405
1.5846733603930783
1.5889234900967437
1.5939236426892909
1.5997988219855341
1.60542399365215
1.6139242530594806
1.6219244972075564
1.6297997375408186
1.6385500045777766
1.6471752677999205
1.6553005157628102
1.662925748466445
1.6701759697256386
1.677176183355205
1.6824263435773796
1.685926450392163
1.6889265419476913
1.6896765648365732
1.6898015686513872
1.6888015381328776
1.686301461836604
1.6820513321329387
1.6763011566515091
1.6690509353923155
1.6615507065034945
1.6536754661702324
1.6431751457258827
1.6340498672444839
1.6239245582445754
1.6139242530594806
1.6039239478743859
1.5935486312448501
1.5839233375041963
1.5732980132450332
1.563422711874752
1.5537974181340983
1.5429220862453077
1.5302967009491257
1.515921262245552
1.500420789208655
1.4817952208014162
1.4625446333201089
1.443419049653615
1.4256685079500717
1.4095430158391065
1.4007927488021485
1.4032928250984222
1.4199183324686422
1.4519193090609455
1.5016708273567918
1.5699229102450638
1.6533004547257912
1.7539285256508073
1.866931974242378
1.9815604724265268
2.0868136844996488
2.1698162175359355
2.222317819757683
2.2430684530167544
2.2244428846095157
2.1638160344248787
2.0723132419812615
1.959184789574877
1.8398061464278084
1.721552537614063
1.6131742301705987
1.5201713919492172
1.4470441602832118
1.3964176152836694
1.36691671498764
1.355416364024781
1.3575414288766137
1.3700418103579821
1.3897924130985444
1.4126681112094486
1.4384188970610674
1.4641696829126867
1.4876704000976593
1.507546006653035
1.5239215063936278
1.5367968993194372
1.5470472121341592
1.5557974791711173
1.5639227271340068
1.5710479445783867
1.5779231543931396
1.5851733756523332
1.5917985778374584
1.5996738181707206
1.6084240852076785
1.6167993408001955
1.6266746421704763
1.6360499282815029
1.6458002258369702
1.655425519577624
1.6651758171330913
1.6759261452070682
1.6854264351329082
1.6951767326883755
1.7048020264290291
1.7159273659474472
1.7266776940214241
1.7346779381694999
1.7450532547990356
1.7538035218359938
1.7618037659840693
1.7694289986877043
1.7771792352061526
1.7831794183172094
1.788929593798639
1.7934297311319314
1.7978048646504103
1.8013049714651936
1.8040550553910948
1.8050550859096042
1.804805078279977
1.8041800592059083
1.8029300210577714
1.8001799371318705
1.7969298379467147
1.792429700613422
1.787679555650502
1.7814293649098176
1.7751791741691336
1.767803949095126
1.7584286629841
1.7513034455397198
1.74180315561388
1.7320528580584125
1.7224275643177587
1.7121772515030367
1.7033019806512648
1.6926766563921019
1.6814263130588702
1.6718010193182167
1.6624257332071901
1.652550431836909
1.6428001342814416
1.634424878688925
1.6246745811334575
1.6170493484298227
1.6099241309854426
1.6024239020966218
1.5969237342448195
1.5914235663930174
1.5869234290597247
1.5831733146153144
1.5799232154301586
1.578923184911649
1.5777981505783258
1.5790481887264625
1.5799232154301586
1.5834233222449416
1.5865484176152838
1.5914235663930174
1.5961737113559373
1.6029239173558765
1.6099241309854426
