1.6513003936887722
1.6508003784295175
1.6513003936887722
1.6509253822443313
1.651050386059145
1.6501753593554491
1.6504253669850764
1.6504253669850764
1.6504253669850764
1.6500503555406356
1.6496753440961944
1.6495503402813807
1.6496753440961944
1.6500503555406356
1.6499253517258217
1.6496753440961944
1.649425336466567
1.6491753288369395
1.6493003326517535
1.649050325022126
1.649050325022126
1.6498003479110082
1.6495503402813807
1.649050325022126
1.6493003326517535
1.649425336466567
1.6486753135776848
1.649050325022126
1.649050325022126
1.6485503097628713
1.6480502945036166
1.6489253212073123
1.649050325022126
1.649050325022126
1.6496753440961944
1.6491753288369395
1.649425336466567
1.649050325022126
1.6489253212073123
1.6486753135776848
1.6489253212073123
1.6491753288369395
1.649050325022126
1.6486753135776848
1.6491753288369395
1.649050325022126
1.649050325022126
1.6491753288369395
1.649050325022126
1.6486753135776848
1.6484253059480574
1.6491753288369395
1.6491753288369395
1.649050325022126
1.6491753288369395
1.649425336466567
1.6491753288369395
1.6499253517258217
1.6498003479110082
1.6491753288369395
1.6488003173924985
1.6491753288369395
1.649050325022126
1.649050325022126
1.6498003479110082
1.6493003326517535
1.6491753288369395
1.6499253517258217
1.6495503402813807
1.6486753135776848
1.6493003326517535
1.6493003326517535
1.6491753288369395
1.649425336466567
1.6500503555406356
1.6504253669850764
1.6496753440961944
1.6489253212073123
1.6495503402813807
1.6491753288369395
1.6491753288369395
1.649425336466567
1.6501753593554491
1.6495503402813807
1.6498003479110082
1.6501753593554491
1.6499253517258217
1.6498003479110082
1.6496753440961944
1.6501753593554491
1.649050325022126
1.6488003173924985
1.6500503555406356
1.6496753440961944
1.6498003479110082
1.6500503555406356
1.6504253669850764
1.6496753440961944
1.6499253517258217
1.6501753593554491
1.649425336466567
1.6501753593554491
1.6496753440961944
1.6501753593554491
1.6498003479110082
1.6504253669850764
1.6504253669850764
1.6504253669850764
1.6501753593554491
1.6500503555406356
1.6493003326517535
1.6498003479110082
1.6500503555406356
1.6506753746147038
1.6505503707998903
1.6505503707998903
1.6500503555406356
1.6501753593554491
1.6506753746147038
1.6500503555406356
1.6499253517258217
1.6503003631702629
1.6496753440961944
1.6506753746147038
1.6501753593554491
1.651050386059145
1.6503003631702629
1.6504253669850764
1.6506753746147038
1.6504253669850764
1.6500503555406356
1.6500503555406356
1.6501753593554491
1.6508003784295175
1.6501753593554491
1.6508003784295175
1.6506753746147038
1.6506753746147038
1.6515504013183995
1.6508003784295175
1.6501753593554491
1.6500503555406356
1.6509253822443313
1.651050386059145
1.6509253822443313
1.6503003631702629
1.651050386059145
1.6513003936887722
1.6504253669850764
1.6506753746147038
1.6506753746147038
1.6504253669850764
1.6508003784295175
1.6509253822443313
1.651050386059145
1.6508003784295175
1.6519254127628407
1.651425397503586
1.6508003784295175
1.6509253822443313
1.6509253822443313
1.6501753593554491
1.6503003631702629
1.6513003936887722
1.6509253822443313
1.651425397503586
1.6508003784295175
1.6509253822443313
1.6509253822443313
1.6509253822443313
1.651050386059145
1.6500503555406356
1.6508003784295175
1.651050386059145
1.6509253822443313
1.6505503707998903
1.6509253822443313
1.6520504165776544
1.6513003936887722
1.651425397503586
1.6506753746147038
1.6508003784295175
1.651050386059145
1.6513003936887722
1.6509253822443313
1.6505503707998903
1.651425397503586
1.6519254127628407
1.651800408948027
1.6516754051332134
1.6523004242072816
1.6511753898739585
1.6511753898739585
1.651425397503586
1.6515504013183995
1.6513003936887722
1.6515504013183995
1.6520504165776544
1.651800408948027
1.6516754051332134
1.6519254127628407
1.651050386059145
1.6519254127628407
1.651800408948027
1.6519254127628407
1.652550431836909
1.6523004242072816
1.652550431836909
1.6528004394665363
1.652550431836909
1.652550431836909
1.6530504470961638
1.652550431836909
1.6526754356517228
1.6536754661702324
1.6531754509109775
1.6535504623554185
1.6544254890591144
1.6548005005035553
1.6540504776146734
1.6546754966887418
1.6546754966887418
1.6544254890591144
1.655425519577624
1.6556755272072514
1.6560505386516924
1.6560505386516924
1.6564255500961331
1.6574255806146427
1.6571755729850153
1.6574255806146427
1.6580505996887114
1.6583006073183386
1.6586756187627796
1.659800653096103
1.6595506454664755
1.6600506607257304
1.660925687429426
1.6616757103183082
1.6619257179479354
1.6625507370220038
1.6636757713553272
1.662925748466445
1.6635507675405132
1.6640507827997681
1.6646758018738366
1.6650508133182775
1.666425855281228
1.6665508590960418
1.6666758629108556
1.6669258705404828
1.6681759086886196
1.66717587817011
1.6679259010589922
1.667675893429365
1.6684259163182469
1.6685509201330608
1.6689259315775018
1.669300943021943
1.6690509353923155
1.669300943021943
1.669300943021943
1.669300943021943
1.6685509201330608
1.6685509201330608
1.6695509506515702
1.668800927762688
1.6684259163182469
1.668800927762688
1.6681759086886196
1.668050904873806
1.667675893429365
1.6669258705404828
1.666425855281228
1.666425855281228
1.6659258400219734
1.6654258247627187
1.665300820947905
1.664925809503464
1.6645507980590228
1.6636757713553272
1.6634257637256997
1.6630507522812585
1.6615507065034945
1.6618007141331217
1.6615507065034945
1.6608006836146123
1.6606756797997986
1.6601756645405439
1.6591756340220343
1.6588006225775933
1.6580505996887114
1.6580505996887114
1.6570505691702018
1.656925565355388
1.656550553910947
1.6566755577257606
1.6560505386516924
1.655800531022065
1.655425519577624
1.6553005157628102
1.6553005157628102
1.6546754966887418
1.6535504623554185
1.6529254432813503
1.6526754356517228
1.6529254432813503
1.6530504470961638
1.6529254432813503
1.6524254280220954
1.6524254280220954
1.6524254280220954
1.651800408948027
1.6516754051332134
1.651425397503586
1.651800408948027
1.6523004242072816
1.6511753898739585
1.6524254280220954
1.652550431836909
1.6513003936887722
1.6511753898739585
1.651050386059145
1.651050386059145
1.6505503707998903
1.6504253669850764
1.6503003631702629
1.6508003784295175
1.6506753746147038
1.6513003936887722
1.6504253669850764
1.6515504013183995
1.6500503555406356
1.6495503402813807
1.649050325022126
1.6491753288369395
1.6488003173924985
1.6480502945036166
1.6479252906888027
1.6471752677999205
1.6468002563554796
1.6458002258369702
1.6451752067629017
1.6441751762443924
1.6436751609851377
1.6425501266518143
1.6420501113925596
1.6416750999481187
1.6411750846888638
1.641925107577746
1.64105008087405
1.6411750846888638
1.6414250923184912
1.6421751152073734
1.6425501266518143
1.6443001800592059
1.6460502334665976
1.6481752983184301
1.651050386059145
1.6548005005035553
1.6579255958738974
1.6619257179479354
1.6655508285775322
1.671176000244148
1.675676137577441
1.6814263130588702
1.6865514694662314
1.6918016296884062
1.697301797540208
1.7028019653920103
1.7075521103549303
1.7115522324289683
1.7156773583178198
1.717552415540025
1.7190524613177893
1.7203024994659262
1.7181774346140937
1.7174274117252115
1.7150523392437513
1.7125522629474779
1.708802148503067
1.7046770226142156
1.699801873836482
1.6943017059846797
1.6888015381328776
1.6820513321329387
1.6769261757255778
1.6710509964293345
1.6659258400219734
1.6603006683553576
1.6556755272072514
1.6509253822443313
1.647050263985107
1.643050141911069
1.640300057985168
1.6370499588000123
1.635174901577807
1.633549851985229
1.632299813837092
1.631174779503769
1.63154979094821
1.63154979094821
1.6320498062074649
1.6319248023926511
1.6327998290963468
1.6334248481704154
1.6345498825037386
1.6356749168370617
1.6371749626148258
1.6390500198370312
1.6398000427259134
1.6411750846888638
1.6420501113925596
1.6429251380962555
1.6440501724295786
1.6440501724295786
1.6449251991332745
1.645925229651784
1.6468002563554796
1.6468002563554796
1.6473002716147345
1.647425275429548
1.6476752830591754
1.6495503402813807
1.6476752830591754
1.6480502945036166
1.6473002716147345
1.6485503097628713
1.649050325022126
1.6488003173924985
1.6488003173924985
1.649050325022126
1.6486753135776848
1.6488003173924985
1.6491753288369395
1.6480502945036166
1.6488003173924985
1.649050325022126
1.6491753288369395
1.6491753288369395
1.649425336466567
1.6498003479110082
1.649425336466567
1.6491753288369395
1.6496753440961944
1.6498003479110082
1.6503003631702629
1.6496753440961944
1.6509253822443313
1.6500503555406356
1.6503003631702629
1.6504253669850764
1.651050386059145
1.6508003784295175
1.6508003784295175
1.6508003784295175
1.6506753746147038
1.6508003784295175
1.6513003936887722
1.651425397503586
1.6515504013183995
1.6521754203924681
1.6521754203924681
1.6520504165776544
1.6521754203924681
1.652550431836909
1.6523004242072816
1.6529254432813503
1.6535504623554185
1.6535504623554185
1.6539254737998597
1.6546754966887418
1.6548005005035553
1.6543004852443006
1.6549255043183693
1.6549255043183693
1.6549255043183693
1.6556755272072514
1.656550553910947
1.656550553910947
1.6570505691702018
1.6576755882442702
1.6581756035035249
1.658550614947966
1.6588006225775933
1.6596756492812892
1.6591756340220343
1.6593006378368482
1.6603006683553576
1.6608006836146123
1.6611756950590533
1.6613006988738672
1.6624257332071901
1.6624257332071901
1.6630507522812585
1.6638007751701407
1.6635507675405132
1.6636757713553272
1.6645507980590228
1.6650508133182775
1.6658008362071597
1.6663008514664144
1.6665508590960418
1.666800866725669
1.669300943021943
1.668050904873806
1.6679259010589922
1.6681759086886196
1.6694259468367565
1.6695509506515702
1.6701759697256386
1.671176000244148
1.671176000244148
1.6721760307626576
1.6720510269478437
1.6721760307626576
1.6728010498367258
1.6729260536515398
1.6729260536515398
1.6740510879848627
1.6740510879848627
1.6748011108737448
1.6753011261329998
1.675551133762627
1.6754261299478135
1.6753011261329998
1.6758011413922544
1.675676137577441
1.6763011566515091
1.6768011719107638
1.6766761680959503
1.6764261604663229
1.6774261909848323
1.6773011871700187
1.6769261757255778
1.677176183355205
1.677176183355205
1.6763011566515091
1.6770511795403913
1.677176183355205
1.6770511795403913
1.6768011719107638
1.677176183355205
1.6769261757255778
1.6761761528366956
1.6759261452070682
1.6761761528366956
1.675176122318186
1.6749261146885588
1.6753011261329998
1.6760511490218817
1.6749261146885588
1.6745511032441176
1.6743010956144901
1.6740510879848627
1.6728010498367258
1.6729260536515398
1.6726760460219123
1.6719260231330302
1.6714260078737755
1.671301004058962
1.6709259926145208
1.6703009735404524
1.6701759697256386
1.669300943021943
1.6689259315775018
1.6685509201330608
1.6678008972441787
1.6670508743552965
1.666800866725669
1.666425855281228
1.6658008362071597
1.665300820947905
1.6656758323923462
1.6645507980590228
1.6645507980590228
1.6635507675405132
1.662925748466445
1.6618007141331217
1.6620507217627492
1.6621757255775629
1.6610506912442398
1.6606756797997986
1.6601756645405439
1.6599256569109164
1.6593006378368482
1.6586756187627796
1.6583006073183386
1.6579255958738974
1.6584256111331521
1.6570505691702018
1.656925565355388
1.6564255500961331
1.6563005462813196
1.6559255348368787
1.6556755272072514
1.6544254890591144
1.6548005005035553
1.6544254890591144
1.6541754814294871
1.6536754661702324
1.6533004547257912
1.6529254432813503
1.653425458540605
1.6544254890591144
1.6529254432813503
1.6526754356517228
1.6523004242072816
1.6516754051332134
1.6508003784295175
1.651425397503586
1.6513003936887722
1.6511753898739585
1.6513003936887722
1.6509253822443313
1.6500503555406356
1.6504253669850764
1.6503003631702629
1.6503003631702629
1.6500503555406356
1.6499253517258217
1.6519254127628407
1.6499253517258217
1.6501753593554491
1.6504253669850764
1.6500503555406356
1.649050325022126
1.649425336466567
1.6493003326517535
1.649050325022126
1.6489253212073123
1.6496753440961944
1.649050325022126
1.6495503402813807
1.6496753440961944
1.649425336466567
1.6479252906888027
1.649050325022126
1.6491753288369395
1.6488003173924985
1.6481752983184301
1.6484253059480574
1.6491753288369395
1.649050325022126
1.6493003326517535
1.6489253212073123
1.6486753135776848
1.6484253059480574
1.649050325022126
1.6485503097628713
1.6484253059480574
1.6480502945036166
1.6489253212073123
1.6489253212073123
1.6493003326517535
1.6493003326517535
1.649050325022126
1.6481752983184301
1.6489253212073123
1.6486753135776848
1.6486753135776848
1.6489253212073123
1.6486753135776848
1.6489253212073123
1.6493003326517535
1.6495503402813807
1.649050325022126
1.6486753135776848
1.6491753288369395
1.649050325022126
1.6484253059480574
1.6489253212073123
1.6496753440961944
1.6493003326517535
1.6498003479110082
1.649050325022126
1.649425336466567
1.649425336466567
1.649425336466567
1.649050325022126
1.6489253212073123
1.649050325022126
1.6501753593554491
1.6496753440961944
1.6498003479110082
1.6498003479110082
1.6501753593554491
1.651050386059145
1.649425336466567
1.649425336466567
1.6489253212073123
1.649425336466567
1.6506753746147038
1.6493003326517535
1.6498003479110082
1.6500503555406356
1.6495503402813807
1.6511753898739585
1.6496753440961944
1.6493003326517535
1.6495503402813807
1.6498003479110082
1.6489253212073123
1.6500503555406356
1.6499253517258217
1.6498003479110082
1.6500503555406356
1.6496753440961944
1.6496753440961944
1.6499253517258217
1.6498003479110082
1.649425336466567
1.6506753746147038
1.6498003479110082
1.6500503555406356
1.6501753593554491
1.6503003631702629
1.6498003479110082
1.6499253517258217
1.6498003479110082
1.6496753440961944
1.6511753898739585
1.6499253517258217
1.6499253517258217
1.6503003631702629
1.6506753746147038
1.6505503707998903
1.6499253517258217
1.6495503402813807
1.6505503707998903
1.6501753593554491
1.6503003631702629
1.6501753593554491
1.6505503707998903
1.6501753593554491
1.6505503707998903
1.6503003631702629
1.6505503707998903
1.649425336466567
1.6504253669850764
1.6495503402813807
1.6503003631702629
1.6506753746147038
1.6503003631702629
1.6508003784295175
1.651425397503586
1.6513003936887722
1.6508003784295175
1.6506753746147038
1.6499253517258217
1.6504253669850764
1.6498003479110082
1.6508003784295175
1.651050386059145
1.6508003784295175
1.6511753898739585
1.6515504013183995
1.6505503707998903
1.651050386059145
1.6508003784295175
1.6506753746147038
1.6505503707998903
1.6506753746147038
1.651800408948027
1.6509253822443313
1.6508003784295175
1.6513003936887722
1.6513003936887722
1.6513003936887722
1.6509253822443313
1.6509253822443313
1.6504253669850764
1.6508003784295175
1.6515504013183995
1.651050386059145
1.6511753898739585
1.6515504013183995
1.6506753746147038
1.651050386059145
1.6508003784295175
1.651050386059145
1.6504253669850764
1.6509253822443313
1.6508003784295175
1.6506753746147038
1.6513003936887722
1.6513003936887722
1.6515504013183995
1.6509253822443313
1.6511753898739585
1.6513003936887722
1.6513003936887722
1.6509253822443313
1.651425397503586
1.6524254280220954
1.6513003936887722
1.6516754051332134
1.6515504013183995
1.651800408948027
1.6513003936887722
1.6509253822443313
1.651425397503586
1.6509253822443313
1.6511753898739585
1.651425397503586
1.6515504013183995
1.6520504165776544
1.6519254127628407
1.6519254127628407
1.6523004242072816
1.651800408948027
1.6515504013183995
1.6513003936887722
1.651800408948027
1.6521754203924681
1.6529254432813503
1.6523004242072816
1.6530504470961638
1.652550431836909
1.652550431836909
1.6528004394665363
1.652550431836909
1.6526754356517228
1.6526754356517228
1.652550431836909
1.653425458540605
1.6541754814294871
1.6541754814294871
1.6536754661702324
1.6531754509109775
1.6546754966887418
1.6549255043183693
1.6549255043183693
1.6555505233924375
1.6559255348368787
1.6560505386516924
1.656550553910947
1.6571755729850153
1.6571755729850153
1.6566755577257606
1.657800592059084
1.6580505996887114
1.6579255958738974
1.6590506302072208
1.6599256569109164
1.6603006683553576
1.6600506607257304
1.6616757103183082
1.6625507370220038
1.6618007141331217
1.6624257332071901
1.663300759910886
1.663300759910886
1.6634257637256997
1.6646758018738366
1.6650508133182775
1.6654258247627187
1.6661758476516009
1.6661758476516009
1.666800866725669
1.6678008972441787
1.6678008972441787
1.6669258705404828
1.6679259010589922
1.6683009125034334
1.6684259163182469
1.6684259163182469
1.669300943021943
1.669175939207129
1.6694259468367565
1.667675893429365
1.6690509353923155
1.6690509353923155
1.668800927762688
1.6685509201330608
1.6695509506515702
1.6689259315775018
1.6684259163182469
1.668800927762688
1.6683009125034334
1.6678008972441787
1.667675893429365
1.6666758629108556
1.6665508590960418
1.66717587817011
1.6650508133182775
1.6656758323923462
1.665300820947905
1.664925809503464
1.6636757713553272
1.6643007904293954
1.663300759910886
1.6626757408368176
1.6613006988738672
1.6619257179479354
1.6610506912442398
1.6604256721701711
1.6604256721701711
1.6603006683553576
1.6595506454664755
1.6596756492812892
1.6583006073183386
1.657800592059084
1.6574255806146427
1.656925565355388
1.6564255500961331
1.6566755577257606
1.6563005462813196
1.655800531022065
1.655425519577624
1.6544254890591144
1.6551755119479965
1.6544254890591144
1.6539254737998597
1.6535504623554185
1.653800469985046
1.652550431836909
1.6528004394665363
1.6530504470961638
1.6529254432813503
1.6523004242072816
1.6511753898739585
1.6520504165776544
1.6511753898739585
1.6515504013183995
1.651800408948027
1.6520504165776544
1.6516754051332134
1.6519254127628407
1.6516754051332134
1.6516754051332134
1.6501753593554491
1.651800408948027
1.6509253822443313
1.6501753593554491
1.651050386059145
1.6506753746147038
1.6506753746147038
1.6508003784295175
1.6508003784295175
1.6501753593554491
1.6508003784295175
1.6501753593554491
1.6498003479110082
1.6488003173924985
1.6485503097628713
1.6491753288369395
1.6484253059480574
1.6478002868739892
1.6475502792443617
1.6466752525406658
1.6461752372814111
1.645050202948088
1.6441751762443924
1.6428001342814416
1.6424251228370008
1.6425501266518143
1.6413000885036775
1.6413000885036775
1.6409250770592365
1.6413000885036775
1.6409250770592365
1.6413000885036775
1.6421751152073734
1.6425501266518143
1.6444251838740198
1.6466752525406658
1.649050325022126
1.651425397503586
1.6549255043183693
1.6595506454664755
1.6624257332071901
1.6654258247627187
1.671301004058962
1.6759261452070682
1.6816763206884975
1.6871764885402998
1.6929266640217293
1.6979268166142767
1.7034269844660788
1.707677114169744
1.712052247688223
1.7160523697622607
1.7180524307992797
1.7198024842066715
1.7196774803918575
1.7186774498733484
1.7174274117252115
1.7153023468733786
1.7129272743919186
1.7093021637623218
1.7045520187994019
1.6990518509475998
1.6935516830957975
1.6884265266884364
1.6818013245033114
1.6764261604663229
1.671176000244148
1.665300820947905
1.6601756645405439
1.6559255348368787
1.6500503555406356
1.6464252449110386
1.6431751457258827
1.6398000427259134
1.637549974059267
1.6341748710592976
1.6332998443556017
1.632299813837092
1.6314247871333964
1.6319248023926511
1.631674794763024
1.6327998290963468
1.6321748100222786
1.6327998290963468
1.633674855800043
1.6347998901333658
1.6364249397259438
1.6370499588000123
1.63867500839259
1.6404250617999818
1.6409250770592365
1.6423001190221869
1.6431751457258827
1.643925168614765
1.6441751762443924
1.6451752067629017
1.6458002258369702
1.6460502334665976
1.6469252601702933
1.647050263985107
1.6484253059480574
1.647425275429548
1.6476752830591754
1.6483003021332439
1.6481752983184301
1.6480502945036166
1.6484253059480574
1.6485503097628713
1.6485503097628713
1.6489253212073123
1.649050325022126
1.649425336466567
1.6488003173924985
1.6489253212073123
1.6483003021332439
1.6489253212073123
1.6486753135776848
1.6491753288369395
1.649050325022126
1.6500503555406356
1.6491753288369395
1.6493003326517535
1.6495503402813807
1.6495503402813807
1.649050325022126
1.6493003326517535
1.6498003479110082
1.6500503555406356
1.6503003631702629
1.6501753593554491
1.6506753746147038
1.6505503707998903
1.6504253669850764
1.6508003784295175
1.6509253822443313
1.6506753746147038
1.6503003631702629
1.6515504013183995
1.6526754356517228
1.651800408948027
1.6520504165776544
1.6520504165776544
1.6523004242072816
1.652550431836909
1.6524254280220954
1.6524254280220954
1.6530504470961638
1.6546754966887418
1.6533004547257912
1.653800469985046
1.6544254890591144
1.654550492873928
1.654550492873928
1.6549255043183693
1.6555505233924375
1.6548005005035553
1.6555505233924375
1.6561755424665061
1.6568005615405743
1.6570505691702018
1.6574255806146427
1.6579255958738974
1.6581756035035249
1.658550614947966
1.6588006225775933
1.6591756340220343
1.6594256416516617
1.6601756645405439
1.6606756797997986
1.6610506912442398
1.6619257179479354
1.6624257332071901
1.6631757560960723
1.6623007293923764
1.6634257637256997
1.6636757713553272
1.6635507675405132
1.6646758018738366
1.6651758171330913
1.6658008362071597
1.666425855281228
1.6669258705404828
1.66717587817011
1.6679259010589922
1.668050904873806
1.6685509201330608
1.6686759239478743
1.669300943021943
1.6704259773552659
1.6703009735404524
1.6710509964293345
1.6714260078737755
1.6724260383922849
1.6723010345774711
1.6724260383922849
1.6728010498367258
1.6725510422070986
1.6734260689107945
1.6740510879848627
1.6748011108737448
1.6746761070589313
1.6753011261329998
1.6753011261329998
1.675676137577441
1.6759261452070682
1.675676137577441
1.675676137577441
1.6761761528366956
1.6769261757255778
1.6764261604663229
1.6765511642811366
1.677176183355205
1.6773011871700187
1.6773011871700187
1.6768011719107638
1.6768011719107638
1.6765511642811366
1.6770511795403913
1.6769261757255778
1.6763011566515091
1.6769261757255778
1.6765511642811366
1.6770511795403913
1.6766761680959503
1.675551133762627
1.6759261452070682
1.675676137577441
1.6749261146885588
1.6753011261329998
1.675551133762627
1.6745511032441176
1.6750511185033723
1.6743010956144901
1.6740510879848627
1.6730510574663533
1.673176061281167
1.6719260231330302
1.6724260383922849
1.6718010193182167
1.6714260078737755
1.670800988799707
1.6709259926145208
1.6703009735404524
1.6695509506515702
1.6694259468367565
1.6683009125034334
1.668050904873806
1.66717587817011
1.66717587817011
1.6666758629108556
1.6661758476516009
1.6655508285775322
1.665300820947905
1.6650508133182775
1.6639257789849544
1.6636757713553272
1.6625507370220038
1.6624257332071901
1.6616757103183082
1.6618007141331217
1.6614257026886807
1.6608006836146123
1.6610506912442398
1.6599256569109164
1.6590506302072208
1.6591756340220343
1.6588006225775933
1.6570505691702018
1.6580505996887114
1.6573005767998292
1.656925565355388
1.6563005462813196
1.6566755577257606
1.6556755272072514
1.6556755272072514
1.6549255043183693
1.6550505081331828
1.6543004852443006
1.6543004852443006
1.6541754814294871
1.6541754814294871
1.6539254737998597
1.6533004547257912
1.6530504470961638
1.6526754356517228
1.6526754356517228
1.6516754051332134
1.6516754051332134
1.6513003936887722
1.6520504165776544
1.651050386059145
1.6513003936887722
1.651425397503586
1.651425397503586
1.6506753746147038
1.6505503707998903
1.6504253669850764
1.6496753440961944
1.6499253517258217
1.6498003479110082
1.6501753593554491
1.6498003479110082
1.6498003479110082
1.6501753593554491
1.6499253517258217
1.6493003326517535
1.6491753288369395
1.649050325022126
1.6489253212073123
1.6493003326517535
1.6491753288369395
1.649425336466567
1.649050325022126
1.6493003326517535
1.649425336466567
1.6489253212073123
1.649050325022126
1.6489253212073123
1.6489253212073123
1.6489253212073123
1.6491753288369395
1.6488003173924985
1.6491753288369395
1.6493003326517535
1.6489253212073123
1.6493003326517535
1.6486753135776848
1.6488003173924985
1.6488003173924985
1.6486753135776848
1.649050325022126
1.6493003326517535
1.649050325022126
1.649425336466567
1.649425336466567
1.6491753288369395
1.6486753135776848
1.649050325022126
1.6486753135776848
1.6484253059480574
1.6479252906888027
1.6493003326517535
1.649050325022126
1.6495503402813807
1.6496753440961944
1.649425336466567
1.649050325022126
1.649050325022126
1.649425336466567
1.649050325022126
1.6500503555406356
1.6489253212073123
1.6495503402813807
1.6496753440961944
1.6505503707998903
1.6496753440961944
1.6491753288369395
1.6496753440961944
1.6491753288369395
1.6493003326517535
1.649425336466567
1.6498003479110082
1.649050325022126
1.6496753440961944
1.6495503402813807
1.6500503555406356
1.649050325022126
1.6495503402813807
1.649425336466567
1.6491753288369395
1.6493003326517535
1.6498003479110082
1.649425336466567
1.6498003479110082
1.6500503555406356
1.6498003479110082
1.6499253517258217
1.6499253517258217
1.6499253517258217
1.6493003326517535
1.649425336466567
1.6499253517258217
1.6498003479110082
1.6501753593554491
1.6509253822443313
1.6501753593554491
1.6499253517258217
1.6500503555406356
1.6500503555406356
1.6495503402813807
1.6491753288369395
1.6503003631702629
1.6503003631702629
1.6501753593554491
1.6506753746147038
1.6499253517258217
1.6504253669850764
1.6498003479110082
1.6496753440961944
1.6498003479110082
1.6498003479110082
1.6498003479110082
1.6501753593554491
1.6503003631702629
1.6501753593554491
1.6509253822443313
1.6511753898739585
1.6499253517258217
1.6503003631702629
1.6498003479110082
1.6501753593554491
1.6499253517258217
1.6505503707998903
1.6506753746147038
1.6508003784295175
1.6506753746147038
1.6506753746147038
1.6504253669850764
1.6501753593554491
1.6499253517258217
1.6500503555406356
1.6500503555406356
1.6505503707998903
1.651050386059145
1.6505503707998903
1.6511753898739585
1.6501753593554491
1.6508003784295175
1.6501753593554491
1.6506753746147038
1.6508003784295175
1.6504253669850764
1.6505503707998903
1.6506753746147038
1.6505503707998903
1.651050386059145
1.6508003784295175
1.6500503555406356
1.6508003784295175
1.6509253822443313
1.6505503707998903
1.6508003784295175
1.6508003784295175
1.6508003784295175
1.6508003784295175
1.651425397503586
1.6520504165776544
1.651050386059145
1.651050386059145
1.6520504165776544
1.6506753746147038
1.6503003631702629
1.6509253822443313
1.6505503707998903
1.6509253822443313
1.6515504013183995
1.6511753898739585
1.6509253822443313
1.651050386059145
1.651050386059145
1.6504253669850764
1.6511753898739585
1.6509253822443313
1.651425397503586
1.6513003936887722
1.6515504013183995
1.6513003936887722
1.6511753898739585
1.6511753898739585
1.6513003936887722
1.6506753746147038
1.6504253669850764
1.6515504013183995
1.6511753898739585
1.651425397503586
1.6516754051332134
1.6519254127628407
1.6511753898739585
1.6523004242072816
1.6516754051332134
1.651425397503586
1.651425397503586
1.6516754051332134
1.651425397503586
1.651425397503586
1.6515504013183995
1.6524254280220954
1.6511753898739585
1.6520504165776544
1.6515504013183995
1.6519254127628407
1.6513003936887722
1.651050386059145
1.6516754051332134
1.6519254127628407
1.6521754203924681
1.6526754356517228
1.6530504470961638
1.6528004394665363
1.6528004394665363
1.6535504623554185
1.6530504470961638
1.6529254432813503
1.6533004547257912
1.6528004394665363
1.6533004547257912
1.6544254890591144
1.6544254890591144
1.654550492873928
1.6548005005035553
1.654550492873928
1.6553005157628102
1.6551755119479965
1.6556755272072514
1.656550553910947
1.6564255500961331
1.6571755729850153
1.6576755882442702
1.6574255806146427
1.6584256111331521
1.6576755882442702
1.658550614947966
1.6590506302072208
1.6591756340220343
1.6594256416516617
1.6600506607257304
1.6611756950590533
1.6615507065034945
1.6620507217627492
1.6624257332071901
1.6630507522812585
1.663300759910886
1.6638007751701407
1.6641757866145819
1.665300820947905
1.6650508133182775
1.6661758476516009
1.6665508590960418
1.6669258705404828
1.6675508896145512
1.667675893429365
1.6675508896145512
1.667675893429365
1.6679259010589922
1.6685509201330608
1.6686759239478743
1.6695509506515702
1.668800927762688
1.6689259315775018
1.6686759239478743
1.669300943021943
1.669300943021943
1.6684259163182469
1.6686759239478743
1.6694259468367565
1.6689259315775018
1.6689259315775018
1.6686759239478743
1.668050904873806
1.668050904873806
1.6675508896145512
1.6670508743552965
1.6670508743552965
1.6661758476516009
1.665300820947905
1.6655508285775322
1.6654258247627187
1.6654258247627187
1.664925809503464
1.6636757713553272
1.6631757560960723
1.6626757408368176
1.6621757255775629
1.6621757255775629
1.6613006988738672
1.6606756797997986
1.6603006683553576
1.659800653096103
1.6596756492812892
1.658550614947966
1.6580505996887114
1.6575505844294565
1.6576755882442702
1.6568005615405743
1.6568005615405743
1.6564255500961331
1.6559255348368787
1.6556755272072514
1.6556755272072514
1.6553005157628102
1.6549255043183693
1.6541754814294871
1.6543004852443006
1.6531754509109775
1.6531754509109775
1.6536754661702324
1.6531754509109775
1.653425458540605
1.652550431836909
1.6526754356517228
1.6519254127628407
1.6523004242072816
1.651800408948027
1.6513003936887722
1.6513003936887722
1.6511753898739585
1.651425397503586
1.6520504165776544
1.6519254127628407
1.651425397503586
1.6515504013183995
1.651425397503586
1.6509253822443313
1.6508003784295175
1.6508003784295175
1.6506753746147038
1.6509253822443313
1.6503003631702629
1.6508003784295175
1.6505503707998903
1.6501753593554491
1.6499253517258217
1.6499253517258217
1.649425336466567
1.6488003173924985
1.6489253212073123
1.6485503097628713
1.6478002868739892
1.6476752830591754
1.6466752525406658
1.645925229651784
1.645050202948088
1.6444251838740198
1.6433001495406965
1.6421751152073734
1.6421751152073734
1.6418001037629322
1.6418001037629322
1.64105008087405
1.6414250923184912
1.640675069429609
1.6411750846888638
1.6416750999481187
1.642675130466628
1.6435501571703237
1.6454252143925292
1.6480502945036166
1.6506753746147038
1.654550492873928
1.6579255958738974
1.6610506912442398
1.6666758629108556
1.6699259620960112
1.675551133762627
1.680676290169988
1.6856764427625355
1.6915516220587787
1.6968017822809534
1.7023019501327556
1.7071770989104893
1.710802209540086
1.714427320169683
1.7174274117252115
1.7191774651326028
1.7200524918362987
1.7186774498733484
1.7176774193548388
1.7158023621326335
1.7138023010956145
1.710052186651204
1.7059270607623525
1.700551896725364
1.6953017365031893
1.6895515610217597
1.6835513779107028
1.677926206244087
1.6724260383922849
1.666800866725669
1.6613006988738672
1.656925565355388
1.6519254127628407
1.6466752525406658
1.6441751762443924
1.6404250617999818
1.6372999664296397
1.6350498977629933
1.633549851985229
1.6329248329111608
1.6312997833185827
1.63154979094821
1.631674794763024
1.63154979094821
1.6314247871333964
1.6334248481704154
1.633674855800043
1.6341748710592976
1.6354249092074344
1.6370499588000123
1.6385500045777766
1.6401750541703544
1.6414250923184912
1.6418001037629322
1.643050141911069
1.6445501876888333
1.6444251838740198
1.6448001953184606
1.6456752220221567
1.6466752525406658
1.647050263985107
1.6473002716147345
1.6475502792443617
1.6478002868739892
1.6481752983184301
1.6480502945036166
1.6479252906888027
1.6478002868739892
1.6485503097628713
1.6484253059480574
1.6486753135776848
1.6489253212073123
1.649050325022126
1.6491753288369395
1.6489253212073123
1.6491753288369395
1.6488003173924985
1.6484253059480574
1.6481752983184301
1.6500503555406356
1.6495503402813807
1.6491753288369395
1.649425336466567
1.649425336466567
1.6495503402813807
1.6500503555406356
1.649425336466567
1.6496753440961944
1.6498003479110082
1.6498003479110082
1.6498003479110082
1.6503003631702629
1.6508003784295175
1.6508003784295175
1.6505503707998903
1.6508003784295175
1.6505503707998903
1.6505503707998903
1.6506753746147038
1.6511753898739585
1.6516754051332134
1.6515504013183995
1.6526754356517228
1.6516754051332134
1.6521754203924681
1.6524254280220954
1.6521754203924681
1.6529254432813503
1.6530504470961638
1.6529254432813503
1.6533004547257912
1.6541754814294871
1.6543004852443006
1.6551755119479965
1.6546754966887418
1.6548005005035553
1.655425519577624
1.655800531022065
1.6556755272072514
1.6560505386516924
1.6566755577257606
1.6568005615405743
1.6574255806146427
1.6575505844294565
1.6580505996887114
1.6584256111331521
1.658550614947966
1.6588006225775933
1.6590506302072208
1.6596756492812892
1.6608006836146123
1.6610506912442398
1.6613006988738672
1.6624257332071901
1.6624257332071901
1.6626757408368176
1.6630507522812585
1.6635507675405132
1.6644257942442091
1.6641757866145819
1.6651758171330913
1.6656758323923462
1.666050843836787
1.6669258705404828
1.6670508743552965
1.667675893429365
1.6678008972441787
1.6683009125034334
1.6685509201330608
1.669175939207129
1.6699259620960112
1.6704259773552659
1.6706759849848933
1.6709259926145208
1.6718010193182167
1.6720510269478437
1.6734260689107945
1.6725510422070986
1.6726760460219123
1.6733010650959808
1.6743010956144901
1.6740510879848627
1.6744260994293039
1.6753011261329998
1.6758011413922544
1.6753011261329998
1.675676137577441
1.6759261452070682
1.675676137577441
1.6760511490218817
1.6760511490218817
1.6761761528366956
1.6769261757255778
1.677176183355205
1.6770511795403913
1.6769261757255778
1.6774261909848323
1.677176183355205
1.677551194799646
1.6769261757255778
1.6770511795403913
1.6766761680959503
1.6768011719107638
1.6766761680959503
1.6769261757255778
1.6765511642811366
1.6769261757255778
1.6759261452070682
1.6758011413922544
1.675176122318186
1.6750511185033723
1.6753011261329998
1.6745511032441176
1.6746761070589313
1.6748011108737448
1.6740510879848627
1.6734260689107945
1.673176061281167
1.6728010498367258
1.6719260231330302
1.6715510116885892
1.671676015503403
1.671676015503403
1.6705509811700798
1.6706759849848933
1.6704259773552659
1.669175939207129
1.6686759239478743
1.668050904873806
1.6684259163182469
1.666800866725669
1.6669258705404828
1.6659258400219734
1.6655508285775322
1.6656758323923462
1.6650508133182775
1.6638007751701407
1.6636757713553272
1.6630507522812585
1.6620507217627492
1.6619257179479354
1.6618007141331217
1.6610506912442398
1.6608006836146123
1.6608006836146123
1.6600506607257304
1.6594256416516617
1.658925626392407
1.658925626392407
1.6580505996887114
1.657800592059084
1.6571755729850153
1.6571755729850153
1.6566755577257606
1.6563005462813196
1.655800531022065
1.6556755272072514
1.6546754966887418
1.6550505081331828
1.6540504776146734
1.6539254737998597
1.6535504623554185
1.6536754661702324
1.6540504776146734
1.6530504470961638
1.653425458540605
1.6528004394665363
1.6523004242072816
1.651800408948027
1.6519254127628407
1.6513003936887722
1.6511753898739585
1.6513003936887722
1.6511753898739585
1.651050386059145
1.6515504013183995
1.651050386059145
1.6509253822443313
1.6501753593554491
1.6508003784295175
1.6499253517258217
1.6499253517258217
1.6504253669850764
1.6500503555406356
1.6499253517258217
1.6501753593554491
1.6495503402813807
1.6495503402813807
1.6491753288369395
1.6489253212073123
1.6489253212073123
1.649425336466567
1.6488003173924985
1.6495503402813807
1.6489253212073123
1.6495503402813807
1.6491753288369395
1.6493003326517535
1.6489253212073123
1.6485503097628713
1.6484253059480574
1.6486753135776848
1.6481752983184301
1.6489253212073123
1.6493003326517535
1.649050325022126
1.6491753288369395
1.6491753288369395
1.6488003173924985
1.649425336466567
1.6489253212073123
1.6484253059480574
1.6493003326517535
1.6485503097628713
1.6489253212073123
1.649050325022126
1.6493003326517535
1.6486753135776848
1.649050325022126
1.6493003326517535
1.6488003173924985
1.6484253059480574
1.6488003173924985
1.6491753288369395
1.6489253212073123
1.6493003326517535
1.6496753440961944
1.6496753440961944
1.6483003021332439
1.6491753288369395
1.6493003326517535
1.6489253212073123
1.6489253212073123
1.649050325022126
1.6491753288369395
1.6493003326517535
1.6498003479110082
1.6496753440961944
1.6491753288369395
1.649425336466567
1.6493003326517535
1.649050325022126
1.6489253212073123
1.6500503555406356
1.649425336466567
1.6496753440961944
1.6495503402813807
1.6500503555406356
1.6491753288369395
1.6496753440961944
1.6499253517258217
1.6489253212073123
1.6496753440961944
1.6496753440961944
1.6498003479110082
1.6495503402813807
1.6504253669850764
1.649425336466567
1.6498003479110082
1.6498003479110082
1.6495503402813807
1.6496753440961944
1.6499253517258217
1.6496753440961944
1.6509253822443313
1.6499253517258217
1.6501753593554491
1.6504253669850764
1.6498003479110082
1.6500503555406356
1.6495503402813807
1.6498003479110082
1.6495503402813807
1.6500503555406356
1.6500503555406356
1.6500503555406356
1.6503003631702629
1.6504253669850764
1.6508003784295175
1.6499253517258217
1.6499253517258217
1.6500503555406356
1.6498003479110082
1.6500503555406356
1.6498003479110082
1.6506753746147038
1.6503003631702629
1.6501753593554491
1.6504253669850764
1.6511753898739585
1.6501753593554491
1.6503003631702629
1.6501753593554491
1.6498003479110082
1.6508003784295175
1.6506753746147038
1.6504253669850764
1.6508003784295175
1.6506753746147038
1.6505503707998903
1.6501753593554491
1.6503003631702629
1.6498003479110082
1.6501753593554491
1.6504253669850764
1.6505503707998903
1.6505503707998903
1.6509253822443313
1.6509253822443313
1.6505503707998903
1.6511753898739585
1.6506753746147038
1.6505503707998903
1.6505503707998903
1.6504253669850764
1.6504253669850764
1.6509253822443313
1.6509253822443313
1.6509253822443313
1.6513003936887722
1.6508003784295175
1.651050386059145
1.6505503707998903
1.6509253822443313
1.6506753746147038
1.6511753898739585
1.651050386059145
1.6509253822443313
1.6511753898739585
1.6511753898739585
1.651050386059145
1.6505503707998903
1.6508003784295175
1.6505503707998903
1.6506753746147038
1.6509253822443313
1.651050386059145
1.651050386059145
1.6516754051332134
1.651425397503586
1.6513003936887722
1.6506753746147038
1.6505503707998903
1.6506753746147038
1.6509253822443313
1.6506753746147038
1.651425397503586
1.6509253822443313
1.6513003936887722
1.6511753898739585
1.651050386059145
1.651425397503586
1.6511753898739585
1.6509253822443313
1.651800408948027
1.651800408948027
1.6511753898739585
1.6515504013183995
1.651425397503586
1.6523004242072816
1.6503003631702629
1.6511753898739585
1.6513003936887722
1.651425397503586
1.6511753898739585
1.6519254127628407
1.651425397503586
1.6516754051332134
1.651800408948027
1.6516754051332134
1.6521754203924681
1.651800408948027
1.6516754051332134
1.6521754203924681
1.6515504013183995
1.6519254127628407
1.6521754203924681
1.6524254280220954
1.652550431836909
1.6526754356517228
1.6528004394665363
1.6524254280220954
1.6529254432813503
1.652550431836909
1.6533004547257912
1.6531754509109775
1.6530504470961638
1.6536754661702324
1.6539254737998597
1.6536754661702324
1.6544254890591144
1.6543004852443006
1.6549255043183693
1.6550505081331828
1.6550505081331828
1.655800531022065
1.6556755272072514
1.6563005462813196
1.656550553910947
1.656925565355388
1.6576755882442702
1.6575505844294565
1.6583006073183386
1.6584256111331521
1.6584256111331521
1.6593006378368482
1.6600506607257304
1.6604256721701711
1.6608006836146123
1.6615507065034945
1.6621757255775629
1.6619257179479354
1.662800744651631
1.6634257637256997
1.6634257637256997
1.6644257942442091
1.6639257789849544
1.664925809503464
1.6658008362071597
1.66717587817011
1.6665508590960418
1.6669258705404828
1.6674258857997375
1.6674258857997375
1.6670508743552965
1.668050904873806
1.6683009125034334
1.6686759239478743
1.6686759239478743
1.669300943021943
1.6694259468367565
1.6694259468367565
1.668800927762688
1.669300943021943
1.6690509353923155
1.6686759239478743
1.6684259163182469
1.6685509201330608
1.6685509201330608
1.669175939207129
1.6685509201330608
1.6679259010589922
1.6674258857997375
1.667675893429365
1.6666758629108556
1.666425855281228
1.6661758476516009
1.6658008362071597
1.6654258247627187
1.66480080568865
1.6651758171330913
1.664925809503464
1.663300759910886
1.6631757560960723
1.6621757255775629
1.6614257026886807
1.6616757103183082
1.6608006836146123
1.6603006683553576
1.6601756645405439
1.6596756492812892
1.6595506454664755
1.658925626392407
1.657800592059084
1.6579255958738974
1.656925565355388
1.6564255500961331
1.6568005615405743
1.655800531022065
1.655800531022065
1.6555505233924375
1.6551755119479965
1.6549255043183693
1.6543004852443006
1.6539254737998597
1.653425458540605
1.6536754661702324
1.6530504470961638
1.6528004394665363
1.6529254432813503
1.6530504470961638
1.6526754356517228
1.6523004242072816
1.6521754203924681
1.6520504165776544
1.6511753898739585
1.6515504013183995
1.6526754356517228
1.651800408948027
1.651425397503586
1.6515504013183995
1.6513003936887722
1.6513003936887722
1.651425397503586
1.6515504013183995
1.6504253669850764
1.6508003784295175
1.6505503707998903
1.6505503707998903
1.6506753746147038
1.6504253669850764
1.6513003936887722
1.6504253669850764
1.651050386059145
1.6499253517258217
1.6498003479110082
1.6493003326517535
1.6491753288369395
1.6488003173924985
1.6479252906888027
1.6478002868739892
1.647050263985107
1.6460502334665976
1.6454252143925292
1.6454252143925292
1.6440501724295786
1.6429251380962555
1.6420501113925596
1.6423001190221869
1.6411750846888638
1.6411750846888638
1.6413000885036775
1.6411750846888638
1.6408000732444226
1.641925107577746
1.6421751152073734
1.6434251533555102
1.6453002105777155
1.6475502792443617
1.6498003479110082
1.6526754356517228
1.656925565355388
1.6600506607257304
1.6640507827997681
1.668800927762688
1.673176061281167
1.6784262215033416
1.6838013855403302
1.6895515610217597
1.6946767174291208
1.699676870021668
1.7051770378734703
1.7095521713919493
1.713177282021546
1.7166773888363294
1.7188024536881619
1.7200524918362987
1.7200524918362987
1.7186774498733484
1.7165523850215156
1.7140523087252417
1.7110522171697136
1.7074271065401168
1.702551957762383
1.697301797540208
1.6920516373180334
1.685926450392163
1.6804262825403606
1.6743010956144901
1.669675954466384
1.6639257789849544
1.658550614947966
1.653425458540605
1.649425336466567
1.645050202948088
1.6418001037629322
1.6381749931333354
1.6360499282815029
1.6339248634296701
1.633174840540788
1.6319248023926511
1.63154979094821
1.631674794763024
1.631674794763024
1.6317997985778374
1.6326748252815333
1.6330498367259743
1.6341748710592976
1.6354249092074344
1.6364249397259438
1.6380499893185219
1.639550035096286
1.6401750541703544
1.6415500961333047
1.643050141911069
1.6434251533555102
1.643925168614765
1.643925168614765
1.6451752067629017
1.6463002410962249
1.6460502334665976
1.6466752525406658
1.6475502792443617
1.6479252906888027
1.6476752830591754
1.6478002868739892
1.6479252906888027
1.6478002868739892
1.6483003021332439
1.6476752830591754
1.6483003021332439
1.6485503097628713
1.6491753288369395
1.6489253212073123
1.6489253212073123
1.6491753288369395
1.649050325022126
1.6489253212073123
1.6488003173924985
1.6493003326517535
1.649425336466567
1.649050325022126
1.6493003326517535
1.6491753288369395
1.6496753440961944
1.6500503555406356
1.6495503402813807
1.6495503402813807
1.6498003479110082
1.6504253669850764
1.6493003326517535
1.6498003479110082
1.6506753746147038
1.6506753746147038
1.6508003784295175
1.6516754051332134
1.6508003784295175
1.6509253822443313
1.6508003784295175
1.6505503707998903
1.6511753898739585
1.6516754051332134
1.651800408948027
1.652550431836909
1.6521754203924681
1.6524254280220954
1.652550431836909
1.6526754356517228
1.6526754356517228
1.6531754509109775
1.6531754509109775
1.653800469985046
1.6543004852443006
1.6543004852443006
1.654550492873928
1.6555505233924375
1.6551755119479965
1.6553005157628102
1.6553005157628102
1.655800531022065
1.6564255500961331
1.656550553910947
1.6568005615405743
1.6575505844294565
1.6583006073183386
1.6586756187627796
1.658550614947966
1.658925626392407
1.6591756340220343
1.659800653096103
1.659800653096103
1.6608006836146123
1.660925687429426
1.6619257179479354
1.662925748466445
1.6623007293923764
1.663300759910886
1.6635507675405132
1.6638007751701407
1.6645507980590228
1.66480080568865
1.6651758171330913
1.666050843836787
1.666425855281228
1.6666758629108556
1.66717587817011
1.6684259163182469
1.6684259163182469
1.6683009125034334
1.6689259315775018
1.6698009582811977
1.6704259773552659
1.6705509811700798
1.6718010193182167
1.6719260231330302
1.6718010193182167
1.6714260078737755
1.6728010498367258
1.673176061281167
1.6728010498367258
1.6738010803552354
1.673676076540422
1.6740510879848627
1.6748011108737448
1.675176122318186
1.6753011261329998
1.6759261452070682
1.675676137577441
1.6759261452070682
1.6759261452070682
1.6759261452070682
1.6768011719107638
1.6764261604663229
1.6768011719107638
1.6776761986144597
1.6773011871700187
1.6768011719107638
1.6773011871700187
1.6773011871700187
1.677551194799646
1.6770511795403913
1.677551194799646
1.6770511795403913
1.6763011566515091
1.6768011719107638
1.6768011719107638
1.6764261604663229
1.6764261604663229
1.675551133762627
1.6753011261329998
1.6753011261329998
1.6753011261329998
1.6749261146885588
1.6745511032441176
1.6744260994293039
1.6744260994293039
1.6733010650959808
1.6729260536515398
1.6725510422070986
1.671676015503403
1.6715510116885892
1.6718010193182167
1.670800988799707
1.6709259926145208
1.670050965910825
1.6699259620960112
1.6694259468367565
1.6690509353923155
1.6689259315775018
1.6674258857997375
1.6674258857997375
1.6661758476516009
1.6665508590960418
1.6659258400219734
1.6654258247627187
1.664925809503464
1.6644257942442091
1.6638007751701407
1.6634257637256997
1.6626757408368176
1.6624257332071901
1.6615507065034945
1.6611756950590533
1.6611756950590533
1.660550675984985
1.660550675984985
1.659800653096103
1.6591756340220343
1.6590506302072208
1.6586756187627796
1.6571755729850153
1.6568005615405743
1.6573005767998292
1.6574255806146427
1.656550553910947
1.6560505386516924
1.6559255348368787
1.6555505233924375
1.6549255043183693
1.654550492873928
1.6546754966887418
1.653425458540605
1.6535504623554185
1.6531754509109775
1.6529254432813503
1.6530504470961638
1.6528004394665363
1.6521754203924681
1.6520504165776544
1.6520504165776544
1.651800408948027
1.651050386059145
1.6506753746147038
1.6513003936887722
1.651050386059145
1.651425397503586
1.6511753898739585
1.6501753593554491
1.6503003631702629
1.6499253517258217
1.6504253669850764
1.6495503402813807
1.6501753593554491
1.6500503555406356
1.6499253517258217
1.6499253517258217
1.6499253517258217
1.649425336466567
1.6500503555406356
1.649050325022126
1.649050325022126
1.649050325022126
1.649050325022126
1.6485503097628713
1.6493003326517535
1.6486753135776848
1.649050325022126
1.6493003326517535
1.649425336466567
1.6488003173924985
1.6488003173924985
1.6483003021332439
1.6486753135776848
1.6493003326517535
1.6495503402813807
1.6489253212073123
1.6488003173924985
1.6489253212073123
1.649050325022126
1.6484253059480574
1.649050325022126
1.6493003326517535
1.649050325022126
1.6489253212073123
1.6486753135776848
1.649050325022126
1.6495503402813807
1.6489253212073123
1.6495503402813807
1.6489253212073123
1.649050325022126
1.6485503097628713
1.6484253059480574
1.6483003021332439
1.6488003173924985
1.6499253517258217
1.6495503402813807
1.6496753440961944
1.649050325022126
1.6488003173924985
1.6493003326517535
1.649050325022126
1.6485503097628713
1.6485503097628713
1.649050325022126
1.6496753440961944
1.6500503555406356
1.6496753440961944
1.6493003326517535
1.6489253212073123
1.6493003326517535
1.6489253212073123
1.649050325022126
1.6491753288369395
1.649425336466567
1.6493003326517535
1.6498003479110082
1.6500503555406356
1.6493003326517535
1.6491753288369395
1.649050325022126
1.6496753440961944
1.6496753440961944
1.6493003326517535
1.649425336466567
1.6498003479110082
1.6500503555406356
1.6499253517258217
1.6499253517258217
1.6496753440961944
1.649425336466567
1.6496753440961944
1.6493003326517535
1.6495503402813807
1.6499253517258217
1.6504253669850764
1.6500503555406356
1.6500503555406356
1.6503003631702629
1.6504253669850764
1.6505503707998903
1.6500503555406356
1.6498003479110082
1.6500503555406356
1.6499253517258217
1.6504253669850764
1.6501753593554491
1.6501753593554491
1.649425336466567
1.6498003479110082
1.6501753593554491
1.6505503707998903
1.6495503402813807
1.6499253517258217
1.6511753898739585
1.6500503555406356
1.6501753593554491
1.6508003784295175
1.6503003631702629
1.6503003631702629
1.6505503707998903
1.6509253822443313
1.6498003479110082
1.6509253822443313
1.6503003631702629
1.6508003784295175
1.6504253669850764
1.6508003784295175
1.6504253669850764
1.6505503707998903
1.6505503707998903
1.6503003631702629
1.6499253517258217
1.6505503707998903
1.6495503402813807
1.6500503555406356
1.6509253822443313
1.6506753746147038
1.651050386059145
1.651050386059145
1.6513003936887722
1.6503003631702629
1.6508003784295175
1.6496753440961944
1.6503003631702629
1.6508003784295175
1.6506753746147038
1.6516754051332134
1.651050386059145
1.6509253822443313
1.6506753746147038
1.6508003784295175
1.6506753746147038
1.6498003479110082
1.6506753746147038
1.6508003784295175
1.6511753898739585
1.651425397503586
1.6511753898739585
1.651050386059145
1.6509253822443313
1.6509253822443313
1.6508003784295175
1.6505503707998903
1.651800408948027
1.6508003784295175
1.6520504165776544
1.6508003784295175
1.6516754051332134
1.651425397503586
1.6521754203924681
1.6513003936887722
1.651050386059145
1.6506753746147038
1.6509253822443313
1.651425397503586
1.651425397503586
1.6515504013183995
1.6515504013183995
1.6513003936887722
1.6506753746147038
1.6504253669850764
1.6513003936887722
1.651050386059145
1.6506753746147038
1.6505503707998903
1.6515504013183995
1.6515504013183995
1.6516754051332134
1.6513003936887722
1.651425397503586
1.6519254127628407
1.6511753898739585
1.651050386059145
1.651425397503586
1.651050386059145
1.651425397503586
1.651800408948027
1.652550431836909
1.6523004242072816
1.6519254127628407
1.6519254127628407
1.6515504013183995
1.6519254127628407
1.651425397503586
1.651800408948027
1.6511753898739585
1.6524254280220954
1.6521754203924681
1.6524254280220954
1.6521754203924681
1.6523004242072816
1.6526754356517228
1.6528004394665363
1.6523004242072816
1.6528004394665363
1.6539254737998597
1.6533004547257912
1.6535504623554185
1.6541754814294871
1.654550492873928
1.655425519577624
1.6544254890591144
1.6546754966887418
1.654550492873928
1.6548005005035553
1.6559255348368787
1.6564255500961331
1.655800531022065
1.6573005767998292
1.6581756035035249
1.6573005767998292
1.6580505996887114
1.6580505996887114
1.6580505996887114
1.6596756492812892
1.6596756492812892
1.6611756950590533
1.660925687429426
1.6615507065034945
1.6624257332071901
1.6623007293923764
1.6624257332071901
1.663300759910886
1.6635507675405132
1.6641757866145819
1.66480080568865
1.6644257942442091
1.6655508285775322
1.6659258400219734
1.6669258705404828
1.666800866725669
1.6670508743552965
1.667300881984924
1.66717587817011
1.6678008972441787
1.6681759086886196
1.669175939207129
1.668800927762688
1.6684259163182469
1.669175939207129
1.6689259315775018
1.670050965910825
1.6689259315775018
1.669300943021943
1.6690509353923155
1.6685509201330608
1.6685509201330608
1.6684259163182469
1.6686759239478743
1.669300943021943
1.6683009125034334
1.6670508743552965
1.667675893429365
1.6670508743552965
1.666800866725669
1.6661758476516009
1.6661758476516009
1.6654258247627187
1.664925809503464
1.664925809503464
1.6636757713553272
1.6641757866145819
1.6631757560960723
1.662925748466445
1.6610506912442398
1.6614257026886807
1.6608006836146123
1.6611756950590533
1.6603006683553576
1.6596756492812892
1.6593006378368482
1.6591756340220343
1.6580505996887114
1.6576755882442702
1.6573005767998292
1.6566755577257606
1.6564255500961331
1.6563005462813196
1.655800531022065
1.6559255348368787
1.6553005157628102
1.6549255043183693
1.654550492873928
1.6541754814294871
1.653800469985046
1.6531754509109775
1.6540504776146734
1.6528004394665363
1.6528004394665363
1.6530504470961638
1.652550431836909
1.652550431836909
1.6516754051332134
1.651425397503586
1.6513003936887722
1.651050386059145
1.6515504013183995
1.6515504013183995
1.651425397503586
1.6515504013183995
1.651800408948027
1.6515504013183995
1.6515504013183995
1.651050386059145
1.651425397503586
1.6498003479110082
1.6508003784295175
1.6513003936887722
1.6508003784295175
1.6506753746147038
1.6513003936887722
1.6508003784295175
1.6499253517258217
1.6496753440961944
1.6498003479110082
1.6488003173924985
1.649050325022126
1.6493003326517535
1.6481752983184301
1.6475502792443617
1.6468002563554796
1.6466752525406658
1.6455502182073427
1.6443001800592059
1.6436751609851377
1.642675130466628
1.6428001342814416
1.64105008087405
1.6413000885036775
1.64105008087405
1.6411750846888638
1.6408000732444226
1.6411750846888638
1.6418001037629322
1.642675130466628
1.643050141911069
1.645050202948088
1.647050263985107
1.6493003326517535
1.652550431836909
1.6561755424665061
1.6593006378368482
1.6638007751701407
1.6678008972441787
1.6730510574663533
1.6773011871700187
1.6833013702810755
1.6889265419476913
1.6941767021698662
1.6995518662068545
1.705677053132725
1.710427198095645
1.7129272743919186
1.7166773888363294
1.7186774498733484
1.7196774803918575
1.7208025147251809
1.7181774346140937
1.7163023773918882
1.7143023163548692
1.7118022400585957
1.708052125614185
1.7033019806512648
1.698176824243904
1.6928016602069156
1.686301461836604
1.6803012787255471
1.6748011108737448
1.669175939207129
1.6634257637256997
1.6583006073183386
1.6544254890591144
1.649050325022126
1.6449251991332745
1.6420501113925596
1.6388000122074038
1.6364249397259438
1.634299874874111
1.6334248481704154
1.631674794763024
1.6309247718741418
1.63154979094821
1.6325498214667196
1.6317997985778374
1.6319248023926511
1.633174840540788
1.6337998596148564
1.6354249092074344
1.6374249702444532
1.637549974059267
1.6390500198370312
1.640300057985168
1.6413000885036775
1.641925107577746
1.6436751609851377
1.6440501724295786
1.6441751762443924
1.6451752067629017
1.6463002410962249
1.6473002716147345
1.647050263985107
1.647425275429548
1.6480502945036166
1.6479252906888027
1.6478002868739892
1.6480502945036166
1.6475502792443617
1.6483003021332439
1.6486753135776848
1.6485503097628713
1.6480502945036166
1.6486753135776848
1.649425336466567
1.6491753288369395
1.649050325022126
1.649050325022126
1.6491753288369395
1.6488003173924985
1.6489253212073123
1.6486753135776848
1.6498003479110082
1.6498003479110082
1.6498003479110082
1.649425336466567
1.6496753440961944
1.6496753440961944
1.649425336466567
1.6489253212073123
1.6501753593554491
1.6498003479110082
1.6506753746147038
1.6503003631702629
1.6508003784295175
1.6504253669850764
1.6505503707998903
1.6508003784295175
1.6509253822443313
1.6511753898739585
1.6509253822443313
1.6508003784295175
1.6516754051332134
1.6516754051332134
1.6521754203924681
1.6523004242072816
1.6519254127628407
1.6526754356517228
1.6531754509109775
1.652550431836909
1.6529254432813503
1.6536754661702324
1.653800469985046
1.6539254737998597
1.654550492873928
1.6549255043183693
1.6550505081331828
1.6549255043183693
1.6553005157628102
1.6555505233924375
1.6560505386516924
1.6561755424665061
1.656925565355388
1.6576755882442702
1.6575505844294565
1.6581756035035249
1.6580505996887114
1.6588006225775933
1.6588006225775933
1.6590506302072208
1.6594256416516617
1.660550675984985
1.6603006683553576
1.6610506912442398
1.6615507065034945
1.6625507370220038
1.6624257332071901
1.663300759910886
1.6631757560960723
1.6638007751701407
1.6640507827997681
1.664925809503464
1.6654258247627187
1.6656758323923462
1.666425855281228
1.66717587817011
1.6674258857997375
1.6675508896145512
1.6686759239478743
1.6686759239478743
1.6689259315775018
1.6689259315775018
1.6695509506515702
1.6703009735404524
1.6709259926145208
1.671676015503403
1.6723010345774711
1.6724260383922849
1.6726760460219123
1.6729260536515398
1.6725510422070986
1.673551072725608
1.6744260994293039
1.6744260994293039
1.6749261146885588
1.675176122318186
1.675676137577441
1.6753011261329998
1.6758011413922544
1.675676137577441
1.6758011413922544
1.6763011566515091
1.6764261604663229
1.6768011719107638
1.6765511642811366
1.6773011871700187
1.6774261909848323
1.6769261757255778
1.6768011719107638
1.6769261757255778
1.6766761680959503
1.677176183355205
1.6768011719107638
1.6770511795403913
1.6766761680959503
1.6773011871700187
1.6776761986144597
1.6764261604663229
1.6763011566515091
1.6758011413922544
1.6754261299478135
1.675551133762627
1.6754261299478135
1.6754261299478135
1.6746761070589313
1.6743010956144901
1.6749261146885588
1.6739260841700492
1.6733010650959808
1.6723010345774711
1.6725510422070986
1.671301004058962
1.671676015503403
1.670800988799707
1.6710509964293345
1.6704259773552659
1.6703009735404524
1.6701759697256386
1.6690509353923155
1.6683009125034334
1.667675893429365
1.6675508896145512
1.6666758629108556
1.6665508590960418
1.6658008362071597
1.665300820947905
1.6645507980590228
1.6644257942442091
1.6636757713553272
1.663300759910886
1.662925748466445
1.6620507217627492
1.6616757103183082
1.6613006988738672
1.6608006836146123
1.6611756950590533
1.6601756645405439
1.6599256569109164
1.6591756340220343
1.658550614947966
1.6584256111331521
1.6575505844294565
1.6568005615405743
1.656550553910947
1.6566755577257606
1.6566755577257606
1.6563005462813196
1.655425519577624
1.6553005157628102
1.6546754966887418
1.654550492873928
1.6535504623554185
1.6535504623554185
1.6533004547257912
1.6533004547257912
1.6533004547257912
1.6533004547257912
1.6536754661702324
1.6529254432813503
1.6521754203924681
1.6524254280220954
1.651425397503586
1.6513003936887722
1.6511753898739585
1.6511753898739585
1.6509253822443313
1.6511753898739585
1.651425397503586
1.6505503707998903
1.6500503555406356
1.6499253517258217
1.6498003479110082
1.649425336466567
1.6498003479110082
1.6496753440961944
1.6498003479110082
1.6499253517258217
1.6496753440961944
1.6499253517258217
1.6498003479110082
1.6493003326517535
1.6493003326517535
1.6485503097628713
1.6488003173924985
1.6491753288369395
1.6489253212073123
1.6491753288369395
1.6493003326517535
1.649425336466567
1.6493003326517535
1.6489253212073123
1.6485503097628713
1.6489253212073123
1.6488003173924985
1.6495503402813807
1.649050325022126
1.6493003326517535
1.6486753135776848
1.649050325022126
1.649050325022126
1.649050325022126
1.649050325022126
1.6485503097628713
1.6491753288369395
1.6486753135776848
1.649050325022126
1.6489253212073123
1.6493003326517535
1.649425336466567
1.6495503402813807
1.6488003173924985
1.6495503402813807
1.6483003021332439
1.6489253212073123
1.6493003326517535
1.649425336466567
1.6489253212073123
1.649425336466567
1.6495503402813807
1.6489253212073123
1.6491753288369395
1.6489253212073123
1.6488003173924985
1.6488003173924985
1.6495503402813807
1.6495503402813807
1.6493003326517535
1.6495503402813807
1.6489253212073123
1.6498003479110082
1.6495503402813807
1.6498003479110082
1.6489253212073123
1.6489253212073123
1.6493003326517535
1.6500503555406356
1.6491753288369395
1.6499253517258217
1.6500503555406356
1.6495503402813807
1.6493003326517535
1.6500503555406356
1.6489253212073123
1.6489253212073123
1.6491753288369395
1.6493003326517535
1.6501753593554491
1.6499253517258217
1.6503003631702629
1.6500503555406356
1.6496753440961944
1.6496753440961944
1.6498003479110082
1.649425336466567
1.6495503402813807
1.6503003631702629
1.6498003479110082
1.6498003479110082
1.6499253517258217
1.6500503555406356
1.6499253517258217
1.6498003479110082
1.6498003479110082
1.6496753440961944
1.6501753593554491
1.6496753440961944
1.6498003479110082
1.6501753593554491
1.6504253669850764
1.6495503402813807
1.6501753593554491
1.6505503707998903
1.6500503555406356
1.6501753593554491
1.6499253517258217
1.6501753593554491
1.6505503707998903
1.6504253669850764
1.6504253669850764
1.6505503707998903
1.6500503555406356
1.6504253669850764
1.6506753746147038
1.6501753593554491
1.6503003631702629
1.6509253822443313
1.6515504013183995
1.6504253669850764
1.6506753746147038
1.6509253822443313
1.6508003784295175
1.651050386059145
1.6504253669850764
1.6501753593554491
1.6503003631702629
1.6504253669850764
1.6503003631702629
1.6508003784295175
1.6508003784295175
1.651050386059145
1.6504253669850764
1.6504253669850764
1.6506753746147038
1.6506753746147038
1.6500503555406356
1.6506753746147038
1.6513003936887722
1.6508003784295175
1.651050386059145
1.6511753898739585
1.6515504013183995
1.6511753898739585
1.6506753746147038
1.6508003784295175
1.6504253669850764
1.6504253669850764
1.6515504013183995
1.6519254127628407
1.6508003784295175
1.6505503707998903
1.6511753898739585
1.6506753746147038
1.6508003784295175
1.6509253822443313
1.6498003479110082
1.6506753746147038
1.6509253822443313
1.6511753898739585
1.6508003784295175
1.6515504013183995
1.651425397503586
1.6508003784295175
1.651425397503586
1.651425397503586
1.6506753746147038
1.6515504013183995
1.6508003784295175
1.6509253822443313
1.6520504165776544
1.6513003936887722
1.651425397503586
1.651050386059145
1.651425397503586
1.651050386059145
1.6513003936887722
1.6508003784295175
1.6515504013183995
1.6516754051332134
1.6515504013183995
1.6513003936887722
1.651800408948027
1.6513003936887722
1.6516754051332134
1.651425397503586
1.651050386059145
1.651050386059145
1.6511753898739585
1.6516754051332134
1.6516754051332134
1.6515504013183995
1.6523004242072816
1.6515504013183995
1.6515504013183995
1.651800408948027
1.651800408948027
1.6515504013183995
1.6520504165776544
1.651425397503586
1.6521754203924681
1.6523004242072816
1.6528004394665363
1.6531754509109775
1.6524254280220954
1.6521754203924681
1.6529254432813503
1.6528004394665363
1.6524254280220954
1.6530504470961638
1.653425458540605
1.6536754661702324
1.6546754966887418
1.6546754966887418
1.654550492873928
1.6546754966887418
1.6549255043183693
1.6550505081331828
1.6553005157628102
1.6555505233924375
1.6561755424665061
1.6564255500961331
1.6576755882442702
1.6576755882442702
1.6571755729850153
1.658550614947966
1.6584256111331521
1.6584256111331521
1.6588006225775933
1.659800653096103
1.6601756645405439
1.6613006988738672
1.6614257026886807
1.6623007293923764
1.6621757255775629
1.6624257332071901
1.6630507522812585
1.663300759910886
1.6636757713553272
1.6643007904293954
1.66480080568865
1.665300820947905
1.6661758476516009
1.666425855281228
1.6670508743552965
1.6670508743552965
1.6675508896145512
1.6674258857997375
1.6678008972441787
1.6678008972441787
1.668800927762688
1.668800927762688
1.6685509201330608
1.6701759697256386
1.6695509506515702
1.669175939207129
1.6690509353923155
1.669675954466384
1.6683009125034334
1.6685509201330608
1.6686759239478743
1.6686759239478743
1.6684259163182469
1.6684259163182469
1.6683009125034334
1.6678008972441787
1.6674258857997375
1.667675893429365
1.6665508590960418
1.6663008514664144
1.6661758476516009
1.6654258247627187
1.6654258247627187
1.6651758171330913
1.6646758018738366
1.6634257637256997
1.6630507522812585
1.6626757408368176
1.6615507065034945
1.6614257026886807
1.6606756797997986
1.660550675984985
1.6600506607257304
1.6604256721701711
1.6593006378368482
1.6588006225775933
1.6583006073183386
1.6576755882442702
1.6570505691702018
1.6564255500961331
1.6564255500961331
1.6560505386516924
1.6555505233924375
1.6556755272072514
1.6551755119479965
1.6548005005035553
1.6541754814294871
1.6548005005035553
1.6531754509109775
1.653425458540605
1.6539254737998597
1.6533004547257912
1.6528004394665363
1.6528004394665363
1.6531754509109775
1.6529254432813503
1.6529254432813503
1.652550431836909
1.651425397503586
1.651425397503586
1.651800408948027
1.651800408948027
1.6515504013183995
1.6515504013183995
1.6520504165776544
1.651425397503586
1.651425397503586
1.6511753898739585
1.651050386059145
1.651050386059145
1.6506753746147038
1.6506753746147038
1.6504253669850764
1.6506753746147038
1.6511753898739585
1.6501753593554491
1.6500503555406356
1.6500503555406356
1.6495503402813807
1.649050325022126
1.6486753135776848
1.6486753135776848
1.6478002868739892
1.6475502792443617
1.6466752525406658
1.6460502334665976
1.645925229651784
1.6449251991332745
1.644675191503647
1.6428001342814416
1.6424251228370008
1.6418001037629322
1.6414250923184912
1.6405500656147955
1.6409250770592365
1.6411750846888638
1.640675069429609
1.641925107577746
1.6424251228370008
1.6434251533555102
1.645050202948088
1.6469252601702933
1.649425336466567
1.6533004547257912
1.6560505386516924
1.6594256416516617
1.6641757866145819
1.6681759086886196
1.6734260689107945
1.6783012176885281
1.6835513779107028
1.6891765495773186
1.695426740318003
1.7000518814661092
1.7051770378734703
1.7096771752067628
1.7133022858363598
1.7153023468733786
1.7186774498733484
1.719927488021485
1.719552476577044
1.7176774193548388
1.7168023926511429
1.7143023163548692
1.711177220984527
1.7075521103549303
1.7024269539475692
1.697426801355022
1.6915516220587787
1.6858014465773492
1.6796762596514787
1.6739260841700492
1.669175939207129
1.6634257637256997
1.6580505996887114
1.6535504623554185
1.6489253212073123
1.6448001953184606
1.6415500961333047
1.6384250007629628
1.6360499282815029
1.6341748710592976
1.6330498367259743
1.6320498062074649
1.631674794763024
1.6317997985778374
1.6312997833185827
1.6321748100222786
1.6325498214667196
1.6334248481704154
1.6341748710592976
1.6354249092074344
1.6367999511703848
1.6376749778740807
1.6393000274666587
1.640675069429609
1.6416750999481187
1.642675130466628
1.6431751457258827
1.6440501724295786
1.644675191503647
1.6455502182073427
1.6464252449110386
1.647050263985107
1.6475502792443617
1.6475502792443617
1.6478002868739892
1.6476752830591754
1.6476752830591754
1.6478002868739892
1.6485503097628713
1.649050325022126
1.6476752830591754
1.6485503097628713
1.6489253212073123
1.6493003326517535
1.649050325022126
1.6486753135776848
1.6486753135776848
1.6486753135776848
1.6486753135776848
1.6493003326517535
1.6486753135776848
1.6488003173924985
1.6495503402813807
1.6495503402813807
1.6503003631702629
1.649050325022126
1.6500503555406356
1.6496753440961944
1.649050325022126
1.649425336466567
1.6496753440961944
1.6496753440961944
1.6501753593554491
1.6503003631702629
1.6506753746147038
1.6504253669850764
1.6504253669850764
1.6504253669850764
1.6511753898739585
1.6505503707998903
1.6509253822443313
1.651425397503586
1.651425397503586
1.6519254127628407
1.6519254127628407
1.6521754203924681
1.6523004242072816
1.653800469985046
1.6529254432813503
1.6526754356517228
1.6531754509109775
1.6535504623554185
1.6536754661702324
1.653800469985046
1.654550492873928
1.6560505386516924
1.6546754966887418
1.6550505081331828
1.6555505233924375
1.655800531022065
1.6555505233924375
1.6566755577257606
1.6568005615405743
1.6576755882442702
1.6574255806146427
1.658550614947966
1.6584256111331521
1.658550614947966
1.6591756340220343
1.6590506302072208
1.6594256416516617
1.660550675984985
1.6601756645405439
1.6613006988738672
1.6618007141331217
1.6626757408368176
1.6625507370220038
1.6631757560960723
1.6635507675405132
1.6638007751701407
1.6643007904293954
1.6639257789849544
1.6655508285775322
1.6659258400219734
1.666800866725669
1.6669258705404828
1.6684259163182469
1.6683009125034334
1.6683009125034334
1.6685509201330608
1.6686759239478743
1.6698009582811977
1.6701759697256386
1.670800988799707
1.6706759849848933
1.6715510116885892
1.671676015503403
1.6720510269478437
1.6726760460219123
1.6723010345774711
1.6730510574663533
1.6734260689107945
1.6744260994293039
1.6743010956144901
1.6748011108737448
1.6753011261329998
1.6753011261329998
1.675176122318186
1.6758011413922544
1.6760511490218817
1.6758011413922544
1.6763011566515091
1.6766761680959503
1.6768011719107638
1.677176183355205
1.6768011719107638
1.6773011871700187
1.6769261757255778
1.677176183355205
1.6769261757255778
1.6766761680959503
1.6766761680959503
1.6768011719107638
1.6766761680959503
1.6764261604663229
1.6770511795403913
1.6769261757255778
1.6770511795403913
1.6761761528366956
1.6758011413922544
1.6760511490218817
1.6753011261329998
1.6750511185033723
1.6748011108737448
1.6748011108737448
1.6745511032441176
1.6740510879848627
1.6739260841700492
1.673176061281167
1.6726760460219123
1.6723010345774711
1.6715510116885892
1.671676015503403
1.6709259926145208
1.670800988799707
1.6701759697256386
1.6703009735404524
1.6698009582811977
1.6685509201330608
1.6689259315775018
1.6678008972441787
1.6674258857997375
1.6666758629108556
1.666425855281228
1.6658008362071597
1.6654258247627187
1.664925809503464
1.6643007904293954
1.6639257789849544
1.6631757560960723
1.6626757408368176
1.6619257179479354
1.6614257026886807
1.6608006836146123
1.660925687429426
1.6604256721701711
1.660925687429426
1.6594256416516617
1.6590506302072208
1.6593006378368482
1.6583006073183386
1.6574255806146427
1.6566755577257606
1.6573005767998292
1.6563005462813196
1.6561755424665061
1.6564255500961331
1.6561755424665061
1.655425519577624
1.6549255043183693
1.6544254890591144
1.6541754814294871
1.653800469985046
1.6539254737998597
1.6530504470961638
1.653425458540605
1.6528004394665363
1.6528004394665363
1.6528004394665363
1.6530504470961638
1.6519254127628407
1.6513003936887722
1.6508003784295175
1.6515504013183995
1.6513003936887722
1.6513003936887722
1.6511753898739585
1.6513003936887722
1.6506753746147038
1.6503003631702629
1.6500503555406356
1.6495503402813807
1.6496753440961944
1.6503003631702629
1.6505503707998903
1.6501753593554491
1.6495503402813807
1.6498003479110082
1.6495503402813807
1.6498003479110082
1.649425336466567
1.649425336466567
1.649050325022126
1.6493003326517535
1.649050325022126
1.649050325022126
1.649425336466567
1.6489253212073123
1.649050325022126
1.6485503097628713
1.6489253212073123
1.6489253212073123
1.6486753135776848
1.6489253212073123
1.6485503097628713
1.6500503555406356
1.6488003173924985
1.6491753288369395
1.649425336466567
1.6486753135776848
1.6488003173924985
1.6493003326517535
1.6486753135776848
1.6491753288369395
1.6489253212073123
1.6485503097628713
1.6489253212073123
1.6491753288369395
1.6493003326517535
1.6493003326517535
1.6480502945036166
1.649050325022126
1.6486753135776848
1.6486753135776848
1.649050325022126
1.649425336466567
1.6493003326517535
1.649425336466567
1.6491753288369395
1.649425336466567
1.6496753440961944
1.6489253212073123
1.6481752983184301
1.649050325022126
1.6493003326517535
1.649050325022126
1.6493003326517535
1.6495503402813807
1.6496753440961944
1.6495503402813807
1.6493003326517535
1.6495503402813807
1.6489253212073123
1.6489253212073123
1.6493003326517535
1.649425336466567
1.6496753440961944
1.6495503402813807
1.6496753440961944
1.6484253059480574
1.6491753288369395
1.6499253517258217
1.6496753440961944
1.6493003326517535
1.6493003326517535
1.6495503402813807
1.6501753593554491
1.6496753440961944
1.6499253517258217
1.6499253517258217
1.6500503555406356
1.6498003479110082
1.6499253517258217
1.649425336466567
1.6498003479110082
1.6501753593554491
1.6500503555406356
1.6498003479110082
1.6504253669850764
1.6503003631702629
1.6496753440961944
1.6505503707998903
1.6495503402813807
1.6496753440961944
1.6498003479110082
1.6503003631702629
1.6501753593554491
1.649425336466567
1.6501753593554491
1.6501753593554491
1.6509253822443313
1.6501753593554491
1.6498003479110082
1.6499253517258217
1.6500503555406356
1.6503003631702629
1.6504253669850764
1.6506753746147038
1.6505503707998903
1.6505503707998903
1.6504253669850764
1.6504253669850764
1.6501753593554491
1.6498003479110082
1.6501753593554491
1.6500503555406356
1.6505503707998903
1.6503003631702629
1.6504253669850764
1.6505503707998903
1.6508003784295175
1.651050386059145
1.6511753898739585
1.6500503555406356
1.6504253669850764
1.6501753593554491
1.6503003631702629
1.6506753746147038
1.6509253822443313
1.6505503707998903
1.6513003936887722
1.6508003784295175
1.6509253822443313
1.6505503707998903
1.6505503707998903
1.6503003631702629
1.6508003784295175
1.6516754051332134
1.6504253669850764
1.651050386059145
1.6513003936887722
1.6509253822443313
1.6508003784295175
1.6505503707998903
1.6505503707998903
1.6503003631702629
1.651050386059145
1.6509253822443313
1.6509253822443313
1.651050386059145
1.6513003936887722
1.6503003631702629
1.6506753746147038
1.6513003936887722
1.6504253669850764
1.6506753746147038
1.6505503707998903
1.6513003936887722
1.6516754051332134
1.6508003784295175
1.651425397503586
1.651050386059145
1.651425397503586
1.6509253822443313
1.6508003784295175
1.6509253822443313
1.6516754051332134
1.651425397503586
1.651050386059145
1.6515504013183995
1.652550431836909
1.6513003936887722
1.6513003936887722
1.6511753898739585
1.6506753746147038
1.6508003784295175
1.651050386059145
1.651800408948027
1.651425397503586
1.6513003936887722
1.6516754051332134
1.651050386059145
1.6511753898739585
1.6515504013183995
1.651800408948027
1.6509253822443313
1.6515504013183995
1.651425397503586
1.6520504165776544
1.6515504013183995
1.651800408948027
1.6516754051332134
1.6523004242072816
1.6515504013183995
1.6520504165776544
1.6515504013183995
1.6515504013183995
1.652550431836909
1.6520504165776544
1.6523004242072816
1.6529254432813503
1.6526754356517228
1.6530504470961638
1.6528004394665363
1.6533004547257912
1.652550431836909
1.6531754509109775
1.653425458540605
1.6543004852443006
1.653425458540605
1.6541754814294871
1.6544254890591144
1.6548005005035553
1.6546754966887418
1.6549255043183693
1.6553005157628102
1.655425519577624
1.6559255348368787
1.6564255500961331
1.6563005462813196
1.6570505691702018
1.6576755882442702
1.6581756035035249
1.657800592059084
1.658550614947966
1.658925626392407
1.6594256416516617
1.6595506454664755
1.6603006683553576
1.6608006836146123
1.6618007141331217
1.6615507065034945
1.6625507370220038
1.662800744651631
1.663300759910886
1.6635507675405132
1.6638007751701407
1.6658008362071597
1.665300820947905
1.6650508133182775
1.666050843836787
1.666800866725669
1.667300881984924
1.6670508743552965
1.6679259010589922
1.6678008972441787
1.668050904873806
1.6683009125034334
1.6686759239478743
1.669175939207129
1.668800927762688
1.668800927762688
1.6686759239478743
1.6685509201330608
1.6690509353923155
1.668800927762688
1.6686759239478743
1.668800927762688
1.669300943021943
1.6689259315775018
1.6683009125034334
1.6685509201330608
1.6685509201330608
1.668050904873806
1.66717587817011
1.66717587817011
1.6658008362071597
1.666800866725669
1.666425855281228
1.664925809503464
1.6650508133182775
1.664925809503464
1.6646758018738366
1.6641757866145819
1.6631757560960723
1.6620507217627492
1.6616757103183082
1.6606756797997986
1.6608006836146123
1.6611756950590533
1.6600506607257304
1.6595506454664755
1.6595506454664755
1.658550614947966
1.6576755882442702
1.6581756035035249
1.6568005615405743
1.6570505691702018
1.6568005615405743
1.6560505386516924
1.6559255348368787
1.6563005462813196
1.6556755272072514
1.6548005005035553
1.6541754814294871
1.6536754661702324
1.6539254737998597
1.6535504623554185
1.6531754509109775
1.6530504470961638
1.6528004394665363
1.6529254432813503
1.6523004242072816
1.6530504470961638
1.6515504013183995
1.6519254127628407
1.651800408948027
1.6513003936887722
1.651425397503586
1.652550431836909
1.6513003936887722
1.6513003936887722
1.6516754051332134
1.6515504013183995
1.651425397503586
1.6520504165776544
1.6515504013183995
1.6508003784295175
1.6506753746147038
1.6501753593554491
1.6504253669850764
1.6504253669850764
1.651050386059145
1.6500503555406356
1.6500503555406356
1.6503003631702629
1.6496753440961944
1.6486753135776848
1.6491753288369395
1.6486753135776848
1.6489253212073123
1.6476752830591754
1.6478002868739892
1.6463002410962249
1.6455502182073427
1.6448001953184606
1.6436751609851377
1.6428001342814416
1.6424251228370008
1.6424251228370008
1.6414250923184912
1.64105008087405
1.6409250770592365
1.6409250770592365
1.64105008087405
1.6415500961333047
1.642675130466628
1.6440501724295786
1.644675191503647
1.6463002410962249
1.649425336466567
1.652550431836909
1.655800531022065
1.659800653096103
1.6643007904293954
1.668800927762688
1.6733010650959808
1.677926206244087
1.6835513779107028
1.6896765648365732
1.6948017212439344
1.7003018890957367
1.7048020264290291
1.7096771752067628
1.7130522782067326
1.7161773735770747
1.7194274727622303
1.719927488021485
1.7198024842066715
1.7178024231696525
1.7159273659474472
1.7143023163548692
1.7114272286141545
1.7074271065401168
1.702926969206824
1.697801812799463
1.691426618243965
1.6860514542069764
1.6800512710959197
1.6744260994293039
1.669300943021943
1.6639257789849544
1.6581756035035249
1.653425458540605
1.6486753135776848
1.6448001953184606
1.6416750999481187
1.6385500045777766
1.6361749320963164
1.6339248634296701
1.6327998290963468
1.6321748100222786
1.6309247718741418
1.631674794763024
1.6319248023926511
1.6317997985778374
1.6330498367259743
1.6330498367259743
1.634424878688925
1.6354249092074344
1.63629993591113
1.6377999816888944
1.6390500198370312
1.640300057985168
1.6415500961333047
1.6424251228370008
1.643050141911069
1.6443001800592059
1.6445501876888333
1.6454252143925292
1.6460502334665976
1.6469252601702933
1.6471752677999205
1.6476752830591754
1.6478002868739892
1.6480502945036166
1.6478002868739892
1.6483003021332439
1.6481752983184301
1.6479252906888027
1.6483003021332439
1.6488003173924985
1.6481752983184301
1.6488003173924985
1.649050325022126
1.6488003173924985
1.649050325022126
1.6485503097628713
1.6488003173924985
1.6480502945036166
1.649050325022126
1.6486753135776848
1.6493003326517535
1.6493003326517535
1.6498003479110082
1.6496753440961944
1.6488003173924985
1.6491753288369395
1.6493003326517535
1.6495503402813807
1.6496753440961944
1.6498003479110082
1.6505503707998903
1.6500503555406356
1.6508003784295175
1.6504253669850764
1.6506753746147038
1.6504253669850764
1.6508003784295175
1.6511753898739585
1.6513003936887722
1.6511753898739585
1.6515504013183995
1.6515504013183995
1.6520504165776544
1.6523004242072816
1.6519254127628407
1.6528004394665363
1.6528004394665363
1.6526754356517228
1.6531754509109775
1.6535504623554185
1.6536754661702324
1.6540504776146734
1.6539254737998597
1.6544254890591144
1.6546754966887418
1.654550492873928
