1.633174840540788
1.6282996917630543
1.627299661244545
1.6239245582445754
1.6216744895779291
1.6187994018372145
1.6154242988372447
1.6129242225409712
1.611424176763207
1.6086740928373058
1.6066740318002868
1.6049239783928952
1.6029239173558765
1.60067384868923
1.599548814355907
1.5981737723929563
1.5960487075411238
1.5934236274300364
1.5935486312448501
1.5916735740226449
1.5906735435041353
1.5894235053559984
1.5876734519486069
1.5871734366893522
1.5865484176152838
1.5856733909115879
1.5849233680227057
1.58404834131901
1.5825482955412458
1.5817982726523636
1.5810482497634815
1.5804232306894133
1.5795482039857174
1.5799232154301586
1.5794232001709037
1.5794232001709037
1.5790481887264625
1.5780481582079533
1.5779231543931396
1.5774231391338847
1.57692312387463
1.57692312387463
1.5774231391338847
1.5772981353190711
1.57692312387463
1.57692312387463
1.5761731009857478
1.5772981353190711
1.5775481429486986
1.5766731162450025
1.5766731162450025
1.5760480971709343
1.5762981048005615
1.5767981200598165
1.57692312387463
1.5772981353190711
1.5776731467635121
1.5772981353190711
1.5774231391338847
1.5774231391338847
1.5777981505783258
1.5774231391338847
1.5782981658375803
1.5780481582079533
1.5785481734672078
1.5782981658375803
1.5786731772820215
1.5787981810968352
1.5780481582079533
1.578923184911649
1.578923184911649
1.5790481887264625
1.5790481887264625
1.5790481887264625
1.579673207800531
1.580048219244972
1.5801732230597858
1.5799232154301586
1.58167326883755
1.5806732383190405
1.5806732383190405
1.5802982268745993
1.5804232306894133
1.581298257393109
1.581298257393109
1.5814232612079226
1.5831733146153144
1.5821732840968048
1.5819232764671776
1.5826732993560595
1.5826732993560595
1.5825482955412458
1.5830483108005005
1.583298318430128
1.5835483260597554
1.5837983336893826
1.5842983489486373
1.584423352763451
1.5841733451338236
1.5847983642078922
1.5847983642078922
1.5847983642078922
1.584423352763451
1.5859233985412151
1.5861734061708426
1.5854233832819604
1.5861734061708426
1.5857983947264016
1.5857983947264016
1.5859233985412151
1.5866734214300973
1.58642341380047
1.5866734214300973
1.5870484328745385
1.587923459578234
1.587298440504166
1.587923459578234
1.588048463393048
1.587923459578234
1.5881734672078616
1.588423474837489
1.5886734824671163
1.5886734824671163
1.5885484786523028
1.590298532059694
1.5894235053559984
1.5900485244300668
1.589923520615253
1.5894235053559984
1.5910485549485762
1.590298532059694
1.590298532059694
1.5905485396893215
1.5906735435041353
1.592298593096713
1.5911735587633902
1.5916735740226449
1.591923581652272
1.592423596911527
1.5916735740226449
1.5920485854670858
1.5920485854670858
1.591923581652272
1.5921735892818996
1.5925486007263405
1.592798608355968
1.5926736045411543
1.5931736198004092
1.5937986388744774
1.5945486617633595
1.5936736350596639
1.5939236426892909
1.5934236274300364
1.5939236426892909
1.5944236579485458
1.5945486617633595
1.5945486617633595
1.595173680837428
1.5944236579485458
1.5955486922818691
1.5952986846522417
1.5956736960966826
1.594798669392987
1.5959237037263099
1.5960487075411238
1.5964237189855648
1.5960487075411238
1.5969237342448195
1.5970487380596332
1.596298715170751
1.5969237342448195
1.5969237342448195
1.5964237189855648
1.596673726615192
1.5975487533188881
1.5975487533188881
1.5975487533188881
1.5977987609485154
1.5977987609485154
1.59829877620777
1.5979237647633289
1.5977987609485154
1.5980487685781428
1.5974237495040742
1.598798791467025
1.5994238105410932
1.5989237952818385
1.599173802911466
1.5990487990966522
1.6000488296151616
1.598798791467025
1.5997988219855341
1.599548814355907
1.5999238258003479
1.5999238258003479
1.6001738334299753
1.6002988372447888
1.60067384868923
1.601173863948485
1.601173863948485
1.6012988677632984
1.6015488753929257
1.6016738792077396
1.6012988677632984
1.6019238868373669
1.6024239020966218
1.602673909726249
1.602673909726249
1.603173924985504
1.6040489516891996
1.6042989593188268
1.6041739555040133
1.6045489669484543
1.6044239631336406
1.6052989898373364
1.6067990356151007
1.607049043244728
1.6075490585039827
1.6092991119113744
1.61017413861507
1.6107991576891385
1.611799188207648
1.6126742149113438
1.6139242530594806
1.6157993102816859
1.6172993560594502
1.6194244209112827
1.6206744590594195
1.622924527726066
1.6250495925778985
1.6269246498001038
1.6289247108371228
1.63154979094821
1.633674855800043
1.63629993591113
1.639925046540727
1.6415500961333047
1.6451752067629017
1.6489253212073123
1.6524254280220954
1.6555505233924375
1.659800653096103
1.6630507522812585
1.666800866725669
1.670800988799707
1.6753011261329998
1.679551255836665
1.6844264046143986
1.689051545762505
1.6943017059846797
1.6988018433179723
1.7024269539475692
1.709177159947508
1.7138023010956145
1.7179274269844662
1.7236776024658955
1.7293027741325113
1.7331778923917356
1.7380530411694692
1.7426781823175757
1.7470533158360546
1.749678395947142
1.7543035370952484
1.7578036439100315
1.7611787469100009
1.7638038270210883
1.7680539567247535
1.7696790063173315
1.7720540787987915
1.774304147465438
1.7760542008728295
1.776179204687643
1.7775542466505936
1.778179265724662
1.7776792504654073
1.7778042542802208
1.7783042695394757
1.7769292275765252
1.7755541856135748
1.7744291512802515
1.772304086428419
1.7696790063173315
1.76792895290994
1.7650538651692254
1.7620537736136967
1.7584286629841
1.7558035828730125
1.7516784569841608
1.7475533310953093
1.7440532242805262
1.73942808313242
1.7348029419843134
1.729427777947325
1.7253026520584733
1.7189274575029754
1.7146773277993104
1.710052186651204
1.7066770836512346
1.7000518814661092
1.6951767326883755
1.6906765953550829
1.6855514389477217
1.6798012634662924
1.675676137577441
1.670800988799707
1.666050843836787
1.6619257179479354
1.6568005615405743
1.6536754661702324
1.6499253517258217
1.6464252449110386
1.642675130466628
1.6384250007629628
1.6352999053926207
1.6319248023926511
1.6289247108371228
1.6270496536149175
1.6235495468001342
1.6210494705038605
1.6190494094668417
1.616924344615009
1.614549272133549
1.613424237800226
1.611799188207648
1.609799127170629
1.6076740623187964
1.6067990356151007
1.6065490279854733
1.6047989745780817
1.6040489516891996
1.6034239326151312
1.6024239020966218
1.601048860133671
1.6005488448744163
1.5999238258003479
1.5990487990966522
1.5984237800225838
1.5976737571337016
1.5974237495040742
1.596798730430006
1.5956736960966826
1.5949236732078005
1.5940486465041048
1.5910485549485762
1.590423535874508
1.587923459578234
1.585298379467147
1.5837983336893826
1.5794232001709037
1.5754230780968657
1.5709229407635732
1.5651727652821437
1.5592975859859004
1.5511723380230111
1.5451721549119541
1.5377969298379466
1.5302967009491257
1.5219214453566088
1.515796258430738
1.5096710715048678
1.5041709036530655
1.5001707815790275
1.4972956938383128
1.496045655690176
1.4965456709494307
1.5009208044679097
1.5077960142826623
1.518296334727012
1.5331717886898404
1.550422315134129
1.5729230018005922
1.599548814355907
1.6314247871333964
1.6663008514664144
1.7065520798364209
1.7510534379100926
1.7986798913541064
1.849556443983276
1.9015580309457685
1.956059694204535
2.0101863460188603
2.0631879634998627
2.113564500869778
2.1590658894619588
2.2008171636097296
2.2363182470168157
2.2625690481276894
2.281569627979369
2.2910699179052094
2.273319376201666
2.260693990905484
2.241443403424177
2.2135675527207255
2.1776914578691975
2.1339401226844084
2.084563615833003
2.031186986907559
1.9749352702414014
1.9174335154271065
1.859056733909116
1.801554979094821
1.7464282967619862
1.6933016754661703
1.6433001495406965
1.597173741874447
1.5561724906155583
1.5195463728751488
1.4876704000976593
1.4615446028015993
1.4396689352092042
1.4234184392834255
1.4115430768761255
1.4036678365428634
1.3995427106540117
1.4001677297280801
1.40254280220954
1.408542985320597
1.4161682180242319
1.4259185155796992
1.4369188512833035
1.4487942136906033
1.4609195837275306
1.4731699575792718
1.485795342875454
1.4959206518753625
1.506420972319712
1.5164212775048067
1.52467152928251
1.533671803949095
1.539671987060152
1.54604718161565
1.5509223303933837
1.5557974791711173
1.5592975859859004
1.5616726584673606
1.5646727500228887
1.567047822504349
1.5684228644672995
1.5697979064302499
1.57217297891171
1.5729230018005922
1.5736730246894741
1.5744230475783563
1.574923062837611
1.5751730704672384
1.5756730857264931
1.5762981048005615
1.5760480971709343
1.57692312387463
1.5776731467635121
1.5779231543931396
1.5782981658375803
1.5790481887264625
1.5797982116153446
1.5799232154301586
1.5807982421338542
1.5815482650227364
1.5822982879116183
1.5834233222449416
1.5846733603930783
1.5851733756523332
1.5867984252449112
1.5876734519486069
1.5896735129856259
1.5897985168004394
1.5909235511337627
1.592798608355968
1.5935486312448501
1.5950486770226142
1.5974237495040742
1.5981737723929563
1.6007988525040437
1.6017988830225531
1.6035489364299447
1.6056740012817774
1.607049043244728
1.609424115726188
1.6110491653187657
1.6129242225409712
1.6156743064668722
1.6180493789483323
1.6210494705038605
1.623299539170507
1.6259246192815942
1.629299722281564
1.630799768059328
1.6337998596148564
1.636674947355571
1.6393000274666587
1.6441751762443924
1.6461752372814111
1.6495503402813807
1.6530504470961638
1.6568005615405743
1.6603006683553576
1.665300820947905
1.6675508896145512
1.6715510116885892
1.6753011261329998
1.679551255836665
1.6836763817255165
1.6880515152439954
1.6920516373180334
1.6970517899105808
1.7019269386883145
1.7054270455030978
1.7103021942808314
1.7145523239844966
1.7190524613177893
1.7236776024658955
1.7288027588732566
1.7336779076509903
1.7379280373546557
1.7431781975768303
1.747678334910123
1.7526784875026704
1.757553636280404
1.761928769798883
1.7668039185766167
1.7715540635395368
1.7756791894283883
1.780679342020936
1.7855544907986696
1.7895546128727073
1.7943047578356275
1.798429883724479
1.8019299905392623
1.8066801355021822
1.8104302499465927
1.8145553758354442
1.8175554673909728
1.8234306466872157
1.8254307077242347
1.8298058412427136
1.8325559251686148
1.8355560167241434
1.8379310892056033
1.8406811731315043
1.8434312570574054
1.8458063295388654
1.8479313943906979
1.849181432538835
1.8518065126499221
1.853556566057314
1.855056611835078
1.8559316385387736
1.857056672872097
1.857056672872097
1.8573066805017244
1.8578066957609791
1.857431684316538
1.8571816766869107
1.857056672872097
1.8564316537980285
1.8558066347239601
1.8540565813165686
1.8518065126499221
1.8514315012054812
1.8496814477980896
1.8473063753166297
1.844806299020356
1.8431812494277782
1.8400561540574358
1.8383061006500443
1.8351810052797022
1.8318059022797326
1.828930814539018
1.8248056886501665
1.8211805780205697
1.8169304483169042
1.813430341502121
1.809180211798456
1.8049300820947904
1.800804956205939
1.7970548417615282
1.7919296853541673
1.7861795098727378
1.7826794030579547
1.7778042542802208
1.7725540940580462
1.7676789452803126
1.7634288155766473
1.7585536667989135
1.7533035065767388
1.7489283730582599
1.7435532090212715
1.7379280373546557
1.7338029114658042
1.7288027588732566
1.7233025910214546
1.7189274575029754
1.7135522934659873
1.7089271523178808
1.7043020111697744
1.6994268623920408
1.6956767479476302
1.6921766411328472
1.6860514542069764
1.6814263130588702
1.6769261757255778
1.6726760460219123
1.6689259315775018
1.6643007904293954
1.6610506912442398
1.6568005615405743
1.6523004242072816
1.6484253059480574
1.6454252143925292
1.6416750999481187
1.6384250007629628
1.6345498825037386
1.6334248481704154
1.6290497146519365
1.625674611651967
1.622924527726066
1.6202994476149783
1.6164243293557543
1.6150492873928037
1.61254921109653
1.61017413861507
1.6091741080965607
1.6055489974669637
1.6047989745780817
1.6020488906521806
1.6004238410596028
1.5992988067262794
1.5965487228003785
1.5957986999114964
1.5940486465041048
1.592298593096713
1.5905485396893215
1.5897985168004394
1.5890484939115572
1.5876734519486069
1.58642341380047
1.586048402356029
1.5855483870967744
1.5846733603930783
1.5831733146153144
1.5824232917264323
1.5810482497634815
1.5802982268745993
1.5782981658375803
1.580048219244972
1.5797982116153446
1.5790481887264625
1.5790481887264625
1.578923184911649
1.5779231543931396
1.5779231543931396
1.5775481429486986
1.5766731162450025
1.5741730399487288
1.5766731162450025
1.5770481276894437
1.5776731467635121
1.5771731315042574
1.5764231086153753
1.5764231086153753
1.5766731162450025
1.5766731162450025
1.576548112430189
1.5786731772820215
1.5764231086153753
1.5764231086153753
1.5767981200598165
1.57692312387463
1.5761731009857478
1.5776731467635121
1.5774231391338847
1.5772981353190711
1.5771731315042574
1.5770481276894437
1.5779231543931396
1.5781731620227668
1.5780481582079533
1.5794232001709037
1.5785481734672078
1.5780481582079533
1.5787981810968352
1.5786731772820215
1.5787981810968352
1.5791731925412764
1.580923245948668
1.580048219244972
1.580048219244972
1.580923245948668
1.5805482345042268
1.5794232001709037
1.5807982421338542
1.5807982421338542
1.580923245948668
1.5810482497634815
1.5811732535782954
1.5819232764671776
1.5817982726523636
1.5821732840968048
1.5822982879116183
1.581298257393109
1.5819232764671776
1.5827983031708732
1.5826732993560595
1.5824232917264323
1.5837983336893826
1.583298318430128
1.5841733451338236
1.5835483260597554
1.58404834131901
1.5837983336893826
1.5845483565782648
1.5847983642078922
1.5842983489486373
1.5842983489486373
1.5839233375041963
1.5850483718375195
1.5859233985412151
1.5865484176152838
1.5867984252449112
1.5855483870967744
1.58642341380047
1.5869234290597247
1.5867984252449112
1.5865484176152838
1.5870484328745385
1.5867984252449112
1.5875484481337934
1.5876734519486069
1.587923459578234
1.588423474837489
1.5886734824671163
1.5889234900967437
1.58879848628193
1.5885484786523028
1.5894235053559984
1.5892985015411847
1.5892985015411847
1.58879848628193
1.590423535874508
1.5900485244300668
1.590298532059694
1.5901735282448806
1.590423535874508
1.590423535874508
1.5905485396893215
1.5909235511337627
1.5911735587633902
1.5910485549485762
1.5917985778374584
1.5916735740226449
1.5920485854670858
1.592298593096713
1.591923581652272
1.5916735740226449
1.5921735892818996
1.5917985778374584
1.5932986236152227
1.5926736045411543
1.5932986236152227
1.5931736198004092
1.594673665578173
1.5932986236152227
1.5935486312448501
1.5931736198004092
1.5936736350596639
1.5937986388744774
1.5941736503189183
1.594298654133732
1.594673665578173
1.594798669392987
1.5936736350596639
1.594798669392987
1.5952986846522417
1.5954236884670552
1.594798669392987
1.5956736960966826
1.5956736960966826
1.5956736960966826
1.5957986999114964
1.5964237189855648
1.5977987609485154
1.5961737113559373
1.596673726615192
1.596673726615192
1.5959237037263099
1.596298715170751
1.5976737571337016
1.5975487533188881
1.5976737571337016
1.5980487685781428
1.5974237495040742
1.5977987609485154
1.598798791467025
1.59829877620777
1.5980487685781428
1.5979237647633289
1.5985487838373975
1.5990487990966522
1.599548814355907
1.5989237952818385
1.599173802911466
1.599173802911466
1.5994238105410932
1.599173802911466
1.5997988219855341
1.5997988219855341
1.6001738334299753
1.601048860133671
1.6005488448744163
1.601048860133671
1.6012988677632984
1.60067384868923
1.6015488753929257
1.6012988677632984
1.601173863948485
1.6024239020966218
1.6025489059114353
1.602673909726249
1.602673909726249
1.6032989288003174
1.6039239478743859
1.6035489364299447
1.6039239478743859
1.6045489669484543
1.6046739707632678
1.6045489669484543
1.6047989745780817
1.606174016541032
1.6072990508743554
1.6089241004669332
1.6089241004669332
1.6102991424298836
1.6102991424298836
1.6120491958372754
1.6136742454298534
1.6147992797631765
1.616549333170568
1.6180493789483323
1.6194244209112827
1.6215494857631152
1.6239245582445754
1.6259246192815942
1.6274246650593585
1.630049745170446
1.6320498062074649
1.6347998901333658
1.637549974059267
1.6405500656147955
1.6434251533555102
1.6466752525406658
1.6500503555406356
1.6535504623554185
1.6568005615405743
1.6608006836146123
1.6638007751701407
1.668050904873806
1.6721760307626576
1.6768011719107638
1.6811763054292428
1.685926450392163
1.6916766258735922
1.6960517593920712
1.7008019043549913
1.7055520493179113
1.7105522019104589
1.7150523392437513
1.7205525070955536
1.725052644428846
1.7301778008362072
1.7349279457991271
1.739803094576861
1.7440532242805262
1.7484283577990052
1.7523034760582294
1.7560535905026398
1.758803674428541
1.7626787926877652
1.7643038422803432
1.7685539719840082
1.7708040406506547
1.7730541093173011
1.774679158909879
1.7756791894283883
1.7771792352061526
1.7776792504654073
1.778554277169103
1.7783042695394757
1.7783042695394757
1.7776792504654073
1.776179204687643
1.7751791741691336
1.773804132206183
1.7719290749839778
1.7686789757988222
1.7666789147618032
1.7638038270210883
1.7603037202063052
1.7566786095767084
1.754053529465621
1.750053407391583
1.746053285317545
1.7419281594286935
1.7366779992065189
1.7320528580584125
1.727927732169561
1.7225525681325726
1.7174274117252115
1.7143023163548692
1.7078021179845577
1.7030519730216378
1.6983018280587177
1.6930516678365428
1.6878015076143682
1.6838013855403302
1.6785512253181556
1.6738010803552354
1.669675954466384
1.6645507980590228
1.6603006683553576
1.6563005462813196
1.6521754203924681
1.6481752983184301
1.6448001953184606
1.6415500961333047
1.6374249702444532
1.6339248634296701
1.6302997528000733
1.6285496993926818
1.624049562059389
1.6224245124668113
1.6200494399853511
1.6182993865779596
1.6157993102816859
1.6159243140964994
1.6122992034669026
1.610549150059511
1.6089241004669332
1.6069240394299142
1.607049043244728
1.6056740012817774
1.6044239631336406
1.6036739402447586
1.6020488906521806
1.60304892117069
1.6012988677632984
1.6002988372447888
1.5990487990966522
1.59829877620777
1.597173741874447
1.5969237342448195
1.5970487380596332
1.5965487228003785
1.5956736960966826
1.5931736198004092
1.5931736198004092
1.5916735740226449
1.5891734977263712
1.58642341380047
1.58404834131901
1.5817982726523636
1.5779231543931396
1.5736730246894741
1.5690478835413677
1.5626726889858698
1.5565475020599995
1.549547288430433
1.542047059541612
1.5340468153935363
1.52704660176397
1.5194213690603353
1.5132961821344646
1.5065459761345255
1.5017958311716058
1.4982957243568225
1.4961706595049897
1.4957956480605488
1.4979207129123815
1.5039208960234383
1.5125461592455824
1.523796502578814
1.5395469832453383
1.5594225898007141
1.5835483260597554
1.6112991729483932
1.6451752067629017
1.6828013550218206
1.7253026520584733
1.7695540025025178
1.8190555131687367
1.8703070772423473
1.9241837214270456
1.9784353770561847
2.0323120212408825
2.0846886196478165
2.1349401532029177
2.1774414502395705
2.216317636646626
2.2486936246833706
2.271444318979461
2.2874448072756124
2.289319864497818
2.267069185460982
2.2531937620166635
2.2305680715353864
2.1995671254615923
2.159690908536027
2.1140645161290323
2.0625629444257942
2.0078112735374005
1.9504345225379192
1.8925577562791833
1.8349309976500747
1.7788042847987304
1.7236776024658955
1.6719260231330302
1.624049562059389
1.579673207800531
1.5401720023194068
1.5057959532456433
1.4767950682088686
1.452169316690573
1.4322937101351971
1.4174182561723685
1.4079179662465284
1.401417767876217
1.3984176763206884
1.4006677449873348
1.4049178746910003
1.4116680806909392
1.4202933439130834
1.4324187139500106
1.4420440076906644
1.4539193700979645
1.4662947477645192
1.4780451063570055
1.4901704763939327
1.5005457930234687
1.51042109439375
1.51992138431959
1.528171636097293
1.5370469069490644
1.5426720786156805
1.5482972502822963
1.5536724143192846
1.556797509689627
1.5587975707266457
1.563422711874752
1.5659227881710258
1.567047822504349
1.569422894985809
1.5716729636524553
1.5719229712820828
1.5729230018005922
1.5740480361339153
1.5746730552079835
1.5754230780968657
1.5750480666524247
1.5757980895413068
1.5761731009857478
1.5761731009857478
1.5774231391338847
1.5771731315042574
1.5774231391338847
1.578923184911649
1.5790481887264625
1.5797982116153446
1.5801732230597858
1.5810482497634815
1.5817982726523636
1.5826732993560595
1.5834233222449416
1.584423352763451
1.586048402356029
1.5865484176152838
1.588423474837489
1.5897985168004394
1.5909235511337627
1.592423596911527
1.5932986236152227
1.5941736503189183
1.5969237342448195
1.5972987456892607
1.5990487990966522
1.6005488448744163
1.602673909726249
1.6052989898373364
1.6059240089114046
1.6079240699484236
1.6096741233558154
1.612174199652089
1.6142992645039216
1.6170493484298227
1.618924405652028
1.6217994933927427
1.6244245735038303
1.6267996459852903
1.6285496993926818
1.6320498062074649
1.6349248939481797
1.6377999816888944
1.6411750846888638
1.6443001800592059
1.6478002868739892
1.6505503707998903
1.6549255043183693
1.6584256111331521
1.6619257179479354
1.6655508285775322
1.669675954466384
1.6728010498367258
1.6770511795403913
1.6823013397625661
1.6864264656514176
1.6895515610217597
1.6943017059846797
1.6990518509475998
1.7031769768364513
1.706927091280862
1.7123022553178504
1.716427381206702
1.7211775261696218
1.7249276406140324
1.7313028351695303
1.7356779686880093
1.7408031250953704
1.7451782586138493
1.7499284035767695
1.7548035523545031
1.7596787011322368
1.7643038422803432
1.7686789757988222
1.773429120761742
1.7780542619098483
1.7826794030579547
1.7879295632801295
1.792054689168981
1.7959298074282053
1.7994299142429884
1.804805078279977
1.80830518509476
1.8120552995391705
1.8160554216132085
1.8193055207983642
1.8239306619464706
1.8275557725760676
1.830930875576037
1.8341809747611926
1.8368060548722802
1.8390561235389262
1.842306222724082
1.8440562761314738
1.846806360057375
1.8490564287240212
1.850681478316599
1.8521815240943633
1.8543065889461958
1.855431623279519
1.8558066347239601
1.8569316690572832
1.8575566881313517
1.8571816766869107
1.8576816919461654
1.8588067262794887
1.8576816919461654
1.8566816614276558
1.8560566423535876
1.8549316080202642
1.8536815698721276
1.8518065126499221
1.8508064821314127
1.848806421094394
1.846681356242561
1.844306283761101
1.8431812494277782
1.8390561235389262
1.8370560625019074
1.8334309518723106
1.829305825983459
1.8260557267983033
1.8228056276131475
1.8193055207983642
1.8155554063539538
1.8128053224280527
1.8066801355021822
1.8033050325022126
1.7990549027985472
1.7943047578356275
1.7901796319467758
1.7850544755394149
1.7803043305764947
1.775429181798761
1.7701790215765862
1.7665539109469892
1.7605537278359324
1.7561785943174535
1.7510534379100926
1.7463032929471725
1.740928128910184
1.7351779534287546
1.7313028351695303
1.7261776787621694
1.7208025147251809
1.7159273659474472
1.711177220984527
1.7070520950956756
1.7019269386883145
1.6979268166142767
1.6929266640217293
1.6885515305032504
1.6835513779107028
1.6793012482070377
1.6748011108737448
1.6698009582811977
1.666425855281228
1.6624257332071901
1.658550614947966
1.6549255043183693
1.6511753898739585
1.6475502792443617
1.6438001647999512
1.6401750541703544
1.636674947355571
1.6332998443556017
1.6302997528000733
1.6274246650593585
1.6242995696890163
1.6219244972075564
1.6194244209112827
1.6157993102816859
1.6144242683187355
1.6115491805780204
1.6091741080965607
1.6069240394299142
1.6052989898373364
1.60304892117069
1.6012988677632984
1.5996738181707206
1.5980487685781428
1.596298715170751
1.5954236884670552
1.5935486312448501
1.5915485702078311
1.590298532059694
1.5886734824671163
1.587923459578234
1.5875484481337934
1.5857983947264016
1.5854233832819604
1.5846733603930783
1.5849233680227057
1.5827983031708732
1.5814232612079226
1.5811732535782954
1.5787981810968352
1.5817982726523636
1.5799232154301586
1.5802982268745993
1.578923184911649
1.5787981810968352
1.578923184911649
1.5777981505783258
1.5777981505783258
1.5771731315042574
1.5782981658375803
1.57692312387463
1.5772981353190711
1.57692312387463
1.5771731315042574
1.5772981353190711
1.57692312387463
1.5767981200598165
1.576548112430189
1.5760480971709343
1.5764231086153753
1.57692312387463
1.5764231086153753
1.576548112430189
1.5779231543931396
1.5767981200598165
1.5772981353190711
1.5772981353190711
1.5774231391338847
1.5775481429486986
1.5776731467635121
1.5777981505783258
1.5779231543931396
1.5777981505783258
1.5787981810968352
1.5791731925412764
1.5784231696523943
1.5782981658375803
1.5787981810968352
1.5785481734672078
1.5785481734672078
1.57929819635609
1.5791731925412764
1.579673207800531
1.580048219244972
1.5804232306894133
1.5807982421338542
1.5806732383190405
1.5806732383190405
1.5806732383190405
1.5811732535782954
1.580923245948668
1.5815482650227364
1.581298257393109
1.5817982726523636
1.5821732840968048
1.5831733146153144
1.5824232917264323
1.5827983031708732
1.5826732993560595
1.5825482955412458
1.5825482955412458
1.5835483260597554
1.5831733146153144
1.5839233375041963
1.5846733603930783
1.5841733451338236
1.5837983336893826
1.5845483565782648
1.5851733756523332
1.5837983336893826
1.5849233680227057
1.5856733909115879
1.585298379467147
1.586048402356029
1.586048402356029
1.5862984099856563
1.5869234290597247
1.5865484176152838
1.58642341380047
1.586048402356029
1.5866734214300973
1.5870484328745385
1.587298440504166
1.587923459578234
1.5885484786523028
1.5881734672078616
1.5882984710226753
1.5882984710226753
1.5882984710226753
1.587923459578234
1.5881734672078616
1.5889234900967437
1.58879848628193
1.5890484939115572
1.5896735129856259
1.589923520615253
1.5901735282448806
1.589923520615253
1.589923520615253
1.5897985168004394
1.589923520615253
1.5911735587633902
1.5909235511337627
1.5911735587633902
1.5915485702078311
1.5915485702078311
1.5915485702078311
1.5920485854670858
1.5920485854670858
1.5917985778374584
1.5921735892818996
1.592423596911527
1.5926736045411543
1.5925486007263405
1.5926736045411543
1.5934236274300364
1.5935486312448501
1.5931736198004092
1.5932986236152227
1.5940486465041048
1.5935486312448501
1.5944236579485458
1.5939236426892909
1.594298654133732
1.5945486617633595
1.594798669392987
1.594673665578173
1.594798669392987
1.5950486770226142
1.5955486922818691
1.595173680837428
1.5954236884670552
1.5954236884670552
1.5957986999114964
1.5961737113559373
1.596298715170751
1.5965487228003785
1.5960487075411238
1.5965487228003785
1.5969237342448195
1.5965487228003785
1.596673726615192
1.5974237495040742
1.5974237495040742
1.5975487533188881
1.5979237647633289
1.5981737723929563
1.5979237647633289
1.5980487685781428
1.59829877620777
1.5977987609485154
1.5981737723929563
1.5980487685781428
1.598798791467025
1.598673787652211
1.599173802911466
1.5999238258003479
1.5984237800225838
1.5997988219855341
1.5994238105410932
1.5994238105410932
1.5994238105410932
1.60067384868923
1.6000488296151616
1.6004238410596028
1.6007988525040437
1.6015488753929257
1.6012988677632984
1.6016738792077396
1.6012988677632984
1.6014238715781122
1.6016738792077396
1.6021738944669943
1.6021738944669943
1.602673909726249
1.6029239173558765
1.603173924985504
1.6037989440595721
1.6035489364299447
1.6040489516891996
1.6042989593188268
1.6044239631336406
1.60542399365215
1.6060490127262186
1.607424054689169
1.6075490585039827
1.6089241004669332
1.6104241462446975
1.610549150059511
1.611424176763207
1.6127992187261575
1.6136742454298534
1.6156743064668722
1.6171743522446362
1.6186743980224005
1.6204244514297923
1.6227995239112523
1.6247995849482713
1.6262996307260353
1.6287997070223093
1.6310497756889553
1.6332998443556017
1.63629993591113
1.6388000122074038
1.6416750999481187
1.6453002105777155
1.6488003173924985
1.651800408948027
1.6550505081331828
1.6588006225775933
1.6624257332071901
1.666050843836787
1.6704259773552659
1.6750511185033723
1.6790512405774103
1.6833013702810755
1.689051545762505
1.6931766716513565
1.6975518051698355
1.7026769615771966
1.708177129428999
1.7126772667622914
1.7174274117252115
1.7230525833918273
1.7271777092806788
1.7328028809472946
1.7376780297250283
1.7415531479842525
1.7461782891323587
1.750053407391583
1.7538035218359938
1.7573036286507766
1.7609287392803734
1.7643038422803432
1.7673039338358714
1.7695540025025178
1.7716790673543503
1.774304147465438
1.7753041779839474
1.7760542008728295
1.7774292428357799
1.7778042542802208
1.7780542619098483
1.7774292428357799
1.7790542924283579
1.7769292275765252
1.775429181798761
1.774679158909879
1.7733041169469284
1.7705540330210272
1.7681789605395672
1.76555388042848
1.7621787774285103
1.7590536820581684
1.7558035828730125
1.752053468428602
1.7483033539841915
1.7444282357249672
1.73942808313242
1.7348029419843134
1.7301778008362072
1.7253026520584733
1.7204275032807397
1.715552354503006
1.7110522171697136
1.705677053132725
1.7008019043549913
1.6968017822809534
1.6906765953550829
1.6858014465773492
1.6811763054292428
1.6761761528366956
1.6709259926145208
1.6666758629108556
1.6626757408368176
1.6579255958738974
1.6540504776146734
1.6504253669850764
1.6466752525406658
1.6429251380962555
1.6390500198370312
1.6356749168370617
1.632299813837092
1.6294247260963775
1.6257996154667806
1.6245495773186438
1.6214244819483017
1.6194244209112827
1.6172993560594502
1.6151742912076175
1.6130492263557847
1.611799188207648
1.6092991119113744
1.608174077578051
1.6069240394299142
1.6059240089114046
1.6049239783928952
1.6035489364299447
1.6035489364299447
1.6024239020966218
1.601048860133671
1.6005488448744163
1.6004238410596028
1.599173802911466
1.59829877620777
1.5980487685781428
1.5977987609485154
1.5960487075411238
1.5959237037263099
1.5949236732078005
1.5941736503189183
1.591923581652272
1.590298532059694
1.5881734672078616
1.5861734061708426
1.583298318430128
1.5799232154301586
1.5756730857264931
1.5714229560228279
1.5659227881710258
1.5592975859859004
1.552672383800775
1.54604718161565
1.5381719412823878
1.5310467238380079
1.5232964873195594
1.5160462660603655
1.5100460829493088
1.5049209265419476
1.4997957701345868
1.4970456862086856
1.4955456404309213
1.4966706747642446
1.500045777764214
1.5069209875789666
1.5172963042085024
1.530671712393567
1.54842225409711
1.570172917874691
1.5970487380596332
1.6277996765037996
1.6625507370220038
1.7026769615771966
1.7466783043916136
1.7938047425763726
1.8435562608722191
1.8965578783532213
1.9503095187231057
2.0046861781670584
2.0578127994628743
2.1085643482772305
2.155440778832362
2.196942045350505
2.2324431287575917
2.260318979461043
2.2799445783867918
2.2910699179052094
2.2764444715720087
2.2611940061647386
2.2439434797204507
2.216692648091067
2.181191564683981
2.1386902676473283
2.0898137760551774
2.036937162388989
1.9804354380932034
1.9238087099826044
1.8648069093905455
1.8073051545762506
1.7519284646137883
1.6985518356883451
1.6483003021332439
1.6020488906521806
1.5609226355784784
1.522671468245491
1.4906704916531877
1.4641696829126867
1.4419190038758507
1.4247934812463758
1.4125431073946348
1.4044178594317454
1.3995427106540117
1.399042695394757
1.4020427869502854
1.4079179662465284
1.4157932065797907
1.4256685079500717
1.436293832209235
1.447419171727653
1.4602945646534624
1.4714199041718803
1.483420270393994
1.4942956022827847
1.5050459303567616
1.5151712393566699
1.5239215063936278
1.5321717581713308
1.5390469679860834
1.5454221625415814
1.550422315134129
1.554672444837794
1.5585475630970183
1.5616726584673606
1.5644227423932615
1.566297799615467
1.5680478530228583
1.5702979216895046
1.5719229712820828
1.572547990356151
1.5736730246894741
1.5744230475783563
1.5752980742820522
1.5757980895413068
1.5764231086153753
1.5759230933561206
1.5762981048005615
1.5771731315042574
1.5776731467635121
1.5780481582079533
1.5795482039857174
1.57929819635609
1.5797982116153446
1.5797982116153446
1.5804232306894133
1.5811732535782954
1.5824232917264323
1.582923306985687
1.5847983642078922
1.5851733756523332
1.5865484176152838
1.588423474837489
1.5886734824671163
1.5905485396893215
1.5911735587633902
1.5931736198004092
1.5935486312448501
1.595173680837428
1.5969237342448195
1.5984237800225838
1.6001738334299753
1.6017988830225531
1.6034239326151312
1.6047989745780817
1.607424054689169
1.609049104281747
1.6110491653187657
1.6130492263557847
1.6156743064668722
1.6175493636890774
1.6204244514297923
1.6230495315408795
1.625674611651967
1.6277996765037996
1.630424756614887
1.633674855800043
1.635924924466689
1.6393000274666587
1.6425501266518143
1.645925229651784
1.6499253517258217
1.6528004394665363
1.656550553910947
1.659800653096103
1.6631757560960723
1.667300881984924
1.6705509811700798
1.6748011108737448
1.6794262520218513
1.683926389355144
1.6875514999847407
1.6918016296884062
1.6965517746513261
1.7006769005401776
1.7048020264290291
1.7095521713919493
1.7140523087252417
1.7190524613177893
1.723552598651082
1.729052766502884
1.7329278847621081
1.737803033539842
1.7429281899472029
1.7470533158360546
1.7521784722434155
1.7565536057618945
1.7614287545396283
1.76555388042848
1.7708040406506547
1.775804193243202
1.780179326761681
1.7848044679097874
1.7893046052430799
1.7934297311319314
1.7978048646504103
1.8019299905392623
1.8060551164281138
1.8105552537614062
1.813805352946562
1.817430463576159
1.8215555894650106
1.8255557115390486
1.829305825983459
1.8323059175389873
1.8348059938352612
1.838056093020417
1.8410561845759452
1.842806237983337
1.845181310464797
1.8479313943906979
1.8503064668721578
1.851556505020295
1.8533065584276864
1.8546816003906368
1.8556816309091464
1.8560566423535876
1.857056672872097
1.857431684316538
1.8576816919461654
1.8579316995757926
1.8576816919461654
1.857056672872097
1.8568066652424697
1.8558066347239601
1.8544315927610096
1.853556566057314
1.851556505020295
1.8498064516129031
1.8480563982055118
1.845181310464797
1.8439312723166599
1.8409311807611317
1.838056093020417
1.835306009094516
1.8318059022797326
1.8284307992797633
1.8254307077242347
1.8214305856501969
1.8173054597613454
1.8136803491317484
1.810305246131779
1.8058051087984863
1.8013049714651936
1.7971798455763421
1.7926797082430495
1.7884295785393842
1.7830544145023959
1.778554277169103
1.7736791283913693
1.7685539719840082
1.7633038117618336
1.7586786706137274
1.7543035370952484
1.7493033845027008
1.7443032319101537
1.7400531022064882
1.7348029419843134
1.7288027588732566
1.7238026062807095
1.7193024689474166
1.715177343058565
1.7101771904660177
1.7046770226142156
1.7006769005401776
1.695426740318003
1.6913016144291515
1.6869264809106725
1.6821763359477524
1.6773011871700187
1.6726760460219123
1.6690509353923155
1.666050843836787
1.6610506912442398
1.6574255806146427
1.653425458540605
1.6495503402813807
1.6463002410962249
1.642675130466628
1.6388000122074038
1.6360499282815029
1.632299813837092
1.62917471846675
1.626424634540849
1.6234245429853207
1.620924466689047
1.6179243751335184
1.6159243140964994
1.6135492416150394
1.6107991576891385
1.6080490737632376
1.6065490279854733
1.6042989593188268
1.6021738944669943
1.60067384868923
1.5992988067262794
1.597173741874447
1.5950486770226142
1.594798669392987
1.5926736045411543
1.5911735587633902
1.5896735129856259
1.5886734824671163
1.5877984557634206
1.5871734366893522
1.5861734061708426
1.5845483565782648
1.5845483565782648
1.5831733146153144
1.5825482955412458
1.58167326883755
1.5811732535782954
1.5802982268745993
1.5799232154301586
1.5797982116153446
1.579673207800531
1.5790481887264625
1.57929819635609
1.5785481734672078
1.5776731467635121
1.5774231391338847
1.5774231391338847
1.5767981200598165
1.5766731162450025
1.5770481276894437
1.5771731315042574
1.5771731315042574
1.5777981505783258
1.5774231391338847
1.5766731162450025
1.5762981048005615
1.57692312387463
1.576548112430189
1.5766731162450025
1.5767981200598165
1.57692312387463
1.5774231391338847
1.5767981200598165
1.5761731009857478
1.5772981353190711
1.5767981200598165
1.5770481276894437
1.5785481734672078
1.5772981353190711
1.5777981505783258
1.5781731620227668
1.5785481734672078
1.57692312387463
1.5787981810968352
1.5785481734672078
1.5785481734672078
1.5790481887264625
1.5801732230597858
1.5799232154301586
1.5794232001709037
1.5797982116153446
1.5802982268745993
1.5804232306894133
1.57929819635609
1.5804232306894133
1.5801732230597858
1.5802982268745993
1.5807982421338542
1.5807982421338542
1.5815482650227364
1.5817982726523636
1.5821732840968048
1.5824232917264323
1.5821732840968048
1.5826732993560595
1.5825482955412458
1.5825482955412458
1.5830483108005005
1.5837983336893826
1.583298318430128
1.5837983336893826
1.58404834131901
1.5842983489486373
1.5831733146153144
1.5841733451338236
1.5851733756523332
1.5841733451338236
1.5846733603930783
1.586048402356029
1.5857983947264016
1.5854233832819604
1.5857983947264016
1.5859233985412151
1.5874234443189794
1.5857983947264016
1.58642341380047
1.5861734061708426
1.5867984252449112
1.5867984252449112
1.5862984099856563
1.587298440504166
1.5874234443189794
1.5882984710226753
1.5881734672078616
1.588423474837489
1.5886734824671163
1.5882984710226753
1.5885484786523028
1.5894235053559984
1.58879848628193
1.58879848628193
1.5895485091708121
1.5897985168004394
1.5897985168004394
1.5909235511337627
1.5901735282448806
1.5900485244300668
1.5901735282448806
1.5901735282448806
1.590423535874508
1.5906735435041353
1.590798547318949
1.592423596911527
1.5917985778374584
1.5920485854670858
1.5917985778374584
1.5920485854670858
1.5917985778374584
1.5920485854670858
1.5916735740226449
1.5925486007263405
1.5929236121707817
1.5931736198004092
1.5934236274300364
1.5937986388744774
1.5939236426892909
1.5936736350596639
1.5945486617633595
1.5932986236152227
1.5939236426892909
1.5939236426892909
1.5944236579485458
1.594798669392987
1.5944236579485458
1.5945486617633595
1.594798669392987
1.5955486922818691
1.594298654133732
1.5954236884670552
1.5964237189855648
1.5950486770226142
1.5959237037263099
1.5961737113559373
1.5965487228003785
1.5975487533188881
1.5972987456892607
1.596673726615192
1.5969237342448195
1.596798730430006
1.5976737571337016
1.5974237495040742
1.5972987456892607
1.5975487533188881
1.5977987609485154
1.5977987609485154
1.5975487533188881
1.5977987609485154
1.5980487685781428
1.5975487533188881
1.598673787652211
1.59829877620777
1.598798791467025
1.5996738181707206
1.5992988067262794
1.599548814355907
1.5997988219855341
1.5996738181707206
1.5996738181707206
1.599548814355907
1.599548814355907
1.5999238258003479
1.6001738334299753
1.6004238410596028
1.6012988677632984
1.6015488753929257
1.601048860133671
1.601173863948485
1.6015488753929257
1.6015488753929257
1.6017988830225531
1.6020488906521806
1.6022988982818078
1.602673909726249
1.60304892117069
1.6036739402447586
1.6044239631336406
1.6039239478743859
1.6042989593188268
1.6041739555040133
1.6052989898373364
1.6067990356151007
1.6071740470595417
1.6072990508743554
1.6085490890224923
1.6095491195410014
1.6100491348002564
1.611424176763207
1.6119241920224616
1.6127992187261575
1.614549272133549
1.6157993102816859
1.6179243751335184
1.6197994323557239
1.6211744743186742
1.6231745353556932
1.6254246040223395
1.6270496536149175
1.6295497299111912
1.63154979094821
1.633674855800043
1.6365499435407576
1.6404250617999818
1.6428001342814416
1.6464252449110386
1.6498003479110082
1.6533004547257912
1.6563005462813196
1.6595506454664755
1.6636757713553272
1.667300881984924
1.6719260231330302
1.6766761680959503
1.6805512863551746
1.6855514389477217
1.6916766258735922
1.6949267250587483
1.6994268623920408
1.7046770226142156
1.7096771752067628
1.7143023163548692
1.719552476577044
1.725052644428846
1.7291777703176978
1.734302926725059
1.7390530716879788
1.7435532090212715
1.7473033234656818
1.7515534531693473
1.755178563798944
1.7583036591692862
1.7624287850581377
1.7649288613544114
1.76792895290994
1.7701790215765862
1.7729291055024872
1.7744291512802515
1.7749291665395062
1.7768042237617114
1.7773042390209661
1.7778042542802208
1.7780542619098483
1.7778042542802208
1.7771792352061526
1.776554216132084
1.7756791894283883
1.7735541245765558
1.7729291055024872
1.7695540025025178
1.7670539262062441
1.7645538499099704
1.7614287545396283
1.7580536515396588
1.754428540910062
1.7508034302804651
1.7469283120212409
1.742553178502762
1.7380530411694692
1.7328028809472946
1.7286777550584431
1.7233025910214546
1.718427442243721
1.7135522934659873
1.7086771446882534
1.704052003540147
1.6990518509475998
1.6939266945402387
1.6885515305032504
1.684676412244026
1.6791762443922238
1.6740510879848627
1.6694259468367565
1.665300820947905
1.6603006683553576
1.6568005615405743
1.6530504470961638
1.649050325022126
1.6448001953184606
1.6414250923184912
1.6376749778740807
1.6341748710592976
1.630799768059328
1.628424695577868
1.6259246192815942
1.6227995239112523
1.6206744590594195
1.618924405652028
1.6166743369853815
1.6146742759483628
1.6127992187261575
1.6107991576891385
1.6089241004669332
1.6077990661336101
1.6065490279854733
1.6055489974669637
1.6044239631336406
1.6037989440595721
1.602673909726249
1.6017988830225531
1.6009238563188575
1.6002988372447888
1.5989237952818385
1.5990487990966522
1.6014238715781122
1.598798791467025
1.597173741874447
1.5965487228003785
1.5960487075411238
1.5940486465041048
1.592798608355968
1.5917985778374584
1.5895485091708121
1.5869234290597247
1.5855483870967744
1.58167326883755
1.5786731772820215
1.5744230475783563
1.5696729026154363
1.5629226966154972
1.5569225135044404
1.5505473189489425
1.5429220862453077
1.535671864986114
1.5272966093935971
1.5215464339121678
1.5142962126529742
1.5077960142826623
1.5026708578753014
1.4995457625049593
1.4959206518753625
1.495670644245735
1.4977957090975678
1.5026708578753014
1.5109211096530044
1.521796441541795
1.5372969145786919
1.5565475020599995
1.5802982268745993
1.6077990661336101
1.64105008087405
1.677551194799646
1.7193024689474166
1.764803857539598
1.81305533005768
1.8644318979461045
1.9181835383159886
1.971935178685873
2.025561815240944
2.078063417462691
2.1266899014252147
2.172191290017395
2.211942503128147
2.2441934873500777
2.268944242683187
2.2859447614978485
2.2908199102755824
2.2678192083498643
2.2555688344981233
2.2340681783501695
2.2024422132023074
2.1648160649433885
2.119689687795648
2.0685631275368515
2.014561479537339
1.9579347514267404
1.9000579851680046
1.841931211279641
1.7853044831690421
1.7300527970213935
1.6778012024292734
1.630049745170446
1.5849233680227057
1.5445471358378857
1.509171056245613
1.4795451521347698
1.4534193548387098
1.434293771172216
1.419668324839015
1.4087929929502243
1.4024177983947264
1.399042695394757
1.4000427259132666
1.4041678518021181
1.410918057802057
1.4190433057649465
1.4280435804315317
1.4407939695425276
1.4527943357646413
1.4647947019867549
1.4772950834681233
1.4882954191717277
1.4991707510605183
1.5092960600604266
1.5185463423566392
1.5277966246528518
1.5351718497268594
1.541672048097171
1.5476722312082278
1.5525473799859615
1.5569225135044404
1.5604226203192237
1.5629226966154972
1.565422772911771
1.567047822504349
1.5691728873561817
1.5704229255043185
1.57217297891171
1.5731730094302194
1.5740480361339153
1.5747980590227975
1.5756730857264931
1.5756730857264931
1.5760480971709343
1.5764231086153753
1.576548112430189
1.5777981505783258
1.5771731315042574
1.5781731620227668
1.578923184911649
1.5791731925412764
1.5802982268745993
1.5801732230597858
1.5805482345042268
1.58167326883755
1.5824232917264323
1.5830483108005005
1.584423352763451
1.5861734061708426
1.5869234290597247
1.5877984557634206
1.5901735282448806
1.5911735587633902
1.5926736045411543
1.5930486159855952
1.5945486617633595
1.5954236884670552
1.5989237952818385
1.5990487990966522
1.6009238563188575
1.6021738944669943
1.6042989593188268
1.6066740318002868
1.6076740623187964
1.6096741233558154
1.611799188207648
1.6129242225409712
1.614549272133549
1.6197994323557239
1.6214244819483017
1.6242995696890163
1.6266746421704763
1.6294247260963775
1.6319248023926511
1.6346748863185523
1.6372999664296397
1.6408000732444226
1.6449251991332745
1.6473002716147345
1.6508003784295175
1.654550492873928
1.6583006073183386
1.6615507065034945
1.6650508133182775
1.6685509201330608
1.6730510574663533
1.6765511642811366
1.6813013092440567
1.6851764275032808
1.6893015533921325
1.6935516830957975
1.6984268318735312
1.701801934873501
1.7070520950956756
1.7113022247993408
1.7158023621326335
1.7205525070955536
1.726302682576983
1.7304278084658344
1.735302957243568
1.740553117465743
1.7448032471694084
1.7495533921323283
1.7546785485396894
1.7586786706137274
1.7633038117618336
1.767803949095126
1.7736791283913693
1.778554277169103
1.7823043916135137
1.7873045442060609
1.7913046662800989
1.7956797997985778
1.8005549485763115
1.8038050477614673
1.8074301583910641
1.812305307168798
1.8173054597613454
1.8200555436872463
1.8233056428724022
1.8271807611316264
1.8303058565019683
1.8341809747611926
1.836056031983398
1.8391811273537402
1.8416812036500139
1.8444312875759148
1.8474313791314432
1.8475563829462571
1.8504314706869718
1.8529315469832455
1.8540565813165686
1.8553066194647054
1.8553066194647054
1.857056672872097
1.857056672872097
1.8568066652424697
1.8576816919461654
1.8571816766869107
1.8578066957609791
1.8568066652424697
1.8564316537980285
1.855431623279519
1.853181554612873
1.8523065279091768
1.8503064668721578
1.848806421094394
1.846681356242561
1.844806299020356
1.8420562150944548
1.8394311349833674
1.8369310586870937
1.8336809595019379
1.8299308450575276
1.8270557573168127
1.8234306466872157
1.8195555284279916
1.8166804406872767
1.812305307168798
1.8081801812799463
1.80355504013184
1.7996799218726158
1.7956797997985778
1.7905546433912167
1.7860545060579243
1.7809293496505632
1.775429181798761
1.7708040406506547
1.766303903317362
1.76080373546556
1.7565536057618945
1.752053468428602
1.7471783196508683
1.7423031708731347
1.7363029877620777
1.7315528427991578
1.7264276863917967
1.7216775414288765
1.7169273964659566
1.7116772362437818
1.707677114169744
1.702926969206824
1.6980518204290902
1.6931766716513565
1.6895515610217597
1.684301400799585
1.6798012634662924
1.6750511185033723
1.6714260078737755
1.666425855281228
1.6630507522812585
1.6591756340220343
1.655425519577624
1.6511753898739585
1.6471752677999205
1.643925168614765
1.6405500656147955
1.6365499435407576
1.6341748710592976
1.6302997528000733
1.6282996917630543
1.6244245735038303
1.6225495162816248
1.6192994170964692
1.6175493636890774
1.6144242683187355
1.612174199652089
1.6091741080965607
1.6075490585039827
1.605048982207709
1.6040489516891996
1.6016738792077396
1.60067384868923
1.598673787652211
1.5957986999114964
1.5949236732078005
1.5932986236152227
1.5917985778374584
1.5911735587633902
1.58879848628193
1.5881734672078616
1.5874234443189794
1.5871734366893522
1.5861734061708426
1.5839233375041963
1.582923306985687
1.582923306985687
1.582048280281991
1.5814232612079226
1.5801732230597858
1.5807982421338542
1.5802982268745993
1.580048219244972
1.5794232001709037
1.5784231696523943
1.5785481734672078
1.5780481582079533
1.5776731467635121
1.5774231391338847
1.5771731315042574
1.5771731315042574
1.5770481276894437
1.5777981505783258
1.5766731162450025
1.5767981200598165
1.5760480971709343
1.57692312387463
1.5762981048005615
1.576548112430189
1.5772981353190711
1.5770481276894437
1.5767981200598165
1.5770481276894437
1.5771731315042574
1.5772981353190711
1.576548112430189
1.5772981353190711
1.57692312387463
1.5767981200598165
1.5775481429486986
1.5797982116153446
1.5779231543931396
1.5779231543931396
1.5784231696523943
1.5790481887264625
1.5781731620227668
1.5787981810968352
1.57929819635609
1.578923184911649
1.5791731925412764
1.5794232001709037
1.5794232001709037
1.5795482039857174
1.580048219244972
1.5815482650227364
1.580923245948668
1.5802982268745993
1.5801732230597858
1.5801732230597858
1.580923245948668
1.58167326883755
1.5811732535782954
1.5819232764671776
1.5822982879116183
1.5821732840968048
1.5815482650227364
1.5824232917264323
1.5822982879116183
1.5825482955412458
1.5825482955412458
1.5836733298745689
1.5830483108005005
1.5835483260597554
1.5836733298745689
1.58404834131901
1.5849233680227057
1.5841733451338236
1.5845483565782648
1.5845483565782648
1.5845483565782648
1.5851733756523332
1.5851733756523332
1.5856733909115879
1.5859233985412151
1.5856733909115879
1.586048402356029
1.587298440504166
1.5861734061708426
1.5867984252449112
1.5865484176152838
1.5867984252449112
1.5857983947264016
1.5875484481337934
1.587923459578234
1.5882984710226753
1.5889234900967437
1.5869234290597247
1.5882984710226753
1.5885484786523028
1.5877984557634206
1.5885484786523028
1.5885484786523028
1.5894235053559984
1.5890484939115572
1.5897985168004394
1.5900485244300668
1.590298532059694
1.589923520615253
1.590298532059694
1.5895485091708121
1.5906735435041353
1.590798547318949
1.590798547318949
1.5906735435041353
1.5915485702078311
1.5914235663930174
1.5917985778374584
1.592798608355968
1.5920485854670858
1.5917985778374584
1.5921735892818996
1.5926736045411543
1.592298593096713
1.5926736045411543
1.592798608355968
1.5931736198004092
1.5934236274300364
1.5934236274300364
1.5936736350596639
1.5940486465041048
1.5940486465041048
1.594298654133732
1.5931736198004092
1.5945486617633595
1.594673665578173
1.594798669392987
1.5954236884670552
1.595173680837428
1.5954236884670552
1.5949236732078005
1.594798669392987
1.5957986999114964
1.595173680837428
1.5959237037263099
1.5960487075411238
1.596298715170751
1.596673726615192
1.5970487380596332
1.596798730430006
1.596798730430006
1.5969237342448195
1.596798730430006
1.5965487228003785
1.5976737571337016
1.5972987456892607
1.59829877620777
1.5976737571337016
1.5975487533188881
1.5980487685781428
1.5976737571337016
1.5981737723929563
1.5979237647633289
1.5981737723929563
1.598673787652211
1.5990487990966522
1.5989237952818385
1.5997988219855341
1.5997988219855341
1.5994238105410932
1.599548814355907
1.5992988067262794
1.6002988372447888
1.5999238258003479
1.6002988372447888
1.6000488296151616
1.6009238563188575
1.6007988525040437
1.6004238410596028
1.6014238715781122
1.6012988677632984
1.6014238715781122
1.6017988830225531
1.6022988982818078
1.60304892117069
1.60304892117069
1.60304892117069
1.603173924985504
1.603173924985504
1.6034239326151312
1.6044239631336406
1.6042989593188268
1.605048982207709
1.60542399365215
1.6057990050965911
1.607049043244728
1.607424054689169
1.6086740928373058
1.6092991119113744
1.6107991576891385
1.6115491805780204
1.6122992034669026
1.6136742454298534
1.6151742912076175
1.6174243598742637
1.6184243903927733
1.6205494552446058
1.6222995086519973
1.624049562059389
1.6262996307260353
1.6287997070223093
1.630799768059328
1.6334248481704154
1.635924924466689
1.6380499893185219
1.6420501113925596
1.6449251991332745
1.6481752983184301
1.651800408948027
1.6540504776146734
1.6586756187627796
1.6620507217627492
1.6659258400219734
1.669675954466384
1.6753011261329998
1.6790512405774103
1.683051362651448
1.6879265114291817
1.6924266487624744
1.6971767937253945
1.702926969206824
1.707677114169744
1.7123022553178504
1.7174274117252115
1.7224275643177587
1.7274277169103063
1.732677877132481
1.737303018280587
1.741303140354625
1.7458032776879178
1.749678395947142
1.7535535142063663
1.756803613391522
1.7603037202063052
1.7638038270210883
1.7669289223914304
1.7694289986877043
1.771804071169164
1.773804132206183
1.7753041779839474
1.777054231391339
1.7769292275765252
1.7776792504654073
1.7776792504654073
1.7780542619098483
1.7768042237617114
1.7769292275765252
1.7763042085024567
1.7748041627246927
1.7725540940580462
1.7719290749839778
1.7681789605395672
1.7651788689840389
1.7624287850581377
1.760428724021119
1.7561785943174535
1.752428479873043
1.7485533616138187
1.744553239539781
1.7403031098361157
1.7359279763176367
1.7308028199102756
1.7260526749473555
1.7205525070955536
1.7159273659474472
1.7123022553178504
1.70617706839198
1.7014269234290598
1.6968017822809534
1.691426618243965
1.685926450392163
1.6816763206884975
1.6766761680959503
1.6718010193182167
1.66717587817011
1.6639257789849544
1.6586756187627796
1.6546754966887418
1.6503003631702629
1.6469252601702933
1.6436751609851377
1.6394250312814722
1.6356749168370617
1.6326748252815333
1.6294247260963775
1.6270496536149175
1.6241745658742028
1.6215494857631152
1.6195494247260964
1.6171743522446362
1.6162993255409406
1.6136742454298534
1.611424176763207
1.6095491195410014
1.6085490890224923
1.6076740623187964
1.6055489974669637
1.6049239783928952
1.6041739555040133
1.6029239173558765
1.6029239173558765
1.6020488906521806
1.6002988372447888
1.599548814355907
1.5992988067262794
1.598798791467025
1.5981737723929563
1.5972987456892607
1.5965487228003785
1.596298715170751
1.594673665578173
1.5932986236152227
1.5926736045411543
1.5901735282448806
1.588048463393048
1.5859233985412151
1.583298318430128
1.5801732230597858
1.5759230933561206
1.5717979674672689
1.566297799615467
1.5596725974303416
1.553547410504471
1.5465471968749047
1.5387969603564562
1.5314217352824486
1.524296517838069
1.5169212927640614
1.510796105838191
1.5050459303567616
1.5002957853938415
1.4969206823938719
1.4957956480605488
1.4971706900234993
1.4997957701345868
1.506795983764153
1.5167962889492477
1.5296716818750573
1.5470472121341592
1.5687978759117405
1.5941736503189183
1.6254246040223395
1.6601756645405439
1.6991768547624133
1.7426781823175757
1.790054628131962
1.8409311807611317
1.8935577867976927
1.9471844233527635
2.001311075167089
2.0540626850184633
2.1048142338328195
2.1520656758323926
2.1944419690542314
2.2303180639057585
2.258443922238838
2.2796945707571643
2.289569872127445
2.2779445173497725
2.2620690328684345
2.24494351023896
2.218442701498459
2.182816614276559
2.141565355388043
2.0934388866847744
2.039812250129704
1.9844355601672414
1.9258087710196234
1.8684320200201423
1.8113052766502884
1.7563035981322672
1.7024269539475692
1.6528004394665363
1.6052989898373364
1.5635477156895659
1.5251715445417646
1.4927955565050204
1.467544785912656
1.443419049653615
1.4260435193945127
1.4134181340983307
1.4044178594317454
1.3989176915799433
1.3997927182836392
1.4019177831354717
1.4076679586169012
1.4146681722464676
1.423168431653798
1.4352938016907255
1.4465441450239571
1.4596695455793938
1.4705448774681846
1.482670247505112
1.49379558702353
1.5047959227271341
1.5140462050233467
1.5230464796899321
1.5304217047639395
1.5392969756157109
1.5449221472823267
1.550422315134129
1.5541724295785393
1.558672566911832
1.5605476241340372
1.5640477309488205
1.5666728110599077
1.5684228644672995
1.569422894985809
1.5714229560228279
1.572547990356151
1.5740480361339153
1.5747980590227975
1.5750480666524247
1.5760480971709343
1.5764231086153753
1.5757980895413068
1.5761731009857478
1.5777981505783258
1.5764231086153753
1.5776731467635121
1.5784231696523943
1.5786731772820215
1.5774231391338847
1.5801732230597858
1.5806732383190405
1.5811732535782954
1.582048280281991
1.5834233222449416
1.584423352763451
1.5854233832819604
1.58642341380047
1.5881734672078616
1.58879848628193
1.5889234900967437
1.5910485549485762
1.592798608355968
1.5931736198004092
1.594798669392987
1.5970487380596332
1.5980487685781428
1.6000488296151616
1.6016738792077396
1.6035489364299447
1.6036739402447586
1.6065490279854733
1.6084240852076785
1.6107991576891385
1.6130492263557847
1.6157993102816859
1.6175493636890774
1.6201744438001648
1.62204950102237
1.6250495925778985
1.627674672688986
1.6299247413556321
1.6332998443556017
1.6356749168370617
1.6391750236518448
1.6416750999481187
1.6458002258369702
1.6489253212073123
1.652550431836909
1.6560505386516924
1.6595506454664755
1.663300759910886
1.6665508590960418
1.670050965910825
1.6746761070589313
1.678676229132969
1.6828013550218206
1.6871764885402998
1.691426618243965
1.6960517593920712
1.7006769005401776
1.704052003540147
1.7093021637623218
1.7133022858363598
1.7180524307992797
1.7230525833918273
1.7286777550584431
1.7321778618732262
1.737428022095401
1.7424281746879482
1.7469283120212409
1.7515534531693473
1.756428601947081
1.76080373546556
1.7654288766136663
1.7691789910580769
1.7748041627246927
1.7795543076876126
1.7839294412060915
1.7890545976134526
1.7933047273171179
1.7968048341319012
1.8019299905392623
1.8058051087984863
1.8093052156132694
1.8136803491317484
1.8166804406872767
1.8214305856501969
1.82493069246498
1.8286808069093905
1.8318059022797326
1.8355560167241434
1.8378060853907896
1.840431165501877
1.842806237983337
1.8453063142796107
1.848306405835139
1.8496814477980896
1.851181493575854
1.8533065584276864
1.8548066042054507
1.8555566270943329
1.8559316385387736
1.857056672872097
1.8573066805017244
1.8571816766869107
1.8564316537980285
1.8586817224646748
1.8573066805017244
1.8568066652424697
1.8560566423535876
1.8548066042054507
1.853556566057314
1.8518065126499221
1.8500564592425306
1.8480563982055118
1.8461813409833063
1.8435562608722191
1.8413061922055727
1.8390561235389262
1.8356810205389569
1.8334309518723106
1.8299308450575276
1.8259307229834896
1.8220556047242653
1.8173054597613454
1.8144303720206305
1.81068025757622
1.8060551164281138
1.8020549943540758
1.7983048799096653
1.7935547349467453
1.7883045747245705
1.783679433576464
1.7789292886135442
1.7740541398358105
1.7696790063173315
1.7643038422803432
1.7594286935026096
1.754428540910062
1.749678395947142
1.7451782586138493
1.7400531022064882
1.7349279457991271
1.7301778008362072
1.7251776482436598
1.719552476577044
1.7146773277993104
1.7101771904660177
1.705677053132725
1.7014269234290598
1.6969267860957673
1.691051606799524
1.6871764885402998
1.6823013397625661
1.677926206244087
1.6738010803552354
1.6703009735404524
1.6654258247627187
1.6614257026886807
1.657800592059084
1.653425458540605
1.6489253212073123
1.6464252449110386
1.642675130466628
1.6391750236518448
1.6361749320963164
1.6329248329111608
1.630424756614887
1.626424634540849
1.624049562059389
1.6210494705038605
1.6186743980224005
1.6156743064668722
1.6136742454298534
1.6107991576891385
1.6085490890224923
1.6071740470595417
1.6047989745780817
1.6025489059114353
1.6009238563188575
1.5996738181707206
1.597173741874447
1.5950486770226142
1.594298654133732
1.5929236121707817
1.5911735587633902
1.5901735282448806
1.590798547318949
1.588048463393048
1.5871734366893522
1.5861734061708426
1.5855483870967744
1.5837983336893826
1.5836733298745689
1.582923306985687
1.5810482497634815
1.5814232612079226
1.5807982421338542
1.5801732230597858
1.5797982116153446
1.57929819635609
1.578923184911649
1.5785481734672078
1.5782981658375803
1.5776731467635121
1.5774231391338847
1.5775481429486986
1.5772981353190711
1.5774231391338847
1.5770481276894437
1.5774231391338847
1.57692312387463
1.5770481276894437
1.5766731162450025
1.5764231086153753
1.5762981048005615
1.5766731162450025
1.5767981200598165
1.5779231543931396
1.5767981200598165
1.5772981353190711
1.5771731315042574
1.5764231086153753
1.5770481276894437
1.5772981353190711
1.5771731315042574
1.57692312387463
1.5770481276894437
1.5771731315042574
1.5781731620227668
1.5782981658375803
1.5784231696523943
1.5782981658375803
1.5786731772820215
1.5786731772820215
1.578923184911649
1.5784231696523943
1.57929819635609
1.578923184911649
1.5797982116153446
1.5799232154301586
1.5805482345042268
1.5801732230597858
1.5805482345042268
1.5804232306894133
1.5804232306894133
1.5806732383190405
1.580923245948668
1.5826732993560595
1.581298257393109
1.5819232764671776
1.5824232917264323
1.5817982726523636
1.5811732535782954
1.5824232917264323
1.5822982879116183
1.5825482955412458
1.5826732993560595
1.5836733298745689
1.5831733146153144
1.5834233222449416
1.58404834131901
1.5837983336893826
1.58404834131901
1.5851733756523332
1.5841733451338236
1.5841733451338236
1.5845483565782648
1.5857983947264016
1.5854233832819604
1.5855483870967744
1.5862984099856563
1.5857983947264016
1.586048402356029
1.5862984099856563
1.5862984099856563
1.5870484328745385
1.5866734214300973
1.5867984252449112
1.58642341380047
1.587298440504166
1.588048463393048
1.588048463393048
1.5882984710226753
1.5885484786523028
1.588423474837489
1.5881734672078616
1.588423474837489
1.5889234900967437
1.5901735282448806
1.5891734977263712
1.5896735129856259
1.5897985168004394
1.5906735435041353
1.590298532059694
1.5901735282448806
1.5901735282448806
1.5896735129856259
1.590423535874508
1.5912985625782037
1.5909235511337627
1.5912985625782037
1.591923581652272
1.5911735587633902
1.5917985778374584
1.5917985778374584
1.5920485854670858
1.5920485854670858
1.5917985778374584
1.5936736350596639
1.5925486007263405
1.592798608355968
1.5931736198004092
1.5932986236152227
1.5931736198004092
1.5932986236152227
1.5935486312448501
1.5935486312448501
1.5936736350596639
1.5940486465041048
1.5941736503189183
1.5945486617633595
1.5950486770226142
1.5952986846522417
1.595173680837428
1.594798669392987
1.595173680837428
1.5956736960966826
1.5950486770226142
1.5959237037263099
1.5956736960966826
1.5960487075411238
1.5964237189855648
1.5965487228003785
1.597173741874447
1.5961737113559373
1.596673726615192
1.5964237189855648
1.5964237189855648
1.5969237342448195
1.5969237342448195
1.5974237495040742
1.5981737723929563
1.5980487685781428
1.59829877620777
1.5979237647633289
1.5979237647633289
1.5977987609485154
1.5979237647633289
1.5994238105410932
1.598673787652211
1.5990487990966522
1.5989237952818385
1.5989237952818385
1.5989237952818385
1.5989237952818385
1.598673787652211
1.5994238105410932
1.599548814355907
1.5994238105410932
1.5996738181707206
1.5996738181707206
1.6005488448744163
1.6009238563188575
1.601048860133671
1.6007988525040437
1.6014238715781122
1.6012988677632984
1.601173863948485
1.6015488753929257
1.6027989135410627
1.6021738944669943
1.6025489059114353
1.603173924985504
1.6039239478743859
1.60304892117069
1.6044239631336406
1.6044239631336406
1.6042989593188268
1.6047989745780817
1.6056740012817774
1.6060490127262186
1.607049043244728
1.6082990813928648
1.6089241004669332
1.6102991424298836
1.6107991576891385
1.6120491958372754
1.61254921109653
1.6142992645039216
1.6174243598742637
1.616924344615009
1.6187994018372145
1.6214244819483017
1.622924527726066
1.6261746269112216
1.6267996459852903
1.62917471846675
1.631174779503769
1.633674855800043
1.63629993591113
1.6405500656147955
1.6428001342814416
1.645925229651784
1.6491753288369395
1.6526754356517228
1.656550553910947
1.6594256416516617
1.6631757560960723
1.6675508896145512
1.671676015503403
1.6758011413922544
1.6796762596514787
1.6849264198736535
1.6901765800958282
1.6945517136143071
1.6994268623920408
1.7035519882808923
1.7089271523178808
1.7141773125400557
1.7191774651326028
1.724302621539964
1.7288027588732566
1.7335529038361768
1.7388030640583514
1.7423031708731347
1.7459282815027315
1.7509284340952787
1.754428540910062
1.7578036439100315
1.7614287545396283
1.764803857539598
1.7675539414654988
1.7700540177617725
1.7725540940580462
1.7744291512802515
1.7763042085024567
1.776679219946898
1.7775542466505936
1.7778042542802208
1.7778042542802208
1.7783042695394757
1.7776792504654073
1.7768042237617114
1.7756791894283883
1.7744291512802515
1.7708040406506547
1.7694289986877043
1.7673039338358714
1.7646788537247842
1.7614287545396283
1.7594286935026096
1.755178563798944
1.751178441724906
1.7475533310953093
1.7430531937620168
1.7386780602435379
1.7339279152806177
1.7291777703176978
1.7246776329844051
1.719552476577044
1.7149273354289376
1.710052186651204
1.7048020264290291
1.699676870021668
1.6950517288735618
1.6900515762810144
1.6853014313180945
1.6801762749107334
1.675176122318186
1.6703009735404524
1.666050843836787
1.6616757103183082
1.6573005767998292
1.6533004547257912
1.6506753746147038
1.645925229651784
1.6418001037629322
1.6385500045777766
1.6349248939481797
1.63154979094821
1.6286747032074953
1.6254246040223395
1.6234245429853207
1.6211744743186742
1.6191744132816552
1.6167993408001955
1.6147992797631765
1.61254921109653
1.6110491653187657
1.6092991119113744
1.6080490737632376
1.6066740318002868
1.6057990050965911
1.6044239631336406
1.6040489516891996
1.6029239173558765
1.6016738792077396
1.6009238563188575
1.6007988525040437
1.5994238105410932
1.598673787652211
1.5979237647633289
1.5972987456892607
1.5976737571337016
1.5969237342448195
1.596298715170751
1.5956736960966826
1.592798608355968
1.5910485549485762
1.589923520615253
1.5877984557634206
1.5857983947264016
1.5814232612079226
1.5790481887264625
1.574923062837611
1.5702979216895046
1.565797784356212
1.5580475478377636
1.5519223609118933
1.5442971282082585
1.536921903134251
1.5296716818750573
1.522171452986236
1.5152962431714836
1.509171056245613
1.504045899838252
1.4990457472457046
1.4965456709494307
1.4957956480605488
1.4971706900234993
1.5012958159123508
1.5082960295419172
1.5195463728751488
1.5335468001342816
1.5517973570970793
1.5752980742820522
1.6015488753929257
1.6332998443556017
1.669675954466384
1.7098021790215767
1.7543035370952484
1.8020549943540758
1.853181554612873
1.9056831568346204
1.9599348124637592
2.014436475722526
2.0665630664998322
2.117314615314188
2.162565996276742
2.2041922666096987
2.237318277535325
2.264319101535081
2.2833196813867613
2.2913199255348373
2.271444318979461
2.2590689413129064
2.239068330942717
2.2099424420911284
2.1735663319803464
2.130565019684439
2.080188482314524
2.0264368419446397
1.9704351329081087
1.9139334086123234
1.8548066042054507
1.7976798608355968
1.7424281746879482
1.6898015686513872
1.6405500656147955
1.594798669392987
1.5532974028748436
1.5170462965788751
1.4860453505050812
1.459169530320139
1.4386689046906949
1.4222934049501021
1.4100430310983612
1.4030428174687948
1.399417706839198
1.3996677144688254
1.4031678212836085
1.4090430005798518
1.4167932370983
1.4281685842463454
1.4379188818018127
1.449794244209113
1.4625446333201089
1.4741699880977814
1.4847953123569444
1.4962956633198035
1.5070459913937804
1.5166712851344342
1.525796563615833
1.533671803949095
1.5404220099490342
1.5459221778008363
1.5517973570970793
1.555172460097049
1.559172582171087
1.561922666096988
1.564172734763634
1.5664228034302805
1.5684228644672995
1.5710479445783867
1.5715479598376416
1.5727979979857785
1.5740480361339153
1.5747980590227975
1.5754230780968657
1.5752980742820522
1.5757980895413068
1.5759230933561206
1.5762981048005615
1.5762981048005615
1.57692312387463
1.5777981505783258
1.5781731620227668
1.5791731925412764
1.5794232001709037
1.5794232001709037
1.5811732535782954
1.5810482497634815
1.5821732840968048
1.5826732993560595
1.585298379467147
1.5856733909115879
1.5876734519486069
1.588048463393048
1.5895485091708121
1.5911735587633902
1.5915485702078311
1.5926736045411543
1.5932986236152227
1.5929236121707817
1.596798730430006
1.5985487838373975
1.6004238410596028
1.6020488906521806
1.605048982207709
1.6060490127262186
1.607424054689169
1.609424115726188
1.6109241615039522
1.613799249244667
1.6157993102816859
1.6182993865779596
1.620924466689047
1.6234245429853207
1.626049623096408
1.6281746879482406
1.6310497756889553
1.6341748710592976
1.6365499435407576
1.6391750236518448
1.643050141911069
1.6461752372814111
1.6501753593554491
1.6535504623554185
1.6564255500961331
1.6606756797997986
1.6639257789849544
1.667675893429365
1.6710509964293345
1.675551133762627
1.679926267281106
1.6841763969847714
1.6881765190588092
1.6929266640217293
1.6969267860957673
1.700176885280923
1.7059270607623525
1.7106772057252724
1.714427320169683
1.719927488021485
1.7238026062807095
1.7289277626880704
1.7338029114658042
1.7388030640583514
1.743303201391644
1.7473033234656818
1.7528034913174841
1.7580536515396588
1.7620537736136967
1.7666789147618032
1.7724290902432325
1.7751791741691336
1.7810543534653769
1.785679494613483
1.789679616687521
1.794054750206
1.8003049409466843
1.8026800134281442
1.806805139316996
1.8108052613910337
1.8145553758354442
1.8191805169835507
1.8223056123538928
1.8261807306131168
1.8298058412427136
1.8330559404278695
1.8370560625019074
1.8383061006500443
1.8410561845759452
1.8433062532425917
1.8461813409833063
1.8476813867610706
1.8501814630573443
1.8525565355388043
1.8536815698721276
1.855056611835078
1.8545565965758233
1.8563066499832148
1.857056672872097
1.8576816919461654
1.8579316995757926
1.8568066652424697
1.857431684316538
1.8566816614276558
1.8566816614276558
1.855431623279519
1.853556566057314
1.852681539353618
1.851556505020295
1.8489314249092075
1.847181371501816
1.8455563219092381
1.8431812494277782
1.8401811578722496
1.8378060853907896
1.83443098239082
1.8311808832056644
1.8283057954649493
1.82493069246498
1.8204305551316875
1.817055452131718
1.813430341502121
1.8096802270577106
1.8049300820947904
1.8013049714651936
1.7966798303170874
1.7905546433912167
1.7866795251319927
1.7821793877986998
1.7773042390209661
1.7730541093173011
1.7684289681691947
1.763553819391461
1.7581786553544725
1.7534285103915526
1.7483033539841915
1.7431781975768303
1.7380530411694692
1.733427900021363
1.7288027588732566
1.7231775872066408
1.7185524460585346
1.7136772972808008
1.7089271523178808
1.704927030243843
1.699801873836482
1.6948017212439344
1.6904265877254554
1.6855514389477217
1.6810513016144293
1.6763011566515091
1.6726760460219123
1.6675508896145512
1.6643007904293954
1.6603006683553576
1.656925565355388
1.6528004394665363
1.6488003173924985
1.6449251991332745
1.641925107577746
1.6376749778740807
1.6350498977629933
1.631674794763024
1.6286747032074953
1.6255496078371532
1.6235495468001342
1.6201744438001648
1.616924344615009
1.6154242988372447
1.6127992187261575
1.61017413861507
1.608174077578051
1.607424054689169
1.6039239478743859
1.6020488906521806
1.6007988525040437
1.5989237952818385
1.5979237647633289
1.5960487075411238
1.5936736350596639
1.5920485854670858
1.5912985625782037
1.5892985015411847
1.5890484939115572
1.587298440504166
1.5866734214300973
1.5854233832819604
1.58404834131901
1.585298379467147
1.583298318430128
1.5822982879116183
1.58167326883755
1.581298257393109
1.5811732535782954
1.5802982268745993
1.5804232306894133
1.579673207800531
1.5786731772820215
1.5770481276894437
1.5782981658375803
1.5776731467635121
1.5774231391338847
1.5776731467635121
1.5775481429486986
1.5767981200598165
1.5771731315042574
1.5772981353190711
1.5770481276894437
1.5776731467635121
1.5770481276894437
1.5766731162450025
1.576548112430189
1.5764231086153753
1.5777981505783258
1.5767981200598165
1.57692312387463
1.5770481276894437
1.5770481276894437
1.5770481276894437
1.5770481276894437
1.5767981200598165
1.5771731315042574
1.5775481429486986
1.5794232001709037
1.5781731620227668
1.5780481582079533
1.5785481734672078
1.5785481734672078
1.5774231391338847
1.5786731772820215
1.5785481734672078
1.5785481734672078
1.5791731925412764
1.579673207800531
1.5790481887264625
1.5797982116153446
1.5799232154301586
1.5801732230597858
1.5804232306894133
1.5801732230597858
1.5805482345042268
1.5805482345042268
1.5806732383190405
1.580923245948668
1.58167326883755
1.5811732535782954
1.5815482650227364
1.5817982726523636
1.5821732840968048
1.5822982879116183
1.5826732993560595
1.5821732840968048
1.5825482955412458
1.5827983031708732
1.5836733298745689
1.583298318430128
1.5836733298745689
1.5837983336893826
1.5842983489486373
1.5842983489486373
1.5842983489486373
1.5850483718375195
1.584423352763451
1.584423352763451
1.5851733756523332
1.5857983947264016
1.5857983947264016
1.586048402356029
1.5857983947264016
1.586048402356029
1.586048402356029
1.58642341380047
1.5859233985412151
1.58642341380047
1.5870484328745385
1.587298440504166
1.587923459578234
1.5876734519486069
1.5881734672078616
1.588048463393048
1.587923459578234
1.5882984710226753
1.5885484786523028
1.5885484786523028
1.5891734977263712
1.5890484939115572
1.5901735282448806
1.5896735129856259
1.5895485091708121
1.5900485244300668
1.5896735129856259
1.589923520615253
1.590298532059694
1.5905485396893215
1.5900485244300668
1.5912985625782037
1.5915485702078311
1.5916735740226449
1.5917985778374584
1.591923581652272
1.5915485702078311
1.5917985778374584
1.5916735740226449
1.591923581652272
1.592298593096713
1.592423596911527
1.592423596911527
1.5930486159855952
1.5931736198004092
1.5934236274300364
1.5930486159855952
1.5936736350596639
1.5940486465041048
1.5934236274300364
1.5939236426892909
1.5941736503189183
1.5944236579485458
1.5945486617633595
1.5955486922818691
1.5949236732078005
1.5954236884670552
1.594673665578173
1.595173680837428
1.594798669392987
1.5954236884670552
1.5956736960966826
1.5957986999114964
1.5957986999114964
1.596673726615192
1.5965487228003785
1.5965487228003785
1.5964237189855648
1.5969237342448195
1.5964237189855648
1.596673726615192
1.5972987456892607
1.597173741874447
1.5974237495040742
1.5977987609485154
1.5980487685781428
1.5974237495040742
1.5984237800225838
1.59829877620777
1.5975487533188881
1.59829877620777
1.5985487838373975
1.5989237952818385
1.598798791467025
1.599173802911466
1.599548814355907
1.5992988067262794
1.5989237952818385
1.6004238410596028
1.599173802911466
1.5994238105410932
1.6002988372447888
1.6000488296151616
1.6000488296151616
1.6005488448744163
1.6009238563188575
1.601048860133671
1.6012988677632984
1.6015488753929257
1.6012988677632984
1.6014238715781122
1.6019238868373669
1.6022988982818078
1.6027989135410627
1.6025489059114353
1.6032989288003174
1.603173924985504
1.6036739402447586
1.6035489364299447
1.6042989593188268
1.6047989745780817
1.6046739707632678
1.6055489974669637
1.6064240241706595
1.607424054689169
1.6082990813928648
1.609049104281747
1.609799127170629
1.6107991576891385
1.612174199652089
1.6131742301705987
1.6146742759483628
1.6154242988372447
1.6174243598742637
1.6194244209112827
1.6210494705038605
1.6235495468001342
1.625174596392712
1.6275496688741722
1.6295497299111912
1.6317997985778374
1.6345498825037386
1.637549974059267
1.6401750541703544
1.6435501571703237
1.6464252449110386
1.6501753593554491
1.653425458540605
1.6564255500961331
1.6600506607257304
1.6636757713553272
1.6683009125034334
1.6724260383922849
1.6758011413922544
1.680676290169988
1.6855514389477217
1.6904265877254554
1.6951767326883755
1.7000518814661092
1.7048020264290291
1.710052186651204
1.7146773277993104
1.7200524918362987
1.7248026367992186
1.7296777855769523
1.7344279305398724
1.7390530716879788
1.7431781975768303
1.7469283120212409
1.7516784569841608
1.7553035676137578
1.7585536667989135
1.7625537888729514
1.7653038727988526
1.76792895290994
1.7706790368358412
1.77267909787286
1.774304147465438
1.7760542008728295
1.7771792352061526
1.7774292428357799
1.778179265724662
1.7779292580950348
1.7778042542802208
1.7775542466505936
1.776554216132084
1.7751791741691336
1.7739291360209968
1.7716790673543503
1.769804010132145
1.7666789147618032
1.763928830835902
1.7609287392803734
1.7585536667989135
1.7543035370952484
1.7505534226508377
1.7468033082064272
1.741678151799066
1.737428022095401
1.7339279152806177
1.7286777550584431
1.7230525833918273
1.7188024536881619
1.7138023010956145
1.7093021637623218
1.7039269997253335
1.6990518509475998
1.6945517136143071
1.6888015381328776
1.684301400799585
1.6793012482070377
1.6741760917996766
1.6694259468367565
1.6651758171330913
1.6616757103183082
1.656925565355388
1.6530504470961638
1.6488003173924985
1.6451752067629017
1.6415500961333047
1.6381749931333354
1.6345498825037386
1.6310497756889553
1.628424695577868
1.6261746269112216
1.6230495315408795
1.6207994628742333
1.6186743980224005
1.6171743522446362
1.6140492568742943
1.6127992187261575
1.6107991576891385
1.6089241004669332
1.6079240699484236
1.607049043244728
1.6055489974669637
1.6042989593188268
1.6041739555040133
1.602673909726249
1.6020488906521806
1.6007988525040437
1.6004238410596028
1.5990487990966522
1.598798791467025
1.5980487685781428
1.5979237647633289
1.5975487533188881
1.596673726615192
1.5955486922818691
1.5937986388744774
1.5931736198004092
1.5916735740226449
1.5894235053559984
1.5875484481337934
1.5850483718375195
1.5821732840968048
1.5787981810968352
1.5741730399487288
1.5699229102450638
1.5639227271340068
1.5576725363933226
1.5506723227637564
1.5429220862453077
1.5361718802453688
1.528171636097293
1.5214214300973539
1.5142962126529742
1.5080460219122898
1.5029208655049286
1.4991707510605183
1.4964206671346172
1.4957956480605488
1.497670705282754
1.5025458540604877
1.51042109439375
1.5216714377269813
1.5361718802453688
1.5554224677266761
1.5790481887264625
1.6067990356151007
1.6391750236518448
1.6760511490218817
1.7169273964659566
1.7610537430951874
1.81068025757622
1.862181829279458
1.9146834315012056
1.9688100833155309
2.022811731315042
2.075688344981231
2.1249398480178225
2.170191228980377
2.2099424420911284
2.2428184453871274
2.2680692159794917
2.2845697195348977
2.2908199102755824
2.268569231238746
2.2559438459425643
2.2355682241279338
2.2046922818689536
2.1671911374248483
2.122189764091922
2.071438215277566
2.017936582537309
1.9610598467970826
1.902558061464278
1.845181310464797
1.7881795709097568
1.7336779076509903
1.6804262825403606
1.6319248023926511
1.5865484176152838
1.546422193060091
1.5114211249122593
1.4815452131717888
1.4559194311349835
1.4355438093203527
1.4202933439130834
1.4092930082094792
1.401792779320658
1.3995427106540117
1.4000427259132666
1.4040428479873044
1.4107930539872433
1.4194183172093875
1.4287936033204138
1.440293954283273
1.4519193090609455
1.4636696676534318
1.4756700338755455
1.487420392468032
1.4987957396160771
1.5085460371715445
1.5181713309121982
1.526546586504715
1.534921842097232
1.5415470442823573
1.5479222388378553
1.5520473647267068
1.5561724906155583
1.5596725974303416
1.5626726889858698
1.5652977690969574
1.5666728110599077
1.5692978911709952
1.570547929319132
1.57217297891171
1.5732980132450332
1.5742980437635425
1.5747980590227975
1.5752980742820522
1.5755480819116796
1.5761731009857478
1.5762981048005615
1.576548112430189
1.57692312387463
1.5774231391338847
1.5780481582079533
1.5786731772820215
1.57929819635609
1.579673207800531
1.5797982116153446
1.5811732535782954
1.5815482650227364
1.5826732993560595
1.5827983031708732
1.58404834131901
1.5851733756523332
1.5876734519486069
1.5885484786523028
1.5894235053559984
1.590298532059694
1.5917985778374584
1.5930486159855952
1.5941736503189183
1.5960487075411238
1.5974237495040742
1.598798791467025
1.6007988525040437
1.6022988982818078
1.6039239478743859
1.606174016541032
1.6076740623187964
1.6095491195410014
1.611799188207648
1.6139242530594806
1.6161743217261269
1.6187994018372145
1.6214244819483017
1.6235495468001342
1.6267996459852903
1.628424695577868
1.6317997985778374
